1 0.5734375 0.38671875 0.35 0.3078125
0 0.8515625 0.4421875 0.296875 0.33125
0 0.63515625 0.5546875 0.3515625 0.315625
0 0.14921875 0.7671875 0.2265625 0.2625
0 0.4015625 0.67890625 0.334375 0.4328125
0 0.228125 0.88984375 0.275 0.2203125
0 0.8921875 0.64609375 0.215625 0.3046875
0 0.72734375 0.746875 0.3515625 0.3125
0 0.44140625 0.0578125 0.2765625 0.115625
0 0.69765625 0.0203125 0.2859375 0.040625
0 0.27734375 0.9671875 0.2609375 0.065625
0 0.75390625 0.87109375 0.2984375 0.2140625
0 0.9359375 0.784375 0.128125 0.2
0 0.02890625 0.2453125 0.0578125 0.203125
0 0.5171875 0.171875 0.36875 0.325
0 0.76484375 0.11953125 0.2953125 0.2390625
0 0.08046875 0.40703125 0.1609375 0.2703125
0 0.81171875 0.25859375 0.3296875 0.3421875
0 0.1171875 0.575 0.234375 0.290625