1 0.59453125 0.4015625 0.3140625 0.253125
0 0.8625 0.5203125 0.275 0.284375
0 0.61640625 0.5765625 0.3140625 0.2625
0 0.096875 0.67421875 0.184375 0.2359375
0 0.36171875 0.6453125 0.2609375 0.4
0 0.1390625 0.84609375 0.23125 0.2578125
0 0.878125 0.73359375 0.24375 0.2609375
0 0.66171875 0.78359375 0.3140625 0.2578125
0 0.5453125 0.04140625 0.26875 0.0828125
0 0.8109375 0.03359375 0.284375 0.0671875
0 0.1625 0.94296875 0.246875 0.1140625
0 0.6609375 0.915625 0.28125 0.16875
0 0.9015625 0.884375 0.196875 0.16875
0 0.05546875 0.13046875 0.1109375 0.1828125
0 0.58671875 0.1796875 0.3296875 0.26875
0 0.85 0.15 0.25625 0.271875
0 0.0859375 0.30078125 0.171875 0.2421875
0 0.85625 0.3296875 0.284375 0.296875
0 0.1015625 0.478125 0.203125 0.25625