1 0.31796875 0.17265625 0.1109375 0.2796875
1 0.0765625 0.14375 0.103125 0.253125
1 0.63984375 0.215625 0.1109375 0.28125
1 0.15625 0.1578125 0.109375 0.265625
0 0.23828125 0.171875 0.1078125 0.296875
1 0.56015625 0.2171875 0.1046875 0.234375
1 0.86015625 0.25546875 0.1453125 0.3078125
0 0.3984375 0.2015625 0.1125 0.284375
1 0.48046875 0.2171875 0.1109375 0.25
1 0.74296875 0.25 0.1421875 0.284375
1 0.7453125 0.0515625 0.075 0.075
1 0.58125 0.03671875 0.084375 0.0671875
1 0.2578125 0.0171875 0.08125 0.034375
1 0.3421875 0.0203125 0.08125 0.040625
1 0.49765625 0.034375 0.0921875 0.06875
1 0.17421875 0.01484375 0.0828125 0.0296875
1 0.421875 0.03046875 0.084375 0.0609375
1 0.82734375 0.0671875 0.0921875 0.09375
0 0.66484375 0.05078125 0.0828125 0.0859375
1 0.9078125 0.07421875 0.084375 0.0984375
0 0.090625 0.01171875 0.08125 0.0234375
1 0.328125 0.75078125 0.1125 0.2421875
1 0.4078125 0.7671875 0.115625 0.246875
1 0.5796875 0.79453125 0.109375 0.2421875
1 0.24765625 0.75546875 0.1109375 0.2578125
0 0.08046875 0.73515625 0.1171875 0.2703125
1 0.02421875 0.7234375 0.0484375 0.24375
1 0.16796875 0.74765625 0.1203125 0.2546875
1 0.79296875 0.825 0.1421875 0.284375
0 0.49296875 0.7921875 0.1078125 0.296875
1 0.67578125 0.821875 0.1328125 0.259375
0 0.71015625 0.97578125 0.0828125 0.0484375
1 0.3890625 0.95625 0.096875 0.078125
1 0.54453125 0.96796875 0.0828125 0.0640625
1 0.0109375 0.91875 0.021875 0.096875
1 0.7890625 0.98671875 0.078125 0.0265625
1 0.140625 0.9390625 0.09375 0.078125
1 0.2234375 0.94765625 0.084375 0.0734375
1 0.303125 0.95546875 0.084375 0.0703125
1 0.465625 0.9703125 0.084375 0.059375
1 0.62421875 0.9828125 0.0734375 0.034375
1 0.06484375 0.93828125 0.0828125 0.0703125