1 0.22578125 0.228125 0.1796875 0.3125
1 0.02734375 0.25390625 0.0546875 0.2796875
1 0.56484375 0.19453125 0.1796875 0.3140625
1 0.07265625 0.2484375 0.1453125 0.296875
0 0.1453125 0.24453125 0.18125 0.3296875
1 0.4859375 0.21640625 0.1625 0.2640625
1 0.80078125 0.18359375 0.2203125 0.3484375
0 0.31484375 0.23828125 0.1828125 0.3171875
1 0.403125 0.234375 0.171875 0.28125
1 0.678125 0.20625 0.2125 0.325
1 0.63359375 0.025 0.0953125 0.05
1 0.4625 0.034375 0.1 0.06875
1 0.13046875 0.0875 0.0890625 0.046875
1 0.2171875 0.0703125 0.090625 0.053125
1 0.3796875 0.0484375 0.109375 0.084375
1 0.04375 0.10390625 0.0875 0.0421875
1 0.30078125 0.06171875 0.0984375 0.0734375
1 0.72109375 0.02890625 0.1171875 0.0578125
0 0.55234375 0.0375 0.1046875 0.075
1 0.80625 0.0234375 0.109375 0.046875
1 0.3734375 0.81640625 0.171875 0.2734375
1 0.45859375 0.81328125 0.1765625 0.2796875
1 0.640625 0.80078125 0.16875 0.2734375
1 0.2921875 0.83984375 0.175 0.2890625
0 0.1234375 0.853125 0.16875 0.29375
1 0.07578125 0.85546875 0.0703125 0.2515625
1 0.20859375 0.85078125 0.1828125 0.2890625
1 0.8640625 0.77890625 0.2125 0.3203125
0 0.5515625 0.81953125 0.18125 0.3296875
1 0.7453125 0.80625 0.196875 0.296875
1 0.478125 0.9796875 0.109375 0.040625
1 0.6421875 0.96796875 0.090625 0.0453125
1 0.39140625 0.9921875 0.0953125 0.015625
1 0.5609375 0.98359375 0.090625 0.0328125