0 0.23515625 0.2890625 0.0359375 0.0625
0 0.26015625 0.29140625 0.0359375 0.0671875
0 0.2859375 0.29140625 0.034375 0.0671875
0 0.31171875 0.28984375 0.0359375 0.0671875
0 0.3359375 0.290625 0.034375 0.0625
0 0.37734375 0.28828125 0.0328125 0.0640625
0 0.4046875 0.2890625 0.028125 0.059375
0 0.43046875 0.29140625 0.0265625 0.0640625
0 0.45546875 0.28828125 0.0265625 0.0640625
0 0.48125 0.28984375 0.028125 0.0609375
0 0.50625 0.28671875 0.025 0.0546875
0 0.53359375 0.2875 0.0265625 0.05625
0 0.5609375 0.2828125 0.025 0.053125
0 0.5890625 0.2828125 0.028125 0.059375
0 0.61875 0.2828125 0.025 0.059375
0 0.64375 0.28203125 0.028125 0.0546875
0 0.6734375 0.28203125 0.028125 0.0546875
0 0.7015625 0.27890625 0.028125 0.0515625
0 0.73125 0.28046875 0.03125 0.0546875
0 0.7609375 0.278125 0.028125 0.0625
0 0.7875 0.27734375 0.03125 0.0546875
0 0.81640625 0.275 0.0359375 0.0625
0 0.19765625 0.4015625 0.0421875 0.059375
0 0.22421875 0.4 0.0421875 0.0625
0 0.25078125 0.40234375 0.0390625 0.0640625
0 0.28125 0.4015625 0.040625 0.059375
0 0.3125 0.40390625 0.0375 0.0609375
0 0.35078125 0.40234375 0.0359375 0.0578125
0 0.37578125 0.40234375 0.0359375 0.0609375
0 0.409375 0.396875 0.034375 0.059375
0 0.4359375 0.39765625 0.034375 0.0578125
0 0.46640625 0.396875 0.0359375 0.0625
0 0.49609375 0.39609375 0.0328125 0.0609375
0 0.521875 0.396875 0.03125 0.059375
0 0.55390625 0.3953125 0.0296875 0.06875
0 0.58359375 0.396875 0.0296875 0.059375
0 0.6140625 0.39296875 0.034375 0.0640625
0 0.646875 0.3890625 0.03125 0.071875
0 0.6796875 0.39453125 0.03125 0.0734375
0 0.71015625 0.38984375 0.0359375 0.0734375
0 0.74140625 0.39140625 0.0328125 0.0703125
0 0.7734375 0.3921875 0.0375 0.075
0 0.80625 0.390625 0.034375 0.071875
0 0.8390625 0.39140625 0.0375 0.0671875
0 0.1765625 0.46171875 0.0375 0.0796875
0 0.20546875 0.4640625 0.0453125 0.08125
0 0.2328125 0.46015625 0.040625 0.0828125
0 0.2609375 0.46796875 0.040625 0.0796875
0 0.290625 0.465625 0.0375 0.08125
0 0.3359375 0.46875 0.03125 0.084375
0 0.36796875 0.4671875 0.0421875 0.084375
0 0.3953125 0.46875 0.0375 0.078125
0 0.428125 0.4640625 0.0375 0.084375
0 0.45625 0.46875 0.03125 0.075
0 0.48984375 0.46875 0.0328125 0.075
0 0.51953125 0.46875 0.0328125 0.071875
0 0.55234375 0.465625 0.0265625 0.071875
0 0.5828125 0.4671875 0.03125 0.071875
0 0.6140625 0.4671875 0.028125 0.071875
0 0.646875 0.4640625 0.03125 0.071875
0 0.68125 0.4671875 0.03125 0.071875
0 0.71171875 0.46640625 0.0359375 0.0671875
0 0.74609375 0.46640625 0.0328125 0.0734375
0 0.77890625 0.46328125 0.0390625 0.0734375
0 0.81328125 0.465625 0.0359375 0.06875
0 0.84921875 0.459375 0.0421875 0.075
0 0.12265625 0.61640625 0.0453125 0.0828125
0 0.15234375 0.61875 0.0453125 0.078125
0 0.18828125 0.61953125 0.0453125 0.0796875
0 0.21953125 0.6171875 0.0421875 0.078125
0 0.25234375 0.621875 0.0421875 0.075
0 0.30234375 0.61875 0.0390625 0.071875
0 0.3375 0.6171875 0.040625 0.078125
0 0.37265625 0.6203125 0.0484375 0.084375
0 0.40546875 0.6203125 0.0421875 0.078125
0 0.43984375 0.6234375 0.0421875 0.08125
0 0.47109375 0.621875 0.0359375 0.08125
0 0.50703125 0.625 0.0359375 0.0875
0 0.5421875 0.621875 0.0375 0.078125
0 0.57890625 0.62265625 0.0359375 0.0859375
0 0.61484375 0.62109375 0.0359375 0.0828125
0 0.65234375 0.62578125 0.0359375 0.0828125
0 0.68984375 0.62890625 0.0421875 0.0828125
0 0.72734375 0.62578125 0.0421875 0.0828125
0 0.7640625 0.62578125 0.040625 0.0890625
0 0.80234375 0.628125 0.0453125 0.090625
0 0.83828125 0.62421875 0.0421875 0.0890625
0 0.87578125 0.621875 0.0484375 0.0875
1 0.059375 0.734375 0.053125 0.075
0 0.0953125 0.7375 0.05625 0.084375
0 0.13828125 0.73984375 0.0546875 0.0859375
1 0.1765625 0.73984375 0.059375 0.0890625
1 0.21953125 0.7375 0.0546875 0.09375
0 0.2578125 0.7375 0.053125 0.0875
0 0.3 0.7359375 0.053125 0.078125
1 0.3453125 0.73984375 0.053125 0.0796875
1 0.38671875 0.746875 0.0515625 0.084375
1 0.4296875 0.74140625 0.05 0.0828125
1 0.47109375 0.74453125 0.0421875 0.0859375
0 0.5109375 0.7484375 0.046875 0.0875