0 0.51015625 0.88828125 0.1171875 0.1921875
0 0.55234375 0.7875 0.1203125 0.171875
0 0.57265625 0.67265625 0.1046875 0.1578125
0 0.5953125 0.57265625 0.096875 0.1265625
0 0.6046875 0.48828125 0.09375 0.1078125
0 0.628125 0.41640625 0.0875 0.0953125
0 0.63984375 0.35625 0.0796875 0.08125
0 0.6546875 0.31015625 0.075 0.0703125
0 0.66875 0.27578125 0.071875 0.0671875
0 0.36796875 0.903125 0.1453125 0.16875
0 0.50390625 0.49140625 0.0984375 0.0953125
1 0.53828125 0.415625 0.0859375 0.078125
0 0.54296875 0.3640625 0.0890625 0.071875
0 0.5734375 0.31640625 0.078125 0.0640625
0 0.5765625 0.2703125 0.075 0.059375
0 0.240625 0.4625 0.071875 0.115625
0 0.2828125 0.3984375 0.0625 0.103125
0 0.315625 0.34609375 0.065625 0.0953125
0 0.35390625 0.303125 0.0609375 0.078125
0 0.37734375 0.25546875 0.0609375 0.0796875
0 0.40234375 0.22578125 0.0515625 0.0765625
0 0.103125 0.50078125 0.071875 0.1328125
0 0.15546875 0.428125 0.0765625 0.121875
0 0.20390625 0.37890625 0.0703125 0.1140625
0 0.246875 0.33671875 0.065625 0.0921875
0 0.28203125 0.290625 0.0578125 0.084375
0 0.31484375 0.25546875 0.0546875 0.0796875
0 0.3421875 0.21953125 0.05625 0.0796875