0 0.165625 0.8359375 0.13125 0.1203125
0 0.60390625 0.6 0.14375 0.1125
0 0.45390625 0.50078125 0.1390625 0.1015625
0 0.16484375 0.2390625 0.128125 0.1109375
0 0.175 0.3546875 0.121875 0.09375
0 0.17578125 0.4703125 0.1203125 0.1078125
0 0.18359375 0.596875 0.115625 0.1015625
0 0.5984375 0.2296875 0.1375 0.115625
0 0.58828125 0.3609375 0.134375 0.09375
0 0.6 0.478125 0.1375 0.096875
0 0.89453125 0.59921875 0.1296875 0.10625
0 0.453125 0.34765625 0.1234375 0.1
0 0.46484375 0.22578125 0.11875 0.1
0 0.603125 0.1078125 0.121875 0.1
0 0.90859375 0.225 0.13125 0.10625
0 0.89765625 0.36328125 0.1296875 0.09375
0 0.90390625 0.4828125 0.1140625 0.10625
0 0.90390625 0.10078125 0.1296875 0.10625
1 0.1703125 0.7140625 0.103125 0.0796875
1 0.603125 0.7203125 0.103125 0.0796875
1 0.46015625 0.95390625 0.103125 0.0796875
1 0.45859375 0.8421875 0.103125 0.0796875
1 0.45546875 0.72421875 0.103125 0.0796875
1 0.453125 0.61015625 0.103125 0.0796875
1 0.8828125 0.84609375 0.103125 0.0796875
1 0.8875 0.71796875 0.103125 0.0796875
1 0.59453125 0.95234375 0.103125 0.0796875
1 0.6015625 0.8296875 0.103125 0.0796875