0 0.32890625 0.925 0.1796875 0.15
0 0.36640625 0.44609375 0.1734375 0.1875
0 0.51796875 0.5421875 0.1609375 0.1609375
0 0.875 0.7 0.1578125 0.165625
0 0.76484375 0.7375 0.146875 0.159375
0 0.659375 0.784375 0.1625 0.1671875
0 0.53984375 0.828125 0.1453125 0.1453125
0 0.70703125 0.3 0.184375 0.184375
0 0.59140625 0.3625 0.1609375 0.1609375
0 0.4796875 0.4 0.159375 0.1765625
0 0.24921875 0.1796875 0.1609375 0.171875
0 0.65859375 0.48046875 0.1484375 0.159375
0 0.76484375 0.4203125 0.146875 0.15625
0 0.81640625 0.24609375 0.140625 0.1515625
0 0.58515625 0.05078125 0.1734375 0.1015625
0 0.46328125 0.0828125 0.1515625 0.165625
0 0.3515625 0.12421875 0.1453125 0.1453125
0 0.70078125 0.02578125 0.1671875 0.0515625
1 0.43828125 0.88828125 0.11875 0.13125
1 0.25703125 0.4953125 0.1234375 0.134375
1 0.1015625 0.72109375 0.115625 0.1265625
1 0.20390625 0.67734375 0.121875 0.121875
1 0.31328125 0.63203125 0.115625 0.1265625
1 0.41875 0.5875 0.125 0.1359375
1 0.04453125 0.290625 0.0890625 0.121875
1 0.14296875 0.234375 0.125 0.1359375
1 0.0546875 0.59765625 0.109375 0.1234375
1 0.1578125 0.54140625 0.11875 0.13125