0 0.12265625 0.2296875 0.1171875 0.175
0 0.26640625 0.240625 0.1265625 0.159375
0 0.47890625 0.25625 0.1328125 0.14375
0 0.6078125 0.26015625 0.128125 0.1578125
0 0.396875 0.1140625 0.075 0.09375
0 0.47109375 0.1140625 0.0734375 0.090625
1 0.5453125 0.13125 0.075 0.05625
1 0.6203125 0.13046875 0.078125 0.0609375
1 0.69609375 0.12890625 0.0796875 0.0640625
1 0.778125 0.12890625 0.084375 0.0609375
1 0.859375 0.1265625 0.08125 0.06875
1 0.7421875 0.28515625 0.140625 0.1140625
1 0.8875 0.290625 0.153125 0.11875
1 0.58046875 0.4453125 0.4203125 0.128125
1 0.209375 0.9109375 0.390625 0.171875
1 0.5640625 0.92109375 0.396875 0.1578125
1 0.19296875 0.42890625 0.3859375 0.1171875