0 0.121875 0.23046875 0.115625 0.1734375
0 0.266015625 0.240234375 0.12578125 0.15859375
0 0.47890625 0.25625 0.1328125 0.14375
0 0.607421875 0.26015625 0.12734375 0.1578125
0 0.396484375 0.11328125 0.07421875 0.0921875
0 0.47109375 0.1140625 0.0734375 0.090625
1 0.545703125 0.1296875 0.07578125 0.05625
1 0.6203125 0.129296875 0.078125 0.06171875
1 0.69609375 0.127734375 0.0796875 0.06484375
1 0.777734375 0.129296875 0.08359375 0.06171875
1 0.858984375 0.12578125 0.08046875 0.0671875
1 0.741796875 0.284375 0.13984375 0.1125
1 0.887109375 0.29140625 0.15234375 0.1171875
1 0.580078125 0.4453125 0.41953125 0.128125
1 0.40442656250000003 0.8823390625 0.10570312500000001 0.8245140624999999 0.0062625 1 0.37621875 0.99223125 0.40442656250000003 0.8823390625
1 0.755940625 0.9421046875 0.39736875 0.8731249999999999 0.37405 0.9787359375 0.7548546875000001 0.9845203124999999 0.755940625 0.9421046875