0 0.90859375 0.211328125 0.1171875 0.10390625
0 0.300390625 0.2125 0.11015625 0.1
1 0.405859375 0.23359375 0.10546875 0.0640625
1 0.50078125 0.233203125 0.0984375 0.06953125
1 0.594921875 0.232421875 0.09921875 0.06484375
1 0.686328125 0.231640625 0.09140625 0.06015625
1 0.779296875 0.229296875 0.09296875 0.05859375
0 0.75234375 0.11796875 0.0734375 0.0671875
1 0.684375 0.1265625 0.065625 0.05625
1 0.560546875 0.133203125 0.06484375 0.04453125
1 0.440625 0.1328125 0.065625 0.046875
1 0.376171875 0.13359375 0.06484375 0.0453125
1 0.491015625 0.66953125 0.23828125 0.3734375
1 0.709765625 0.66640625 0.20078125 0.3734375
0 0.90625 0.625390625 0.1875 0.43203125
0 0.2421875 0.644140625 0.259375 0.40390625
1 0.494921875 0.31796875 0.27421875 0.0640625
1 0.767578125 0.31328125 0.29140625 0.0703125