1 0.60234375 0.443359375 0.3984375 0.13046875
1 0.75390625 0.294921875 0.1453125 0.10546875
1 0.2328125 0.428515625 0.3375 0.13203125
0 0.6203125 0.274609375 0.13125 0.13671875
0 0.277734375 0.24609375 0.12734375 0.1609375
0 0.488671875 0.272265625 0.13671875 0.13828125
1 0.89921875 0.303515625 0.1515625 0.11328125
1 0.55546875 0.138671875 0.0796875 0.06484375
0 0.4828125 0.117578125 0.075 0.09765625
0 0.409375 0.11328125 0.075 0.1015625
1 0.628515625 0.13828125 0.08203125 0.0609375
1 0.70859375 0.137109375 0.0859375 0.06484375
1 0.78984375 0.1359375 0.0890625 0.065625
1 0.876171875 0.13671875 0.08984375 0.0671875