0 0.2375 0.66953125 0.2625 0.3859375
1 0.48828125 0.679296875 0.2296875 0.37734375
1 0.712890625 0.684375 0.21640625 0.371875
0 0.91171875 0.66640625 0.1765625 0.4171875
0 0.303125 0.234765625 0.103125 0.09765625
1 0.408984375 0.2515625 0.10546875 0.0625
1 0.501171875 0.33984375 0.26484375 0.0546875
1 0.501171875 0.253515625 0.09296875 0.05390625
1 0.594140625 0.251171875 0.09453125 0.05234375
1 0.692578125 0.24453125 0.10078125 0.0578125
1 0.790234375 0.248828125 0.09296875 0.05390625
0 0.90625 0.211328125 0.121875 0.12265625
0 0.751953125 0.132421875 0.06640625 0.06484375
1 0.687890625 0.145703125 0.06328125 0.04765625
1 0.503125 0.1515625 0.0625 0.040625
1 0.44375 0.15546875 0.0625 0.0390625
1 0.38125 0.158203125 0.065625 0.03828125
1 0.769140625 0.32421875 0.27265625 0.0671875
1 0.56484375 0.149609375 0.0609375 0.03984375