0 0.94375 0.10625 0.1125 0.128125
0 0.2625 0.61015625 0.26875 0.4703125
0 0.32109375 0.153125 0.1140625 0.11875
0 0.93125 0.58203125 0.1375 0.4265625
1 0.76875 0.64140625 0.228125 0.4046875
1 0.528125 0.646875 0.265625 0.396875
0 0.7875 0.03046875 0.0875 0.0609375
1 0.52421875 0.25546875 0.2765625 0.0765625
1 0.42734375 0.1734375 0.1015625 0.0625
1 0.52578125 0.171875 0.1015625 0.0625
1 0.62421875 0.16328125 0.1078125 0.0609375
1 0.728125 0.15234375 0.09375 0.0609375
1 0.82421875 0.14609375 0.0984375 0.0640625
1 0.80625 0.24296875 0.2875 0.0859375
1 0.45625 0.0609375 0.06875 0.065625
1 0.521875 0.05546875 0.065625 0.0609375
1 0.58828125 0.053125 0.0671875 0.05625
1 0.71328125 0.04609375 0.0609375 0.0484375
1 0.3921875 0.06953125 0.065625 0.0453125