1 0.287109375 0.337109375 0.10859375 0.05546875
1 0.3484375 0.749609375 0.2375 0.32734375
1 0.18828125 0.353515625 0.1078125 0.05703125
1 0.558984375 0.296875 0.10234375 0.053125
1 0.379296875 0.33046875 0.09609375 0.0546875
1 0.742578125 0.2703125 0.09765625 0.05625
1 0.830078125 0.259375 0.09765625 0.05
1 0.258203125 0.244921875 0.07578125 0.03671875
1 0.6484375 0.287109375 0.09375 0.05546875
0 0.615625 0.179296875 0.05625 0.06484375
0 0.557421875 0.190234375 0.05859375 0.06171875
1 0.190234375 0.254296875 0.07734375 0.03671875
1 0.466796875 0.31015625 0.08984375 0.0484375
1 0.97265625 0.2328125 0.0546875 0.05
1 0.320703125 0.235546875 0.07265625 0.03359375
0 0.805859375 0.635546875 0.27421875 0.33046875
0 0.566796875 0.683203125 0.21171875 0.31328125
1 0.3828125 0.225 0.0625 0.05
1 0.44453125 0.215234375 0.0640625 0.05234375
1 0.5015625 0.209765625 0.059375 0.05390625
1 0.1328125 0.787109375 0.253125 0.34921875