1 0.35546875 0.66953125 0.2390625 0.3265625
1 0.11875 0.657421875 0.2375 0.34296875
0 0.576171875 0.64453125 0.21484375 0.3890625
0 0.824609375 0.666015625 0.27421875 0.37265625
0 0.601953125 0.1796875 0.05703125 0.078125
0 0.6609375 0.193359375 0.059375 0.06796875
1 0.3234375 0.264453125 0.090625 0.06328125
1 0.2265625 0.249609375 0.1 0.06484375
1 0.412109375 0.2734375 0.09609375 0.065625
1 0.5015625 0.27734375 0.090625 0.0671875
1 0.59296875 0.28828125 0.0953125 0.0578125
1 0.685546875 0.2984375 0.08671875 0.059375
1 0.776953125 0.306640625 0.09140625 0.06015625
1 0.86484375 0.32109375 0.0828125 0.0515625
1 0.300390625 0.16640625 0.06953125 0.0453125
1 0.3625 0.176171875 0.065625 0.03671875
1 0.484375 0.187109375 0.065625 0.04609375