0 0.487890625 0.291015625 0.13203125 0.14140625
0 0.62109375 0.296484375 0.1328125 0.14609375
1 0.755078125 0.326953125 0.14453125 0.09765625
0 0.279296875 0.2609375 0.12109375 0.165625
1 0.90234375 0.328125 0.1546875 0.10625
1 0.594140625 0.470703125 0.39453125 0.13828125
1 0.224609375 0.43828125 0.34921875 0.1203125
0 0.48046875 0.144921875 0.0796875 0.08671875
0 0.40859375 0.1328125 0.0734375 0.109375
1 0.5546875 0.16328125 0.071875 0.0546875
1 0.63046875 0.165234375 0.0796875 0.04921875
1 0.706640625 0.16484375 0.08203125 0.0515625
1 0.783984375 0.1640625 0.07421875 0.053125
1 0.86640625 0.16328125 0.0890625 0.0578125