0 0.24140625 0.675390625 0.2640625 0.38515625
1 0.49140625 0.679296875 0.2296875 0.37734375
1 0.711328125 0.684375 0.21640625 0.371875
0 0.91171875 0.66953125 0.1765625 0.4171875
0 0.3046875 0.234765625 0.10625 0.09765625
1 0.410546875 0.2546875 0.10546875 0.0625
1 0.501171875 0.33984375 0.26484375 0.0546875
1 0.504296875 0.258203125 0.09296875 0.05390625
1 0.597265625 0.260546875 0.09453125 0.05234375
1 0.695703125 0.25390625 0.10078125 0.0578125
1 0.791796875 0.248828125 0.09296875 0.05390625
0 0.90625 0.217578125 0.121875 0.12265625
0 0.755078125 0.135546875 0.06640625 0.06484375
1 0.689453125 0.145703125 0.06328125 0.04765625
1 0.50625 0.16015625 0.065625 0.0421875
1 0.445703125 0.160546875 0.06328125 0.03984375
1 0.38125 0.162890625 0.065625 0.03828125
1 0.769140625 0.33359375 0.27265625 0.0671875
1 0.56640625 0.155859375 0.0609375 0.03984375