1 0.546875 0.186328125 0.103125 0.06328125
1 0.448828125 0.19453125 0.10078125 0.0609375
1 0.645703125 0.1828125 0.10390625 0.059375
1 0.75234375 0.172265625 0.1171875 0.06328125
0 0.344140625 0.184765625 0.10703125 0.09140625
0 0.807421875 0.03828125 0.07109375 0.0703125
1 0.560546875 0.6609375 0.26171875 0.3875
1 0.853125 0.162890625 0.10625 0.06328125
1 0.480859375 0.083984375 0.07109375 0.04921875
1 0.41796875 0.0890625 0.0703125 0.040625
0 0.95390625 0.116015625 0.0921875 0.12578125
1 0.358203125 0.087890625 0.06328125 0.03828125
1 0.546484375 0.078515625 0.07109375 0.04765625
1 0.737890625 0.056640625 0.06953125 0.05078125
1 0.552734375 0.2734375 0.28984375 0.078125
1 0.837109375 0.2546875 0.30234375 0.0875
1 0.79765625 0.642578125 0.2296875 0.41640625
0 0.299609375 0.65234375 0.27421875 0.3984375