1 0.43359375 0.625390625 0.2328125 0.27265625
1 0.478515625 0.316015625 0.09765625 0.04765625
1 0.203515625 0.601953125 0.23203125 0.26328125
1 0.2984375 0.29140625 0.09375 0.0484375
1 0.6609375 0.336328125 0.1 0.04453125
1 0.390625 0.301953125 0.096875 0.04765625
1 0.754296875 0.34140625 0.09921875 0.0515625
0 0.664453125 0.244140625 0.05703125 0.06640625
1 0.566796875 0.324609375 0.08984375 0.04296875
0 0.7265625 0.252734375 0.0625 0.06484375
0 0.8890625 0.649609375 0.221875 0.32109375
0 0.665234375 0.641796875 0.23671875 0.30546875