0 0.121875 0.23046875 0.115625 0.1734375
0 0.266015625 0.240234375 0.12578125 0.15859375
0 0.47890625 0.25625 0.1328125 0.14375
0 0.607421875 0.26015625 0.12734375 0.1578125
0 0.396484375 0.11328125 0.07421875 0.0921875
0 0.47109375 0.1140625 0.0734375 0.090625
1 0.547265625 0.1296875 0.07578125 0.05625
1 0.6203125 0.129296875 0.078125 0.06171875
1 0.69765625 0.127734375 0.0796875 0.06484375
1 0.777734375 0.127734375 0.08359375 0.06171875
1 0.862109375 0.12421875 0.08046875 0.0671875
1 0.741796875 0.284375 0.13984375 0.1125
1 0.891796875 0.28828125 0.15234375 0.1171875
1 0.580078125 0.4453125 0.41953125 0.128125
1 0.21953125 0.420703125 0.3578125 0.11328125