0 0.75 0.7078125 0.2375 0.415625
1 0.5 0.6953125 0.259375 0.390625
1 0.28046875 0.709375 0.2046875 0.375
0 0.08984375 0.678125 0.1796875 0.396875
1 0.49140625 0.3765625 0.2734375 0.075
1 0.21953125 0.353125 0.2859375 0.071875
0 0.68359375 0.28515625 0.1078125 0.1046875
1 0.58203125 0.3015625 0.0984375 0.05625
1 0.4890625 0.29296875 0.09375 0.0515625
1 0.39765625 0.28203125 0.0984375 0.0609375
1 0.3 0.2734375 0.1 0.05625
1 0.20859375 0.2640625 0.0890625 0.05625
0 0.0828125 0.22734375 0.121875 0.1078125
0 0.23984375 0.1515625 0.0671875 0.06875
1 0.30546875 0.1703125 0.0640625 0.046875
1 0.4296875 0.18515625 0.0625 0.0484375