1 0.59453125 0.435546875 0.3984375 0.13046875
1 0.744921875 0.29140625 0.14921875 0.1015625
1 0.225 0.417578125 0.3375 0.13203125
0 0.60703125 0.268359375 0.1296875 0.14296875
0 0.263671875 0.24765625 0.12734375 0.1609375
0 0.475 0.26328125 0.1375 0.1359375
1 0.89609375 0.29375 0.1609375 0.109375
1 0.54296875 0.129296875 0.0796875 0.06484375
0 0.4703125 0.111328125 0.075 0.09765625
0 0.3953125 0.11015625 0.075 0.1015625
0 0.120703125 0.239453125 0.12265625 0.16640625
1 0.617578125 0.13046875 0.07890625 0.0609375
1 0.69453125 0.126171875 0.0859375 0.06484375
1 0.77578125 0.125 0.0890625 0.065625
1 0.858984375 0.12421875 0.08984375 0.0671875