1 0.38828125 0.605078125 0.2359375 0.31015625
1 0.324609375 0.22734375 0.10234375 0.0515625
1 0.222265625 0.226953125 0.10703125 0.05078125
1 0.878125 0.199609375 0.096875 0.04921875
1 0.416015625 0.2234375 0.09453125 0.053125
1 0.60078125 0.2171875 0.1046875 0.053125
1 0.154296875 0.6078125 0.23671875 0.30625
1 0.50859375 0.219921875 0.0953125 0.04921875
0 0.859375 0.546484375 0.28125 0.30234375
0 0.59921875 0.1109375 0.0640625 0.059375
1 0.96328125 0.196875 0.0734375 0.04375
0 0.66328125 0.10546875 0.0640625 0.0671875
1 0.146484375 0.304296875 0.28359375 0.06484375
1 0.69375 0.2078125 0.096875 0.053125
1 0.78515625 0.2015625 0.0890625 0.059375
0 0.608984375 0.56953125 0.22421875 0.3234375