1 0.33203125 0.716015625 0.2359375 0.31015625
1 0.294921875 0.31484375 0.10234375 0.0515625
1 0.194140625 0.301953125 0.10703125 0.05078125
1 0.835546875 0.379296875 0.08671875 0.04921875
1 0.389453125 0.328125 0.09453125 0.053125
1 0.56953125 0.35 0.1046875 0.053125
1 0.1078125 0.7078125 0.215625 0.328125
1 0.47578125 0.337109375 0.0953125 0.04921875
0 0.79375 0.730078125 0.26875 0.36015625
0 0.574609375 0.254296875 0.05859375 0.06171875
0 0.634765625 0.254296875 0.06015625 0.06796875
1 0.6625 0.3609375 0.096875 0.053125
1 0.74453125 0.371875 0.0890625 0.059375
0 0.549609375 0.72265625 0.22421875 0.3234375