0 0.25625 0.67734375 0.2625 0.3859375
1 0.50546875 0.677734375 0.2296875 0.37734375
1 0.728515625 0.68125 0.21640625 0.371875
0 0.91640625 0.67265625 0.1671875 0.4046875
0 0.321875 0.241015625 0.103125 0.09765625
1 0.424609375 0.25625 0.10546875 0.0625
1 0.516796875 0.33828125 0.26484375 0.0546875
1 0.519921875 0.255078125 0.09296875 0.05390625
1 0.612890625 0.251171875 0.09453125 0.05234375
1 0.709765625 0.24296875 0.10078125 0.0578125
1 0.807421875 0.237890625 0.09296875 0.05390625
0 0.932421875 0.198828125 0.12421875 0.12265625
0 0.772265625 0.123046875 0.06640625 0.06484375
1 0.708203125 0.139453125 0.06328125 0.04765625
1 0.521875 0.1578125 0.0625 0.040625
1 0.4609375 0.16328125 0.0625 0.0390625
1 0.3984375 0.167578125 0.065625 0.03828125
1 0.784765625 0.32890625 0.27265625 0.0671875
1 0.58203125 0.152734375 0.0609375 0.03984375