1 0.7734375 0.252734375 0.146875 0.10546875
1 0.81015625 0.08203125 0.0796875 0.0640625
1 0.89609375 0.0796875 0.0921875 0.065625
0 0.635546875 0.219140625 0.13671875 0.14453125
1 0.9234375 0.25703125 0.153125 0.1109375
1 0.728515625 0.082421875 0.08515625 0.06171875
0 0.5 0.214453125 0.128125 0.14765625
1 0.648828125 0.084765625 0.07890625 0.06015625
1 0.57265625 0.08671875 0.0765625 0.0640625
0 0.497265625 0.070703125 0.07578125 0.08515625
0 0.422265625 0.07421875 0.06953125 0.0890625
1 0.2484375 0.380859375 0.34375 0.13984375
1 0.6203125 0.397265625 0.396875 0.13828125
0 0.29140625 0.204296875 0.1234375 0.14609375