1 0.67890625 0.71796875 0.1328125 0.0984375
0 0.553125 0.753125 0.128125 0.14375
1 0.81796875 0.70625 0.1484375 0.10625
1 0.7984375 0.87109375 0.0875 0.0609375
1 0.94609375 0.68671875 0.1046875 0.0984375
1 0.71484375 0.871875 0.0828125 0.05625
0 0.41875 0.77421875 0.128125 0.1421875
0 0.20390625 0.79921875 0.1359375 0.1453125
1 0.63828125 0.87578125 0.0796875 0.0578125
1 0.5671875 0.884375 0.08125 0.046875
1 0.4921875 0.89609375 0.075 0.0640625
0 0.4171875 0.91328125 0.078125 0.0765625
0 0.3453125 0.925 0.078125 0.0875
1 0.53125 0.6015625 0.39375 0.15
1 0.525 0.07421875 0.3875 0.1484375
1 0.1859375 0.11875 0.371875 0.2375
1 0.18828125 0.61953125 0.3765625 0.1296875