0 0.125 0.17109375 0.115625 0.1671875
0 0.2703125 0.179296875 0.125 0.15234375
0 0.479296875 0.195703125 0.14296875 0.15078125
0 0.617578125 0.201171875 0.13515625 0.14921875
1 0.7515625 0.21796875 0.146875 0.1140625
1 0.90078125 0.229296875 0.1515625 0.11796875
1 0.59609375 0.36953125 0.3984375 0.1484375
1 0.219921875 0.36015625 0.34921875 0.1296875
0 0.3984375 0.048828125 0.078125 0.09765625
0 0.472265625 0.045703125 0.07578125 0.09140625
1 0.547265625 0.058203125 0.07265625 0.06328125
1 0.624609375 0.057421875 0.08046875 0.05859375
1 0.7015625 0.058984375 0.078125 0.05546875
1 0.781640625 0.058203125 0.08203125 0.05390625
1 0.866015625 0.058984375 0.08828125 0.05859375