1 0.7734375 0.7484375 0.146875 0.10625
1 0.809375 0.91796875 0.08125 0.0640625
1 0.89609375 0.9203125 0.0921875 0.065625
0 0.6359375 0.78046875 0.1375 0.1453125
1 0.9234375 0.7421875 0.153125 0.109375
1 0.72890625 0.91796875 0.0859375 0.0609375
0 0.5 0.78515625 0.128125 0.1484375
1 0.64921875 0.91484375 0.0796875 0.0609375
1 0.57265625 0.9140625 0.0765625 0.065625
0 0.49765625 0.93046875 0.0765625 0.0859375
0 0.42265625 0.92734375 0.0703125 0.0890625
1 0.2484375 0.6203125 0.34375 0.140625
1 0.6203125 0.603125 0.396875 0.1375
0 0.2921875 0.79609375 0.125 0.1453125