1 0.60234375 0.421484375 0.3984375 0.11171875
1 0.763671875 0.27890625 0.14921875 0.1015625
1 0.23125 0.403515625 0.3375 0.13203125
0 0.626953125 0.2546875 0.13515625 0.13125
0 0.285546875 0.224609375 0.12734375 0.15859375
0 0.496484375 0.253125 0.12734375 0.13125
1 0.91640625 0.28125 0.1609375 0.109375
1 0.56328125 0.113671875 0.0796875 0.06484375
0 0.4875 0.097265625 0.075 0.09765625
0 0.415625 0.09140625 0.075 0.1015625
0 0.145703125 0.220703125 0.12265625 0.16640625
1 0.641796875 0.11015625 0.07734375 0.0609375
1 0.71953125 0.108984375 0.0859375 0.06484375
1 0.802734375 0.112109375 0.09296875 0.06484375
1 0.883984375 0.11015625 0.08984375 0.0671875