1 0.7765625 0.2609375 0.146875 0.10625
1 0.81484375 0.09921875 0.0859375 0.0640625
1 0.9078125 0.0921875 0.096875 0.0625
0 0.640625 0.23671875 0.1375 0.1453125
1 0.9234375 0.2609375 0.153125 0.109375
1 0.73046875 0.09609375 0.0859375 0.0671875
0 0.503125 0.23984375 0.128125 0.1484375
1 0.65234375 0.09609375 0.0796875 0.0703125
1 0.57734375 0.1 0.0765625 0.065625
0 0.50078125 0.09765625 0.0765625 0.0859375
0 0.43046875 0.09609375 0.0703125 0.0890625
1 0.25 0.3984375 0.34375 0.140625
1 0.6265625 0.41640625 0.396875 0.1390625
0 0.29765625 0.22890625 0.1265625 0.1609375
0 0.1736234375 0.3159453125 0.23441406250000002 0.255896875 0.24406406249999998 0.1684 0.19967656250000002 0.1340875 0.09449687500000001 0.152959375 0.0719828125 0.290015625 0.1736234375 0.3159453125
1 0.60234375 0.925 0.3828125 0.15
1 0.2359375 0.903125 0.378125 0.19375