1 0.67890625 0.28203125 0.1328125 0.0984375
0 0.553125 0.2484375 0.128125 0.14375
1 0.81796875 0.29453125 0.1484375 0.1078125
1 0.7984375 0.12890625 0.0875 0.0609375
1 0.94609375 0.3140625 0.1046875 0.1
1 0.71484375 0.1296875 0.0828125 0.05625
0 0.41875 0.22578125 0.128125 0.1421875
0 0.20390625 0.2015625 0.1359375 0.146875
1 0.63828125 0.12578125 0.0796875 0.0578125
1 0.5671875 0.1171875 0.08125 0.046875
1 0.4921875 0.1046875 0.075 0.0625
0 0.41640625 0.0875 0.0765625 0.075
0 0.3453125 0.075 0.078125 0.0875
1 0.51796875 0.425 0.4109375 0.153125
1 0.34528593750000003 0.845346875 0.3078703125 1 0.6897593750000001 0.9903046874999999 0.68108125 0.903546875 0.34528593750000003 0.845346875
1 0.0030078125 0.8399234375000001 0.0062625 0.9903046874999999 0.3154640625 0.9999437500000001 0.3458421875 0.86113125 0.027578125 0.79210625 0.0030078125 0.8399234375000001
1 0 0.409990625 0.30569999999999997 0.4408390625 0.3512671875 0.35215312499999996 0.027960937499999998 0.2943140625 0.02470625 0.282746875 0.0268765625 0.3020265625 0 0.3251609375 0 0.409990625