0 0.48828125 0.29140625 0.1328125 0.1421875
0 0.62109375 0.296875 0.1328125 0.146875
1 0.75546875 0.32734375 0.1453125 0.0984375
0 0.2796875 0.2609375 0.121875 0.165625
1 0.90234375 0.328125 0.1546875 0.10625
1 0.59453125 0.47109375 0.3953125 0.1390625
1 0.225 0.43828125 0.35 0.1203125
0 0.48046875 0.1453125 0.0796875 0.0875
0 0.40859375 0.1328125 0.0734375 0.109375
1 0.5546875 0.16328125 0.071875 0.0546875
1 0.63046875 0.16484375 0.0796875 0.0484375
1 0.70703125 0.16484375 0.0828125 0.0515625
1 0.784375 0.1640625 0.075 0.053125
1 0.86640625 0.16328125 0.0890625 0.0578125