0 0.87890625 0.2296875 0.1171875 0.175
0 0.73515625 0.240625 0.1265625 0.159375
0 0.52265625 0.25625 0.1328125 0.14375
0 0.39296875 0.26015625 0.1265625 0.1578125
0 0.603125 0.1140625 0.075 0.09375
0 0.52890625 0.1140625 0.0734375 0.090625
1 0.45546875 0.13125 0.0765625 0.05625
1 0.3796875 0.13046875 0.078125 0.0609375
1 0.30390625 0.12890625 0.0796875 0.0640625
1 0.2234375 0.12890625 0.084375 0.0609375
1 0.1421875 0.1265625 0.08125 0.06875
1 0.25859375 0.28515625 0.1390625 0.1140625
1 0.1140625 0.290625 0.153125 0.11875
1 0.42109375 0.4453125 0.4203125 0.128125
1 0.90215625 0.3605515625 0.5902109375 0.3664046875 0.639690625 0.4892234375 0.9976843750000001 0.4497640625 0.90215625 0.3605515625
1 0.7921875 0.8796875 0.375 0.240625
1 0.4296875 0.88984375 0.375 0.2140625