1 0.60234375 0.421875 0.3984375 0.1125
1 0.7640625 0.27890625 0.15 0.1015625
1 0.23125 0.40390625 0.3375 0.1328125
0 0.62734375 0.2546875 0.1359375 0.13125
0 0.2859375 0.225 0.128125 0.159375
0 0.496875 0.253125 0.128125 0.13125
1 0.91640625 0.28125 0.1609375 0.109375
1 0.56328125 0.1140625 0.0796875 0.065625
0 0.4875 0.09765625 0.075 0.0984375
0 0.415625 0.09140625 0.075 0.1015625
0 0.14609375 0.22109375 0.1234375 0.1671875
1 0.6421875 0.11015625 0.078125 0.0609375
1 0.71953125 0.109375 0.0859375 0.065625
1 0.803125 0.1125 0.09375 0.065625
1 0.884375 0.11015625 0.090625 0.0671875