1 0.7390625 0.18984375 0.1125 0.0640625
1 0.5390625 0.20390625 0.1 0.0640625
1 0.4421875 0.2078125 0.103125 0.05625
1 0.8453125 0.18359375 0.10625 0.0640625
1 0.63671875 0.19765625 0.0984375 0.0609375
0 0.33828125 0.18984375 0.1078125 0.1109375
1 0.5453125 0.67109375 0.253125 0.3890625
0 0.79765625 0.0609375 0.0765625 0.06875
1 0.4078125 0.10390625 0.06875 0.0484375
1 0.60078125 0.09296875 0.0671875 0.0390625
1 0.47421875 0.10390625 0.0703125 0.0421875
1 0.54609375 0.28828125 0.2953125 0.0640625
1 0.5375 0.1 0.071875 0.04375
1 0.778125 0.66953125 0.259375 0.3984375
0 0.28046875 0.6578125 0.2703125 0.41875
1 0.83125 0.27421875 0.315625 0.0734375