1 0.60234375 0.421484375 0.3984375 0.11171875
1 0.746484375 0.29453125 0.14921875 0.1015625
1 0.23125 0.403515625 0.3375 0.13203125
0 0.606640625 0.2765625 0.13515625 0.13125
0 0.265234375 0.24140625 0.12734375 0.1609375
0 0.475 0.2703125 0.1375 0.13125
1 0.89921875 0.2984375 0.1609375 0.109375
1 0.54453125 0.129296875 0.0796875 0.06484375
0 0.471875 0.112890625 0.075 0.09765625
0 0.3984375 0.11015625 0.075 0.1015625
0 0.120703125 0.234765625 0.12265625 0.16640625
1 0.619140625 0.13203125 0.07890625 0.0609375
1 0.69765625 0.129296875 0.0859375 0.06484375
1 0.779296875 0.127734375 0.09296875 0.06484375
1 0.865234375 0.12890625 0.08984375 0.0671875