1 0.6749773890624999 0.4762848609375 0.674977390625 0.47560594062500006 0.6526492546875 0.24828204843749999 0.6341623625 0.0139415046875 0.5466434687499999 0.0016415265625 0.3743856234375 0.0016415265625 0.3733310734375 0.009145045312499999 0.4351552328125 0.7041718921875 0.6749773890624999 0.4762848609375
1 0.41779685000000005 0.546008565625 0.750070678125 0.6311530984375 0.7386211328125001 0.5815718046875 0.45489345468750003 0.48938309375 0.4186581546875 0.5398800640625 0.41779685000000005 0.546008565625
1 0.448020525 0.5673420796875 0.4475408609375 0.5694197328125 0.4803689765625 0.6309857156249999 0.7090882093750001 0.6785462671875 0.73611464375 0.6345982390625 0.448020525 0.5673420796875
0 0.7988318484375 0.8362213171875 0.804903078125 0.84947358125 0.8155696640625001 0.7539241 0.8047684796875 0.7435844984375 0.7553902671875 0.740996696875 0.7245040546875 0.7483280640625 0.6975115578125 0.7613248625 0.6932616296874999 0.7852254171874999 0.6918193421875001 0.812745903125 0.693490115625 0.8241125140625 0.73741315 0.836708290625 0.7988318484375 0.8362213171875
0 0.664908384375 0.8203277 0.707093575 0.82411083125 0.7242293 0.781698421875 0.6986711703124999 0.7645051484375001 0.646366996875 0.7284276875 0.63458395 0.7111961859375 0.6336095 0.7108024828125 0.596423471875 0.7906625968750001 0.5958278046875 0.7949009921875 0.664908384375 0.8203277
0 0.911984165625 0.7497306578125 0.8546555015624999 0.7606853828125 0.803730725 0.7823490609375 0.792313615625 0.8523672093749999 0.792313615625 0.8577575796874999 0.7981878984375 0.8664665765624999 0.9235944890625 0.8824703765624999 0.920521046875 0.760701753125 0.9141079124999999 0.7497306578125 0.911984165625 0.7497306578125
1 0.5950982703125 0.7284796765625 0.5941227390625 0.6725915015624999 0.585867428125 0.67143129375 0.5777158296875 0.67157358125 0.5737817 0.6718162750000001 0.574473753125 0.7571328515625 0.5950982703125 0.7284796765625
1 0.47838682656250003 0.6799937140625001 0.4761319125 0.67967680625 0.4917182578125 0.7021653921875 0.5406345109374999 0.723454878125 0.542753940625 0.7237527453125 0.5435989 0.7059041625 0.48449515625000006 0.68209698125 0.47838682656250003 0.6799937140625001
0 0.3266057828125 0.7231472140624999 0.3413541625 0.6390017109375 0.319531853125 0.6336078578125 0.262712240625 0.6189404406250001 0.23004735312500002 0.602958853125 0.22918655000000002 0.6028531593750001 0.20840801562500003 0.6262971890625 0.19410269062500002 0.714940215625 0.1921886875 0.7305285046875001 0.26237597031250004 0.7557507578125 0.29871930468749996 0.7576338453125 0.3266057828125 0.7231472140624999
1 0.27117874375 0.5467340484375 0.2396143125 0.6245494703125 0.23821417656250002 0.644572340625 0.2376521140625 0.6572056453124999 0.2378916671875 0.6572393125 0.263786525 0.6434444390625 0.2715985609375 0.54679305 0.27117874375 0.5467340484375
0 0 0.7057003921875 0.056449240624999994 0.729108090625 0.1460609171875 0.725029734375 0.2300193359375 0.7206296578125 0.2244976671875 0.6101591546875 0.1675975890625 0.5472954828125001 0.1107740671875 0.5355080765625 0.0206813171875 0.5360200625 0.008094475 0.5366797109375 0 0.5616744828125 0 0.7057003921875