1 0.7353100046875001 0.907293759375 0.8063903890624999 0.9085344718749999 0.887219571875 0.4820737828125 0.7276006140625 0.25278801875 0.542114578125 0.9000362609374999 0.7353100046875001 0.907293759375
1 0.3680956484375 0.35198265625 0.319798809375 0.3847887390625 0.63651525 0.4633005640625 0.6367132640625 0.46331788906250004 0.6389969703125 0.46335775156250003 0.646178390625 0.42098134531250003 0.6476795328125 0.403823203125 0.3715616078125 0.35228588906249997 0.3680956484375 0.35198265625
1 0.2834253046875 0.38596819375 0.54865380625 0.416461403125 0.5666587843750001 0.41677568125000003 0.5708357921875 0.3811049828125 0.5710948234375001 0.3662651078125 0.34610165625 0.339062959375 0.2834253046875 0.38596819375
0 0.3557954875 0.10117330937499999 0.285387353125 0.09206846875 0.247731621875 0.099909553125 0.24303123906250002 0.166672775 0.273721084375 0.1885870640625 0.31571327656250003 0.1920493515625 0.3489274578125 0.19262910625000002 0.3680238515625 0.188791228125 0.3742986953125 0.0914408484375 0.3744497765625 0.0827854015625 0.3557954875 0.10117330937499999
0 0.25757754374999997 0 0.2601773453125 0.1160685421875 0.26401341093749997 0.11613550156250001 0.265134990625 0.11611592500000001 0.318190128125 0.10860334062500002 0.3376694421875 0.0626640109375 0.35862423906249996 0.0019604625000000002 0.35859001875 0 0.25757754374999997 0
0 0.36212363281250004 0.19122028124999998 0.3231179046875 0.18914920625 0.24352889531250002 0.1984649453125 0.25749740625 0.29880592031250003 0.286018365625 0.2858332484375 0.372247271875 0.238848259375 0.36212363281250004 0.19122028124999998
1 0.35184869218750003 0.3617035875 0.3500627234375 0.300409059375 0.3480982328125 0.2844095640625 0.3296538109375 0.28508429375 0.3350978109375 0.3491120828125 0.3507907421875 0.3618334859375 0.35184869218750003 0.3617035875
1 0.38772456875 0.3966235296875 0.3215840625 0.384913765625 0.29084381875 0.3961075046875 0.2908430328125 0.396152553125 0.3481453296875 0.4062564953125 0.3695879890625 0.40987342499999996 0.387709590625 0.3974816296875 0.38772456875 0.3966235296875
1 0.325263878125 0.49303344375 0.33780156250000004 0.5159216718749999 0.3403160078125 0.5159655609375 0.3450640171875 0.478889784375 0.34809489375 0.44424671406250005 0.3360158625 0.418319309375 0.325263878125 0.49303344375
1 0.39600612968750004 0.77030790625 0.39319265937500003 0.91966780625 0.39362742812499996 0.9246372562499999 0.41996592968749996 0.9986791640625 0.42496531718749997 0.9987664281249999 0.43400704375 0.9979753796875 0.45853694375 0.9135939640625 0.4582562171875 0.9103852515625 0.39600612968750004 0.77030790625
1 0.400675890625 0.6949066203125 0.411698446875 0.675887759375 0.41150341093750004 0.6740321234375 0.382549890625 0.67418638125 0.3814732171875 0.673499959375 0.332669084375 0.6975251828125 0.3889434890625 0.6961397453125 0.400675890625 0.6949066203125
0 0.19231699375 0.7776937171875 0.21841416875 0.8615133984375 0.2480192953125 0.9167845171875 0.253278165625 0.915666709375 0.3794311078125 0.8794188390625 0.4011574890625 0.8337095359375001 0.43199612031249995 0.803235815625 0.42292257187500004 0.752420521875 0.40519096875000005 0.7193913921874999 0.254083803125 0.734983521875 0.191506753125 0.773881834375 0.19231699375 0.7776937171875