0 0.30078125 0.44609375 0.190625 0.115625
0 0.88515625 0.79375 0.1765625 0.1078125
0 0.90078125 0.3953125 0.18125 0.109375
0 0.8828125 0.22109375 0.1796875 0.10625
0 0.89765625 0.5546875 0.1765625 0.10625
0 0.71015625 0.6796875 0.165625 0.115625
0 0.2875 0.80625 0.1515625 0.1046875
0 0.69921875 0.06796875 0.159375 0.1125
0 0.7 0.23828125 0.1625 0.1203125
0 0.70859375 0.41015625 0.1796875 0.1078125
0 0.70078125 0.55390625 0.190625 0.115625
0 0.3125 0.6890625 0.1765625 0.0984375
0 0.31796875 0.575 0.1671875 0.1015625
0 0.3078125 0.26171875 0.18125 0.1125
0 0.29375 0.09765625 0.1703125 0.115625
0 0.12890625 0.94609375 0.1625 0.1078125
0 0.12265625 0.8109375 0.165625 0.1109375
0 0.11875 0.68984375 0.1828125 0.1203125
0 0.1046875 0.57421875 0.190625 0.115625
0 0.0953125 0.41796875 0.1703125 0.1125
0 0.08515625 0.27421875 0.1671875 0.115625
0 0.1109375 0.103125 0.159375 0.10625