0 0.11875 0.178125 0.0953125 0.2
0 0.9375 0.13671875 0.084375 0.19375
0 0.84453125 0.134375 0.0828125 0.2078125
0 0.73671875 0.1453125 0.090625 0.19375
0 0.471875 0.1703125 0.0734375 0.2046875
0 0.2390625 0.18125 0.090625 0.2109375
0 0.28125 0.4109375 0.165625 0.09375
0 0.45859375 0.68125 0.165625 0.09375
0 0.47109375 0.55078125 0.165625 0.09375
0 0.4640625 0.41328125 0.165625 0.09375
0 0.27109375 0.6953125 0.165625 0.09375
0 0.27109375 0.55703125 0.165625 0.09375
0 0.653125 0.54921875 0.165625 0.09375
0 0.6515625 0.409375 0.165625 0.09375
0 0.64609375 0.309375 0.165625 0.09375
0 0.865625 0.53671875 0.165625 0.09375
0 0.22265625 0.87109375 0.165625 0.09375
0 0.665625 0.68125 0.165625 0.09375