0 0.234375 0.07734375 0.2171875 0.134375
0 0.0828125 0.87421875 0.165625 0.1609375
0 0.1 0.78984375 0.2 0.1203125
0 0.115625 0.68515625 0.1625 0.1640625
0 0.17734375 0.4265625 0.215625 0.1109375
0 0.2203125 0.196875 0.2328125 0.1453125
0 0.4421875 0.27109375 0.128125 0.184375
0 0.68515625 0.484375 0.1625 0.1625
0 0.5546875 0.478125 0.1328125 0.1859375
0 0.41875 0.45234375 0.1546875 0.153125
0 0.725 0.30078125 0.11875 0.1796875
0 0.58828125 0.28125 0.159375 0.159375
0 0.52734375 0.65859375 0.1625 0.1625
0 0.3890625 0.6375 0.121875 0.18125
0 0.290625 0.61796875 0.159375 0.159375
0 0.48515625 0.8671875 0.15 0.1515625
0 0.90625 0.27734375 0.153125 0.153125
0 0.65625 0.6890625 0.1265625 0.1828125