0 0.29453125 0.253125 0.1015625 0.3
0 0.7609375 0.2578125 0.109375 0.303125
0 0.41171875 0.259375 0.1140625 0.303125
1 0.06484375 0.265625 0.1171875 0.284375
1 0.4109375 0.8546875 0.115625 0.1375
1 0.63984375 0.2671875 0.1234375 0.284375
1 0.525 0.2609375 0.115625 0.278125
1 0.1796875 0.26484375 0.11875 0.2796875
1 0.64140625 0.853125 0.1171875 0.1375
1 0.534375 0.81171875 0.115625 0.1515625
1 0.29765625 0.8625 0.1140625 0.134375
1 0.18203125 0.85078125 0.1140625 0.1328125
1 0.0671875 0.8609375 0.11875 0.125
1 0.75703125 0.85078125 0.1140625 0.1453125