0 0.73984375 0.71796875 0.30625 0.121875
0 0.75234375 0.25234375 0.30625 0.1265625
0 0.7390625 0.5953125 0.3109375 0.1328125
1 0.72109375 0.94609375 0.2203125 0.09375
1 0.1421875 0.5796875 0.0875 0.0703125
1 0.75 0.3640625 0.153125 0.1546875
1 0.75546875 0.4859375 0.1609375 0.1609375
1 0.73359375 0.83125 0.2234375 0.109375
1 0.159375 0.3515625 0.08125 0.08125
1 0.1375 0.4609375 0.0921875 0.0734375
1 0.11171875 0.69296875 0.0875 0.0875
1 0.11875 0.79140625 0.0921875 0.0734375
1 0.1125 0.91484375 0.0796875 0.078125