0 0.290625 0.25234375 0.1015625 0.3
0 0.75625 0.25625 0.1015625 0.3
0 0.41328125 0.2578125 0.1015625 0.3
1 0.06171875 0.26328125 0.075 0.2140625
1 0.4078125 0.8546875 0.0671875 0.0859375
1 0.64453125 0.2546875 0.075 0.2140625
1 0.52265625 0.2453125 0.075 0.2140625
1 0.17734375 0.2546875 0.075 0.2140625
1 0.63671875 0.8453125 0.0671875 0.0859375
1 0.5265625 0.86328125 0.0671875 0.0859375
1 0.29375 0.88125 0.0671875 0.0859375
1 0.1953125 0.87109375 0.0671875 0.0859375
1 0.071875 0.87265625 0.0671875 0.0859375