0 0.1265625 0.62734375 0.1359375 0.1359375
0 0.76015625 0.42578125 0.1296875 0.1296875
0 0.6390625 0.79609375 0.121875 0.1765625
0 0.5390625 0.75546875 0.10625 0.171875
0 0.434375 0.721875 0.1125 0.178125
0 0.440625 0.134375 0.15 0.15
0 0.334375 0.2953125 0.1328125 0.1328125
0 0.378125 0.71328125 0.1515625 0.1515625
0 0.2875 0.6515625 0.096875 0.1515625
0 0.17578125 0.64296875 0.1359375 0.1359375
0 0.24140625 0.26875 0.1140625 0.178125
0 0.2390625 0.07890625 0.115625 0.1578125
0 0.696875 0.209375 0.1328125 0.1328125
0 0.75 0.2265625 0.14375 0.14375
1 0.4421875 0.3203125 0.065625 0.115625
1 0.3875 0.30546875 0.0953125 0.096875
1 0.4296875 0.91484375 0.075 0.11875
1 0.64609375 0.37265625 0.071875 0.1171875
1 0.5921875 0.36171875 0.09375 0.0921875
1 0.23203125 0.65078125 0.1015625 0.1
1 0.49296875 0.1390625 0.0796875 0.121875
1 0.54140625 0.35078125 0.0671875 0.115625
1 0.490625 0.3328125 0.09375 0.09375
1 0.384375 0.89296875 0.1 0.1
1 0.53359375 0.9359375 0.08125 0.121875
1 0.48046875 0.921875 0.0953125 0.09375
1 0.32890625 0.8796875 0.078125 0.121875
1 0.028125 0.79453125 0.05625 0.1171875