0 0.18046875 0.73125 0.05 0.1625
0 0.72734375 0.353125 0.0515625 0.1421875
0 0.71953125 0.7421875 0.059375 0.15625
0 0.61171875 0.7328125 0.0546875 0.1578125
0 0.50234375 0.73125 0.05 0.1625
0 0.33671875 0.16796875 0.053125 0.1796875
0 0.28203125 0.35234375 0.046875 0.146875
0 0.44609375 0.73984375 0.053125 0.16875
0 0.34140625 0.70703125 0.046875 0.1390625
0 0.23203125 0.73125 0.05 0.1625
0 0.18515625 0.3546875 0.05 0.1625
0 0.125 0.1671875 0.053125 0.1546875
0 0.603125 0.16484375 0.0515625 0.1421875
0 0.659375 0.165625 0.05 0.1609375
1 0.3921875 0.3453125 0.0359375 0.109375
1 0.33515625 0.346875 0.0359375 0.1109375
1 0.55390625 0.9171875 0.0359375 0.1109375
1 0.60234375 0.33515625 0.0359375 0.109375
1 0.54765625 0.340625 0.0359375 0.109375
1 0.2875 0.72265625 0.0359375 0.1109375
1 0.3875 0.15703125 0.0359375 0.1109375
1 0.49609375 0.3453125 0.0359375 0.109375
1 0.4421875 0.34296875 0.0359375 0.109375
1 0.50390625 0.909375 0.0359375 0.1109375
1 0.659375 0.90703125 0.0359375 0.1109375
1 0.6046875 0.909375 0.0359375 0.1109375
1 0.44765625 0.91328125 0.0359375 0.1109375
1 0.12890625 0.92109375 0.0359375 0.1109375