0 0.609375 0.571875 0.0703125 0.215625
0 0.93984375 0.57890625 0.078125 0.20625
0 0.42109375 0.77578125 0.071875 0.1921875
0 0.74921875 0.6109375 0.0734375 0.2109375
1 0.159375 0.58984375 0.040625 0.1328125
1 0.090625 0.778125 0.0421875 0.1328125
1 0.1609375 0.7796875 0.040625 0.1328125
1 0.221875 0.78203125 0.0421875 0.1328125
1 0.28671875 0.58984375 0.040625 0.1328125
1 0.2234375 0.5921875 0.0421875 0.1328125
1 0.35625 0.771875 0.0421875 0.1328125
1 0.290625 0.78203125 0.040625 0.1328125
1 0.3546875 0.584375 0.0421875 0.1328125