0 0.41484375 0.3171875 0.05 0.146875
0 0.2625 0.659375 0.0546875 0.125
0 0.1125 0.31328125 0.0546875 0.1390625
0 0.27109375 0.309375 0.05 0.146875
0 0.3625 0.32109375 0.05 0.146875
0 0.4171875 0.828125 0.0546875 0.1484375
0 0.315625 0.82890625 0.0578125 0.1421875
0 0.21015625 0.6609375 0.0546875 0.125
0 0.57109375 0.8453125 0.046875 0.121875
1 0.41484375 0.6453125 0.0328125 0.0984375
1 0.31328125 0.65078125 0.0328125 0.0984375
1 0.6078125 0.640625 0.0328125 0.0984375
1 0.5109375 0.6453125 0.0328125 0.0984375
1 0.46484375 0.640625 0.0328125 0.0984375
1 0.7125 0.83125 0.0328125 0.0984375
1 0.7109375 0.640625 0.0328125 0.0984375
1 0.66640625 0.825 0.0328125 0.0984375
1 0.6578125 0.63515625 0.0328125 0.0984375
1 0.7625 0.82265625 0.0328125 0.0984375
1 0.76328125 0.64296875 0.0328125 0.0984375
1 0.8109375 0.82109375 0.0328125 0.0984375
1 0.76328125 0.3046875 0.0328125 0.0984375
1 0.66328125 0.31328125 0.0328125 0.0984375
1 0.5609375 0.3171875 0.0328125 0.0984375
1 0.46640625 0.31484375 0.0328125 0.0984375