0 0.615625 0.33515625 0.1359375 0.1359375
0 0.24296875 0.37421875 0.1359375 0.1109375
0 0.46796875 0.07109375 0.15625 0.128125
0 0.55078125 0.20625 0.15625 0.121875
0 0.5859375 0.29140625 0.15 0.15
0 0.17421875 0.5921875 0.1609375 0.1265625
0 0.12265625 0.5046875 0.1484375 0.1484375
0 0.215625 0.3296875 0.1265625 0.1265625
0 0.23671875 0.734375 0.1375 0.1125
1 0.33125 0.49921875 0.090625 0.090625
1 0.27578125 0.4140625 0.09375 0.09375
1 0.43203125 0.6640625 0.0984375 0.0984375
1 0.3796875 0.58203125 0.0984375 0.0984375
1 0.3609375 0.53984375 0.0984375 0.1
1 0.31953125 0.85 0.109375 0.0875
1 0.48359375 0.753125 0.109375 0.0875
1 0.3015625 0.80625 0.1046875 0.08125
1 0.46171875 0.70390625 0.10625 0.0859375
1 0.3515625 0.88828125 0.0921875 0.09375
1 0.5078125 0.79921875 0.0984375 0.0984375
1 0.37734375 0.9296875 0.0953125 0.0953125
1 0.80078125 0.63046875 0.09375 0.09375
1 0.74296875 0.54765625 0.0953125 0.0953125
1 0.6890625 0.46171875 0.1015625 0.078125
1 0.64375 0.378125 0.0921875 0.0921875