0 0.19609375 0.5421875 0.053125 0.0921875
0 0.68828125 0.63984375 0.0546875 0.0921875
0 0.25390625 0.821875 0.0546875 0.0921875
0 0.14140625 0.6296875 0.053125 0.0921875
0 0.3203125 0.63203125 0.0546875 0.0921875
0 0.315625 0.5359375 0.0546875 0.0921875
1 0.38359375 0.6359375 0.0359375 0.0640625
1 0.38046875 0.8203125 0.0359375 0.0640625
1 0.26484375 0.6359375 0.0359375 0.0640625
1 0.440625 0.63203125 0.0359375 0.0640625
1 0.3234375 0.8140625 0.0359375 0.0640625
1 0.5625 0.8203125 0.0359375 0.0640625
1 0.4375 0.821875 0.0359375 0.0640625