0 0.66328125 0.23984375 0.1109375 0.1109375
0 0.271875 0.5546875 0.10625 0.10625
0 0.41171875 0.1046875 0.1046875 0.1046875
0 0.63125 0.1421875 0.10625 0.10625
0 0.5140625 0.27734375 0.109375 0.1046875
0 0.590625 0.3359375 0.115625 0.1125
1 0.4703125 0.3234375 0.0765625 0.0765625
1 0.33125 0.20234375 0.0734375 0.0734375
1 0.546875 0.2328125 0.075 0.0703125
1 0.43671875 0.36953125 0.0734375 0.0734375
1 0.37265625 0.1625 0.075 0.071875
1 0.2140625 0.3421875 0.078125 0.075
1 0.29375 0.2453125 0.0734375 0.071875