0 0.103125 0.32734375 0.090625 0.2296875
0 0.49296875 0.61796875 0.0859375 0.2484375
0 0.29375 0.615625 0.09375 0.2640625
0 0.30234375 0.34375 0.0953125 0.2484375
0 0.1921875 0.59765625 0.0921875 0.2609375
0 0.2015625 0.32890625 0.090625 0.2296875
0 0.39453125 0.334375 0.0859375 0.2484375
0 0.69296875 0.34765625 0.0859375 0.2484375
0 0.59453125 0.3359375 0.0859375 0.2484375
0 0.49296875 0.33984375 0.0859375 0.2484375
0 0.79453125 0.33203125 0.0859375 0.2640625
0 0.78984375 0.6203125 0.0859375 0.2484375
0 0.5859375 0.621875 0.0859375 0.2484375
0 0.8875 0.6203125 0.0828125 0.2390625
0 0.88203125 0.33203125 0.084375 0.253125
1 0.0984375 0.603125 0.0609375 0.1828125
1 0.684375 0.60703125 0.059375 0.1828125
1 0.403125 0.6046875 0.0609375 0.1828125