0 0.58671875 0.07578125 0.2453125 0.1390625
0 0.3828125 0.51796875 0.2109375 0.2109375
0 0.34375 0.32265625 0.2125 0.2109375
0 0.61171875 0.27421875 0.2703125 0.1578125
0 0.340625 0.21953125 0.2734375 0.1421875
0 0.60546875 0.17265625 0.1984375 0.196875
0 0.63984375 0.3625 0.2078125 0.2078125
0 0.6890625 0.65703125 0.2703125 0.159375
0 0.68046875 0.55859375 0.2171875 0.2171875
0 0.65546875 0.46015625 0.26875 0.15
0 0.72578125 0.753125 0.21875 0.21875
0 0.44296875 0.80859375 0.2625 0.140625
0 0.3984375 0.609375 0.271875 0.159375
0 0.46171875 0.9 0.2046875 0.2
0 0.74375 0.8390625 0.2765625 0.159375
1 0.315625 0.12890625 0.1953125 0.1078125
1 0.43359375 0.70234375 0.1546875 0.1546875
1 0.37734375 0.42734375 0.1484375 0.1484375