0 0.10078125 0.32578125 0.084375 0.2328125
0 0.09765625 0.321875 0.084375 0.2328125
0 0.790625 0.3390625 0.0875 0.2703125
0 0.69140625 0.34296875 0.0859375 0.2390625
0 0.59140625 0.33125 0.0890625 0.2421875
0 0.49140625 0.3359375 0.0921875 0.240625
0 0.3890625 0.33515625 0.0875 0.246875
0 0.29609375 0.33671875 0.0875 0.2421875
0 0.20078125 0.32578125 0.084375 0.2328125
0 0.8859375 0.33515625 0.0859375 0.246875
1 0.09453125 0.61328125 0.0625 0.1828125
1 0.7796875 0.609375 0.0625 0.1828125
1 0.68828125 0.6046875 0.0625 0.1828125
1 0.59140625 0.59921875 0.0625 0.1828125
1 0.48984375 0.59921875 0.0625 0.1828125
1 0.39453125 0.6109375 0.0625 0.1828125
1 0.29140625 0.59921875 0.0625 0.1828125
1 0.20390625 0.6171875 0.0625 0.1828125
1 0.8796875 0.609375 0.0625 0.1828125