0 0.66640625 0.8890625 0.2453125 0.221875
0 0.66484375 0.89453125 0.2328125 0.2109375
0 0.17890625 0.4140625 0.2578125 0.2578125
0 0.253125 0.4796875 0.24375 0.24375
0 0.3171875 0.5578125 0.253125 0.25625
0 0.3921875 0.62421875 0.2515625 0.2515625
0 0.465625 0.6953125 0.2375 0.2375
0 0.53359375 0.759375 0.2546875 0.2546875
0 0.59453125 0.8328125 0.240625 0.240625
0 0.11484375 0.35 0.2296875 0.24375
1 0.8703125 0.7 0.1796875 0.1796875
1 0.375 0.22734375 0.1875 0.190625
1 0.4375 0.29375 0.175 0.175
1 0.503125 0.36484375 0.190625 0.190625
1 0.5765625 0.4359375 0.1859375 0.1859375
1 0.653125 0.49375 0.1921875 0.1953125
1 0.71875 0.5734375 0.1859375 0.1890625
1 0.79453125 0.62109375 0.1890625 0.190625
1 0.303125 0.1578125 0.178125 0.1796875