0 0.1671875 0.7203125 0.071875 0.2046875
0 0.38125 0.2140625 0.071875 0.2125
0 0.24296875 0.22890625 0.075 0.2140625
0 0.5359375 0.7140625 0.0703125 0.203125
1 0.23984375 0.71171875 0.0484375 0.1484375
1 0.4515625 0.22421875 0.0484375 0.1484375
1 0.3125 0.22421875 0.0484375 0.1484375
1 0.45703125 0.715625 0.0484375 0.1484375
1 0.3828125 0.7078125 0.0484375 0.1484375
1 0.31015625 0.70390625 0.0484375 0.1484375
1 0.0984375 0.23828125 0.0484375 0.1484375
1 0.17109375 0.2203125 0.0484375 0.1484375
1 0.60390625 0.22578125 0.0484375 0.146875
1 0.5296875 0.215625 0.0484375 0.146875
1 0.60703125 0.70390625 0.0484375 0.1484375