0 0.096875 0.5953125 0.0921875 0.2546875
0 0.8828125 0.62734375 0.0921875 0.2546875
0 0.79140625 0.62265625 0.0921875 0.2546875
0 0.68828125 0.61484375 0.090625 0.2546875
0 0.59140625 0.62734375 0.090625 0.2546875
0 0.49609375 0.62109375 0.0921875 0.2546875
0 0.3984375 0.62734375 0.0921875 0.2546875
0 0.28984375 0.62109375 0.0921875 0.2546875
0 0.19453125 0.603125 0.0921875 0.2546875
1 0.1046875 0.31484375 0.0671875 0.1703125
1 0.59375 0.30078125 0.0671875 0.1703125
1 0.4921875 0.3171875 0.0671875 0.1703125
1 0.39921875 0.3171875 0.0671875 0.1703125
1 0.30625 0.3171875 0.0671875 0.1703125
1 0.19921875 0.30703125 0.0671875 0.1703125
1 0.875 0.3046875 0.0671875 0.1703125
1 0.78046875 0.31328125 0.0671875 0.1703125
1 0.690625 0.2953125 0.0671875 0.1703125