0 0.55546875 0.89765625 0.2296875 0.2046875
0 0.24375 0.18828125 0.284375 0.2015625
0 0.28125 0.271875 0.275 0.184375
0 0.325 0.365625 0.246875 0.246875
0 0.3484375 0.46015625 0.2375 0.2375
0 0.38828125 0.546875 0.275 0.184375
0 0.4171875 0.640625 0.2265625 0.2265625
0 0.4625 0.73984375 0.28125 0.196875
0 0.51328125 0.821875 0.2796875 0.1890625
1 0.81484375 0.80234375 0.1625 0.1625
1 0.65234375 0.34140625 0.1875 0.13125
1 0.6734375 0.44140625 0.1703125 0.1703125
1 0.70703125 0.52890625 0.184375 0.125
1 0.73984375 0.615625 0.1640625 0.1640625
1 0.78828125 0.71171875 0.1703125 0.1703125
1 0.54765625 0.0796875 0.1890625 0.1328125
1 0.5734375 0.17109375 0.1546875 0.1546875
1 0.62265625 0.2484375 0.1671875 0.1671875