0 0.1640625 0.625 0.0578125 0.175
0 0.53671875 0.3109375 0.05625 0.1546875
0 0.21875 0.30078125 0.0578125 0.175
0 0.5921875 0.6453125 0.05625 0.1703125
0 0.43515625 0.6328125 0.053125 0.1625
0 0.9125 0.63203125 0.0625 0.171875
0 0.74609375 0.2921875 0.053125 0.1640625
0 0.5875 0.1390625 0.046875 0.1625
0 0.68984375 0.3046875 0.0546875 0.1625
0 0.64296875 0.64375 0.0578125 0.153125
0 0.74609375 0.8171875 0.05625 0.165625
0 0.6890625 0.8140625 0.053125 0.1640625
1 0.27890625 0.6390625 0.0390625 0.121875
1 0.5375 0.640625 0.040625 0.121875
1 0.4296875 0.7953125 0.040625 0.121875
1 0.27734375 0.79296875 0.040625 0.121875
1 0.3296875 0.6390625 0.0390625 0.121875