0 0.23515625 0.37734375 0.0625 0.221875
0 0.56484375 0.39296875 0.0625 0.221875
0 0.23515625 0.646875 0.0625 0.221875
0 0.43046875 0.3671875 0.0625 0.221875
0 0.3625 0.38515625 0.0625 0.221875
0 0.29609375 0.38671875 0.0625 0.221875
0 0.69375 0.409375 0.0625 0.221875
0 0.625 0.39296875 0.0625 0.19375
1 0.30234375 0.640625 0.046875 0.1625
1 0.621875 0.63671875 0.046875 0.1625
1 0.5609375 0.640625 0.046875 0.1625
1 0.4921875 0.6328125 0.046875 0.1625
1 0.42890625 0.63671875 0.046875 0.1625
1 0.36484375 0.640625 0.046875 0.1625
1 0.81328125 0.646875 0.046875 0.1609375
1 0.74765625 0.6328125 0.046875 0.1625
1 0.68515625 0.6390625 0.046875 0.1609375