0 0.23359375 0.46171875 0.1234375 0.121875
0 0.4609375 0.51875 0.1359375 0.121875
0 0.390625 0.6609375 0.11875 0.11875
0 0.34375 0.75625 0.1296875 0.115625
0 0.828125 0.7234375 0.13125 0.11875
0 0.63515625 0.434375 0.1265625 0.121875
0 0.52265625 0.640625 0.11875 0.11875
0 0.2234375 0.28671875 0.125 0.11875
0 0.62421875 0.2515625 0.1125 0.10625
0 0.7015625 0.7390625 0.115625 0.115625
0 0.78359375 0.60234375 0.125 0.1171875
1 0.19140625 0.54453125 0.0984375 0.09375
1 0.14140625 0.64375 0.103125 0.103125
1 0.31796875 0.334375 0.0890625 0.0890625
1 0.70625 0.915625 0.1 0.0890625
1 0.671875 0.96640625 0.09375 0.0671875
1 0.4328125 0.14296875 0.0875 0.0875
1 0.39375 0.20546875 0.09375 0.09375
1 0.353125 0.271875 0.0953125 0.084375
1 0.5109375 0.4453125 0.0984375 0.0875