0 0.25 0.6 0.10625 0.0671875
0 0.47578125 0.5359375 0.10625 0.0671875
0 0.4859375 0.69375 0.10625 0.0671875
0 0.49296875 0.8 0.10625 0.0671875
0 0.89609375 0.5296875 0.10625 0.0671875
0 0.584375 0.37578125 0.090625 0.0765625
0 0.58984375 0.61015625 0.0953125 0.071875
0 0.15390625 0.453125 0.0953125 0.078125
0 0.48359375 0.22265625 0.084375 0.065625
0 0.79453125 0.60625 0.096875 0.071875
0 0.796875 0.446875 0.096875 0.075
1 0.2546875 0.69296875 0.0734375 0.0625
1 0.26171875 0.80390625 0.075 0.0640625
1 0.259375 0.44765625 0.0765625 0.0484375
1 0.88671875 0.75703125 0.0796875 0.046875
1 0.8890625 0.8296875 0.0796875 0.053125
1 0.26328125 0.22421875 0.0765625 0.0484375
1 0.2609375 0.29765625 0.0765625 0.046875
1 0.25859375 0.37578125 0.078125 0.04375
1 0.48203125 0.44765625 0.0765625 0.0484375