0 0.5953125 0.259375 0.1765625 0.1765625
0 0.42890625 0.51953125 0.1953125 0.1625
0 0.45625 0.44765625 0.23125 0.1859375
0 0.33125 0.26875 0.184375 0.184375
0 0.15390625 0.546875 0.1953125 0.15625
0 0.196875 0.47265625 0.2453125 0.2046875
0 0.37890625 0.58515625 0.18125 0.18125
1 0.425 0.14375 0.1359375 0.109375
1 0.28359375 0.3453125 0.1328125 0.1328125
1 0.5515625 0.31953125 0.1421875 0.115625
1 0.371875 0.2140625 0.1296875 0.1296875
1 0.25625 0.4109375 0.125 0.125
1 0.3421875 0.64296875 0.1375 0.1078125