0 0.2453125 0.546875 0.0625 0.175
0 0.5546875 0.55 0.0671875 0.1765625
0 0.47890625 0.56484375 0.0640625 0.21875
0 0.39375 0.765625 0.0671875 0.184375
0 0.7234375 0.76875 0.0671875 0.1859375
0 0.6375 0.77109375 0.075 0.21875
0 0.63671875 0.5578125 0.0671875 0.1765625
1 0.2375 0.75234375 0.0453125 0.1328125
1 0.48359375 0.765625 0.0453125 0.1328125
1 0.31953125 0.55234375 0.0453125 0.1328125
1 0.325 0.76015625 0.0453125 0.1328125
1 0.55390625 0.75390625 0.04375 0.1328125
1 0.7046875 0.5578125 0.04375 0.1328125