0 0.36328125 0.16796875 0.1953125 0.1953125
0 0.2015625 0.80078125 0.2703125 0.1625
0 0.2359375 0.68984375 0.178125 0.178125
0 0.26484375 0.5984375 0.1921875 0.1921875
0 0.2703125 0.4890625 0.1921875 0.1921875
0 0.31640625 0.29765625 0.2234375 0.1203125
0 0.85625 0.35546875 0.2421875 0.1359375
0 0.1515625 0.8984375 0.234375 0.1234375
0 0.8890625 0.2578125 0.221875 0.13125
1 0.80859375 0.46328125 0.128125 0.128125
1 0.73828125 0.771875 0.1609375 0.1015625
1 0.76953125 0.67421875 0.15625 0.0921875
1 0.7765625 0.57578125 0.1609375 0.096875
1 0.68046875 0.96796875 0.1609375 0.0640625
1 0.7109375 0.8703125 0.1609375 0.0984375