0 0.2 0.69765625 0.0859375 0.228125
0 0.85234375 0.73515625 0.090625 0.246875
0 0.73671875 0.72265625 0.084375 0.2140625
0 0.64140625 0.71171875 0.0859375 0.228125
0 0.5328125 0.72734375 0.0828125 0.2296875
0 0.33671875 0.71875 0.078125 0.2109375
0 0.28984375 0.178125 0.0859375 0.225
0 0.9578125 0.765625 0.0734375 0.2203125
0 0.1875 0.15625 0.0859375 0.225
1 0.4046875 0.20390625 0.0640625 0.146875
1 0.72109375 0.2140625 0.0640625 0.146875
1 0.61953125 0.20234375 0.0640625 0.146875
1 0.521875 0.2140625 0.0640625 0.146875
1 0.94375 0.2296875 0.0640625 0.146875
1 0.8234375 0.221875 0.0640625 0.146875