0 0.38203125 0.571875 0.0734375 0.184375
0 0.6671875 0.74296875 0.06875 0.1703125
0 0.25390625 0.73203125 0.0734375 0.184375
0 0.29375 0.17265625 0.0671875 0.190625
0 0.46015625 0.76015625 0.071875 0.1890625
0 0.178125 0.56484375 0.0640625 0.165625
0 0.58828125 0.56875 0.065625 0.175
0 0.62890625 0.16875 0.065625 0.1625
0 0.79609375 0.56015625 0.06875 0.16875
0 0.8046875 0.7328125 0.0640625 0.165625
0 0.0375 0.56015625 0.0625 0.153125
0 0.04609375 0.74765625 0.0671875 0.1890625
1 0.39140625 0.76171875 0.04375 0.1203125