0 0.525 0.6359375 0.16875 0.16875
0 0.78671875 0.43125 0.1546875 0.1546875
0 0.628125 0.81328125 0.178125 0.178125
0 0.1203125 0.575 0.20625 0.1390625
0 0.72890625 0.63046875 0.2046875 0.1390625
0 0.4453125 0.8234375 0.1609375 0.1609375
0 0.59609375 0.4421875 0.1578125 0.1578125
0 0.23671875 0.2609375 0.1796875 0.1265625
0 0.6625 0.2453125 0.1578125 0.1578125
0 0.8265625 0.29921875 0.178125 0.1203125
0 0.3921875 0.940625 0.1375 0.11875
0 0.56796875 0.9734375 0.2015625 0.053125
1 0.70546875 0.6953125 0.13125 0.0875