0 0.12734375 0.46171875 0.1359375 0.1453125
0 0.165625 0.28203125 0.146875 0.1453125
0 0.3890625 0.2421875 0.1359375 0.146875
0 0.28984375 0.3171875 0.140625 0.1515625
0 0.2453125 0.38515625 0.121875 0.1296875
0 0.6421875 0.43125 0.1484375 0.1484375
0 0.48671875 0.14296875 0.1390625 0.1390625
0 0.3234375 0.69765625 0.1328125 0.1421875
1 0.1921875 0.41875 0.09375 0.1015625
1 0.353125 0.08515625 0.09375 0.1
1 0.34609375 0.290625 0.090625 0.0984375
1 0.1015625 0.31171875 0.103125 0.103125
1 0.84453125 0.2765625 0.09375 0.09375
1 0.55 0.11875 0.0984375 0.0984375
1 0.40234375 0.04609375 0.1015625 0.0921875