0 0.234375 0.7640625 0.0609375 0.1328125
0 0.37734375 0.8796875 0.0609375 0.1328125
0 0.57578125 0.7703125 0.059375 0.1328125
0 0.4515625 0.77421875 0.0578125 0.1328125
0 0.37421875 0.74921875 0.0578125 0.1140625
0 0.65390625 0.4640625 0.059375 0.1328125
0 0.7140625 0.7859375 0.059375 0.1328125
0 0.23828125 0.4578125 0.0609375 0.13125
1 0.31171875 0.75703125 0.0390625 0.09375
1 0.646875 0.91484375 0.040625 0.09375
1 0.5125 0.759375 0.0390625 0.09375
1 0.30859375 0.896875 0.040625 0.09375
1 0.1125 0.90703125 0.0390625 0.09375
1 0.90859375 0.45703125 0.040625 0.09375
1 0.77890625 0.76484375 0.040625 0.09375
1 0.7125 0.9171875 0.040625 0.09375