0 0.2796875 0.6140625 0.0546875 0.1359375
0 0.5859375 0.5921875 0.0546875 0.1359375
0 0.16015625 0.6296875 0.0546875 0.1359375
0 0.3609375 0.4671875 0.0546875 0.1265625
0 0.4015625 0.615625 0.0546875 0.1359375
0 0.75234375 0.91328125 0.059375 0.146875
0 0.77578125 0.44921875 0.0546875 0.1296875
0 0.62578125 0.9 0.0546875 0.1359375
0 0.703125 0.59765625 0.0546875 0.1359375
0 0.5015625 0.9140625 0.0546875 0.1359375
0 0.59296875 0.4359375 0.0484375 0.1328125
1 0.30234375 0.44921875 0.0359375 0.0984375
1 0.23515625 0.05 0.0359375 0.096875
1 0.2890625 0.05 0.0359375 0.096875
1 0.68359375 0.91328125 0.0359375 0.0984375
1 0.26953125 0.18671875 0.0359375 0.0984375
1 0.17109375 0.4546875 0.0359375 0.0984375