0 0.70078125 0.58984375 0.1703125 0.1703125
0 0.38203125 0.740625 0.1609375 0.1609375
0 0.453125 0.26484375 0.165625 0.1453125
0 0.596875 0.15625 0.1546875 0.1546875
0 0.64765625 0.2109375 0.165625 0.165625
0 0.934375 0.57578125 0.13125 0.1515625
0 0.34921875 0.12265625 0.159375 0.159375
0 0.50703125 0.8984375 0.1578125 0.1578125
0 0.8046875 0.68515625 0.1625 0.1625
0 0.8875 0.78125 0.1390625 0.134375
1 0.8453125 0.47890625 0.1171875 0.10625
1 0.553125 0.3703125 0.115625 0.1140625
1 0.584375 0.42265625 0.1140625 0.1140625
1 0.88359375 0.5296875 0.1109375 0.1109375
1 0.71953125 0.3265625 0.1125 0.1
1 0.6421875 0.46328125 0.1171875 0.1078125
1 0.75625 0.37734375 0.1078125 0.1078125
1 0.675 0.52265625 0.115625 0.1046875
1 0.79453125 0.43515625 0.1109375 0.0984375
1 0.11640625 0.36953125 0.1140625 0.1140625
1 0.51484375 0.07109375 0.1140625 0.103125
1 0.38984375 0.17109375 0.115625 0.115625
1 0.234375 0.52890625 0.1140625 0.1140625
1 0.1296875 0.68984375 0.115625 0.1046875
1 0.2796875 0.57421875 0.1171875 0.10625
1 0.309375 0.63203125 0.1125 0.1125
1 0.34453125 0.6828125 0.1109375 0.1109375
1 0.5078125 0.325 0.1078125 0.1078125
1 0.67734375 0.2765625 0.1109375 0.0984375
0 0.2109375 0.7921875 0.1578125 0.1578125
0 0.0609375 0.5796875 0.121875 0.153125
0 0.18671875 0.475 0.18125 0.159375