0 0.3078125 0.60625 0.0625 0.1796875
0 0.37890625 0.2609375 0.0640625 0.1546875
0 0.71640625 0.60390625 0.053125 0.1640625
0 0.71640625 0.784375 0.053125 0.1640625
0 0.6421875 0.7921875 0.059375 0.1640625
0 0.171875 0.81015625 0.0625 0.14375
0 0.8921875 0.60625 0.0625 0.14375
0 0.17734375 0.265625 0.0625 0.153125
0 0.16875 0.63203125 0.0625 0.15625
0 0.03125 0.640625 0.0609375 0.15
1 0.309375 0.78828125 0.0453125 0.1046875
1 0.571875 0.6203125 0.04375 0.1046875
1 0.5109375 0.6140625 0.0453125 0.1046875
1 0.2453125 0.78828125 0.0453125 0.1046875
1 0.50625 0.7796875 0.04375 0.1046875
1 0.44375 0.6359375 0.0453125 0.1046875
1 0.44375 0.778125 0.0453125 0.1046875
1 0.3765625 0.62578125 0.0453125 0.1046875
1 0.375 0.77421875 0.0453125 0.1046875
1 0.83515625 0.271875 0.0453125 0.103125
1 0.83359375 0.7703125 0.0453125 0.1046875
1 0.82890625 0.61015625 0.0453125 0.1046875
1 0.63671875 0.2703125 0.0453125 0.1046875
1 0.57109375 0.08984375 0.04375 0.1046875
1 0.5734375 0.2796875 0.04375 0.103125
1 0.509375 0.26796875 0.0453125 0.103125
1 0.44765625 0.265625 0.0453125 0.1046875
1 0.63515625 0.61171875 0.04375 0.1046875
1 0.571875 0.77578125 0.04375 0.1046875
0 0.440625 0.09375 0.059375 0.1640625
0 0.90546875 0.0921875 0.0578125 0.171875
0 0.709375 0.0890625 0.053125 0.1578125
0 0.70859375 0.26484375 0.0546875 0.175