0 0.13671875 0.58046875 0.196875 0.196875
0 0.93671875 0.50625 0.1265625 0.21875
0 0.54609375 0.06953125 0.2203125 0.1390625
0 0.80078125 0.73046875 0.2109375 0.2109375
0 0.315625 0.72421875 0.2078125 0.2078125
0 0.4890625 0.11953125 0.2125 0.19375
0 0.67421875 0.265625 0.2015625 0.2015625
0 0.440625 0.5765625 0.20625 0.20625
0 0.375 0.2796875 0.2171875 0.1984375
0 0.50625 0.50390625 0.2234375 0.203125
0 0.371875 0.64609375 0.215625 0.19375
0 0.3125 0.3484375 0.21875 0.2015625
1 0.19609375 0.50859375 0.1890625 0.1703125
1 0.5625 0.975 0.196875 0.05
1 0.72890625 0.20078125 0.190625 0.171875
1 0.9171875 0.59296875 0.165625 0.1953125
1 0.7390625 0.80859375 0.19375 0.19375
1 0.69140625 0.8875 0.1984375 0.1828125
1 0.42578125 0.2015625 0.1875 0.1703125
1 0.25390625 0.43203125 0.1796875 0.1796875