0 0.21328125 0.73671875 0.075 0.20625
0 0.7921875 0.11484375 0.075 0.20625
0 0.890625 0.746875 0.0765625 0.20625
0 0.50390625 0.12109375 0.0765625 0.20625
0 0.21015625 0.50703125 0.075 0.1984375
0 0.79296875 0.74296875 0.078125 0.1984375
0 0.7921875 0.50703125 0.0703125 0.19375
0 0.403125 0.5 0.078125 0.2
0 0.596875 0.734375 0.075 0.196875
0 0.50078125 0.49296875 0.0765625 0.20625
0 0.30625 0.5109375 0.0765625 0.20625
0 0.50390625 0.740625 0.078125 0.19375
1 0.30625 0.734375 0.0703125 0.1796875
1 0.11328125 0.11796875 0.0703125 0.1796875
1 0.8765625 0.50390625 0.0703125 0.1796875
1 0.6921875 0.10234375 0.0703125 0.1796875
1 0.40390625 0.121875 0.0703125 0.1796875
1 0.3125 0.11015625 0.0703125 0.1796875
1 0.6890625 0.7421875 0.0703125 0.1796875
1 0.40234375 0.7359375 0.0703125 0.1796875