0 0.27578125 0.64375 0.0609375 0.2078125
0 0.22421875 0.23203125 0.0625 0.1484375
0 0.6375 0.25 0.0578125 0.184375
0 0.13046875 0.65703125 0.05625 0.190625
0 0.19140625 0.8640625 0.0609375 0.2078125
0 0.77421875 0.25703125 0.0609375 0.1625
0 0.6375 0.6703125 0.0671875 0.196875
0 0.7828125 0.70234375 0.059375 0.2078125
0 0.12109375 0.871875 0.065625 0.2078125
0 0.49765625 0.86171875 0.059375 0.1921875
0 0.50546875 0.65625 0.0609375 0.2078125
0 0.3484375 0.8703125 0.0609375 0.2
0 0.2625 0.8703125 0.0609375 0.2078125
0 0.35390625 0.66171875 0.0609375 0.2078125
1 0.8625 0.9078125 0.0484375 0.128125
1 0.64296875 0.084375 0.0484375 0.128125
1 0.83984375 0.11171875 0.0484375 0.128125
1 0.9 0.1140625 0.0484375 0.128125