0 0.37734375 0.73671875 0.190625 0.190625
0 0.12734375 0.40546875 0.140625 0.16875
0 0.49375 0.21484375 0.159375 0.2
0 0.25859375 0.82109375 0.153125 0.2
0 0.41484375 0.93125 0.1609375 0.1375
0 0.615625 0.15234375 0.1625 0.1625
0 0.70390625 0.57890625 0.2 0.2
0 0.84609375 0.53359375 0.1640625 0.215625
0 0.3578125 0.94921875 0.178125 0.1015625
0 0.67890625 0.8140625 0.1734375 0.1734375
0 0.5828125 0.6328125 0.1609375 0.2125
0 0.55390625 0.89609375 0.1859375 0.184375
0 0.4796875 0.91875 0.203125 0.1625
0 0.4546875 0.71328125 0.1921875 0.1921875
1 0.978125 0.67109375 0.04375 0.1234375
1 0.41484375 0.0703125 0.1171875 0.140625
1 0.59921875 0.02890625 0.1296875 0.0578125
1 0.65234375 0.01640625 0.1328125 0.0328125