0 0.07109375 0.39609375 0.096875 0.2359375
0 0.371875 0.66171875 0.096875 0.2359375
0 0.2671875 0.66171875 0.0859375 0.25625
0 0.3765625 0.40390625 0.090625 0.2109375
0 0.27109375 0.3921875 0.0859375 0.2328125
0 0.1734375 0.38828125 0.0984375 0.24375
0 0.065625 0.665625 0.096875 0.25625
0 0.77890625 0.37421875 0.096875 0.2484375
0 0.8875 0.653125 0.1 0.2421875
0 0.5734375 0.37578125 0.09375 0.2640625
0 0.67109375 0.67265625 0.0796875 0.2546875
0 0.578125 0.66484375 0.09375 0.2703125
0 0.8859375 0.384375 0.096875 0.2484375
1 0.46953125 0.384375 0.05625 0.14375
1 0.971875 0.378125 0.05625 0.14375
1 0.171875 0.64765625 0.05625 0.14375
1 0.48515625 0.66015625 0.05625 0.14375
1 0.66953125 0.36171875 0.05625 0.14375