0 0.38125 0.19296875 0.065625 0.234375
0 0.775 0.19296875 0.053125 0.2390625
0 0.896875 0.76484375 0.065625 0.234375
0 0.17109375 0.7953125 0.0765625 0.2578125
0 0.71953125 0.76171875 0.0625 0.2609375
0 0.70703125 0.21015625 0.065625 0.2640625
0 0.3078125 0.75390625 0.0671875 0.284375
1 0.509375 0.21875 0.0453125 0.1546875
1 0.6390625 0.76328125 0.04375 0.153125
1 0.575 0.7609375 0.04375 0.153125
1 0.5109375 0.76484375 0.0453125 0.153125
1 0.440625 0.77890625 0.0453125 0.153125
1 0.64375 0.21328125 0.04375 0.153125
1 0.5765625 0.209375 0.04375 0.153125
1 0.44921875 0.21484375 0.0453125 0.1546875
1 0.378125 0.77109375 0.0453125 0.153125
1 0.83515625 0.759375 0.0453125 0.153125