0 0.809375 0.61328125 0.2390625 0.0953125
0 0.80234375 0.21953125 0.1578125 0.159375
0 0.228125 0.1078125 0.165625 0.165625
0 0.21015625 0.834375 0.178125 0.1796875
0 0.234375 0.28515625 0.265625 0.0984375
0 0.7859375 0.28828125 0.184375 0.184375
0 0.24921875 0.696875 0.2875 0.0796875
1 0.78125 0.4859375 0.159375 0.0609375
1 0.234375 0.365625 0.1578125 0.0640625
1 0.2375 0.4296875 0.1078125 0.1078125
1 0.23515625 0.49375 0.1546875 0.0515625
1 0.221875 0.5640625 0.1015625 0.103125
1 0.784375 0.3515625 0.1015625 0.1015625
1 0.7890625 0.41875 0.15625 0.05625
1 0.7859375 0.54609375 0.1578125 0.053125
1 0.23125 0.6265625 0.103125 0.1046875
1 0.23515625 0.16953125 0.1578125 0.0625