0 0.47265625 0.34140625 0.109375 0.1359375
0 0.26484375 0.6640625 0.0890625 0.1203125
0 0.32265625 0.78203125 0.109375 0.109375
0 0.4234375 0.67890625 0.1171875 0.1171875
0 0.61640625 0.496875 0.084375 0.103125
0 0.29296875 0.4359375 0.109375 0.109375
0 0.50859375 0.1265625 0.0984375 0.0984375
0 0.65234375 0.8328125 0.09375 0.1265625
0 0.83046875 0.7609375 0.1 0.1296875
1 0.63359375 0.371875 0.0828125 0.08125
1 0.18125 0.6359375 0.08125 0.08125
1 0.73984375 0.725 0.075 0.0984375
1 0.58359375 0.70078125 0.0765625 0.0984375
1 0.384375 0.44296875 0.06875 0.0953125
1 0.53984375 0.471875 0.071875 0.096875