0 0.346875 0.54921875 0.1171875 0.0859375
0 0.6953125 0.71015625 0.1078125 0.071875
0 0.80390625 0.63671875 0.109375 0.0828125
0 0.6875 0.55078125 0.115625 0.078125
0 0.48046875 0.38515625 0.09375 0.0703125
0 0.465625 0.7140625 0.10625 0.0796875
0 0.12890625 0.54375 0.1 0.0671875
0 0.80859375 0.303125 0.1125 0.0703125
0 0.7125 0.13671875 0.1125 0.075
1 0.3546875 0.38515625 0.0875 0.0578125
1 0.67890625 0.796875 0.0875 0.0578125
1 0.6890625 0.23125 0.0875 0.0578125
1 0.6875 0.3890625 0.0875 0.0578125
1 0.459375 0.62265625 0.0875 0.0578125
1 0.46640625 0.46484375 0.0875 0.0578125