0 0.6578125 0.275 0.2328125 0.146875
0 0.871875 0.77578125 0.2125 0.140625
0 0.87265625 0.59375 0.2 0.125
0 0.90390625 0.2703125 0.184375 0.1359375
0 0.88125 0.42890625 0.203125 0.121875
0 0.64375 0.59609375 0.203125 0.1328125
0 0.66484375 0.0890625 0.2078125 0.121875
0 0.1875 0.30625 0.190625 0.1359375
0 0.15390625 0.60390625 0.1875 0.1359375
0 0.8625 0.93125 0.1953125 0.134375
0 0.64921875 0.765625 0.2015625 0.128125
0 0.640625 0.925 0.2046875 0.134375
0 0.184375 0.76484375 0.1890625 0.125
1 0.6453125 0.4546875 0.1703125 0.10625