0 0.46171875 0.228125 0.2640625 0.2640625
0 0.0859375 0.57578125 0.171875 0.2578125
0 0.1265625 0.4140625 0.253125 0.225
0 0.24453125 0.11171875 0.2203125 0.2203125
0 0.19296875 0.26328125 0.2234375 0.2234375
0 0.328125 0.5203125 0.2609375 0.234375
0 0.53984375 0.08828125 0.2359375 0.1765625
0 0.86640625 0.46953125 0.2234375 0.2234375
0 0.7609375 0.75 0.2390625 0.2390625
0 0.05234375 0.71796875 0.1046875 0.2171875
0 0.24609375 0.66875 0.25625 0.228125
0 0.1875 0.80625 0.24375 0.2375
0 0.6609375 0.87890625 0.228125 0.2015625
1 0.39140625 0.39375 0.1875 0.1890625