0 0.65859375 0.275 0.2328125 0.146875
0 0.871875 0.7765625 0.2125 0.140625
0 0.8734375 0.59375 0.2 0.125
0 0.90625 0.27109375 0.184375 0.1359375
0 0.88125 0.4296875 0.203125 0.121875
0 0.64375 0.59609375 0.203125 0.1328125
0 0.66640625 0.0875 0.2078125 0.121875
0 0.1875 0.30859375 0.190625 0.1359375
0 0.1546875 0.60390625 0.1875 0.1359375
0 0.865625 0.93125 0.196875 0.134375
0 0.65390625 0.759375 0.2015625 0.128125
0 0.64140625 0.925 0.2046875 0.134375
0 0.19140625 0.76796875 0.1890625 0.1265625
0 0.9945171875 0.0267671875 0.7802609375 0.0267671875 0.7736484375 0.132265625 0.9998078125 0.1359671875 0.9945171875 0.0267671875
0 0.27535937499999996 0.0323203125 0.0703609375 0.0249171875 0.06639375 0.03046875 0.059781249999999994 0.2488671875 0.27668125 0.24146406250000002 0.27535937499999996 0.0323203125
0 0.27006874999999997 0.822625 0.0756515625 0.8300281249999999 0.0677171875 0.9762437500000001 0.2780046875 0.9836484375 0.27006874999999997 0.822625
1 0.5513796875 0.37153281250000003 0.550453125 0.5412984375 0.7580953125 0.53019375 0.7647078125 0.38767968750000004 0.5513796875 0.37153281250000003