0 0.3359375 0.6765625 0.146875 0.1171875
0 0.709375 0.54765625 0.121875 0.115625
0 0.71171875 0.6875 0.1296875 0.1203125
0 0.7125 0.8265625 0.125 0.1171875
0 0.14921875 0.2515625 0.146875 0.1171875
0 0.14375 0.39375 0.146875 0.1171875
0 0.14296875 0.52734375 0.1515625 0.1109375
0 0.13828125 0.67109375 0.125 0.1171875
0 0.3359375 0.4265625 0.140625 0.1078125
0 0.1265625 0.1140625 0.1453125 0.1171875
0 0.73671875 0.0984375 0.1328125 0.1125
0 0.321875 0.5546875 0.1296875 0.1109375
0 0.7140625 0.2546875 0.159375 0.115625
0 0.71015625 0.4015625 0.140625 0.1078125
0 0.34140625 0.24140625 0.1296875 0.0984375
0 0.3484375 0.09765625 0.134375 0.1046875
0 0.903125 0.8328125 0.1546875 0.115625
0 0.9078125 0.1140625 0.1375 0.1078125
0 0.90390625 0.26015625 0.1234375 0.115625
0 0.91171875 0.4046875 0.1390625 0.1
0 0.90234375 0.69140625 0.13125 0.1125
0 0.91328125 0.5390625 0.1390625 0.1125