0 0.53984375 0.4890625 0.15 0.15
0 0.6765625 0.61953125 0.1453125 0.1
0 0.71640625 0.31015625 0.1296875 0.1296875
0 0.56640625 0.10625 0.1703125 0.11875
0 0.55859375 0.2640625 0.1703125 0.1109375
0 0.88515625 0.3578125 0.1046875 0.078125
0 0.8703125 0.46171875 0.0984375 0.0984375
0 0.88359375 0.4125 0.10625 0.08125
0 0.8984375 0.309375 0.1046875 0.075
0 0.9 0.253125 0.0875 0.0875
0 0.859375 0.5609375 0.0890625 0.0890625
0 0.5390625 0.4125 0.16875 0.10625
0 0.546875 0.34375 0.1328125 0.1328125
0 0.55859375 0.18359375 0.140625 0.140625
0 0.84140625 0.65546875 0.0984375 0.084375
0 0.678125 0.5015625 0.1046875 0.1046875
0 0.5234375 0.5671875 0.1671875 0.109375