0 0.52109375 0.4640625 0.071875 0.153125
0 0.43046875 0.2984375 0.0625 0.1265625
0 0.7390625 0.33984375 0.059375 0.15
0 0.89765625 0.5375 0.0671875 0.15
0 0.74296875 0.5046875 0.059375 0.1546875
0 0.73671875 0.16484375 0.0484375 0.090625
0 0.6328125 0.15234375 0.0453125 0.1
0 0.68359375 0.15234375 0.0484375 0.090625
0 0.7875 0.16484375 0.0484375 0.090625
0 0.8421875 0.17734375 0.0484375 0.090625
0 0.534375 0.1375 0.046875 0.0890625
0 0.59453125 0.48515625 0.059375 0.1546875
0 0.66328125 0.4953125 0.059375 0.1546875
0 0.82109375 0.525 0.065625 0.1609375
0 0.43828125 0.1296875 0.0640625 0.084375
0 0.54453125 0.32734375 0.065625 0.1046875
0 0.44140625 0.46015625 0.065625 0.15