0 0.46875 0.41015625 0.0203125 0.0828125
0 0.6984375 0.62421875 0.0203125 0.0828125
0 0.590625 0.62578125 0.0203125 0.0828125
0 0.2640625 0.4046875 0.0203125 0.0828125
0 0.4390625 0.403125 0.0203125 0.0828125
0 0.3828125 0.10625 0.0203125 0.0828125
0 0.46875 0.31171875 0.0203125 0.0828125
0 0.4703125 0.10078125 0.0203125 0.0828125
0 0.5234375 0.315625 0.0203125 0.0828125
0 0.4140625 0.32265625 0.0203125 0.0828125
0 0.671875 0.40625 0.0203125 0.0828125
0 0.2921875 0.40625 0.0203125 0.0828125
0 0.4125 0.4046875 0.0203125 0.0828125
0 0.359375 0.40234375 0.0203125 0.0828125
0 0.4953125 0.31171875 0.0203125 0.0828125
0 0.55 0.41015625 0.0203125 0.0828125
1 0.49453125 0.40859375 0.015625 0.0703125
1 0.6953125 0.10390625 0.015625 0.06875