0 0.59375 0.48515625 0.0828125 0.05625
0 0.296875 0.3828125 0.0734375 0.0734375
0 0.34609375 0.47890625 0.0828125 0.05625
0 0.6953125 0.66328125 0.0734375 0.0734375
0 0.6140625 0.50859375 0.0734375 0.071875
0 0.90234375 0.41875 0.0734375 0.071875
0 0.68125 0.4390625 0.0859375 0.0609375
0 0.86640625 0.3390625 0.0828125 0.0578125
0 0.6515625 0.39296875 0.0875 0.0671875
0 0.696875 0.49296875 0.078125 0.0765625
0 0.50234375 0.30390625 0.0671875 0.0671875
0 0.68046875 0.63984375 0.071875 0.071875
0 0.625 0.5328125 0.06875 0.0703125
0 0.65234375 0.578125 0.0875 0.0640625
0 0.66875 0.415625 0.0765625 0.0765625
0 0.55546875 0.4140625 0.0875 0.0625
1 0.58359375 0.46171875 0.0609375 0.0609375
1 0.7578125 0.14140625 0.059375 0.059375