0 0.134375 0.40703125 0.021875 0.08125
0 0.2109375 0.61796875 0.021875 0.08125
0 0.4375 0.3109375 0.021875 0.0796875
0 0.3578125 0.40390625 0.021875 0.0796875
0 0.4953125 0.61796875 0.021875 0.08125
0 0.3859375 0.625 0.021875 0.08125
0 0.2390625 0.621875 0.021875 0.08125
0 0.15625 0.61640625 0.021875 0.08125
0 0.240625 0.10546875 0.021875 0.08125
0 0.1859375 0.40546875 0.021875 0.08125
0 0.4109375 0.40390625 0.021875 0.0796875
0 0.265625 0.61953125 0.021875 0.08125
0 0.2640625 0.40390625 0.021875 0.0796875
1 0.615625 0.31875 0.0125 0.05625