0 0.82265625 0.69609375 0.0640625 0.065625
0 0.8109375 0.471875 0.0484375 0.084375
0 0.5046875 0.69921875 0.04375 0.08125
0 0.6078125 0.63359375 0.06875 0.06875
0 0.5390625 0.38828125 0.0484375 0.0859375
0 0.6453125 0.4140625 0.046875 0.084375
0 0.78515625 0.459375 0.053125 0.0875
0 0.8625 0.4890625 0.0484375 0.084375
0 0.6328125 0.953125 0.0453125 0.084375
0 0.77265625 0.68203125 0.0453125 0.084375
0 0.55703125 0.61796875 0.0671875 0.0671875
0 0.759375 0.45390625 0.0703125 0.0703125
0 0.69765625 0.6609375 0.0640625 0.0640625
1 0.33671875 0.63984375 0.0421875 0.0421875