0 0.5859375 0.378125 0.05625 0.0546875
0 0.45 0.5921875 0.0328125 0.0796875
0 0.5046875 0.58828125 0.0296875 0.078125
0 0.24375 0.284375 0.025 0.078125
0 0.2765625 0.28671875 0.0296875 0.08125
0 0.328125 0.28984375 0.03125 0.0796875
0 0.4484375 0.284375 0.034375 0.0859375
0 0.453125 0.378125 0.0515625 0.0515625
0 0.5046875 0.384375 0.03125 0.08125
0 0.384375 0.3703125 0.0515625 0.053125
0 0.6828125 0.28828125 0.0296875 0.078125
0 0.6125 0.28984375 0.053125 0.053125
0 0.5078125 0.29375 0.028125 0.078125
0 0.5875 0.59765625 0.034375 0.08125
0 0.478125 0.6796875 0.0515625 0.053125
0 0.278125 0.58984375 0.034375 0.08125
0 0.328125 0.59375 0.053125 0.053125
1 0.8140625 0.29296875 0.04375 0.04375