0 0.4140625 0.621875 0.025 0.078125
0 0.55 0.4078125 0.0234375 0.078125
0 0.4953125 0.41171875 0.025 0.078125
0 0.75625 0.715625 0.025 0.078125
0 0.7234375 0.71328125 0.0234375 0.0796875
0 0.671875 0.71015625 0.025 0.078125
0 0.5515625 0.715625 0.0265625 0.084375
0 0.546875 0.621875 0.025 0.078125
0 0.4953125 0.615625 0.025 0.0796875
0 0.615625 0.6296875 0.025 0.078125
0 0.3171875 0.71171875 0.0234375 0.078125
0 0.3875 0.71015625 0.0234375 0.078125
0 0.4921875 0.70625 0.025 0.078125
0 0.4125 0.40234375 0.025 0.0796875
0 0.521875 0.3203125 0.025 0.0796875
0 0.721875 0.41015625 0.0234375 0.0796875
0 0.671875 0.40625 0.025 0.0796875
1 0.1859375 0.70703125 0.0140625 0.0671875