0 0.42421875 0.60546875 0.0609375 0.0609375
0 0.59296875 0.49140625 0.0859375 0.0609375
0 0.3984375 0.5578125 0.075 0.0546875
0 0.31953125 0.60078125 0.0734375 0.0734375
0 0.3640625 0.69375 0.071875 0.0734375
0 0.4375 0.66015625 0.078125 0.05625
0 0.22265625 0.4203125 0.0671875 0.0671875
0 0.34453125 0.646875 0.075 0.0546875
0 0.3328125 0.4546875 0.0734375 0.0515625
0 0.28515625 0.553125 0.0890625 0.0609375
0 0.3828125 0.5328125 0.075 0.053125
0 0.675 0.64296875 0.0828125 0.0578125
0 0.571875 0.4375 0.078125 0.078125
0 0.6234375 0.53515625 0.0875 0.0640625
1 0.7765625 0.171875 0.0546875 0.0375
1 0.76484375 0.14375 0.059375 0.0453125