0 0.440625 0.615625 0.0203125 0.071875
0 0.465625 0.41328125 0.0203125 0.084375
0 0.49453125 0.61640625 0.0203125 0.071875
0 0.4921875 0.70625 0.0234375 0.0828125
0 0.3890625 0.709375 0.0234375 0.078125
0 0.3859375 0.628125 0.0234375 0.075
0 0.696875 0.7109375 0.0203125 0.071875
0 0.43984375 0.70546875 0.0203125 0.071875
0 0.61640625 0.628125 0.0203125 0.071875
0 0.55 0.715625 0.0203125 0.0890625
0 0.52421875 0.61953125 0.01875 0.0703125
0 0.29296875 0.409375 0.0234375 0.0828125
0 0.5234375 0.4078125 0.0203125 0.084375
0 0.4125 0.40625 0.0203125 0.084375
1 0.6671875 0.1046875 0.015625 0.0546875
1 0.696875 0.10234375 0.015625 0.0546875