0 0.47578125 0.7765625 0.0828125 0.0859375
0 0.640625 0.91328125 0.075 0.0765625
0 0.68515625 0.87265625 0.071875 0.0734375
0 0.6 0.53203125 0.08125 0.08125
0 0.51875 0.609375 0.078125 0.08125
0 0.58125 0.6765625 0.08125 0.084375
0 0.53828125 0.7109375 0.084375 0.084375
0 0.42734375 0.80234375 0.0765625 0.0765625
0 0.459375 0.6671875 0.084375 0.0859375
0 0.40859375 0.7046875 0.0859375 0.0890625
0 0.39375 0.73203125 0.078125 0.078125
0 0.28671875 0.53203125 0.0796875 0.0796875
0 0.2671875 0.55546875 0.0765625 0.0765625
0 0.22265625 0.58515625 0.071875 0.0734375
0 0.1859375 0.62578125 0.078125 0.078125
1 0.21328125 0.61171875 0.0515625 0.053125
1 0.49140625 0.7515625 0.0515625 0.05
1 0.253125 0.4390625 0.0546875 0.0546875
1 0.3375 0.490625 0.0515625 0.053125