0 0.29375 0.3140625 0.0234375 0.0859375
0 0.32109375 0.1015625 0.0234375 0.075
0 0.38125 0.1015625 0.0234375 0.075
0 0.5515625 0.40859375 0.0234375 0.084375
0 0.4390625 0.40703125 0.021875 0.08125
0 0.4390625 0.315625 0.0265625 0.084375
0 0.384375 0.31953125 0.0234375 0.0859375
0 0.240625 0.328125 0.01875 0.078125
0 0.35625 0.40546875 0.0234375 0.0859375
0 0.29375 0.4125 0.0234375 0.0859375
0 0.2640625 0.403125 0.0234375 0.0859375
0 0.321875 0.621875 0.0234375 0.0859375
0 0.2921875 0.61796875 0.0234375 0.0859375
0 0.2390625 0.62734375 0.01875 0.0765625
0 0.184375 0.621875 0.021875 0.0859375
1 0.2140625 0.6140625 0.015625 0.0546875
1 0.321875 0.321875 0.015625 0.0546875
1 0.3609375 0.7125 0.015625 0.05625
1 0.3875 0.61796875 0.015625 0.0546875