0 0.2640625 0.4078125 0.0234375 0.0828125
0 0.49375 0.41171875 0.0234375 0.0828125
0 0.4140625 0.59765625 0.0234375 0.0828125
0 0.2671875 0.31328125 0.0234375 0.0828125
0 0.31875 0.31875 0.0234375 0.0828125
0 0.31875 0.40234375 0.0234375 0.0828125
0 0.3578125 0.31484375 0.0234375 0.0828125
0 0.3578125 0.39921875 0.0234375 0.0828125
0 0.55 0.40234375 0.0234375 0.0828125
0 0.18125 0.41015625 0.0234375 0.0828125
0 0.4140625 0.40625 0.0234375 0.0828125
1 0.2671875 0.61796875 0.015625 0.0671875
1 0.3609375 0.71953125 0.015625 0.0671875
1 0.215625 0.10546875 0.0171875 0.0671875
1 0.465625 0.31796875 0.0171875 0.0671875
1 0.3875 0.315625 0.015625 0.0671875
1 0.2921875 0.709375 0.015625 0.0671875
1 0.21640625 0.61796875 0.015625 0.0609375
0 0.64375 0.4046875 0.0234375 0.0828125
0 0.6171875 0.31875 0.0234375 0.0828125
0 0.61875 0.41015625 0.0234375 0.0828125
0 0.615625 0.628125 0.0234375 0.0828125
0 0.7 0.62265625 0.0234375 0.0828125
0 0.6921875 0.315625 0.0234375 0.0828125
0 0.7203125 0.41015625 0.0234375 0.0828125