0 0.27890625 0.3578125 0.0484375 0.1625
0 0.74296875 0.78125 0.0484375 0.1625
0 0.63671875 0.7828125 0.0484375 0.1625
0 0.33125 0.7984375 0.053125 0.165625
0 0.22890625 0.7984375 0.0484375 0.1625
0 0.38359375 0.7765625 0.0484375 0.1625
0 0.38203125 0.390625 0.0484375 0.1625
0 0.06796875 0.39375 0.0484375 0.1625
0 0.12421875 0.396875 0.0484375 0.1625
0 0.521875 0.34140625 0.046875 0.1515625
0 0.42265625 0.17890625 0.0484375 0.1859375
0 0.5234375 0.1640625 0.05 0.175
0 0.18984375 0.19375 0.0484375 0.1625
0 0.42734375 0.3828125 0.0421875 0.165625
0 0.18125 0.37421875 0.053125 0.1765625
0 0.071875 0.8390625 0.05 0.190625
0 0.79296875 0.778125 0.0484375 0.153125
0 0.78671875 0.353125 0.0484375 0.1625
0 0.09375 0.18984375 0.046875 0.1390625
0 0.3359375 0.359375 0.046875 0.171875
0 0.32890625 0.1828125 0.0484375 0.1625
0 0.72265625 0.3515625 0.0515625 0.171875
0 0.62421875 0.3734375 0.0484375 0.1625
0 0.67421875 0.159375 0.0515625 0.18125
0 0.64375 0.578125 0.10625 0.090625
0 0.16683125000000001 0.1246546875 0.1277734375 0.1285109375 0.118009375 0.2596109375 0.1700859375 0.2711796875 0.16683125000000001 0.1246546875
1 0.2644734375 0.11115937499999999 0.218984375 0.11618124999999999 0.2156515625 0.25382812499999996 0.26121875 0.26539531250000004 0.2644734375 0.11115937499999999
1 0.5020703125 0.11115937499999999 0.44814999999999994 0.113865625 0.4456546875 0.2596109375 0.500984375 0.2634671875 0.5020703125 0.11115937499999999
1 0.5986265625 0.2769625 0.5458062499999999 0.2897921875 0.5422109374999999 0.41963125 0.595371875 0.43312656250000003 0.5986265625 0.2769625
1 0.26121875 0.284675 0.22324687499999998 0.282746875 0.2156515625 0.421559375 0.25796406250000004 0.4369828125 0.26121875 0.284675
0 0.31329375000000004 0.1246546875 0.2684625 0.1208109375 0.2655578125 0.2711796875 0.306784375 0.26539531250000004 0.31329375000000004 0.1246546875
0 0.5942875 0.0957359375 0.5523171875 0.09071718749999999 0.543296875 0.24033125000000002 0.5964578125 0.246115625 0.5942875 0.0957359375
0 0.7407515625000001 0.07645625 0.7049484374999999 0.07645625 0.6940999999999999 0.246115625 0.73858125 0.2576828125 0.7407515625000001 0.07645625
0 0.8036765625 0.0803125 0.7657046875 0.08416718749999999 0.755940625 0.242259375 0.7993359375 0.249971875 0.8036765625 0.0803125
0 0.461928125 0.7011109375 0.41689999999999994 0.7064578125 0.41202187500000004 0.86113125 0.461928125 0.859203125 0.461928125 0.7011109375
0 0.306784375 0.7126796875 0.2528375 0.7134031249999999 0.2590484375 0.8726984375000001 0.304615625 0.8804109375 0.306784375 0.7126796875
0 0.5172578125 0.699184375 0.45856718750000003 0.6972 0.4543328125 0.8225718750000001 0.5096640625 0.8360687499999999 0.5172578125 0.699184375
0 0.5574 0.68954375 0.5226828125 0.695328125 0.50749375 0.82835625 0.561740625 0.8553468750000001 0.5574 0.68954375
0 0.611646875 0.6934 0.5649953125 0.695328125 0.5606546875 0.8379953125 0.6127312500000001 0.8649875 0.611646875 0.6934
0 0.51291875 0.8881234375 0.47060781250000006 0.8881234375 0.467353125 0.994159375 0.5150890625 1 0.51291875 0.8881234375