0 0.27890625 0.359375 0.0484375 0.1625
0 0.7359375 0.77578125 0.0484375 0.1625
0 0.63671875 0.7828125 0.0484375 0.1625
0 0.33046875 0.79921875 0.053125 0.165625
0 0.228125 0.79765625 0.0484375 0.1625
0 0.3828125 0.77578125 0.0484375 0.1625
0 0.38203125 0.38984375 0.0484375 0.1625
0 0.06796875 0.39375 0.0484375 0.1625
0 0.12421875 0.396875 0.0484375 0.1625
0 0.521875 0.340625 0.046875 0.1515625
0 0.42265625 0.17890625 0.0484375 0.1859375
0 0.5234375 0.1640625 0.05 0.175
0 0.18359375 0.19375 0.0484375 0.1625
0 0.4265625 0.3828125 0.0421875 0.165625
0 0.18046875 0.37421875 0.053125 0.1765625
0 0.071875 0.83828125 0.05 0.190625
0 0.7921875 0.778125 0.0484375 0.153125
0 0.784375 0.353125 0.0484375 0.1625
0 0.09296875 0.1875 0.046875 0.1390625
0 0.33515625 0.359375 0.046875 0.171875
0 0.328125 0.1828125 0.0484375 0.1625
0 0.721875 0.3515625 0.0515625 0.171875
0 0.6234375 0.37265625 0.0484375 0.1625
0 0.6734375 0.15859375 0.0515625 0.18125
0 0.64375 0.57734375 0.10625 0.090625
1 0.234375 0.371875 0.0265625 0.10625
1 0.4734375 0.165625 0.0265625 0.10625
1 0.56875 0.34609375 0.0265625 0.10625
1 0.234375 0.18203125 0.0265625 0.10625