0 0.5390625 0.759375 0.159375 0.159375
0 0.553125 0.140625 0.153125 0.153125
0 0.6234375 0.2109375 0.159375 0.159375
0 0.83671875 0.43203125 0.165625 0.1546875
0 0.903125 0.51015625 0.1625 0.1625
0 0.78515625 0.4078125 0.1515625 0.1515625
0 0.49453125 0.6609375 0.159375 0.1484375
0 0.703125 0.89609375 0.1640625 0.1640625
0 0.66875 0.8515625 0.1703125 0.1609375
0 0.365625 0.58828125 0.1453125 0.1359375
0 0.30859375 0.76875 0.1859375 0.1734375
0 0.23125 0.70234375 0.1625 0.1625
0 0.4765625 0.93046875 0.165625 0.1390625
0 0.459375 0.63203125 0.159375 0.146875
0 0.61484375 0.8234375 0.1734375 0.1734375
0 0.97265625 0.60078125 0.0546875 0.1796875
0 0.51796875 0.096875 0.15625 0.15625
0 0.20234375 0.38203125 0.1625 0.1625
0 0.53046875 0.97421875 0.1359375 0.0515625
0 0.50234375 0.71640625 0.171875 0.171875
0 0.3734375 0.8375 0.165625 0.165625
0 0.2421875 0.4296875 0.1734375 0.1625
0 0.32265625 0.490625 0.1625 0.1625
0 0.12890625 0.59296875 0.1734375 0.1609375
0 0.4640625 0.340625 0.1453125 0.146875
1 0.57734375 0.784375 0.1015625 0.1015625
1 0.26484375 0.7390625 0.10625 0.1
1 0.3390625 0.54921875 0.1 0.09375
1 0.434375 0.909375 0.0984375 0.0984375