1 0.234375 0.36953125 0.0265625 0.10625
1 0.471875 0.16640625 0.0265625 0.10625
1 0.2375 0.18359375 0.0265625 0.10625
1 0.565625 0.35859375 0.0265625 0.10625
0 0.225 0.80078125 0.0484375 0.16875
0 0.734375 0.78125 0.0484375 0.16875
0 0.63828125 0.79140625 0.0515625 0.1609375
0 0.53671875 0.7828125 0.0484375 0.16875
0 0.09375 0.190625 0.0484375 0.146875
0 0.1796875 0.384375 0.0453125 0.18125
0 0.4796875 0.790625 0.0484375 0.1765625
0 0.37578125 0.7828125 0.0484375 0.16875
0 0.0671875 0.83515625 0.0546875 0.1984375
0 0.4265625 0.790625 0.05 0.184375
0 0.2765625 0.80078125 0.0484375 0.16875
0 0.7234375 0.171875 0.046875 0.1703125
0 0.66875 0.16875 0.053125 0.1734375
0 0.5265625 0.165625 0.0515625 0.1765625
0 0.5203125 0.353125 0.04375 0.1484375
0 0.6671875 0.3703125 0.0484375 0.16875
0 0.32578125 0.80234375 0.0484375 0.16875