0 0.1859375 0.38515625 0.053125 0.1734375
0 0.28046875 0.20625 0.05 0.1546875
0 0.62265625 0.38125 0.05 0.1625
0 0.584375 0.778125 0.040625 0.159375
0 0.33515625 0.36796875 0.04375 0.171875
0 0.1859375 0.19921875 0.0453125 0.1515625
0 0.28125 0.37109375 0.046875 0.1640625
0 0.48046875 0.79296875 0.0484375 0.1640625
0 0.43125 0.7921875 0.0453125 0.1875
0 0.3796875 0.7859375 0.0484375 0.1640625
0 0.32734375 0.803125 0.0484375 0.1640625
0 0.28203125 0.8 0.0484375 0.1640625
1 0.2375 0.38046875 0.0265625 0.1171875
1 0.565625 0.35390625 0.0265625 0.1171875
1 0.475 0.175 0.0265625 0.1171875
1 0.2359375 0.19296875 0.0265625 0.1171875