0 0.1921875 0.63046875 0.1671875 0.1734375
0 0.1390625 0.43515625 0.1546875 0.1546875
0 0.50859375 0.3296875 0.15 0.1546875
0 0.7515625 0.64609375 0.1546875 0.1546875
0 0.2890625 0.515625 0.1515625 0.1578125
0 0.06953125 0.49375 0.1390625 0.15
0 0.25234375 0.5546875 0.15 0.1546875
0 0.68515625 0.72734375 0.15625 0.1609375
0 0.64921875 0.7609375 0.1734375 0.1796875
0 0.60703125 0.79140625 0.1546875 0.1546875
0 0.58046875 0.8390625 0.1578125 0.1578125
0 0.5453125 0.86796875 0.1546875 0.1546875
1 0.2265625 0.59140625 0.1078125 0.1125
1 0.4484375 0.3484375 0.1046875 0.1046875
1 0.26015625 0.2796875 0.1 0.1046875
1 0.09765625 0.45546875 0.1109375 0.1140625