0 0.2796875 0.628125 0.1375 0.1375
0 0.13515625 0.56484375 0.146875 0.096875
0 0.24921875 0.77421875 0.178125 0.1203125
0 0.67890625 0.759375 0.1453125 0.1453125
0 0.25703125 0.71796875 0.140625 0.140625
0 0.36796875 0.4109375 0.128125 0.1265625
0 0.35703125 0.45859375 0.128125 0.128125
0 0.35390625 0.55625 0.1453125 0.1453125
0 0.79921875 0.48984375 0.140625 0.140625
0 0.87421875 0.740625 0.1140625 0.1140625
0 0.6453125 0.85078125 0.1515625 0.1515625
0 0.71953125 0.67109375 0.1859375 0.1296875
0 0.7359375 0.62578125 0.1375 0.1375