0 0.146875 0.23046875 0.0625 0.221875
0 0.21640625 0.06484375 0.0671875 0.1265625
0 0.3390625 0.0671875 0.06875 0.13125
0 0.609375 0.0640625 0.0640625 0.125
0 0.3359375 0.24921875 0.0546875 0.196875
0 0.8109375 0.2640625 0.0625 0.221875
0 0.8765625 0.253125 0.0625 0.221875
0 0.946875 0.253125 0.0625 0.221875
0 0.68125 0.28046875 0.0625 0.221875
0 0.603125 0.7875 0.0625 0.221875
0 0.471875 0.25703125 0.0625 0.221875
0 0.7375 0.790625 0.0625 0.221875
0 0.8828125 0.7765625 0.0703125 0.21875
0 0.6171875 0.2859375 0.0625 0.221875
0 0.746875 0.26484375 0.0578125 0.2046875
0 0.33671875 0.79609375 0.0578125 0.2
0 0.6734375 0.78359375 0.0625 0.221875
0 0.5421875 0.79140625 0.0625 0.221875
0 0.4125 0.77890625 0.0625 0.221875
0 0.5453125 0.25546875 0.0625 0.221875
0 0.40625 0.2484375 0.0625 0.221875
0 0.13984375 0.78203125 0.0625 0.2390625
0 0.2078125 0.76484375 0.0625 0.2375
0 0.2703125 0.23515625 0.059375 0.19375