0 0.3 0.109375 0.159375 0.21875
0 0.4359375 0.028125 0.11875 0.05625
0 0.5453125 0.05703125 0.146875 0.1140625
0 0.7890625 0.15625 0.1125 0.140625
0 0.4625 0.20234375 0.18125 0.18125
0 0.8828125 0.42421875 0.1765625 0.240625
0 0.92265625 0.44296875 0.1546875 0.2015625
0 0.96640625 0.4734375 0.0671875 0.228125
0 0.759375 0.38203125 0.159375 0.23125
0 0.46640625 0.80390625 0.159375 0.2296875
0 0.58125 0.26953125 0.16875 0.2359375
0 0.5859375 0.865625 0.16875 0.2359375
0 0.721875 0.8984375 0.175 0.203125
0 0.69921875 0.35859375 0.165625 0.234375
0 0.825 0.396875 0.1609375 0.2203125
0 0.2234375 0.69453125 0.1515625 0.2125
0 0.53125 0.83125 0.175 0.2390625
0 0.41015625 0.78046875 0.175 0.2390625
0 0.29921875 0.7125 0.1734375 0.2390625
0 0.64765625 0.3 0.175 0.2390625
0 0.52578125 0.2328125 0.1734375 0.2390625
0 0.08203125 0.59453125 0.1640625 0.2234375
0 0.12109375 0.61015625 0.2171875 0.2171875
0 0.409375 0.1609375 0.1875 0.1875