0 0.2734375 0.2421875 0.059375 0.19375
0 0.8078125 0.7796875 0.059375 0.19375
0 0.7484375 0.253125 0.059375 0.19375
0 0.54375 0.79140625 0.0546875 0.23125
0 0.609375 0.78671875 0.0609375 0.2296875
0 0.615625 0.2765625 0.059375 0.2203125
0 0.209375 0.246875 0.0578125 0.2
0 0.54375 0.2625 0.0546875 0.2140625
0 0.41171875 0.7734375 0.059375 0.225
0 0.334375 0.80546875 0.059375 0.2109375
0 0.271875 0.784375 0.059375 0.1921875
0 0.471875 0.2453125 0.059375 0.19375
0 0.40859375 0.26640625 0.0640625 0.2109375
0 0.3359375 0.24921875 0.059375 0.19375
0 0.14609375 0.228125 0.059375 0.209375