0 0.26875 0.75390625 0.1296875 0.1296875
0 0.8125 0.22578125 0.14375 0.14375
0 0.74375 0.7515625 0.1375 0.1375
0 0.54921875 0.209375 0.159375 0.159375
0 0.6140625 0.21484375 0.0859375 0.234375
0 0.61171875 0.72578125 0.078125 0.225
0 0.2046875 0.74765625 0.06875 0.203125
0 0.53984375 0.73828125 0.0609375 0.2140625
0 0.41640625 0.225 0.0796875 0.2296875
0 0.33984375 0.19140625 0.1421875 0.1421875
0 0.2765625 0.21171875 0.128125 0.128125
0 0.4671875 0.75390625 0.1328125 0.134375
0 0.4046875 0.73203125 0.14375 0.14375
0 0.33125 0.74765625 0.1359375 0.1359375
0 0.14140625 0.765625 0.071875 0.2125