0 0.69609375 0.34609375 0.0578125 0.1578125
0 0.63828125 0.17109375 0.1171875 0.115625
0 0.5078125 0.3484375 0.1203125 0.1203125
0 0.7765625 0.17890625 0.1140625 0.1125
0 0.46015625 0.34453125 0.0609375 0.15625
0 0.78828125 0.3546875 0.1171875 0.11875
0 0.60234375 0.38203125 0.0796875 0.1546875
0 0.725 0.75859375 0.121875 0.121875
0 0.771875 0.7578125 0.1171875 0.11875
0 0.48984375 0.921875 0.1140625 0.1125
0 0.43828125 0.92578125 0.121875 0.121875
0 0.38203125 0.775 0.1234375 0.1234375
0 0.53203125 0.7625 0.0609375 0.1625
0 0.62578125 0.7546875 0.11875 0.11875
0 0.48125 0.76484375 0.121875 0.1234375
0 0.33046875 0.7765625 0.1140625 0.1125
0 0.24296875 0.92890625 0.0609375 0.1421875