0 0.29375 0.36015625 0.046875 0.1546875
0 0.3390625 0.18125 0.046875 0.1546875
0 0.48125 0.34921875 0.0484375 0.1546875
0 0.2015625 0.19921875 0.0484375 0.1546875
0 0.52890625 0.3421875 0.0453125 0.1515625
0 0.20234375 0.375 0.04375 0.1703125
0 0.38984375 0.3890625 0.053125 0.146875
0 0.29375 0.7734375 0.0484375 0.159375
0 0.246875 0.77578125 0.0484375 0.1546875
0 0.53984375 0.9203125 0.0484375 0.159375
0 0.59140625 0.9203125 0.0484375 0.159375
0 0.63671875 0.76640625 0.0484375 0.159375
0 0.48671875 0.7640625 0.0484375 0.159375
0 0.3921875 0.7625 0.0484375 0.159375
0 0.5375 0.7625 0.0484375 0.159375
0 0.68828125 0.7640625 0.0484375 0.159375
0 0.78671875 0.9203125 0.0484375 0.159375