0 0.40390625 0.259375 0.146875 0.16875
0 0.31875 0.215625 0.1578125 0.1828125
0 0.46171875 0.3453125 0.140625 0.1625
0 0.228125 0.65390625 0.153125 0.153125
0 0.1765625 0.6375 0.15 0.1703125
0 0.1046875 0.5703125 0.1453125 0.1671875
0 0.60625 0.39296875 0.140625 0.140625
0 0.47421875 0.840625 0.153125 0.153125
0 0.3078125 0.721875 0.175 0.175
0 0.66953125 0.475 0.1375 0.1609375
0 0.709375 0.5 0.1453125 0.1453125
1 0.36640625 0.2328125 0.1 0.1
1 0.48515625 0.08125 0.103125 0.103125
1 0.678125 0.21484375 0.103125 0.103125