0 0.27890625 0.365625 0.0484375 0.1625
0 0.184375 0.38203125 0.0546875 0.1859375
0 0.3765625 0.39921875 0.0484375 0.1625
0 0.37578125 0.78671875 0.0484375 0.1625
0 0.32421875 0.8046875 0.0484375 0.1625
0 0.2265625 0.79375 0.0484375 0.1625
0 0.5203125 0.35078125 0.0453125 0.1515625
0 0.684375 0.7875 0.05 0.159375
0 0.4796875 0.79296875 0.053125 0.178125
0 0.6203125 0.378125 0.04375 0.165625
0 0.6671875 0.37421875 0.04375 0.165625
1 0.2328125 0.3671875 0.025 0.1125
1 0.2359375 0.17421875 0.025 0.1125
1 0.4703125 0.16484375 0.025 0.1125