0 0.434375 0.36875 0.040625 0.140625
0 0.4796875 0.16484375 0.0484375 0.1578125
0 0.3890625 0.38671875 0.040625 0.140625
0 0.66875 0.36015625 0.046875 0.1484375
0 0.5234375 0.3296875 0.040625 0.140625
0 0.34296875 0.35546875 0.046875 0.1671875
0 0.62265625 0.17421875 0.0453125 0.140625
0 0.575 0.1671875 0.04375 0.1546875
0 0.6859375 0.765625 0.046875 0.1484375
0 0.7796875 0.35546875 0.05 0.1671875
0 0.6203125 0.36328125 0.05 0.159375
0 0.7203125 0.353125 0.0515625 0.1796875
1 0.2484375 0.1859375 0.0296875 0.1203125
1 0.571875 0.34609375 0.028125 0.1203125