0 0.55625 0.6359375 0.1328125 0.1234375
0 0.73984375 0.73515625 0.153125 0.153125
0 0.5125 0.6578125 0.146875 0.1375
0 0.71640625 0.4640625 0.15 0.140625
0 0.64375 0.59375 0.140625 0.13125
0 0.50625 0.71328125 0.1515625 0.1515625
0 0.8265625 0.62109375 0.140625 0.140625
0 0.8 0.66171875 0.1578125 0.1484375
0 0.421875 0.18515625 0.14375 0.14375
0 0.7921875 0.38359375 0.1671875 0.1671875
0 0.68203125 0.49921875 0.153125 0.153125
0 0.75546875 0.43046875 0.175 0.1625
1 0.571875 0.89609375 0.1109375 0.103125
1 0.66328125 0.546875 0.1109375 0.1015625