0 0.384375 0.42109375 0.1171875 0.1171875
0 0.746875 0.5734375 0.11875 0.1203125
0 0.7359375 0.6234375 0.159375 0.0796875
0 0.76875 0.525 0.125 0.1265625
0 0.34140625 0.50625 0.1546875 0.0640625
0 0.35546875 0.45859375 0.1125 0.1125
0 0.7875 0.37578125 0.18125 0.0859375
0 0.771875 0.42578125 0.1625 0.071875
0 0.7296875 0.7703125 0.15625 0.0671875
0 0.7375 0.71953125 0.1578125 0.0703125
0 0.74296875 0.67265625 0.11875 0.11875
0 0.24140625 0.11640625 0.1203125 0.1203125
0 0.23125 0.16171875 0.1125 0.1125
0 0.2265625 0.25390625 0.1578125 0.0671875
0 0.2078125 0.29921875 0.125 0.125
1 0.209375 0.2078125 0.1125 0.0453125
1 0.3515625 0.55859375 0.1125 0.0453125