0 0.43828125 0.37421875 0.04375 0.1515625
0 0.53828125 0.7546875 0.04375 0.1515625
0 0.5890625 0.75078125 0.04375 0.1515625
0 0.4875 0.76953125 0.04375 0.1671875
0 0.528125 0.34375 0.04375 0.1515625
0 0.47890625 0.35078125 0.04375 0.1515625
0 0.33671875 0.7671875 0.046875 0.171875
0 0.3890625 0.75859375 0.04375 0.15625
0 0.7359375 0.76484375 0.04375 0.1515625
0 0.684375 0.765625 0.04375 0.1515625
0 0.6375 0.76484375 0.04375 0.1515625
0 0.15625 0.190625 0.04375 0.1515625
0 0.20234375 0.18671875 0.04375 0.1515625
0 0.29453125 0.1953125 0.04375 0.1515625
0 0.3421875 0.1828125 0.046875 0.1734375
1 0.25078125 0.171875 0.0234375 0.109375
1 0.57890625 0.3609375 0.0234375 0.109375