1 0.4671875 0.65546875 0.0828125 0.084375
1 0.82421875 0.7203125 0.0859375 0.0875
1 0.7875 0.5609375 0.0578125 0.1140625
0 0.56015625 0.62734375 0.1296875 0.1296875
0 0.73828125 0.56796875 0.0921875 0.16875
0 0.63671875 0.5671875 0.1265625 0.1265625
0 0.32109375 0.68984375 0.1375 0.1375
0 0.515625 0.82421875 0.1375 0.1375
0 0.41796875 0.646875 0.096875 0.171875
0 0.34921875 0.2625 0.134375 0.134375
0 0.15390625 0.315625 0.1 0.1640625
0 0.41796875 0.85234375 0.1109375 0.1890625
0 0.36953125 0.86484375 0.090625 0.18125
0 0.321875 0.88515625 0.146875 0.1453125