1 0.571875 0.35859375 0.0234375 0.109375
1 0.24375 0.203125 0.0234375 0.109375
1 0.23828125 0.36640625 0.0234375 0.109375
0 0.475 0.36171875 0.04375 0.159375
0 0.2875 0.37265625 0.04375 0.159375
0 0.38515625 0.4 0.046875 0.15
0 0.721875 0.36328125 0.046875 0.1765625
0 0.56875 0.1828125 0.04375 0.159375
0 0.6171875 0.3796875 0.04375 0.159375
0 0.584375 0.76875 0.04375 0.159375
0 0.78671875 0.76796875 0.046875 0.15
0 0.6703125 0.18125 0.046875 0.1765625
0 0.7203125 0.18125 0.046875 0.1765625
0 0.771875 0.17421875 0.046875 0.1765625