0 0.41328125 0.41640625 0.071875 0.215625
0 0.5421875 0.2640625 0.071875 0.2171875
0 0.66953125 0.078125 0.0640625 0.153125
0 0.875 0.25546875 0.0671875 0.2140625
0 0.74140625 0.27109375 0.05625 0.203125
0 0.33359375 0.2515625 0.0546875 0.196875
0 0.5359375 0.80078125 0.0671875 0.2296875
0 0.4734375 0.79765625 0.065625 0.2125
0 0.7375 0.7875 0.0625 0.2203125
0 0.4703125 0.253125 0.065625 0.215625
0 0.67421875 0.28359375 0.0640625 0.209375
0 0.60546875 0.79140625 0.0625 0.2
0 0.1390625 0.78125 0.071875 0.2234375
0 0.409375 0.771875 0.059375 0.209375
0 0.3359375 0.79921875 0.0546875 0.196875
0 0.26796875 0.78203125 0.05625 0.1859375
0 0.27109375 0.23984375 0.05625 0.190625