0 0.52734375 0.3828125 0.2125 0.2125
0 0.72421875 0.41484375 0.20625 0.20625
0 0.93203125 0.42734375 0.1359375 0.1421875
0 0.89453125 0.6953125 0.2109375 0.18125
0 0.8203125 0.5890625 0.1921875 0.1921875
0 0.62734375 0.2296875 0.2046875 0.159375
0 0.2609375 0.6859375 0.2359375 0.18125
0 0.23125 0.63046875 0.20625 0.20625
0 0.37578125 0.8515625 0.2203125 0.1671875
0 0.69609375 0.34765625 0.209375 0.209375
0 0.775 0.5375 0.20625 0.20625
0 0.3046875 0.740625 0.2140625 0.171875
0 0.0953125 0.33515625 0.190625 0.1859375
0 0.2203125 0.5625 0.2125 0.1625
0 0.159375 0.51328125 0.2046875 0.159375
0 0.1390625 0.44609375 0.203125 0.165625
0 0.60546875 0.16953125 0.203125 0.1609375