0 0.61171875 0.62734375 0.246875 0.146875
0 0.8421875 0.134375 0.2453125 0.1421875
0 0.28125 0.19921875 0.19375 0.19375
0 0.19609375 0.45078125 0.175 0.175
0 0.20703125 0.5234375 0.1890625 0.1890625
0 0.16953125 0.58515625 0.209375 0.1203125
0 0.7828125 0.325 0.21875 0.1125
0 0.75625 0.3875 0.1625 0.1625
0 0.2203125 0.39140625 0.246875 0.15
0 0.16484375 0.71953125 0.25625 0.1484375
0 0.6640625 0.91484375 0.2375 0.1421875
0 0.68984375 0.78828125 0.20625 0.109375
0 0.72890625 0.5953125 0.225 0.1296875