0 0.40546875 0.359375 0.0671875 0.228125
0 0.94140625 0.2640625 0.0671875 0.228125
0 0.73359375 0.7890625 0.0671875 0.228125
0 0.46875 0.80625 0.059375 0.2234375
0 0.4015625 0.7765625 0.0671875 0.228125
0 0.33203125 0.796875 0.0640625 0.19375
0 0.7421875 0.271875 0.0578125 0.209375
0 0.675 0.28125 0.0609375 0.1984375
0 0.5328125 0.7984375 0.0671875 0.228125
0 0.20078125 0.7671875 0.06875 0.2375
0 0.14140625 0.234375 0.0640625 0.2171875
0 0.2703125 0.2421875 0.0578125 0.196875
0 0.4671875 0.25390625 0.0640625 0.209375