0 0.3828125 0.4015625 0.0421875 0.1421875
0 0.484375 0.78515625 0.0484375 0.159375
0 0.38125 0.77421875 0.05 0.159375
0 0.1890625 0.3796875 0.05 0.1703125
0 0.61796875 0.37421875 0.0484375 0.16875
0 0.28671875 0.3640625 0.0453125 0.153125
0 0.43125 0.384375 0.0421875 0.140625
0 0.71953125 0.359375 0.046875 0.1765625
0 0.6859375 0.78046875 0.046875 0.1609375
0 0.6171875 0.1796875 0.04375 0.1546875
0 0.52421875 0.3546875 0.0484375 0.16875
0 0.78203125 0.93359375 0.0484375 0.1328125
0 0.78359375 0.77890625 0.046875 0.1609375