0 0.2796875 0.371875 0.1640625 0.165625
0 0.3609375 0.59375 0.171875 0.121875
0 0.728125 0.3796875 0.19375 0.1390625
0 0.67890625 0.29375 0.178125 0.125
0 0.653125 0.19765625 0.15 0.15
0 0.2515625 0.2828125 0.1546875 0.1546875
0 0.34921875 0.54296875 0.146875 0.146875
0 0.3453125 0.44765625 0.1734375 0.1296875
0 0.81171875 0.5578125 0.1453125 0.1453125
0 0.7890625 0.5171875 0.16875 0.115625
0 0.7578125 0.47578125 0.1359375 0.1359375
0 0.42265625 0.6703125 0.171875 0.121875
0 0.12578125 0.44296875 0.1328125 0.1328125
0 0.171875 0.57578125 0.146875 0.146875
0 0.246875 0.746875 0.140625 0.140625
0 0.2015625 0.66796875 0.14375 0.14375