0 0.290625 0.3546875 0.0515625 0.1765625
0 0.5265625 0.334375 0.04375 0.159375
0 0.4875 0.7578125 0.0515625 0.1765625
0 0.3890625 0.74921875 0.046875 0.165625
0 0.290625 0.76640625 0.0484375 0.1671875
0 0.1984375 0.36640625 0.053125 0.175
0 0.475 0.3453125 0.0484375 0.15625
0 0.3875 0.38203125 0.05 0.15625
0 0.684375 0.7578125 0.04375 0.159375
0 0.6375 0.7546875 0.04375 0.159375
0 0.58671875 0.74375 0.040625 0.1515625
0 0.621875 0.3578125 0.04375 0.159375
0 0.28984375 0.18515625 0.04375 0.146875
0 0.4296875 0.1703125 0.0453125 0.171875
0 0.6171875 0.16640625 0.0390625 0.153125
0 0.52578125 0.15859375 0.04375 0.1640625