0 0.525 0.33671875 0.04375 0.1484375
0 0.43359375 0.371875 0.04375 0.1484375
0 0.390625 0.7546875 0.04375 0.1484375
0 0.784375 0.76171875 0.04375 0.1484375
0 0.7328125 0.753125 0.04375 0.1484375
0 0.68203125 0.7578125 0.04375 0.1484375
0 0.584375 0.74765625 0.04375 0.1484375
0 0.61953125 0.178125 0.04375 0.1484375
0 0.721875 0.3546875 0.0453125 0.1796875
0 0.66875 0.3578125 0.04375 0.1484375
0 0.5734375 0.1703125 0.04375 0.1515625
0 0.384375 0.18125 0.0390625 0.1625
0 0.28984375 0.34921875 0.04375 0.1484375
0 0.38828125 0.38515625 0.04375 0.1484375
0 0.48984375 0.7671875 0.0453125 0.16875
0 0.61875 0.36640625 0.04375 0.159375
1 0.5734375 0.34140625 0.0265625 0.109375
1 0.2546875 0.175 0.0265625 0.109375
0 0.2875 0.77265625 0.0453125 0.153125
0 0.0921875 0.80703125 0.0453125 0.184375
0 0.23984375 0.7671875 0.04375 0.1484375