0 0.3359375 0.25078125 0.05625 0.196875
0 0.67890625 0.27578125 0.0625 0.1984375
0 0.27265625 0.23828125 0.0546875 0.1796875
0 0.609375 0.7921875 0.0609375 0.21875
0 0.4703125 0.796875 0.059375 0.2203125
0 0.2734375 0.78125 0.05625 0.196875
0 0.4140625 0.771875 0.059375 0.221875
0 0.33671875 0.79921875 0.053125 0.2046875
0 0.54375 0.25859375 0.0625 0.2109375
0 0.47265625 0.246875 0.0578125 0.209375
0 0.21328125 0.253125 0.05625 0.209375
0 0.40703125 0.2484375 0.05625 0.2171875
0 0.88125 0.78125 0.06875 0.215625
0 0.80703125 0.7828125 0.0625 0.1984375
0 0.8125 0.25390625 0.06875 0.2
0 0.7453125 0.2671875 0.0625 0.1984375
0 0.2078125 0.53671875 0.1296875 0.115625