0 0.5890625 0.78515625 0.165625 0.1640625
0 0.26640625 0.66640625 0.1765625 0.1765625
0 0.64609375 0.8140625 0.146875 0.146875
0 0.47578125 0.1890625 0.1796875 0.18125
0 0.61015625 0.22265625 0.1828125 0.1828125
0 0.7953125 0.2921875 0.165625 0.1640625
0 0.6578125 0.2625 0.1734375 0.1734375
0 0.7390625 0.25703125 0.1234375 0.2171875
0 0.39140625 0.7203125 0.140625 0.23125
0 0.45625 0.75078125 0.125 0.2234375
0 0.7078125 0.81640625 0.134375 0.2265625
0 0.5203125 0.7671875 0.1390625 0.2328125
0 0.2109375 0.12421875 0.13125 0.2296875
0 0.2828125 0.14375 0.1703125 0.1703125
0 0.13203125 0.65078125 0.18125 0.18125
0 0.2 0.65625 0.1359375 0.2171875
0 0.790625 0.5453125 0.1625 0.1625