0 0.4171875 0.44921875 0.0703125 0.2125
0 0.8109375 0.78828125 0.05625 0.203125
0 0.74375 0.26015625 0.059375 0.2078125
0 0.74140625 0.78515625 0.0625 0.221875
0 0.615625 0.28515625 0.0578125 0.2234375
0 0.54375 0.26171875 0.053125 0.2265625
0 0.271875 0.23828125 0.05625 0.190625
0 0.4765625 0.24765625 0.059375 0.2078125
0 0.60703125 0.7859375 0.0671875 0.2140625
0 0.4765625 0.8015625 0.071875 0.2171875
0 0.4140625 0.77109375 0.071875 0.215625
0 0.3375 0.79453125 0.059375 0.20625
0 0.27421875 0.78046875 0.05625 0.1921875
0 0.2109375 0.7625 0.0609375 0.234375
0 0.1390625 0.77890625 0.071875 0.228125