0 0.1796875 0.38203125 0.0484375 0.175
0 0.66875 0.37734375 0.04375 0.1625
0 0.4265625 0.38359375 0.0453125 0.159375
0 0.521875 0.171875 0.0484375 0.1765625
0 0.421875 0.1875 0.0484375 0.175
0 0.684375 0.79140625 0.0421875 0.1703125
0 0.471875 0.3640625 0.0421875 0.1640625
0 0.58359375 0.78203125 0.0390625 0.15625
0 0.0671875 0.83671875 0.05 0.19375
0 0.06875 0.4 0.0453125 0.1453125
0 0.0921875 0.1921875 0.04375 0.153125
0 0.275 0.36875 0.04375 0.1625
0 0.428125 0.7953125 0.046875 0.184375
0 0.22421875 0.79453125 0.04375 0.1609375
0 0.328125 0.7984375 0.0484375 0.175
0 0.33125 0.3640625 0.046875 0.175
0 0.271875 0.19609375 0.0453125 0.1546875
1 0.23125 0.371875 0.0265625 0.125
1 0.4671875 0.17109375 0.0265625 0.125