0 0.2078125 0.6765625 0.1421875 0.1421875
0 0.6890625 0.58828125 0.0765625 0.16875
0 0.45 0.628125 0.134375 0.134375
0 0.584375 0.81796875 0.0921875 0.1859375
0 0.4828125 0.821875 0.1390625 0.1390625
0 0.625 0.17890625 0.09375 0.18125
0 0.4984375 0.6390625 0.0875 0.175
0 0.528125 0.20703125 0.0734375 0.1625
0 0.04296875 0.25234375 0.0859375 0.1515625
0 0.09609375 0.68046875 0.1203125 0.1203125
0 0.15859375 0.8796875 0.1171875 0.1171875
0 0.30390625 0.671875 0.0921875 0.1734375
0 0.3734375 0.2234375 0.1421875 0.1421875
0 0.1734375 0.26328125 0.0859375 0.1703125
0 0.27421875 0.23984375 0.1421875 0.1421875
0 0.36015625 0.665625 0.0890625 0.184375
0 0.334375 0.8421875 0.078125 0.1625
1 0.2609375 0.67734375 0.09375 0.0921875
1 0.53046875 0.82890625 0.065625 0.13125