1 0.24375 0.37890625 0.0265625 0.125
1 0.240625 0.1890625 0.0265625 0.125
1 0.565625 0.36796875 0.0265625 0.125
0 0.1375 0.4015625 0.053125 0.171875
0 0.33125 0.18828125 0.0515625 0.1765625
0 0.4828125 0.7875 0.0515625 0.171875
0 0.3828125 0.778125 0.0421875 0.16875
0 0.4265625 0.1890625 0.053125 0.171875
0 0.08046875 0.828125 0.05 0.1828125
0 0.23203125 0.7828125 0.05 0.1625
0 0.3375 0.36953125 0.053125 0.171875
0 0.721875 0.36640625 0.0515625 0.171875
0 0.61875 0.3734375 0.0515625 0.171875
0 0.7890625 0.771875 0.0484375 0.146875
0 0.584375 0.77578125 0.0421875 0.16875
0 0.634375 0.7796875 0.05 0.1625