1 0.4984375 0.21640625 0.103125 0.103125
1 0.328125 0.13359375 0.1078125 0.1078125
1 0.35234375 0.50390625 0.128125 0.0859375
0 0.5640625 0.1296875 0.1890625 0.1390625
0 0.2890625 0.215625 0.1515625 0.15
0 0.76796875 0.60625 0.15 0.15
0 0.8015625 0.51171875 0.171875 0.1125
0 0.24921875 0.30234375 0.15625 0.15625
0 0.94453125 0.25859375 0.1109375 0.1703125
0 0.86953125 0.3765625 0.1765625 0.1265625
0 0.45078125 0.29765625 0.1890625 0.1375
0 0.28515625 0.64453125 0.1546875 0.1546875
0 0.33515625 0.55390625 0.1859375 0.13125
0 0.62421875 0.8765625 0.153125 0.10625
0 0.7140625 0.69296875 0.1734375 0.1140625
0 0.696875 0.73984375 0.140625 0.140625