1 0.25 0.3765625 0.0265625 0.125
1 0.5703125 0.3515625 0.0265625 0.125
1 0.25 0.19296875 0.0265625 0.125
0 0.3453125 0.36015625 0.046875 0.1734375
0 0.6671875 0.35859375 0.04375 0.159375
0 0.4265625 0.184375 0.046875 0.1734375
0 0.6171875 0.1765625 0.046875 0.146875
0 0.4796875 0.3484375 0.04375 0.153125
0 0.5234375 0.34375 0.0421875 0.146875
0 0.2953125 0.77265625 0.0453125 0.165625
0 0.09375 0.81015625 0.046875 0.1734375
0 0.2421875 0.778125 0.040625 0.1421875
0 0.7859375 0.75546875 0.04375 0.15
0 0.771875 0.17421875 0.046875 0.1734375
0 0.440625 0.765625 0.046875 0.1734375
0 0.38984375 0.75546875 0.04375 0.159375
0 0.4890625 0.76328125 0.046875 0.1734375