0 0.4734375 0.3390625 0.04375 0.153125
0 0.56953125 0.1625 0.04375 0.153125
0 0.71875 0.34453125 0.0484375 0.175
0 0.68125 0.753125 0.04375 0.153125
0 0.6375 0.7640625 0.04375 0.153125
0 0.5828125 0.7359375 0.04375 0.153125
0 0.5328125 0.74609375 0.04375 0.153125
0 0.51875 0.33359375 0.04375 0.153125
0 0.3859375 0.36953125 0.04375 0.153125
0 0.66875 0.3515625 0.04375 0.153125
0 0.6171875 0.1640625 0.04375 0.153125
0 0.61484375 0.365625 0.04375 0.153125
0 0.2375 0.7640625 0.04375 0.153125
0 0.775 0.1609375 0.04375 0.153125
0 0.775 0.34140625 0.04375 0.153125
0 0.78125 0.7484375 0.04375 0.153125
0 0.7328125 0.74609375 0.04375 0.153125
1 0.24375 0.3578125 0.0328125 0.115625
1 0.56875 0.34765625 0.0328125 0.115625