1 0.665625 0.11953125 0.103125 0.103125
1 0.39921875 0.36875 0.1 0.1
0 0.6203125 0.309375 0.1 0.171875
0 0.53828125 0.353125 0.0953125 0.159375
0 0.5828125 0.14375 0.096875 0.171875
0 0.490625 0.16328125 0.1390625 0.1375
0 0.35 0.39453125 0.128125 0.128125
0 0.48359375 0.346875 0.1375 0.1375
0 0.95703125 0.6921875 0.0859375 0.146875
0 0.82890625 0.68671875 0.1375 0.1375
0 0.49296875 0.76875 0.1046875 0.1734375
0 0.5390625 0.7578125 0.128125 0.128125
0 0.58984375 0.7515625 0.09375 0.1734375
0 0.68359375 0.721875 0.134375 0.134375
0 0.73515625 0.7171875 0.0921875 0.16875
0 0.6828125 0.9015625 0.078125 0.1375
0 0.534375 0.93046875 0.096875 0.1390625