1 0.24140625 0.17578125 0.03125 0.121875
1 0.56328125 0.346875 0.03125 0.121875
0 0.334375 0.346875 0.0453125 0.159375
0 0.425 0.36796875 0.046875 0.1453125
0 0.328125 0.17734375 0.0453125 0.159375
0 0.421875 0.17265625 0.046875 0.1703125
0 0.61796875 0.359375 0.0453125 0.159375
0 0.4765625 0.34765625 0.0453125 0.159375
0 0.07890625 0.81171875 0.0484375 0.1765625
0 0.23046875 0.765625 0.0453125 0.159375
0 0.5765625 0.7578125 0.0453125 0.159375
0 0.52890625 0.759375 0.0453125 0.159375
0 0.478125 0.76640625 0.0484375 0.1640625
0 0.3796875 0.76171875 0.0453125 0.159375
0 0.32890625 0.7703125 0.0453125 0.159375
0 0.42734375 0.93515625 0.0453125 0.1296875
0 0.5796875 0.93125 0.046875 0.1375