0 0.0921875 0.4828125 0.184375 0.415625
0 0.12421875 0.52265625 0.2484375 0.4046875
0 0.37890625 0.70234375 0.365625 0.365625
0 0.45546875 0.74609375 0.3671875 0.3671875
0 0.53125 0.79296875 0.3703125 0.3703125
0 0.60703125 0.828125 0.3515625 0.34375
0 0.73125 0.8703125 0.3 0.259375
0 0.85390625 0.48046875 0.2921875 0.3421875
0 0.896875 0.5359375 0.20625 0.390625
1 0.1609375 0.56796875 0.321875 0.3484375
1 0.22578125 0.61953125 0.375 0.375
1 0.3078125 0.665625 0.325 0.3921875
1 0.68046875 0.8453125 0.3828125 0.309375
1 0.23046875 0.13125 0.2734375 0.2625
1 0.2765625 0.16484375 0.346875 0.3296875
1 0.3515625 0.18203125 0.371875 0.3640625
1 0.42890625 0.21484375 0.34375 0.4171875
1 0.50078125 0.26328125 0.3453125 0.3453125
1 0.57578125 0.3078125 0.3046875 0.378125
1 0.65234375 0.3484375 0.3625 0.3625
1 0.73203125 0.38828125 0.3578125 0.3578125
1 0.80703125 0.44140625 0.3703125 0.3703125
1 0.9296875 0.54609375 0.140625 0.3578125