0 0.92265625 0.19296875 0.1421875 0.3859375
0 0.57578125 0.25859375 0.1734375 0.4109375
0 0.446875 0.2828125 0.16875 0.384375
0 0.71171875 0.24921875 0.1671875 0.4234375
0 0.1859375 0.32890625 0.184375 0.3859375
0 0.32265625 0.3125 0.1703125 0.36875
0 0.83671875 0.24765625 0.1734375 0.3828125
1 0.24140625 0.71640625 0.1671875 0.3890625
1 0.63359375 0.66640625 0.1671875 0.3859375
1 0.50390625 0.6859375 0.1640625 0.39375
1 0.37421875 0.71015625 0.1796875 0.3953125
1 0.77265625 0.66484375 0.1703125 0.4109375
1 0.959375 0.640625 0.08125 0.41875
1 0.89296875 0.65859375 0.1734375 0.4171875