0 0.8890625 0.17734375 0.175 0.3546875
0 0.56640625 0.26328125 0.2046875 0.4078125
0 0.44609375 0.3 0.1984375 0.38125
0 0.69375 0.24140625 0.2 0.4171875
0 0.20078125 0.3703125 0.2140625 0.384375
0 0.33046875 0.34140625 0.1984375 0.3671875
0 0.8140625 0.22734375 0.203125 0.3796875
1 0.2921875 0.734375 0.196875 0.384375
1 0.6609375 0.646875 0.196875 0.38125
1 0.53984375 0.67890625 0.1953125 0.3890625
1 0.41875 0.71484375 0.209375 0.3921875
1 0.79296875 0.63125 0.2015625 0.40625
1 0.9546875 0.5890625 0.090625 0.40625
1 0.90234375 0.6125 0.1953125 0.4125