0 0.84765625 0.15390625 0.2140625 0.3078125
0 0.5140625 0.23828125 0.25 0.4390625
0 0.3890625 0.28828125 0.240625 0.4109375
0 0.646875 0.21328125 0.246875 0.4265625
0 0.13828125 0.384375 0.2578125 0.415625
0 0.27109375 0.3421875 0.2390625 0.396875
0 0.77109375 0.190625 0.2453125 0.38125
1 0.26875 0.759375 0.240625 0.415625
1 0.65 0.634375 0.240625 0.4125
1 0.525 0.67890625 0.2375 0.4203125
1 0.4 0.728125 0.253125 0.425
1 0.7890625 0.60546875 0.246875 0.4390625
1 0.94453125 0.54375 0.1109375 0.43125
1 0.890625 0.575 0.21875 0.44375