0 0.29453125 0.93671875 0.4046875 0.1265625
0 0.296875 0.63515625 0.428125 0.2640625
0 0.29453125 0.51015625 0.3953125 0.2390625
0 0.315625 0.76328125 0.4359375 0.259375
0 0.2859375 0.2578125 0.328125 0.3296875
0 0.29765625 0.38828125 0.375 0.2203125
0 0.33828125 0.87890625 0.3953125 0.2421875
1 0.6578125 0.2328125 0.403125 0.2453125
1 0.6890625 0.6078125 0.3875 0.2171875
1 0.68203125 0.48359375 0.3078125 0.3078125
1 0.678125 0.35859375 0.3171875 0.3171875
1 0.71484375 0.7375 0.3265625 0.3265625
1 0.73125 0.92421875 0.4078125 0.1515625
1 0.7328125 0.8515625 0.4328125 0.2640625