0 0.9453125 0.2953125 0.109375 0.4125
0 0.63828125 0.28046875 0.2421875 0.4359375
0 0.5046875 0.27421875 0.234375 0.4078125
0 0.77265625 0.30546875 0.2390625 0.4453125
0 0.2375 0.2546875 0.25 0.4125
0 0.37578125 0.271875 0.2328125 0.39375
0 0.88828125 0.334375 0.2234375 0.40625
1 0.19765625 0.6484375 0.2328125 0.4125
1 0.59453125 0.69609375 0.2328125 0.4078125
1 0.4625 0.684375 0.23125 0.415625
1 0.33046875 0.67578125 0.2453125 0.4203125
1 0.73046875 0.728125 0.2390625 0.434375
1 0.921875 0.75234375 0.15625 0.4265625
1 0.8515625 0.7515625 0.24375 0.440625