0 0.179396834375 0.763489428125 0.1811109609375 0.7602656234375 0.127391484375 0.7174045812500001 0.0313112296875 0.77906934375 0.030619810937500002 0.7803697140625 0.033315625 0.7826317703125001 0.0826422609375 0.8226040359375 0.17858153593749998 0.7644610625 0.179396834375 0.763489428125
0 0.219858909375 0.6973759640625 0.2200134953125 0.6970852296875 0.1680037546875 0.6532776484375 0.06726307031249999 0.7158224843750001 0.11896325156250001 0.759360659375 0.219858909375 0.6973759640625
0 0.24479816250000003 0.544708184375 0.3402093765625 0.48767070468749996 0.34134828281249996 0.4855287328125 0.2867768640625 0.4331474421875 0.18607134375 0.49442702031249997 0.1895798640625 0.49758610625 0.24479816250000003 0.544708184375
0 0.29852005 0.5326728265625 0.28893778124999997 0.5275778421874999 0.230138884375 0.5027123375 0.1544149703125 0.5905434890625 0.165385178125 0.5963764515625 0.1779353859375 0.6017036984375 0.22771062031249997 0.6190456906249999 0.29693933281249996 0.5363967609375 0.29852005 0.5326728265625
0 0.1986072640625 0.7149104687500001 0.2009563375 0.71615949375 0.2466682234375 0.6508761562500001 0.1723471375 0.5548170953125 0.12672262343750001 0.6192381625000001 0.1986072640625 0.7149104687500001
0 0.3748623125 0.4025287515625 0.375855546875 0.40066074843750005 0.30782615625 0.36173297187500003 0.22688981406250003 0.44857516875 0.2938784875 0.484193678125 0.3748623125 0.4025287515625
0 0.37741920156250003 0.4237092515625 0.40364635 0.356384653125 0.40689477343749997 0.347459684375 0.3084557203125 0.2796025703125 0.2780482828125 0.3560379453125 0.375952878125 0.423175553125 0.37741920156250003 0.4237092515625
1 0.5123439890625 0 0.4235263234375 0.09399586875 0.49304713749999995 0.1397969609375 0.58228641875 0.042374634375 0.5863920874999999 0.03465299375 0.5319037765625 0 0.5123439890625 0
0 0.5464886234375 0.0982350296875 0.4675958578125 0.0647692328125 0.3900402375 0.17962653281250002 0.4122456296875 0.19143334843749998 0.466876878125 0.21575674843749998 0.5444639078125 0.104021521875 0.5469346359375 0.098472178125 0.5464886234375 0.0982350296875
1 0.3986055046875 0.21155843124999998 0.31374564843749997 0.3301811765625 0.31891902656250004 0.3329319109375 0.38767459843749996 0.360710965625 0.4687414875 0.24446463437500002 0.469464971875 0.2426739484375 0.3986055046875 0.21155843124999998
1 0.42684303437500004 0.14079845625 0.35399985625 0.26133304218750003 0.36522045937500003 0.2672991421875 0.383180615625 0.2741934015625 0.4227694015625 0.28845291875 0.503131046875 0.1720532625 0.42684303437500004 0.14079845625
0 0.3413548125 0.7883835718750001 0.27924639687499997 0.7429901171875 0.151191346875 0.83650549375 0.1506281390625 0.8375647359375 0.219489546875 0.8857820125 0.3394985578125 0.791606825 0.340090396875 0.7907615906250001 0.3413548125 0.7883835718750001
1 0.28609733125000003 0.8092100625 0.21961856562499998 0.7800088109375001 0.16506185625 0.8881952562500001 0.19377546875 0.903462553125 0.20715911562499997 0.9099901953125 0.2944921921875 0.8188945828125 0.29651421718750004 0.81474881875 0.28609733125000003 0.8092100625
0 0.4025123625 0.44525269375 0.3307564640625 0.5763578421875 0.3344237234375 0.5783077578125 0.404759234375 0.5971541015625 0.4810402890625 0.47444453593749997 0.48227814999999996 0.4698247765625 0.4025123625 0.44525269375
0 0.3842334921875 0.7329270515624999 0.332214915625 0.6760410078125 0.19632868750000002 0.7484526687499999 0.25679867968750003 0.8051205453125 0.380000325 0.7374665671875 0.3842334921875 0.7329270515624999
0 0.406406615625 0.67801619375 0.41127352031250003 0.680183078125 0.418355221875 0.6668643359375 0.44269944062500005 0.6121863249999999 0.3280650796875 0.5090587953125 0.299299525 0.5891221515625 0.406406615625 0.67801619375
1 0.3523304234375 0.757714428125 0.35725191562499997 0.76033123125 0.39886299375 0.6986402703125 0.3071600859375 0.5756628218750001 0.261172953125 0.64271741875 0.3523304234375 0.757714428125
0 0.5316494296875 0.4171786078125 0.5348096906250001 0.41123502343749996 0.46711978125 0.37313982968750004 0.364024715625 0.48614729843750004 0.36364409375 0.48686314218750004 0.3997970140625 0.5086585515625 0.4349519625 0.5273507687500001 0.5225974515625 0.42876913437499997 0.5316494296875 0.4171786078125
0 0.62093051875 0 0.5744097765625 0.060226103125 0.673994834375 0.15187415937499998 0.683128671875 0.15673070625000002 0.72966858125 0.0911324625 0.6522070140625 0.014644879687500001 0.624664003125 0 0.62093051875 0
1 0.685572953125 0.10596838593749999 0.60364705 0.08031650625 0.54817094375 0.2035383375 0.5494949 0.204242296875 0.576015025 0.2118468203125 0.62954435625 0.22498755468749998 0.6843614812500001 0.11019329375 0.685572953125 0.10596838593749999
1 0.534695065625 0.235129353125 0.460047853125 0.3442643734375 0.473797134375 0.35157499531249997 0.5359172703125 0.37700688437499996 0.6093569750000001 0.276389909375 0.612317215625 0.2694160203125 0.534695065625 0.235129353125
1 0.4972332671875 0.262533309375 0.5498839249999999 0.2929311796875 0.5693993265625 0.303307703125 0.65044180625 0.21040369218750002 0.65652119375 0.198970028125 0.5836622593749999 0.159238440625 0.4972332671875 0.262533309375
1 0.5058399890625 0.3145570375 0.421024425 0.413766925 0.454262253125 0.431439790625 0.495611634375 0.4508447234375 0.5746873234375001 0.3524816859375 0.5763166671875 0.3491410359375 0.5058399890625 0.3145570375
0 0.5016847703125 1 0.5825072421875 0.9439042640625 0.584251625 0.9406235578125001 0.524427896875 0.8938294796875 0.5197557546875 0.89030876875 0.3882478109375 0.99468246875 0.3953044140625 1 0.5016847703125 1
0 0.921144059375 0.253201840625 0.8341451624999999 0.2191123203125 0.7402419453125 0.379989209375 0.7488849046875 0.384584753125 0.7665502046875 0.391721996875 0.8238791171875001 0.41253361718750003 0.922850459375 0.25410915 0.921144059375 0.253201840625
0 0.6261029437500001 0.8781835828125001 0.5695799125 0.82326644375 0.41189635156250004 0.9319556718750001 0.4118768265625 0.9319923921875001 0.43047056406250006 0.9487342671875 0.467686253125 0.9807191296875001 0.6247231875 0.8797159546875 0.6261029437500001 0.8781835828125001
0 0.8013509921875 0.5802037390625 0.8294869984375 0.522184346875 0.838177253125 0.5017113906249999 0.680135121875 0.391341309375 0.644095090625 0.47753074218749997 0.7939666812499999 0.577069284375 0.8013509921875 0.5802037390625
1 0.9185621749999999 0.3328768890625 0.9657888874999999 0.27002788125 0.9750830296874999 0.2562487515625 0.8351346656249999 0.1333796484375 0.78207870625 0.20798750937500002 0.9111751765625 0.32789429531250003 0.9185621749999999 0.3328768890625
1 0.5323138734375 0.706533146875 0.48371658125000006 0.7742169296875 0.602856628125 0.9156965421875001 0.609133334375 0.9190339265624999 0.6519765265624999 0.8578475109375001 0.657195309375 0.8502080765625 0.5339383921875 0.70739691875 0.5323138734375 0.706533146875
0 0.7928586984375 0.5080108562500001 0.7201786984375 0.4782596375 0.7088650578125 0.4739167390625 0.6097556234375 0.6291437281250001 0.6156637734375 0.6322851468749999 0.6246557578124999 0.635736846875 0.6921473453125 0.6585920265625 0.79194571875 0.51038925 0.7928586984375 0.5080108562500001
1 0.6950653234375 0.3703224796875 0.8185210578125 0.5100929875 0.8212427109375 0.511540115625 0.8736624656249999 0.43686637656249994 0.7565922359374999 0.2956642390625 0.7563358484375 0.29545662031250003 0.6950653234375 0.3703224796875
0 0.68081829375 0.826491825 0.7012555765624999 0.76748958125 0.7105742203125 0.737009675 0.549485075 0.63790366875 0.5199371078125 0.7259679515624999 0.67616909375 0.8250704203125 0.68081829375 0.826491825
1 0.5908856640625 0.7129969625 0.6147676640624999 0.7330363421875 0.7656754390625 0.6285852078125 0.766812890625 0.6272296453124999 0.768013684375 0.6249712796875 0.6932094 0.5692782609375 0.6769526703125 0.5811879296875 0.5497777 0.6778464515625 0.5908856640625 0.7129969625
0 0.25126519062499997 0 0.235129765625 0.0211646234375 0.268154046875 0.0387239453125 0.3050509296875 0.05671975781250001 0.34667682499999997 0 0.25126519062499997 0
1 0.290432671875 0.13530691718750001 0.2930850515625 0.13031851562500002 0.3188563109375 0.0666716890625 0.2350051890625 0.00530671875 0.20648884218750002 0.0787762296875 0.290432671875 0.13530691718750001
0 0.29365112187500003 0.10990410312500001 0.223462934375 0.082317521875 0.16390919843750001 0.16556896875 0.1740507828125 0.1709613453125 0.17611369375000002 0.1718369984375 0.2317511953125 0.1930650796875 0.292685659375 0.1121785921875 0.29365112187500003 0.10990410312500001
0 0.2587697625 0.17707513125000002 0.183520459375 0.1542423421875 0.1289330484375 0.2336842140625 0.13567754062499998 0.23727032499999998 0.2008576953125 0.2622906421875 0.25761172499999996 0.18099305937500001 0.259057040625 0.1772278796875 0.2587697625 0.17707513125000002
0 0.7825300359375 1 0.7989899578124999 0.9630304093750001 0.655385771875 0.845553934375 0.6203463046875 0.9255135640625 0.7055071875000001 1 0.7825300359375 1
0 0.672990771875 0.8226516171875 0.6651502703125 0.8347249296875001 0.782284925 0.9650896031249999 0.788962475 0.96864011875 0.838138815625 0.9011351484375 0.840493196875 0.8975097203125 0.7171056671875 0.7570355656250001 0.672990771875 0.8226516171875
0 0.7362358125 1 0.7575553875 0.9632231593749999 0.7587364515624999 0.9584861640625 0.6758495812499999 0.9341094249999999 0.6362550609375 1 0.7362358125 1
0 0.8096191125000001 0.6915784781250001 0.7056107734375 0.8482266828125 0.7082305718749999 0.8496196546875 0.7991664796875 0.8768914000000001 0.89136975 0.72147806875 0.8932765171874999 0.71560965 0.8096191125000001 0.6915784781250001
0 1 0.3397205171875 0.986384715625 0.3348017 0.8970630749999999 0.5058438609375 0.9000838765625 0.5074500484375 0.9814045609375001 0.53545100625 1 0.5037333937499999 1 0.3397205171875
0 1 0.5069177140625001 0.8809350921875 0.42550475312499997 0.8796556875 0.42498784062499995 0.8795854734375 0.42511989375 0.8633614734374999 0.4644133609375 0.84271343125 0.5155190578125 1 0.61961540625 1 0.5069177140625001
0 0.985344765625 0.535143553125 0.8892397937500001 0.5111818921875 0.80474590625 0.6832719609375 0.8107435703125001 0.6864609749999999 0.8251048859375001 0.690041653125 0.8983083781250001 0.7068133421875 0.9842667890625 0.5394670828125 0.985344765625 0.535143553125
0 0.8726461609375 0.6016367921875 0.7445550328125 0.752137425 0.8103157281250001 0.7871030078125 0.8309774828125001 0.7976306984375 0.954203175 0.6470435828125 0.9549830234375 0.6455130484375 0.8726461609375 0.6016367921875
0 1 0.31223735625 0.926758384375 0.3840229109375 0.982425440625 0.4314765171875 1 0.44570811718750003 1 0.31223735625
0 0 0.471349084375 0.0824265265625 0.536843621875 0.08518700312500001 0.5379589265625 0.091267834375 0.526522546875 0.10021199218750002 0.5054305078125 0.11367523906250002 0.4721078 0.024906353125 0.4050850171875 0 0.46176228437500005 0 0.471349084375
0 0.1586587859375 0.2212890265625 0.0957705296875 0.29391558125 0.1427599171875 0.31890028125000003 0.1561022734375 0.32569004375 0.21764471406250002 0.26221652500000003 0.22110169062499999 0.2557148984375 0.1586587859375 0.2212890265625
0 0 0.5885548125 0.027799445312499997 0.5965261749999999 0.084941140625 0.5038862671875 0.08608233125 0.4999064625 0.027346934375 0.4856038171875 0 0.5208094437499999 0 0.5885548125
0 0.037839553124999994 0.3944786421875 0.09993715 0.47309508281249996 0.1057586671875 0.4761904390625 0.10758300937500001 0.47358500625 0.14588476875 0.41588961874999997 0.082761821875 0.3365738453125 0.037839553124999994 0.3944786421875
0 0.11509607031249999 0.2705679796875 0.11141859843749999 0.276020059375 0.0751601078125 0.3337639125 0.1380474515625 0.4084159359375 0.1387256015625 0.40877651562499995 0.1446287875 0.40002467968750005 0.17756281093749998 0.34893783125 0.115706346875 0.2708924703125 0.11509607031249999 0.2705679796875
1 0 0.6315539953125 0.067551946875 0.5904309359375 0.0675695734375 0.5904057640625 0.0088925953125 0.5455229328125 0 0.5519982421875 0 0.6315539953125