0 0.5756826453125 0 0.5172384234375 0.0094842296875 0.5139570390625 0.011228974999999999 0.515210596875 0.015329178125 0.529901040625 0.0429578890625 0.546492175 0.0723846828125 0.6600765640625 0.0509380046875 0.6598614375 0.0502343609375 0.6320388546875 0 0.5756826453125 0
0 0.544286171875 0.0600141890625 0.5418159640625 0.060769407812499995 0.5533281671875 0.12678094374999999 0.6707030546875 0.1436236828125 0.6590842171875 0.07703926562499999 0.544286171875 0.0600141890625
1 0.71770338125 0.2765973984375 0.6423342171875001 0.290121940625 0.632884665625 0.40556793906250005 0.6334617203125 0.4074554015625 0.6373352296875 0.40663206093750004 0.70791429375 0.38965718125 0.7179553546874999 0.27778284375 0.71770338125 0.2765973984375
0 0.7023172265625 0.2321196359375 0.5917996203125 0.2170466734375 0.586668228125 0.2186154984375 0.5907648765625 0.241848740625 0.6034293390625 0.2934428046875 0.7156461609375 0.3071225890625 0.7023172265625 0.2321196359375
0 0.6647201671875 0.135052528125 0.548409234375 0.161326603125 0.55102671875 0.16988800937499998 0.585901875 0.2302935484375 0.704667934375 0.2052226390625 0.704711409375 0.2051975390625 0.6647201671875 0.135052528125
1 0.6199402453125 0.39179240000000004 0.6545162578125 0.46199533125 0.7701770640625 0.43525891562499996 0.7345585546875 0.36827024375 0.6221749187500001 0.39060420156250003 0.6199402453125 0.39179240000000004
0 0.676637384375 0.44310205781249995 0.6774710421875 0.5567476296875 0.6791411140625 0.5622101921875 0.75756711875 0.5436618171875 0.7563916078124999 0.42335250625 0.688530690625 0.43991525625000005 0.676637384375 0.44310205781249995
1 0.73745824375 0.76561765625 0.7306306874999999 0.76770505 0.7388488375 0.8458955203125 0.8776612734375 0.8565217890625 0.86950454375 0.773670409375 0.73745824375 0.76561765625
1 0.754703665625 0.8175314703125001 0.762459578125 0.8151602499999999 0.8314782624999999 0.7837478234375 0.7993491625 0.6470282093749999 0.790629196875 0.64969416875 0.7485189859375 0.6684428421875 0.719686309375 0.6818961109375 0.7518216421874999 0.811058340625 0.754703665625 0.8175314703125001
1 0.8026810687499999 0.571914259375 0.7910135421875 0.5312247578125 0.657367671875 0.5384842234375 0.6464941093750001 0.5418086046874999 0.661493053125 0.6006820234375 0.665718540625 0.6145029703125 0.8128089296875001 0.6082840953125 0.8026810687499999 0.571914259375
1 0.8066251859375001 0.70130175625 0.7703177171875 0.5644059828125 0.7650390453125 0.5660198359375 0.7409993578125 0.577229725 0.7032412375 0.5958020234375 0.7311482546875 0.734467346875 0.8066251859375001 0.70130175625
1 0.48801028124999996 0.1706199203125 0.5043156890625 0.011758890625 0.5042799687499999 0.011642053125 0.4218803609375 0.030665500000000002 0.411796921875 0.179435384375 0.4138538203125 0.18616319374999998 0.48801028124999996 0.1706199203125
0 0.5280639890625001 0.0434766484375 0.5074795796875 0.0127303484375 0.34853785937500004 0.041351446874999996 0.3469620765625 0.042189303125 0.34991164375 0.051836903125 0.3661693125 0.0824131296875 0.3862632921875 0.11681889062499999 0.507686509375 0.0543115453125 0.5280639890625001 0.0434766484375
0 0.484851140625 0.4557945375 0.6350440546875 0.45544510312500003 0.635453396875 0.45531995312499995 0.6166253953124999 0.3844516078125 0.61325145625 0.3734159515625 0.463546640625 0.38206733437499996 0.46304117343750006 0.3822218703125 0.47600485312499996 0.42685963281249995 0.484851140625 0.4557945375
0 0.5442496140624999 0.1534864640625 0.39347260781250004 0.140434284375 0.39189005312499997 0.14091811875 0.41179388125000005 0.2207480140625 0.5556110015625 0.23137843125000002 0.5571246984375 0.23091564843749998 0.5442496140624999 0.1534864640625
0 0.6065180046875 0.3906411890625 0.5950019265625001 0.31533506718750004 0.449952853125 0.2898236640625 0.443447503125 0.2918125484375 0.4435239109375 0.292356209375 0.46073040781249996 0.371688646875 0.6048487890625001 0.3911515203125 0.6065180046875 0.3906411890625
0 0.5518989484375 0.315690190625 0.5167296046875001 0.168106571875 0.5142961625 0.16885055 0.45078403125 0.207012490625 0.4812705359375 0.35407783125000003 0.4827387953125 0.356521425 0.5518989484375 0.315690190625
0 0.636602875 0.45281536874999995 0.5032313562499999 0.46533068125000004 0.4948252234375 0.46666371250000005 0.4826672171875 0.47085005156250004 0.5042525421875 0.5387737234375 0.5059971578125 0.543840453125 0.659158778125 0.5314467109375001 0.6373827359375001 0.45508024999999996 0.636602875 0.45281536874999995
0 0.6367451171875 0.8577483812500001 0.6660226671875 0.9720876546874999 0.7104251890625 0.9585124421875 0.7477996265625 0.9434121890625 0.713103753125 0.825348159375 0.70528975625 0.8277371375 0.6367451171875 0.8577483812500001
1 0.6040140359375 0.8635401734375 0.6107077734375 0.8819310671875 0.7439021234375 0.8541972734375 0.7437088890625 0.85356523125 0.7120603125 0.7760413859375 0.5866393984375 0.799228728125 0.5828212828125 0.8006184078125 0.6040140359375 0.8635401734375
0 0.657593196875 0.6111756515625 0.52928045 0.6381558109375 0.5291814390625 0.63820198125 0.531096765625 0.644466734375 0.5649619203125 0.71709079375 0.6925261859375 0.6861630921875 0.693517290625 0.68570093125 0.657593196875 0.6111756515625
1 0.606578925 0.8268720937499999 0.611886865625 0.82524929375 0.683837671875 0.798539440625 0.662808375 0.664264515625 0.6457495734375 0.669479915625 0.6332352125 0.6740347703125 0.582472521875 0.6939237406250001 0.6056555 0.8243350078124999 0.606578925 0.8268720937499999
0 0.524536059375 0.5317120140625 0.5172934062500001 0.533926315625 0.524084265625 0.6137981359375 0.6525715875 0.6336807171875 0.6472270390625 0.5545123046875 0.524536059375 0.5317120140625
0 0.260330921875 0.1192755609375 0.0796091171875 0.11221608593750002 0.0734601015625 0.11409602968749999 0.07862654375 0.1334212796875 0.0956087125 0.192645140625 0.283471196875 0.18792946875 0.260330921875 0.1192755609375
0 0.342313553125 0.9622239374999999 0.43109598125000004 0.9512472843750001 0.44729704843749996 0.7658428125000001 0.44708194375000004 0.7651392390625 0.4303506453125 0.7666030390625 0.3524316640625 0.774246959375 0.34178429375 0.9604928109375 0.342313553125 0.9622239374999999
0 0.14844472656250002 0.148406584375 0.17651081562499998 0.33446833593749997 0.17794705156249999 0.3380231421875 0.2452916421875 0.3089882984375 0.223102475 0.12146682499999999 0.14898805937499998 0.14818706406249998 0.14844472656250002 0.148406584375
0 0.2311201 0.652607946875 0.2501118578125 0.7142293546875 0.2577187296875 0.735129065625 0.4485756421875 0.7080641609375 0.4161526015625 0.62044995625 0.238658334375 0.6498642546875 0.2311201 0.652607946875
1 0.4788021390625 1 0.4473258609375 0.8482489328125 0.41215694375 0.8593931390625 0.3602937203125 0.8772510796875 0.3821886765625 1 0.4788021390625 1
0 0.3068573 0.2742135625 0.1230627 0.3036551421875 0.1186896234375 0.3056021625 0.1214062859375 0.31448796875 0.1485116234375 0.3753675515625 0.1523720234375 0.3837755203125 0.3401151265625 0.351357803125 0.3068573 0.2742135625
0 0.3364704953125 0.40630369999999993 0.33640918750000004 0.4058674796875 0.2797436609375 0.41329441562499997 0.25201095156250003 0.4171919953125 0.2284821703125 0.600586709375 0.22934495156249998 0.603408740625 0.2308988125 0.6031903578125 0.321215271875 0.5850913609374999 0.323242540625 0.56504113125 0.3364704953125 0.40630369999999993
0 0.2798250046875 0.6995963187500001 0.3541958515625 0.6743674796875 0.3655835640625 0.670222690625 0.338434190625 0.4873076765625 0.33696365156249997 0.487757265625 0.3229735875 0.49284923281250004 0.25704269218750003 0.519878675 0.2789536734375 0.6972023546874999 0.2798250046875 0.6995963187500001
1 0.3274200921875 0.6870244421875 0.30766144687499997 0.8649146812499999 0.30906342656249997 0.869500346875 0.40361641718749997 0.8617217484375 0.41863917656250005 0.6728064984375 0.416939778125 0.672955175 0.3274200921875 0.6870244421875
1 0.1968267671875 0.3412767375 0.2244541609375 0.5236989328125 0.22626658125 0.5277696984375 0.31361971875 0.492663059375 0.2825361421875 0.30488505625 0.227261428125 0.3277263515625 0.1968267671875 0.3412767375
0 1 0.7397010953125001 0.9676687765624999 0.75507220625 0.996533678125 0.8464134953125001 0.99804855 0.84951944375 1 0.8485769265625001 1 0.7397010953125001
0 1 0.6525072375 0.944817765625 0.68566406875 0.9798018578125 0.7781221265625 0.9809031984375001 0.7777854140625 1 0.7663029406249999 1 0.6525072375
0 0 0.270216884375 0.052180765625 0.2681116203125 0.0552343453125 0.2677906765625 0.04053503125 0.1279360359375 0 0.132196440625 0 0.270216884375
1 1 0.5794819578125 0.9862707671875001 0.5819027906249999 0.9339021531249999 0.592830621875 0.93227640625 0.690085025 0.9335811078124999 0.6943525109375 1 0.68149435625 1 0.5794819578125
0 0.9240720109374999 0.6308095234375 0.9921157890625001 0.5982911375 0.9718321968750001 0.49789514375 0.9644752656250001 0.5001443828125 0.95893749375 0.5026099578125 0.9054675734375 0.528823134375 0.9230670015625 0.6285522328125001 0.9240720109374999 0.6308095234375
0 0.8759667500000001 0.5433140125 0.9540682296874999 0.5349388265624999 0.9734076109375 0.439834975 0.9733205312500001 0.43955015468749997 0.895891384375 0.44225404062499996 0.875414521875 0.539264425 0.8755029625 0.5417970296875 0.8759667500000001 0.5433140125
0 0 0.4265865265625 0.0686897171875 0.41759844218750003 0.0953039359375 0.23483273593749998 0.008748403125 0.2454604203125 0 0.2942052703125 0 0.4265865265625
0 0 0.47468998593749995 0.1728180953125 0.449494178125 0.1418145390625 0.37675925 0.1359592484375 0.36360805625000003 0 0.3849963984375 0 0.47468998593749995
0 0 0.2822875625 0.10817550000000001 0.3072662515625 0.1090902390625 0.3072022875 0.10793645624999999 0.29070241406249997 0.1014449703125 0.21532172031250002 0 0.19357210625000001 0 0.2822875625
0 0.0714584140625 0.6212149499999999 0.1508814359375 0.58366173125 0.114240809375 0.4006306015625 0.1117630015625 0.40138814375000004 0.034650709375 0.43895321562499995 0.061417159374999995 0.619835578125 0.063160771875 0.6237517953125 0.0714584140625 0.6212149499999999
0 0.10381694999999999 0.8433348125 0.0954855625 0.8458819734375 0.11387562656250001 0.9404906578125001 0.30725655937499996 0.9322992578125 0.2896827328125 0.8445749796875001 0.10381694999999999 0.8433348125
0 0.2673816171875 0.7770459421875 0.24321891875 0.727505071875 0.0611106734375 0.7746095046875 0.06996113125 0.8035580515625 0.09815245781250001 0.8613588359375 0.2845373015625 0.8161406250000001 0.285790565625 0.8155293671875 0.2673816171875 0.7770459421875
0 0.2236084859375 0.6507864296875 0.041701164062500004 0.6597227359375 0.032724909375 0.662467053125 0.047797400000000004 0.7150310796875 0.060427103125000006 0.756340978125 0.2521056859375 0.7434430640625 0.2236084859375 0.6507864296875
0 0.0635682703125 0.7078287999999999 0.06547526718749999 0.7140663093749999 0.15550048593750002 0.6966529015625 0.1603655453125 0.49774576875000004 0.064540171875 0.51811408125 0.0635682703125 0.7078287999999999
0 0.32765251093750003 1 0.316499825 0.9331633390625 0.1398700984375 0.9344728437500001 0.135173659375 0.9350494921875001 0.125903028125 0.9378838093749999 0.12871606093750002 0.966812828125 0.1327909328125 1 0.32765251093750003 1
0 0.8859145984374999 0.1778183375 0.7775746921875 0.1636128609375 0.7769262859375 0.16371555937499999 0.7735822921875 0.1647379203125 0.7785085234375 0.19969934843749998 0.78413073125 0.23519656875 0.8947398015625 0.24692694999999998 0.8859145984374999 0.1778183375
0 0.8691895703125001 0.377829184375 0.864296834375 0.4677338640625 0.8659965140624999 0.47329326875 0.935753375 0.4582988546875 0.9355683703125001 0.3621941890625 0.8855200312499999 0.3737487578125 0.8691895703125001 0.377829184375
0 0.8436747296875 0.1765305328125 0.83149598125 0.0637033671875 0.825669040625 0.065484840625 0.7662960765625 0.0970540078125 0.78954486875 0.203387534375 0.7914885703125 0.2070431046875 0.8436747296875 0.1765305328125
0 0.88385456875 0.21324555625000002 0.8358827109375 0.230891828125 0.8154808140625001 0.23955191875 0.826912909375 0.3430277109375 0.82763658125 0.3447325734375 0.8956396062499999 0.313854490625 0.8842603984374999 0.2142016328125 0.88385456875 0.21324555625000002
0 0.8510734671875 0.41344962343749997 0.9149194640625 0.38341761875 0.9040610328125 0.286602009375 0.895951590625 0.289081315625 0.8502728749999999 0.30941878906250003 0.8361179999999999 0.316284240625 0.8494441859374999 0.40979019531249994 0.8510734671875 0.41344962343749997
0 0.7354315203125 0 0.719536465625 0.058374725 0.7208654828125 0.0627217484375 0.788238534375 0.0532530828125 0.8023863234374999 0 0.7354315203125 0
0 0.827499496875 0.026491371875000003 0.7185277 0.0438696359375 0.7136115453125 0.0464836015625 0.7366295 0.0918926796875 0.7417822828125 0.1015836546875 0.7675146390625 0.1000748484375 0.8596323359375001 0.0930976046875 0.829902040625 0.0310098984375 0.827499496875 0.026491371875000003