0 1 0.701035234375 0.9215423625 0.637006809375 0.8650018234375001 0.671006496875 0.8680652265625 0.6759089687500001 0.9512151546875 0.7474103578125 0.9736869953125 0.7341283609375 1 0.717686171875 1 0.701035234375
0 0.965366375 0.6453756953124999 0.8657325921875 0.5810822171875001 0.8128298734375001 0.62408626875 0.9129142203124999 0.6880049484375 0.965366375 0.6453756953124999
0 0.7139204375 0.5208517078125 0.7880257828125 0.43037913593750005 0.7429880734375 0.3679945359375 0.6717084343749999 0.4564230484375 0.70829759375 0.5139080734375 0.7139204375 0.5208517078125
0 0.7241820703124999 0.52194880625 0.7621367703125 0.58039391875 0.76564840625 0.584730428125 0.7677444 0.5833692734375 0.8370555718749999 0.5009126703125 0.798163190625 0.43134759375 0.7241820703124999 0.52194880625
0 0.78150929375 0.544136115625 0.752373684375 0.5832345343750001 0.7548377453125 0.5862773953125 0.8663520640625 0.6262694109375 0.9060355343750001 0.5736076671875 0.9144129124999999 0.5623638171875001 0.9133864812500001 0.5610962796875001 0.7984229328125 0.521690959375 0.78150929375 0.544136115625
0 0.6982994828125 0.44548735937500006 0.715586853125 0.431980984375 0.757310859375 0.3981935515625 0.66329863125 0.3273090953125 0.602975221875 0.377531309375 0.6040435265624999 0.378898678125 0.6982994828125 0.44548735937500006
0 0.6270396109374999 0.401146475 0.686535040625 0.29982120156250003 0.6271970796875 0.2430849625 0.5660244015625 0.346688125 0.6252977484375 0.4025570078125 0.6270396109374999 0.401146475
1 0.49169799531249997 0.0845834109375 0.4989125859375 0.07534915625000001 0.3751364359375 0.0081157203125 0.3251240453125 0.0730050296875 0.3262947859375 0.07445077343749999 0.3287781359375 0.0763909796875 0.4483671703125 0.13897035 0.49169799531249997 0.0845834109375
0 0.4700326671875 0.056576009375 0.4638712984375 0.0515866328125 0.4620675796875 0.0538140421875 0.3950316125 0.17489253124999998 0.4589367359375 0.22854126562500002 0.460867396875 0.230104684375 0.46369309999999997 0.22781647500000002 0.5293755109375 0.10544521874999999 0.4700326671875 0.056576009375
1 0.4966555046875 0.2900507546875 0.5260400046875 0.34845745156249996 0.5323181406249999 0.345529909375 0.6415112640625 0.26055345937499996 0.6236221453125 0.22219011718749998 0.607530975 0.1883618578125 0.6073512125 0.18813986875 0.49202970468749996 0.28013069375 0.4966555046875 0.2900507546875
1 0.4798519859375 0.2869075484375 0.48389117031250006 0.2847598765625 0.586129734375 0.19392128749999998 0.5526042765625 0.127576775 0.440072315625 0.2159591078125 0.4798519859375 0.2869075484375
0 0.7825337359375 0.8464172703124999 0.790503103125 0.8558604015625001 0.7939319734375 0.8530837578125 0.8792374046875 0.7271946453125 0.8263334265625 0.6608648015624999 0.741552375 0.795809503125 0.7825337359375 0.8464172703124999
0 0.7613463671875 0.8433274109375001 0.7912858859375 0.8696171375 0.8146772984374999 0.8885591312500001 0.8379467500000001 0.8697158999999999 0.8866516671875001 0.7441992390625 0.8603979546874999 0.718126353125 0.8458739187500001 0.7360620453125 0.7613463671875 0.8433274109375001
0 0.50432245 0.5078206187500001 0.6375906687499999 0.5680143109375 0.6665892343750001 0.530897840625 0.68896375 0.4999641125 0.688951365625 0.49994881874999997 0.5480522265625 0.44548625625 0.502477025 0.5055417078125 0.50432245 0.5078206187500001
0 0.66091665 0.683818490625 0.7834734140624999 0.7605565750000001 0.8407813734375 0.7060608609375 0.7172450203125 0.6265306984375 0.655330771875 0.67692050625 0.66091665 0.683818490625
0 0.64254481875 0.47303420156250003 0.642279671875 0.47324891406249997 0.589603703125 0.61778048125 0.64814865 0.66352080625 0.650240821875 0.6618265984375 0.652553615625 0.65886635625 0.7053903421875 0.5300938421875 0.64254481875 0.47303420156250003
1 0.6038145390625 0.625717440625 0.7366134734374999 0.6954723921875 0.79275193125 0.6431224328125 0.6600168078124999 0.5683188593749999 0.601903034375 0.6233569296875 0.6038145390625 0.625717440625
0 0.5370729984375 0.5302957328125 0.542302771875 0.5242795671875 0.5466877296875 0.5169848984375001 0.6082535765625 0.3980133 0.6064457562500001 0.396441784375 0.5439717640625 0.3477797828125 0.5435637421874999 0.3481101921875 0.47493082500000006 0.485010215625 0.478975071875 0.48852582499999997 0.5332001109375 0.533431934375 0.5370729984375 0.5302957328125
0 0.18709683906250002 0.1271189734375 0.217618384375 0.16618476875 0.241256234375 0.19537508125 0.24495241406249998 0.1924873078125 0.34121758125 0.09405571874999999 0.291979228125 0.027159317187499997 0.18709683906250002 0.1271189734375
1 0.28875540312500003 0.2604612953125 0.2922741984375 0.25842971875 0.3906557421875 0.177256259375 0.3516906078125 0.10332916406249999 0.3511724859375 0.1026893375 0.2443913828125 0.18683223437500002 0.2541769734375 0.20378137343749997 0.28875540312500003 0.2604612953125
1 0.3582468515625 0.3280300484375 0.3973311046875 0.3930771703125 0.4015708546875 0.3983128234375 0.498570621875 0.30982762343750003 0.4530161953125 0.2364463765625 0.45210593125000004 0.23699331875000001 0.3582468515625 0.3280300484375
1 0.3386936453125 0.3281144484375 0.3412871671875 0.3313171828125 0.44498468124999996 0.24399886249999997 0.40647287343749994 0.173462465625 0.40495196875 0.17158430468750002 0.299849359375 0.25645181250000004 0.31447733125 0.2844270625 0.3386936453125 0.3281144484375
1 0.4583656484375 0.4654500640625 0.4641446703125 0.46140355 0.5466282687499999 0.37044835468750004 0.49960330781250006 0.30109786875 0.4136185765625 0.40187086875 0.4583656484375 0.4654500640625
0 0.6704642890625 1 0.70268993125 0.9602046468750001 0.5468738671875 0.9011307531250001 0.5008474406250001 0.95292285 0.505096878125 0.95817046875 0.5971475796875 1 0.6704642890625 1
0 0.084628528125 0.3066470125 0.0290078859375 0.3752152 0.031956853125000004 0.37885687031250004 0.193047578125 0.4671540203125 0.2408207609375 0.40512563593750006 0.25109674531250004 0.3914889453125 0.084628528125 0.3066470125
0 0.5188214140625 0.8165768140624999 0.455747575 0.8539934796875001 0.45777927500000004 0.8572448796875 0.591809559375 0.9893151781249999 0.5923065203125 0.9890046437500001 0.65748700625 0.9447505843749999 0.5188214140625 0.8165768140624999
0 0.20085619375000002 0.45547850937499995 0.1501984046875 0.5248730265625 0.151394778125 0.5263504250000001 0.1570540109375 0.53093318125 0.31410473906249997 0.6158839328125 0.3728251765625 0.5433702296875 0.20085619375000002 0.45547850937499995
1 0 0.367845015625 0.0059128718750000005 0.37246465781250004 0.07024955468750001 0.41764375937500003 0.075735303125 0.41062232187500003 0.161460109375 0.256691190625 0.08794579531249999 0.202130090625 0 0.35014084843750004 0 0.367845015625
0 0.4184512609375 0.881149409375 0.48096890156249994 0.9336079375 0.4838436703125 0.931279996875 0.486466953125 0.9281536906250001 0.5658414796875 0.7639354328125 0.49989569375 0.70729005625 0.4184512609375 0.881149409375
0 0.42229639687500004 0.6324341203125 0.4213280859375 0.6312801328125001 0.2778683140625 0.52300245 0.20954976093750002 0.5758203140625 0.21373869843749999 0.5809932203125 0.35292491875 0.691479278125 0.3733216890625 0.6749622984375 0.3848013734375 0.6653297 0.42229639687500004 0.6324341203125
1 0.1345910203125 0.529642146875 0.1764127140625 0.5710324453125 0.18309550000000002 0.56562083125 0.2801240453125 0.4199235078125 0.21945506093749997 0.350299453125 0.1095688203125 0.504619946875 0.1345910203125 0.529642146875
0 0.484409046875 0.6482222890625 0.338188853125 0.768278221875 0.350063478125 0.794949065625 0.37711708125 0.851546034375 0.3812432765625 0.849708934375 0.5263687453125 0.7338532578125 0.484409046875 0.6482222890625
1 0.40255031093750004 0.7465657671875 0.420628159375 0.7554715515625 0.48159841718749996 0.6908431875 0.4854770453125 0.6862208171875 0.3146693125 0.6076973031249999 0.261509075 0.6722616046875001 0.26340090625 0.6745978218750001 0.26445843281250003 0.6754851937499999 0.40255031093750004 0.7465657671875
1 0.61314598125 0 0.58132994375 0.0318644265625 0.5841382703125 0.0353324203125 0.66567493125 0.0883685875 0.704018671875 0.051063803124999994 0.7211992125 0.03327283125 0.7205192015625 0.0324330859375 0.666116775 0 0.61314598125 0
0 0.749415984375 0.07075053125 0.6957192640625001 0.02641814375 0.690709834375 0.022504346875 0.6485357625 0.11719293593749999 0.701235303125 0.1615952484375 0.7028312734375 0.16284215625 0.7062145734375 0.1601024140625 0.7080833328125 0.1577105109375 0.749415984375 0.07075053125
0 0.724100325 0.2205853484375 0.7262288625 0.219453584375 0.7969992953125 0.15685356718750001 0.7652997359375 0.08524960468750001 0.7642871062500001 0.0839991109375 0.6874421 0.1529941546875 0.7220054953124999 0.21799845 0.724100325 0.2205853484375
0 0.41725266875000006 1 0.44943879062500003 0.9196317109375001 0.38237280937499996 0.8646679046875001 0.3814116640625 0.865446225 0.32230505468750004 1 0.41725266875000006 1
0 0.2737956640625 0.8257560265624999 0.21133321718750003 0.8883773343750001 0.21527842656249999 0.8932492609375 0.36234704375 0.9885385796874999 0.43178379375000003 0.92601745 0.43204314843749997 0.9257763265625 0.2737956640625 0.8257560265624999
0 0.23223332812500003 0.74356408125 0.156868475 0.7919363640625 0.15147540312500002 0.7963035859375001 0.154147325 0.8002648734375001 0.29336020937499996 0.9188171578125001 0.3683398453125 0.8719153890625 0.23223332812500003 0.74356408125
0 0 0.6435189796875 0.0007939515625000001 0.64287605 0.0977444125 0.4777965984375 0.0199974578125 0.416754859375 0 0.45497769374999997 0 0.6435189796875
0 0 0.6088585828124999 0.10791776875 0.6982529546875 0.1298778578125 0.681095853125 0.18200314687500002 0.6388856281249999 0.0362083875 0.5143547078124999 0 0.5426438 0 0.6088585828124999
0 0.039333260937499996 0.7168519265625 0.08072569843750001 0.771781546875 0.0997904484375 0.795324553125 0.102418065625 0.7933445015625 0.22234228437499998 0.649470453125 0.16549345 0.570949425 0.039333260937499996 0.7168519265625
0 0.135593509375 0.6792299703125 0.0757126140625 0.75317671875 0.0797638796875 0.758179615625 0.2538940328125 0.8416046375 0.2751067078125 0.8154091671874999 0.3120673734375 0.7680120796875001 0.135593509375 0.6792299703125
0 0.8751320890625 0.40389079531250005 0.8911254453125 0.4243613578125 0.91992153125 0.45992156250000005 0.9230138890624999 0.45750554687499995 0.9865123 0.36858264375 0.941988234375 0.314996340625 0.8751320890625 0.40389079531250005
0 0.8124330437499999 0.15257804531250002 0.740076284375 0.21573232656250002 0.7404762109374999 0.2166318015625 0.7670547328125 0.273629625 0.7690612906250001 0.2761075171875 0.7729618234375 0.27428866875 0.8444680203124999 0.2186432453125 0.8124330437499999 0.15257804531250002
0 1 0.386616978125 0.9892140734374999 0.371031828125 0.9202844140625001 0.46140662343749994 0.9228074124999999 0.4648797796875 0.9346187453124999 0.480553946875 0.9655806359374999 0.5187886984375 1 0.46186760312499997 1 0.386616978125
0 0.9524292031250001 0.3175889625 0.9515997078125 0.31696389062499997 0.8576598453125 0.28181448593749997 0.812126246875 0.3392196578125 0.8144389390625 0.34207559375 0.91036314375 0.3775676390625 0.923701659375 0.3598668328125 0.9524292031250001 0.3175889625
0 0.7696168078125 0.2653413046875 0.8439322453125 0.32363509687500003 0.8569553390625 0.3148093390625 0.889315434375 0.2912983546875 0.9036659328125 0.2796775484375 0.8251937671875 0.2218243359375 0.7672622890625 0.2621005890625 0.7696168078125 0.2653413046875
0 1 0.47860182343749996 0.9812371984375 0.49993543125000006 0.9645460921875 0.5195781828125 0.969184628125 0.5295255531249999 0.9915973796875001 0.5752363734375 0.9966436 0.57288328125 1 0.569648934375 1 0.47860182343749996