0 0.0058765359375 0.649308725 0.056701809375 0.7440279328125 0.063057440625 0.7495528 0.08616779062499999 0.7247699859375001 0.108589825 0.6995023328125 0.051252454687500004 0.59894880625 0.0058765359375 0.649308725
0 0.18145166562499998 0.6259017499999999 0.18270125625 0.624464259375 0.1395689953125 0.5728653140625 0.0294979921875 0.6169665171875 0.07285240625 0.66882089375 0.18145166562499998 0.6259017499999999
0 0.29143341875 0.3802767484375 0.1960437359375 0.439585259375 0.195248640625 0.4404999125 0.22332467500000003 0.46652308906249995 0.2524850234375 0.49187179375 0.3489398765625 0.4308469578125 0.35049336875 0.42905987031250004 0.3474657 0.4264279578125 0.29143341875 0.3802767484375
0 0.23862951093749998 0.5625078078125 0.24343463281250002 0.5563575328125 0.2733023140625 0.5124228343749999 0.20884164843750003 0.4205330625 0.19946076875000002 0.4313245296875 0.16156140624999998 0.4799680234375 0.2260055875 0.57467515625 0.227224653125 0.5756275953125 0.23862951093749998 0.5625078078125
0 0.10390622812500001 0.5494190796875 0.1817590078125 0.639838065625 0.18990127968749998 0.630471453125 0.22500200625 0.57429855 0.14710841875 0.4812044234375 0.1470658453125 0.4811778203125 0.10390622812500001 0.5494190796875
0 0.293978853125 0.4346154015625 0.39890205 0.3900435703125 0.4019447609375 0.38654333125 0.3565299375 0.328415009375 0.248528303125 0.3703926921875 0.24751737343750002 0.37118251406249997 0.293978853125 0.4346154015625
0 0.3549740875 0.37914533437500003 0.45566788281250004 0.322360303125 0.4581755671875 0.3194755421875 0.40369011875 0.2596102546875 0.29903512499999996 0.318965490625 0.3464208578125 0.37028820625000003 0.3549740875 0.37914533437500003
1 0.571404384375 0 0.5284408015625 0.065213796875 0.6308120515625 0.1589863140625 0.6334594874999999 0.1559407859375 0.6754320921875 0.09130864375 0.5788000171875 0 0.571404384375 0
0 0.5236339484375 0.0590096859375 0.475491140625 0.1277996421875 0.5704909125000001 0.2262730453125 0.5728812484375 0.228009725 0.5833365625 0.2159822609375 0.6232316671875 0.1601098359375 0.5264881828125 0.0571768984375 0.5254916046875 0.0564528421875 0.5236339484375 0.0590096859375
1 0.46974710000000003 0.19747428281249998 0.3558966796875 0.2877789171875 0.37222457656249996 0.301972540625 0.41812762656249997 0.33783593437500004 0.5280959546874999 0.248437853125 0.5292849921875 0.2469159546875 0.46974710000000003 0.19747428281249998
1 0.5204154703125 0.28503989375 0.52639398125 0.2886321453125 0.5304857640625 0.2839250875 0.563652471875 0.22603278906250002 0.4629758421875 0.12667943125 0.41894859218749997 0.1963811171875 0.5204154703125 0.28503989375
0 0.132750125 0.8059806734375 0.27836696562499996 0.7525779953125 0.281224021875 0.749291328125 0.22875725 0.6854729125000001 0.083637959375 0.7444661203125 0.1001232625 0.765689853125 0.132750125 0.8059806734375
1 0.1498819515625 0.710047921875 0.09484886406250001 0.8103139875 0.1214278265625 0.8334187265624999 0.13289380625 0.839515296875 0.22335287187500003 0.7515230578125001 0.2259326390625 0.7466712265625 0.1498819515625 0.710047921875
0 0.3115301890625 0.516284646875 0.3697281515625 0.5668753640624999 0.4875823375 0.49285007812500004 0.4938507453125 0.4856390984375 0.4339744296875 0.429565475 0.3115301890625 0.516284646875
0 0.3307300078125 0.6851962703125001 0.33550342187500004 0.679705084375 0.2838835796875 0.623255084375 0.1479973515625 0.6956667453125001 0.20846734374999998 0.752334621875 0.3307300078125 0.6851962703125001
0 0.3133792453125 0.624206015625 0.44243560937500004 0.568601903125 0.446709959375 0.563684825 0.3994481609375 0.5067466281249999 0.2558987734375 0.5619212984375 0.26263313125 0.5702375375 0.3133792453125 0.624206015625
1 0.3479028140625 0.570759621875 0.202839578125 0.6227325796875001 0.2026852234375 0.6229101453125 0.2538854265625 0.68613713125 0.391188134375 0.63231866875 0.39364018437500004 0.6294979078125 0.3479028140625 0.570759621875
0 0.44656502343750004 0.3479627109375 0.39084858125 0.40351525 0.3892457546875 0.40529536874999994 0.46485169062500004 0.5158771828125001 0.4677445234375 0.519578396875 0.48030260625 0.5304949703124999 0.524664540625 0.48353491875000004 0.53198745625 0.47511086718750006 0.448606825 0.3497376203125 0.44656502343750004 0.3479627109375
0 0.763206290625 0.198315103125 0.7699356484375001 0.20376443125 0.7856088390625 0.1857344875 0.820904903125 0.139493115625 0.7228464546875 0.035663128125 0.6668192921875 0.10318713125000001 0.763206290625 0.198315103125
1 0.6695757999999999 0.2576405671875 0.7672160125 0.18545820625 0.7738762171875 0.177796515625 0.714628778125 0.11774556249999998 0.6075481046875 0.200692434375 0.6284814062499999 0.22090748750000003 0.6695757999999999 0.2576405671875
1 0.594612978125 0.24999064999999998 0.49511995468750003 0.3384125484375 0.50144250625 0.3439086578125 0.561475596875 0.387949490625 0.6570752765625001 0.3080879421875 0.6616347218749999 0.30203735468750004 0.594612978125 0.24999064999999998
1 0.7168419640625 0.264841728125 0.7213306703125 0.2596780609375 0.6720695625 0.1928506609375 0.5500839953125001 0.24994113125 0.5975379921874999 0.31771246249999996 0.7168419640625 0.264841728125
1 0.5381652031249999 0.46339566874999993 0.5418366546875 0.46616230625000005 0.552744753125 0.453613975 0.5914567796875 0.40060487343749995 0.5075303140625 0.30130403125 0.4596247421875 0.3645595296875 0.5381652031249999 0.46339566874999993
0 0.451870565625 1 0.4549652453125 0.99316934375 0.3228712984375 0.8599781109375 0.2859176546875 0.929382825 0.283671340625 0.9337914656249999 0.35834329062500003 1 0.451870565625 1
0 0.77974283125 0.3535072515625 0.8842459953124999 0.50271970625 0.8846055046875 0.503079215625 0.8873431859375 0.505459046875 0.9306194296875001 0.462182803125 0.9537768124999999 0.4385329171875 0.8411328546875 0.28756379062500004 0.77974283125 0.3535072515625
0 0.4425178265625 1 0.48209210156250004 0.973481721875 0.49725863124999997 0.96246259375 0.42376180625000004 0.7857064609375 0.364709984375 0.8307289296875 0.4288354984375 1 0.4425178265625 1
0 0.7940544 0.6178691781250001 0.8122731671875 0.605112259375 0.7371394203125 0.4287175578125 0.736352240625 0.42803327187500007 0.6604959499999999 0.4817580296875 0.7348468765625 0.6455913437499999 0.73944811875 0.6521626 0.7940544 0.6178691781250001
1 1 0.351734884375 0.9111474421875 0.22056724062500002 0.8372825703125001 0.282718015625 0.9397455156250001 0.42521500312500005 0.94750950625 0.4335408625 0.947608271875 0.43362671875 0.96263269375 0.4202957609375 1 0.385450184375 1 0.351734884375
1 0.5995885796875 0.7701200921875 0.5232442875000001 0.7306509640625001 0.39584138593749996 0.8711405140625 0.398822234375 0.8737317250000001 0.4377854390625 0.8950444875000001 0.4692577296875 0.911778603125 0.59784585 0.7733976890625 0.5995885796875 0.7701200921875
0 0.59816981875 0.6517527046875 0.621763159375 0.6854474875000001 0.7889736359375 0.6129415578125 0.790778903125 0.6108648343749999 0.7382962265625 0.54195145 0.5717004015625 0.6094095390625001 0.5704664109375 0.6102735874999999 0.59816981875 0.6517527046875
1 0.829942534375 0.3769877390625 0.698213284375 0.5108182203125 0.70607245 0.5176500890625 0.7760190421875001 0.5597916921875 0.9057808328125001 0.43595311406250004 0.9082501640625 0.43242654375 0.829942534375 0.3769877390625
0 0.5917225515625 0.8628754875 0.629952140625 0.8131400578125 0.64711245625 0.7895209078125001 0.5290485578124999 0.6416875984375 0.47020209687500003 0.7167234140625001 0.5880684781250001 0.860220646875 0.5917225515625 0.8628754875
1 0.5442077656250001 0.6372827875 0.55342769375 0.6552024546874999 0.6273863984375 0.79292459375 0.6299327453125 0.7951381 0.6938087421875 0.7406464796875001 0.6126028546875 0.57183113125 0.611960609375 0.5710923109375 0.5442077656250001 0.6372827875
1 0.32431935312500004 0 0.3086278546875 0.030515124999999997 0.3859652984375 0.095311690625 0.3885677875 0.092317871875 0.4216450328125 0.0302224921875 0.388311784375 0 0.32431935312500004 0
0 0.268390390625 0.0613059203125 0.305348546875 0.15274345312499998 0.308995265625 0.155913496875 0.3175141578125 0.149724159375 0.36758834375 0.11124070156250002 0.32628164531250003 0.0158872453125 0.268390390625 0.0613059203125
0 0.290899521875 0.0924880546875 0.1964512421875 0.1346992671875 0.1962224484375 0.1349624640625 0.249772434375 0.19418437500000002 0.3364230890625 0.15468512968749998 0.3380399890625 0.1528251 0.290899521875 0.0924880546875
0 0.651970934375 1 0.7134856578125001 0.957205928125 0.7146406828125 0.9557275640625 0.7137325406249999 0.954938128125 0.64078224375 0.8988699625000001 0.505179309375 1 0.651970934375 1
0 0.593082196875 0.9649277906249999 0.6097233359375 0.984759928125 0.774854471875 0.9102179609375 0.7778219140625 0.9068043093749999 0.7201649015625 0.835822759375 0.5557835671875 0.9122661937500001 0.5543853578125 0.9134394296874999 0.593082196875 0.9649277906249999
0 0.8367004796874999 0.8343089765625 0.8419648140625 0.828253053125 0.7756510609375 0.760312996875 0.614160184375 0.8547573671875 0.6766674953125 0.91732379375 0.8367004796874999 0.8343089765625
0 1 0.46138767812500003 0.8855717921874999 0.595013840625 0.88815385625 0.59725839375 0.9610914515625 0.6428348625 1 0.6016647468749999 1 0.46138767812500003
0 1 0.5645063671874999 0.9844029296875 0.54380835625 0.8091767453125 0.6241695921875 0.8086909953125 0.624535634375 0.8204363499999999 0.64037119375 0.8675405828124999 0.702880621875 1 0.63969399375 1 0.5645063671874999
0 0.9751586250000001 0.6964659078125 0.9771012156250001 0.6942312140625 0.917863678125 0.6156203484375 0.7432722843749999 0.6964763390625001 0.7426235265625001 0.6972226499999999 0.7554614 0.7142590828125 0.8017964328125 0.7733615859375 0.9739130781249999 0.6974044968750001 0.9751586250000001 0.6964659078125
0 0.8066626234375001 0.8907977203125 0.866269728125 0.84078141875 0.8787368328125 0.82643965625 0.788439371875 0.654495575 0.715589478125 0.71337764375 0.80270999375 0.8873617515625 0.8066626234375001 0.8907977203125
0 0.015111321875 0.3644103109375 0.094410378125 0.43958338281250003 0.0976718828125 0.4412452015625 0.0989833859375 0.439736490625 0.11486599687500001 0.40983990937500003 0.131182278125 0.37781740468749997 0.048592606249999996 0.30331294531249997 0.015111321875 0.3644103109375
0 0.1691193109375 0.1847812296875 0.20858987187500003 0.2653140359375 0.21316740156249997 0.26929322187500004 0.2634682890625 0.22856036406250002 0.26422204531250004 0.22792723750000002 0.2268732375 0.1394454296875 0.1691193109375 0.1847812296875
0 0 0.482295396875 0.0004350734375 0.48276195624999996 0.096433453125 0.43314327031250005 0.09964206249999999 0.4294521875 0.05717643125000001 0.387449878125 0 0.409582103125 0 0.482295396875
0 0.0835517609375 0.348017359375 0.0974999 0.36524187812500003 0.1938161 0.325730846875 0.1942559140625 0.3253746921875 0.195108996875 0.324393334375 0.1468293578125 0.2677077359375 0.054173417187499996 0.30611418281249997 0.0533662390625 0.3067678203125 0.0835517609375 0.348017359375
0 0.2407524328125 0.24932830468749997 0.1821268609375 0.21006922968750003 0.1053709 0.2687521296875 0.118365725 0.28004835781250004 0.1519929390625 0.3035943859375 0.165168078125 0.312191515625 0.23845483281250002 0.25260961718749997 0.2407524328125 0.24932830468749997
1 0 0.5154849734375 0.0583548546875 0.481710978125 0.059717128125 0.4801438625 0.01300154375 0.4379042703125 0 0.44378990625 0 0.5154849734375