0 0.1666143328125 0.8893843015625 0.25775314531250004 0.9503560890625 0.2641102921875 0.9512495265625001 0.27293421875 0.9183181828125001 0.28086925625000003 0.8854816609375 0.1830363421875 0.8236164296874999 0.1666143328125 0.8893843015625
0 0.264988646875 0.8851030375000001 0.2671229703125 0.885402996875 0.2933881765625 0.8238467859374999 0.204122528125 0.7457943328125001 0.17760243281250002 0.8079647937500001 0.264988646875 0.8851030375000001
1 0.21435034531250002 0.568932796875 0.3048814890625 0.6414084296875 0.3067551609375 0.64167175625 0.3081462140625 0.638228778125 0.3335407125 0.57022385 0.245433384375 0.4985475859375 0.21435034531250002 0.568932796875
0 0.24161875156249998 0.600970903125 0.20788757656249998 0.705091746875 0.2192602828125 0.7066900765625 0.28360223125 0.7078131703125 0.3198285421875 0.6011940328125001 0.31989905625000004 0.5971541953124999 0.24161875156249998 0.600970903125
0 0.2827964875 0.8087129875000001 0.2853715078125 0.8090748828125 0.31385116874999996 0.7348828265625 0.2184989484375 0.6596570265625 0.1898145421875 0.7332020828125 0.2827964875 0.8087129875000001
0 0.2679884640625 0.4370321078125 0.22954804687500002 0.5487725140624999 0.2369972609375 0.5498194328125 0.30505588906250003 0.55457855625 0.3459616984375 0.446666775 0.3460827421875 0.44493578749999996 0.2679884640625 0.4370321078125
0 0.236405115625 0.4200159484375 0.3373366625 0.48451401250000004 0.3650580203125 0.407063996875 0.2635179125 0.3425247171875 0.236405115625 0.4200159484375
1 0.3977333265625 0.1621669625 0.401190640625 0.16265285625 0.42978874375 0.08815225156249999 0.31093017968750003 0.0156646484375 0.2805841421875 0.093188846875 0.3977333265625 0.1621669625
1 0.301232571875 0.09653543125 0.3002223421875 0.0991671671875 0.2715241109375 0.1780734375 0.3887736359375 0.24860369062499998 0.39150244375 0.24965118125000002 0.3930056109375 0.24986243749999998 0.39603014999999997 0.24198324375000002 0.422592996875 0.1710446265625 0.30262221875 0.0967307328125 0.301232571875 0.09653543125
1 0.3926902765625 0.286797109375 0.39355103125 0.28067252656249997 0.32014491718750004 0.2614051515625 0.2546046015625 0.3924059421875 0.332681184375 0.41043134062500003 0.3926902765625 0.286797109375
1 0.2724024625 0.31790715625 0.3162123140625 0.3258519 0.35402560156249996 0.3311662109375 0.3979064046875 0.204774321875 0.39896550625 0.197238425 0.3268071625 0.1873429859375 0.2724024625 0.31790715625
0 0.36364702968749996 0.803713609375 0.2968132625 0.9479563515624999 0.3196492296875 0.9511657375 0.38060939375 0.9575729109375001 0.4399146046875 0.8170239109375 0.44030119062499995 0.8133457906249999 0.36364702968749996 0.803713609375
0 0.4428451625 0.9412050359374999 0.2806491296875 0.9043788749999999 0.28014741718749997 0.9079487515625001 0.288749146875 0.9752244156250001 0.354827375 0.9845111046874999 0.447243428125 0.9764257484375 0.44787283125000005 0.9719473078125 0.44716328125000004 0.9638371078124999 0.4428451625 0.9412050359374999
0 0.489982434375 0.5039165234375 0.4910774875 0.496124825 0.41155393125 0.4761180125 0.34634096875 0.6116654718750001 0.421747628125 0.6276936531249999 0.489982434375 0.5039165234375
0 0.463971928125 0.7451260234375 0.4647474015625 0.7396082421875 0.386793546875 0.719968390625 0.3084424875 0.844255915625 0.383412021875 0.869426415625 0.463971928125 0.7451260234375
0 0.358785209375 0.5527349125 0.3359814015625 0.625924834375 0.45548196250000006 0.712668153125 0.45763605937499996 0.7133680625000001 0.46174260624999997 0.7139452000000001 0.46205567187499996 0.712981684375 0.481367625 0.63413533125 0.359401953125 0.5528215890625 0.358785209375 0.5527349125
1 0.3968201953125 0.641379059375 0.3288874171875 0.7788999671875 0.3799477703125 0.78607603125 0.4093377 0.7896846609375 0.4708538296875 0.6552990953125 0.47126318906250003 0.651965121875 0.3968201953125 0.641379059375
0 0.386405628125 0.549550609375 0.43037861250000004 0.5465408 0.4680284484375 0.54191798125 0.4832912421875 0.4107908828125 0.4840581359375 0.39610447656250003 0.48323776875 0.389423128125 0.40593893437500006 0.3970427078125 0.3863068234375 0.5487459078125 0.386405628125 0.549550609375
0 0.4336114796875 0 0.4270263359375 0.07025884375 0.5602377062499999 0.1050509578125 0.5648932640625 0.1056225890625 0.5701207328125 0.06842721562500001 0.57616243125 0.0192215359375 0.49033447812500003 0 0.4336114796875 0
1 0.4181827921875 0.1480340859375 0.5393397921875 0.20258057499999998 0.54183714375 0.2029315546875 0.5500565703125 0.17426700781249999 0.5628538437499999 0.12213677812499998 0.4440542234375 0.06540699531250001 0.4181827921875 0.1480340859375
0 0.47502760781250003 0.37593003281250004 0.5372375515625001 0.2687221328125 0.5383928250000001 0.260501934375 0.45898185781249995 0.234957475 0.3954159203125 0.352659040625 0.39863364687499997 0.3536427984375 0.47502760781250003 0.37593003281250004
1 0.5306517687500001 0.150868175 0.44684075156249997 0.157310296875 0.430751246875 0.2898800640625 0.436586965625 0.2907002203125 0.5132338484375001 0.2866833265625 0.5319183796875 0.1553825359375 0.5316894359375001 0.151014009375 0.5306517687500001 0.150868175
0 0.51258900625 0.32474904531250004 0.4296469890625 0.3274421328125 0.40336555625 0.45328394687499995 0.41252019375 0.45457054843750005 0.4691961625 0.45371771406250005 0.482414459375 0.4534869875 0.5126429859375 0.32784158125 0.51258900625 0.32474904531250004
0 0.6527538625 1 0.7278956234375 0.885332984375 0.72861785 0.8826375984375 0.6547885484375 0.8614220687499999 0.649137734375 0.8599079375 0.569676959375 1 0.6527538625 1
0 0.7581240921875 0.3099918640625 0.8266847609375001 0.1402466625 0.8272269171875 0.1363890203125 0.7346469171875001 0.11772639062500001 0.6697480359375 0.2934352375 0.698052234375 0.29945147968749997 0.7581240921875 0.3099918640625
0 0.749509959375 0.8671514968749999 0.74820224375 0.848450303125 0.5595663125 0.8171473734375001 0.55944248125 0.818028471875 0.5662456796875001 0.891049725 0.74609351875 0.9268290531250001 0.7514002609375 0.9264579703125 0.749509959375 0.8671514968749999
0 0.7863929578125 0.49449209375000003 0.7901901109375 0.4950257484375 0.8215578578124999 0.40884357343750005 0.6601180156249999 0.31340453125 0.6259146624999999 0.3944909890625 0.7863929578125 0.49449209375000003
1 0.675135678125 0.1672418640625 0.8506025718749999 0.1711681453125 0.8603515703125 0.170143484375 0.8614445406250001 0.16236660625 0.8604477375 0.149929159375 0.853106515625 0.080082090625 0.6699528515625001 0.0708474859375 0.675135678125 0.1672418640625
0 0.739152984375 0.6783199234375 0.6563220750000001 0.6773389390625 0.6071406875 0.8621858703124999 0.6191779046875 0.863877590625 0.6202696890625 0.863877590625 0.6935770812500001 0.8630311265625 0.739152984375 0.682960565625 0.739152984375 0.6783199234375
0 0.7724194890625 0.50221905625 0.7699959984375 0.5020495890625 0.6778901796875 0.50097523125 0.671738534375 0.5201658234375001 0.625904603125 0.672324584375 0.6391285609375 0.6741830906249999 0.6827369421875 0.6776404359375 0.7106739765625 0.6795939828125 0.772317746875 0.5036740421875 0.7724194890625 0.50221905625
0 0.66361610625 0.5729692421875 0.7014799078125 0.5890414734375 0.8053092156250001 0.4382929046875 0.8055839609375001 0.43633799375000004 0.7242642375 0.4055968140625 0.61873030625 0.55108685625 0.6181417 0.5524735265625 0.66361610625 0.5729692421875
1 0.6531223609375 0.344444746875 0.8287569171875001 0.370185984375 0.8338528203125 0.3699189203125 0.8346234828125001 0.36443536718749997 0.8320398015625001 0.3097087328125 0.8301878046875 0.27437049375 0.6419770812500001 0.25277131875 0.6531223609375 0.344444746875
1 0.71733334375 0.769323575 0.7506019859374999 0.5878454 0.7502136203124999 0.58340635 0.6561900031250001 0.5881609296875 0.6244455640625 0.7758283421875001 0.68414523125 0.7722271593750001 0.71733334375 0.769323575
0 0.1154504828125 0 0.1099336640625 0.074383690625 0.114909184375 0.07508295312499999 0.1880588421875 0.06813266875 0.190989334375 0 0.1154504828125 0
0 0.0847505125 0.13907375 0.151795540625 0.14969263906250002 0.1625375890625 0.151202334375 0.1940410875 0.06111376875 0.19452157812499998 0.057694896875 0.1192913359375 0.0458032015625 0.0847505125 0.13907375
0 0.8419573093749999 1 0.884110478125 0.9329332234375001 0.8846130000000001 0.9293575953125 0.8036925296874999 0.900400409375 0.8007410703125 0.8995540921874999 0.7719386703125 1 0.8419573093749999 1
1 0.1928803765625 0.14796183125 0.1250853609375 0.1218786390625 0.0665426109375 0.20487480625 0.066328884375 0.20639554843750002 0.08894716875 0.215533928125 0.139149140625 0.234017740625 0.192309203125 0.1520259390625 0.1928803765625 0.14796183125
0 0.1391877046875 0.3070407671875 0.1746047796875 0.22186433437500003 0.17617575624999998 0.210686246875 0.10619909218750001 0.20099611718750002 0.06426968749999999 0.295206840625 0.0894155609375 0.2996407359375 0.1391877046875 0.3070407671875
0 0.1413516671875 0.3896367515625 0.145252090625 0.39018492031249996 0.16749300625000002 0.3174381625 0.078516278125 0.26414665 0.060685093749999995 0.342131165625 0.1413516671875 0.3896367515625
0 0.759465725 0.8336536328124999 0.9067034906250001 0.9453109218750001 0.9086384625000001 0.9455828640625 0.9402912515624999 0.8586175390624999 0.7898687640625 0.7521710453125 0.7886440375 0.7519989218750001 0.759465725 0.8336536328124999
0 0.7723954749999999 0.774038290625 0.9480145796875 0.8267434937499999 0.9516218109375 0.8268064578125 0.9539882953125 0.7559799046875 0.95436555625 0.7343666078125 0.7787050671875 0.6837982328125001 0.7724330765625 0.7718840734375 0.7723954749999999 0.774038290625
0 0.9326482140625 1 0.9353132921875 0.9361045921875 0.9353132921875 0.9294997515625001 0.7409177671875 0.8700588546875 0.7400007921875 0.8700588546875 0.7400007921875 0.8865990187499999 0.741218175 0.9622489109375 0.8720020390625001 1 0.9326482140625 1
0 0.7844242515625 0.6621640875 0.943203815625 0.7563644703125 0.9446420124999999 0.756566596875 0.9530963359375001 0.730546865625 0.9697371718750001 0.672616721875 0.8125825234375 0.568272121875 0.7844242515625 0.6621640875
0 1 0.19499396093750002 0.9427947359375001 0.175662340625 0.8442596171875 0.3437303671875 0.9379038265625 0.375974653125 1 0.2570665875 1 0.19499396093750002
0 0.9956821937500001 0.2801824625 0.9758725703125 0.27899327343749997 0.8981866640625 0.2749219265625 0.85011186875 0.46084510156249997 0.8589751937500001 0.4620907609375 0.8834300796875001 0.4634705265625 0.9449254781249999 0.46669336250000004 0.99556720625 0.28237655781250004 0.9956821937500001 0.2801824625
0 0.915499353125 0.5649014265625001 0.9940076421875 0.3979688375 0.9951263921875 0.39000851875000003 0.899608853125 0.3697056390625 0.8204845484375 0.5461735187500001 0.84175513125 0.55069471875 0.915499353125 0.5649014265625001
0 0.8011334046874999 0.5998483015625 0.9866152859374999 0.630200590625 0.9942006781250001 0.5762277265625 0.992905421875 0.5381341765625 0.7963480125 0.5020551875 0.7961005578125 0.5038159078125 0.8011334046874999 0.5998483015625
0 1 0.129238021875 0.8492434 0.1213297046875 0.8514844453125001 0.1469449703125 0.8615832875 0.22392981406249998 1 0.227736246875 1 0.129238021875
0 0.01372974375 0.6317870125 0.10198956249999999 0.687053040625 0.10956810937499999 0.6881181359374999 0.11859186875000001 0.6614933078125 0.12989940312499998 0.6245080328125 0.036196334375 0.5625579015625 0.01372974375 0.6317870125
0 0.11554135000000001 0.45738914687500004 0.1597967390625 0.38039465156249996 0.1605691359375 0.37786825625 0.16125159218750001 0.373012328125 0.09786928125 0.35487247499999997 0.045399725 0.43531443750000004 0.08323575625 0.4475123359375 0.11554135000000001 0.45738914687500004
0 0.117021 0.6454524390625 0.04317760625 0.6441690437500001 0.00905378125 0.7513066921875 0.0161515171875 0.7523042140625 0.0192349359375 0.7524118890625 0.0703095921875 0.7521317359374999 0.1169843515625 0.6465019421875 0.117021 0.6454524390625
0 0.136614209375 0.5054558859375 0.064175846875 0.5006392765625 0.032484081250000005 0.599969759375 0.04328765625 0.6014881015625 0.0902451609375 0.6023077484375 0.10684345937499999 0.6021856875 0.136573059375 0.50781330625 0.136614209375 0.5054558859375
0 0.1009790953125 0.5294532515625 0.1563267421875 0.45296255937499996 0.1568990296875 0.44889052031250004 0.0909288265625 0.4264214421875 0.030824423437499998 0.5044666609374999 0.086027784375 0.524559040625 0.1009790953125 0.5294532515625
0 0 0.8498588625 0.0898746953125 0.9022343625 0.0900273625 0.9022531078125 0.0949795625 0.8670163656250001 0.0992146875 0.8325240468749999 0 0.7755234468750001 0 0.8498588625
0 0 0.72865940625 0.0037491765625 0.7884653078125 0.00428410625 0.7935548203125 0.1118310109375 0.8182635296875 0.1173683984375 0.8176815265625 0.11303706250000001 0.7669562859375 0.1118897890625 0.7560407031249999 0.0874659546875 0.7478001328125 0 0.7199391046875 0 0.72865940625
0 0 0.9048616828125 0.0912848171875 0.9345354625000001 0.0949939578125 0.9342760953125 0.0956082515625 0.9299051703125001 0.0898607078125 0.851300340625 0.032672671874999996 0.8552993171875001 0 0.8577988062499999 0 0.9048616828125