0 0.4488505546875 1 0.46390783750000003 0.9331449875000001 0.40578203906250004 0.89764429375 0.40183491406250005 0.9028823046875001 0.382574246875 1 0.4488505546875 1
0 0.5403492562500001 0.9193804140624999 0.43916461875 0.8572181828125001 0.3874644359375 0.900756359375 0.4882051203125 0.9633011953124999 0.5403492562500001 0.9193804140624999
0 0.5353099375 0.72081811875 0.63866410625 0.7602258734375 0.6848608515625 0.704231128125 0.6877675 0.7005107875000001 0.5779508359375 0.6576495140625 0.5330531203125 0.7190549015625 0.5353099375 0.72081811875
0 0.638135309375 0.7617435265625 0.530651003125 0.7267167437500001 0.4973685078125 0.7681246125000001 0.48397020937499996 0.7872593671875 0.48980130937500005 0.7916534171875 0.594357575 0.8240862359375001 0.638135309375 0.7617435265625
0 0.473752525 0.7907446765625 0.4297579265625 0.8559693515625 0.434417290625 0.8594804343750001 0.5462737953125 0.8913854984375 0.590065678125 0.8257048984375001 0.473752525 0.7907446765625
0 0.681027 0.719256365625 0.681548796875 0.718084390625 0.6961516015625 0.6031355453125 0.6287894734374999 0.5731439921875 0.6261475937500001 0.576649884375 0.60823829375 0.6895207953125 0.681027 0.719256365625
0 0.6220511734375 0.5799574578125 0.7242747796875 0.6403155765624999 0.7806980171875 0.58045409375 0.6775964453125 0.5199156687500001 0.6708805203125 0.5266315953125 0.6209477828125001 0.57885406875 0.6220511734375 0.5799574578125
1 0.894054828125 0.391919021875 0.90430400625 0.397600234375 0.9513468296875001 0.264830346875 0.8804809015625 0.2261566234375 0.87574360625 0.2324432265625 0.8335590484375001 0.35762966406249996 0.894054828125 0.391919021875
0 0.8992693140625001 0.3308905390625 0.8248393875 0.2896101546875 0.8209061421875001 0.2948297484375 0.7807321765624999 0.42441429687500004 0.8559588515625001 0.46441303125 0.8992693140625001 0.3308905390625
1 0.8309648796875001 0.5099568703124999 0.697705934375 0.44662105781249994 0.6908176593750001 0.45512736875000004 0.651203384375 0.5071417921875 0.6565867984375 0.51150119375 0.7808302390625 0.5723921 0.807468909375 0.5394960828124999 0.8300691140625001 0.5111455921875 0.8309648796875001 0.5099568703124999
1 0.743165584375 0.388161459375 0.6998867171875001 0.4451969390625 0.7109745203125 0.45355219843750005 0.8270004015625 0.5097762515625 0.873958325 0.4420143375 0.743165584375 0.388161459375
0 0.3132798390625 0.9599300906250001 0.3916967 0.8247762218749999 0.334931278125 0.762991265625 0.3349112703125 0.7629761890625 0.33295786562499996 0.76479776875 0.259000103125 0.9030775734375001 0.29435803437499997 0.9409943125 0.3112963484375 0.9584354218750001 0.3132798390625 0.9599300906250001
0 0.29023865937500004 0.8225000171874999 0.22516986718749998 0.9189684687499999 0.25268572968749997 0.939703159375 0.285903121875 0.9621085718750001 0.3215346109375 0.8395282234374999 0.294427228125 0.8169415984375 0.29023865937500004 0.8225000171874999
0 0.42883118906249995 0.5889195921875 0.5586898031249999 0.6583546609375001 0.572464515625 0.6445799484375 0.612437553125 0.6034666359374999 0.48398710312500004 0.5253447453125 0.47292085312500004 0.5364109953125 0.42641100468750004 0.58649940625 0.42883118906249995 0.5889195921875
0 0.31088274843749997 0.7456927484375 0.3059036046875 0.7568760875 0.28376119843750003 0.8196099625000001 0.2854694671875 0.8203705328125 0.42973848437499995 0.8349551453125 0.46301091562499996 0.759726634375 0.46213286093750006 0.7590649734375 0.31088274843749997 0.7456927484375
0 0.507502721875 0.7219420328124999 0.564406146875 0.670153940625 0.4386186078125 0.5936472703125 0.3757260046875 0.644146659375 0.3743504078125 0.6459721390625 0.3783834546875 0.650297053125 0.507502721875 0.7219420328124999
1 0.366371109375 0.6705606203125 0.3245194703125 0.737537246875 0.32911687343749996 0.741001640625 0.4739406046875 0.7736695734375 0.513106175 0.708245775 0.366371109375 0.6705606203125
0 0.5814750375 0.6177581796875 0.5831845515625 0.6154895781249999 0.5892689140625 0.5978301703125 0.6247885421875 0.46853170312500003 0.5522355234375 0.43327743124999996 0.55183965 0.4338027734375 0.550195803125 0.43676835 0.5127122875000001 0.58039989375 0.5569301171875 0.6049102375000001 0.5814750375 0.6177581796875
0 0.7381118625 0.16361614687499998 0.8430187968749999 0.252780578125 0.9063175484375 0.198995709375 0.7992851625 0.1013416421875 0.7500010328125 0.14571727343750002 0.7414955796875 0.15356141406249998 0.735829184375 0.16108097500000002 0.7381118625 0.16361614687499998
1 0.8340537875 0.22985735468750002 0.7823303328125 0.16315809375 0.69163701875 0.2647282046875 0.70273769375 0.2779574734375 0.7485990140625 0.33000275 0.8340537875 0.22985735468750002
1 0.6743994625 0.300914171875 0.66781065625 0.3064428359375 0.58976645 0.404108215625 0.645927940625 0.469099328125 0.646492221875 0.4695245453125 0.725801946875 0.363796040625 0.6743994625 0.300914171875
1 0.6986526125 0.231186453125 0.6943618421875 0.2368804984375 0.6522292125 0.3599328328125 0.7233131734375 0.40097317656250003 0.724642940625 0.3992085140625 0.7701200234375001 0.2748024546875 0.6986526125 0.231186453125
1 0.6419178171875 0.510752259375 0.692775671875 0.4498451171875 0.57714055625 0.3904075109375 0.5282765328125001 0.44689789687500003 0.5237354562500001 0.45292410937499994 0.5279470828124999 0.45645808125 0.6419178171875 0.510752259375
0 0 0.725584040625 0.1414743125 0.77922060625 0.1891733921875 0.7255463234375 0.1895519171875 0.72504400625 0.0185144984375 0.6473214578125 0.00041276093749999997 0.669675240625 0 0.6702229921875 0 0.725584040625
0 0.6368101578124999 0.12603001875 0.4685741734375 0.0413128875 0.4493048203125 0.06822521875000001 0.4141825234375 0.1183850546875 0.417771653125 0.1210896578125 0.582528790625 0.19793834999999999 0.6368101578124999 0.12603001875
0 0.23434875000000002 0.6554578281250001 0.057765512500000005 0.588562221875 0.0459614671875 0.6040445015625 0.015702578124999998 0.6456922890625 0.0250361203125 0.65272561875 0.19016880625000002 0.7213893078125 0.23434875000000002 0.6554578281250001
0 0.4003960015625 0.1651900125 0.39583511875 0.1730896953125 0.33649840000000003 0.3414960921875 0.41730523750000004 0.3881499421875 0.4772129890625 0.20454888750000003 0.4003960015625 0.1651900125
1 0.55151124375 0 0.49575350625 0.097681796875 0.50305623125 0.10318479375 0.575478490625 0.152177165625 0.656779928125 0 0.55151124375 0
0 0.079169690625 0.5518154421875 0.23855206562500003 0.6479638671875 0.298286925 0.588895575 0.13635844375 0.48850858593749996 0.1296294609375 0.49485818750000005 0.081395034375 0.5414376328125 0.07602706875000001 0.5485611640625 0.079169690625 0.5518154421875
0 0.279448984375 0.40534359843749995 0.31314376718750003 0.42893693749999995 0.3546228828125 0.4566403453125 0.3554869328125 0.45540635625 0.42294502187500005 0.28881053125 0.3542363984375 0.23648379375 0.35054721093749996 0.2413795109375 0.279448984375 0.40534359843749995
1 0.47024091874999996 0.311342353125 0.47135725781250004 0.3095558359375 0.5354219062500001 0.1396731515625 0.46162239375 0.086188828125 0.4588122765625 0.0899179765625 0.3884322171875 0.260222603125 0.47024091874999996 0.311342353125
0 0.1333683171875 0.5220845765625 0.315783803125 0.5529766921875 0.35275189375 0.4677607265625 0.166724465625 0.43362116406249995 0.1532545296875 0.4625075390625 0.129054553125 0.5198112375 0.12996595625000001 0.520498028125 0.1333683171875 0.5220845765625
1 0.23773784999999997 0.4924964515625 0.26551563749999996 0.5066499421875 0.313934015625 0.5307556234375 0.3532174328125 0.3759229515625 0.3578283296875 0.3563050734375 0.277736209375 0.309443534375 0.2748053890625 0.3133328625 0.23773784999999997 0.4924964515625
1 1 0.48346528906249997 0.9663349875 0.4679192453125 0.9631671078125 0.4721231640625 0.9463840546875 0.569265215625 0.9859017828125 0.5868236718750001 1 0.5928080109375 1 0.48346528906249997
0 0.9329731984375 0.6488280093750001 0.95414166875 0.663106321875 0.9894244484374999 0.5662101875000001 0.9317848906249999 0.524154021875 0.9269507421875 0.530569153125 0.892029621875 0.6195765093750001 0.9329731984375 0.6488280093750001
0 0.96729246875 0.6422710234375 0.8730430171875 0.602107121875 0.8274440828125 0.6626189499999999 0.8336375671875 0.6672860765624999 0.914682578125 0.7025349015625 0.96729246875 0.6422710234375
0 0 0.595348371875 0.033064746875 0.610766715625 0.0338893 0.609672496875 0.05916669375 0.42574599218750003 0 0.3977321859375 0 0.595348371875
0 0 0.4580861515625 0.1361828234375 0.480374565625 0.1370933734375 0.478421884375 0.1700704375 0.3965013953125 0 0.36669644218749997 0 0.4580861515625
0 0.14428437031250002 0.23592654687499998 0.139557553125 0.23989281718750002 0.030000775 0.38360106250000003 0.091151290625 0.4599456875 0.091310278125 0.46006549375 0.1979042984375 0.30449010625 0.14428437031250002 0.23592654687499998
0 0.25070919687500004 0 0.2434321984375 0.009656903125000001 0.24374017656250002 0.00998716875 0.39788398125 0.1204153640625 0.46366454375000005 0.059774565625 0.38831681875 0 0.25070919687500004 0
0 0.2781091015625 0 0.21903098281250002 0.17654160937500002 0.2868150375 0.2156767515625 0.3039130203125 0.22537579062500002 0.30420222343750003 0.22499200468749997 0.3042680734375 0.22487795 0.362675609375 0.041164303125 0.310131221875 0.010827785937499999 0.2912024359375 0 0.2781091015625 0
0 0.262005796875 0.075529125 0.2565843578125 0.07991931875 0.1402093515625 0.2244043875 0.198279065625 0.2961145125 0.2043419921875 0.3006832546875 0.320633634375 0.150828103125 0.262005796875 0.075529125
0 0.2900914328125 0.26857214375 0.11201946874999999 0.186643796875 0.053972978125 0.2636740921875 0.0590262546875 0.2674820078125 0.235102728125 0.34440384687500003 0.2900914328125 0.26857214375
0 0.7098896828125 0.950310303125 0.7380066234375 0.9618288953125 0.7554021828125 0.851326971875 0.6904024484375 0.823708840625 0.6878567062500001 0.82708715625 0.673698346875 0.9341968812499999 0.7098896828125 0.950310303125
0 0.9126574937499999 0.696893528125 0.8211856484375 0.6669777265625 0.794086059375 0.712079015625 0.7847074265625 0.7282376687500001 0.7894118171875 0.7317826796875 0.876372278125 0.7548966265625 0.9126574937499999 0.696893528125
0 0.7081997453125 0.9931853109375 0.740766284375 0.9264267265624999 0.6243219453125 0.9199964984375001 0.5972552078125 0.972405296875 0.600867653125 0.9751274703125 0.602251571875 0.9757728015625 0.7081997453125 0.9931853109375
0 0.720449309375 0.8646289859375 0.7564689421875 0.9008957234375 0.7572408046875 0.9002007359374999 0.8096689859374999 0.8146936359374999 0.7610869578125 0.7579692687499999 0.75971058125 0.7592085625 0.7056188234375 0.8481580624999999 0.720449309375 0.8646289859375
0 0.784037584375 0.7076742359375 0.7590772875 0.798296275 0.7823084140625001 0.8140790640625 0.8186656296875 0.8376897156249999 0.8474105515625 0.7443166859375 0.787540921875 0.702590671875 0.786079115625 0.704530553125 0.784037584375 0.7076742359375
0 0.69516371875 1 0.5958705515625 0.9514406937500001 0.5916056968750001 0.95570555 0.550893225 1 0.69516371875 1