0 0.7796875 0.4578125 0.1578125 0.1578125
0 0.68984375 0.59375 0.134375 0.134375
0 0.7296875 0.5296875 0.1484375 0.1484375
0 0.63984375 0.6625 0.1640625 0.1640625
0 0.50703125 0.8640625 0.1703125 0.16875
0 0.903125 0.25234375 0.1640625 0.1640625
0 0.81796875 0.38125 0.1796875 0.1609375
1 0.596875 0.71953125 0.165625 0.15
0 0.85859375 0.315625 0.153125 0.153125
1 0.546875 0.78671875 0.1625 0.1625
1 0.44765625 0.928125 0.1453125 0.14375
0 0.596875 0.48359375 0.1796875 0.1609375
0 0.5453125 0.559375 0.1734375 0.1609375
1 0.4515625 0.69921875 0.15 0.1375
0 0.63828125 0.41015625 0.1625 0.1625
0 0.72890625 0.26953125 0.16875 0.1484375
1 0.403125 0.76875 0.1578125 0.14375
1 0.49453125 0.62734375 0.1484375 0.1484375
0 0.77578125 0.19375 0.18125 0.18125
1 0.6765625 0.33984375 0.165625 0.153125
0 0.3046875 0.9078125 0.1546875 0.140625
1 0.35 0.834375 0.15625 0.15625
0 0.6734375 0.98125 0.15 0.0375
0 0.83984375 0.76640625 0.1578125 0.1375
0 0.796875 0.83046875 0.1640625 0.1453125
0 0.50390625 0.10234375 0.1890625 0.1671875
0 0.54765625 0.053125 0.1671875 0.10625
1 0.44375 0.1796875 0.1703125 0.16875
1 0.71171875 0.940625 0.1703125 0.11875
0 0.878125 0.7015625 0.159375 0.159375
0 0.95859375 0.5140625 0.0828125 0.159375
0 0.75078125 0.89296875 0.1765625 0.159375
0 0.38984375 0.253125 0.196875 0.1796875
1 0.08828125 0.7171875 0.1765625 0.19375
1 0.3328125 0.32109375 0.1765625 0.1765625
1 0.18046875 0.553125 0.1890625 0.1890625
0 0.125 0.63203125 0.1875 0.1875
0 0.225 0.475 0.1953125 0.1953125
0 0.275 0.3890625 0.1921875 0.1703125
0 0.91484375 0.6375 0.153125 0.1515625
0 0.9375 0.5734375 0.125 0.159375
1 0.975 0.4546875 0.05 0.14375
0 0.3203125 0.0546875 0.2 0.109375
0 0.37109375 0.02265625 0.2046875 0.0453125
0 0.1625 0.26640625 0.209375 0.1890625
0 0.26953125 0.10234375 0.2078125 0.1875
0 0.075 0.43515625 0.15 0.2015625
0 0.109375 0.3484375 0.2125 0.1921875
0 0.2140625 0.1796875 0.1984375 0.1765625
0 0.04453125 0.5140625 0.0890625 0.190625
0 0.0234375 0.60078125 0.046875 0.1984375