0 0.68529308125 0.9089236734374999 0.7750295234375 0.9798122156250001 0.77840854375 0.9744046531249999 0.799330040625 0.9169853031249999 0.7131200078125 0.8452024359375001 0.708584184375 0.843461296875 0.68529308125 0.9089236734374999
0 0.7550863171875 0.8672484609375 0.756527840625 0.8649415406250001 0.7090231765625 0.8189036296875001 0.6037488015625 0.873856153125 0.6527021578125 0.9213073359375 0.7550863171875 0.8672484609375
1 0.46880855156249995 0.811922584375 0.5264468812499999 0.7615118 0.4750421546875 0.6575964359375 0.473402184375 0.6565716687500001 0.4707247 0.659068465625 0.41896934531249996 0.70996968125 0.46798202031249997 0.8110362359375 0.46880855156249995 0.811922584375
0 0.5485069546875 0.7035023375 0.54387645625 0.70060888125 0.4914854578125 0.7563827640625 0.540192246875 0.85602720625 0.595904721875 0.8040744828124999 0.5485069546875 0.7035023375
0 0.552481078125 0.8106890171875 0.63506776875 0.900095921875 0.6440397546875001 0.8857377421875 0.675030128125 0.8320608421875001 0.596863403125 0.7450032984375 0.5923918140625 0.7424216234375 0.552481078125 0.8106890171875
0 0.46899692656249997 0.7096196546875 0.4020287890625 0.6175000203125001 0.3980492265625 0.6150133125 0.35144750937499997 0.672561640625 0.41664438906249995 0.768352278125 0.4176413796875 0.7691596234375 0.46899692656249997 0.7096196546875
0 0.4163416 0.6195918453125 0.352127296875 0.5864710359374999 0.3435907734375 0.58230749375 0.2658157046875 0.6731142890624999 0.338653915625 0.7113448234375 0.4156575546875 0.6209943484375 0.4163416 0.6195918453125
1 0 0.506674490625 0.057002699999999996 0.537566725 0.1445959734375 0.430843615625 0.1279782625 0.4204597171875 0.07237745 0.3896396828125 0 0.4806637921875 0 0.506674490625
1 0.10010117656249999 0.42641980312500005 0.0990436859375 0.42811214218750004 0.063749890625 0.5020130703125 0.1756412859375 0.5856437828125001 0.1850216421875 0.570632075 0.201416996875 0.5370166140625 0.21485651562500002 0.5081775265624999 0.10721554062500001 0.429889709375 0.10010117656249999 0.42641980312500005
1 0.26191982812500003 0.5096830953125 0.25812248437499996 0.5073102515625 0.2093443375 0.566049128125 0.3003728359375 0.6808121546875 0.3497059859375 0.6176686015625 0.26191982812500003 0.5096830953125
1 0.2749259125 0.587198615625 0.20392047343750003 0.4660712109375 0.20302692812499998 0.46551286249999996 0.14282711406249998 0.5211051796875 0.22216016249999998 0.639370228125 0.2452714578125 0.617051909375 0.2749259125 0.587198615625
0 0.759179734375 0.8437399140625 0.888628065625 0.7655823609375 0.8914558078124999 0.761057028125 0.8742872296875 0.7449560125 0.8351377359375001 0.70970565 0.695709575 0.787437003125 0.759179734375 0.8437399140625
0 0.9016718718750001 0.7436225765625 0.8939564671875001 0.7399923125 0.7682804734374999 0.8500444046875 0.7722461593750001 0.852522440625 0.8431840875000001 0.8913820484375 0.8741236062500001 0.8418684687500001 0.92456155 0.7579256359375 0.9016718718750001 0.7436225765625
0 0.42291575000000003 0.6003428875 0.4718651796875 0.654939309375 0.47988146406250004 0.663240415625 0.6092149921875001 0.587641528125 0.60958315 0.5870523515625 0.577906159375 0.5533130921875 0.5568878875000001 0.5315480359375 0.42322366093749997 0.600045540625 0.42291575000000003 0.6003428875
0 0.8074288484375 0.6832903484374999 0.7474122515625 0.6545878484375 0.7359836515625 0.65020081875 0.6379669984375 0.7672299625 0.637859240625 0.7675106781250001 0.7150580015625 0.7973625625 0.8067587234375001 0.685036084375 0.8074288484375 0.6832903484374999
0 0.671923590625 0.6199720984375 0.67698036875 0.6118795609375 0.6176368921875001 0.568764 0.49292912187500004 0.6594519062499999 0.5652622078125 0.7042349734375 0.671923590625 0.6199720984375
0 0.73984053125 0.63788755625 0.7406945031250001 0.6356628875 0.734763059375 0.6319565109374999 0.67061793125 0.607333503125 0.5714210515625 0.724349978125 0.647101896875 0.7540744609375001 0.73984053125 0.63788755625
0 0.44032318750000005 0.627007953125 0.5164654625 0.5167947546875 0.5208476578125001 0.5094984265625 0.5254557531249999 0.49749392812500004 0.4595484234375 0.470368753125 0.45454566406249997 0.4684483734375 0.3655894296875 0.593743525 0.438086903125 0.626149525 0.44032318750000005 0.627007953125
0 0.1516791390625 0.273515103125 0.09769063125 0.23571194218749997 0.0973401875 0.2354929609375 0.0176245234375 0.3284221734375 0.00583071875 0.34729620625 0.0724024484375 0.39111638593750003 0.1641760171875 0.2914444359375 0.16803837500000002 0.285263371875 0.1516791390625 0.273515103125
1 0.165090184375 0.4308560234375 0.2355352953125 0.32452848749999996 0.237111140625 0.320989078125 0.2357215375 0.320120759375 0.1772040734375 0.2923522703125 0.159324909375 0.284391953125 0.086717825 0.39952105625 0.165090184375 0.4308560234375
0 0.23826795 0.44566194374999996 0.341165365625 0.5300978109375001 0.34560474375 0.52299331875 0.37971211718750003 0.45680983125 0.2858787109375 0.37488024062499997 0.27918936250000004 0.37132345 0.23826795 0.44566194374999996
1 0.165553975 0.394041053125 0.26745811875 0.48293456875 0.28856740625 0.4491526484375 0.3104498625 0.40902506718750004 0.2088639234375 0.324025971875 0.20624348593750003 0.3225130609375 0.165553975 0.394041053125
0 0.35185836406250004 0.4142814203125 0.314002703125 0.488129775 0.410926671875 0.5717816250000001 0.4261699859375 0.5473872234375 0.44361963437499996 0.51475890625 0.44982619375 0.503086065625 0.35458932656250003 0.41573349843749996 0.35185836406250004 0.4142814203125
0 1 0.47627019062500003 0.8686476390625 0.5882098 0.8674103375 0.5901898953125 0.9279761656250001 0.6285864937500001 1 0.5747782640625 1 0.47627019062500003
0 0.4302874390625 0.1900326328125 0.3073018703125 0.05347231718749999 0.3045831921875 0.051773498437499996 0.2471886578125 0.1268501421875 0.37666492812499996 0.262206559375 0.394480034375 0.2394042609375 0.4302874390625 0.1900326328125
0 1 0.460764315625 0.9624440515625 0.435432509375 0.9460566265624999 0.42492114843750006 0.8030023046875 0.5481774781250001 0.8670677671875 0.5950223718750001 0.9992324953124999 0.47358433906249997 1 0.472356075 1 0.460764315625
0 0.4090672125 0.23352570312499998 0.55632855 0.3567813546875 0.5644417265625 0.34379755625 0.6009709140624999 0.275096146875 0.461408728125 0.1637230921875 0.4533546859375 0.15944068281249998 0.4090672125 0.23352570312499998
1 0.3446433671875 0.0379604328125 0.271211578125 0.0098867375 0.2554044140625 0.004750678124999999 0.1758700515625 0.1731449953125 0.262211934375 0.20358094218749997 0.3418899234375 0.0464346609375 0.3446433671875 0.0379604328125
0 0.776834990625 0.537592875 0.9190830796875 0.4219879125 0.9236840781250001 0.41462477656249996 0.863389375 0.37081811249999996 0.855842184375 0.36546679531250004 0.7094607468749999 0.48741291562500005 0.776834990625 0.537592875
0 0.5352212109375001 0.204914953125 0.495644428125 0.272747065625 0.48976923906250003 0.28334618749999996 0.6302621765625 0.4035823109375 0.63107705 0.402278240625 0.6382948546875 0.389256975 0.6703206234375 0.32560303749999997 0.5374493953124999 0.2061500546875 0.5352212109375001 0.204914953125
1 0.33350046718750004 0.194972471875 0.47975434375 0.302555971875 0.48111139999999997 0.3031887765625 0.48376068749999995 0.29894903125 0.5224323296875 0.21601742656249998 0.366730834375 0.10881996249999999 0.366621971875 0.1089941796875 0.33350046718750004 0.194972471875
1 0.7074339328125 0.492322928125 0.8467302734375 0.369520365625 0.8483281390625 0.36715143125 0.849208765625 0.3657421359375 0.7982166453125 0.329305309375 0.7740129984374999 0.3129797421875 0.6303901140625 0.436131028125 0.7074339328125 0.492322928125
1 0.7418066999999999 0.39430716875 0.7316615625 0.3768945921875 0.6513802046875 0.2445242625 0.647162959375 0.24188903437499998 0.58700110625 0.2989146421875 0.6772482859375 0.463828771875 0.6815888375 0.45963715 0.7418066999999999 0.39430716875
0 0 0.7043423109375 0.0521686171875 0.6682474234375 0.054742345312499996 0.6641285984375 0 0.6112645296875 0 0.7043423109375
1 0 0.7395722296875 0.06167430625 0.762072928125 0.11931271562500001 0.6772538234375001 0.1194918921875 0.676787053125 0.11638318750000001 0.67484451875 0.0456555703125 0.650196353125 0 0.723380734375 0 0.7395722296875
0 0.1084945625 0.7988551578124999 0.185585971875 0.7407455749999999 0.189179784375 0.7349942734375 0.18118585781250002 0.7285209171875 0.1310535390625 0.6901132203125 0.0496401328125 0.75469171875 0.1084945625 0.7988551578124999
0 0.2467860953125 0.7563292984375 0.18038366875 0.7281431421875 0.118418359375 0.810616271875 0.1203986265625 0.8118536796875 0.1937769328125 0.8369470703124999 0.2499706875 0.7609899890625 0.250866690625 0.7588791374999999 0.2467860953125 0.7563292984375
0 1 0.24320495000000003 0.9827589765625 0.23403773593750002 0.855551346875 0.36909736406250004 0.93287196875 0.409629178125 1 0.342909365625 1 0.24320495000000003
0 0.9258243546875 0.3737344828125 0.9580995828125 0.31799575 0.9698529515625 0.294928465625 0.8333283984375001 0.16892485468750001 0.78960260625 0.25146085937499996 0.9241980609375 0.3729058453125 0.9258243546875 0.3737344828125
0 1 0.2834601875 0.9852003312500001 0.2722669140625 0.9806425796875 0.2705173578125 0.9463461734375 0.3498156265625 1 0.39173793125 1 0.2834601875
0 0.7506588953125 0.12271345625 0.746205975 0.12073088750000001 0.7440231390625 0.1242241578125 0.708379009375 0.20945914999999998 0.8584150218750001 0.32120993124999997 0.8915841703125 0.23922499843749997 0.7506588953125 0.12271345625
0 0.38405581718750004 0 0.5195288015624999 0.11197133906250001 0.541675490625 0.0765292265625 0.566175903125 0.035753693749999996 0.526996303125 0 0.38405581718750004 0
0 0.4812712125 0 0.46073798281249995 0.030441765625 0.593473565625 0.1696483859375 0.5943454734375 0.17019321406250001 0.6054222359375 0.15403742812500001 0.6491904234375 0.089148421875 0.5615772625 0 0.4812712125 0
0 0.7419325515625 0.06780060624999999 0.7437321609375 0.064554021875 0.73343633125 0.0581204734375 0.6574046890624999 0.015975446875 0.5304802046875 0.1612135578125 0.6161489015625 0.20658112812499999 0.7419325515625 0.06780060624999999
0 0.8291857828125 0.11610890468749999 0.7782346 0.0842710734375 0.7456662265625 0.066218128125 0.61549451875 0.2144232625 0.696572734375 0.26133305 0.8291857828125 0.11610890468749999
0 0.43279203125 1 0.5084266859375 0.9270974328125 0.5116055734375 0.921806875 0.4596490578125 0.889340840625 0.45362477031250004 0.8857210828125 0.370846 0.9616536765625 0.432261703125 1 0.43279203125 1
0 0.2277885515625 0.7616642015624999 0.226794296875 0.763255340625 0.20149109375 0.8229499828125 0.2745008109375 0.8844626390625001 0.2768606984375 0.8806860265625 0.291657053125 0.8487643890625 0.30539730625 0.817903278125 0.2343700921875 0.7645944921875001 0.2277885515625 0.7616642015624999
0 0.5538283953125 1 0.55405926875 0.9995780515625 0.48430174062500003 0.907545046875 0.48340159375 0.907004184375 0.44647912187500005 0.97096686875 0.473870234375 1 0.5538283953125 1
0 0.4178875421875 0.9317062796875 0.43122605625 0.9140054734374999 0.371099296875 0.8321663421875 0.36746422500000003 0.8298948968750001 0.3246552203125 0.8897369562499999 0.38433633125 0.9703492593749999 0.3851658296875 0.9709743296875001 0.4178875421875 0.9317062796875
0 0.24427732343750003 0.8679619546874999 0.2494595953125 0.8720107859375 0.304533521875 0.9122089609374999 0.38339049687500004 0.8546822687500001 0.383797503125 0.8540309234375 0.375478771875 0.8475316203125001 0.3268137296875 0.8111141843749999 0.24464359375 0.8673757999999999 0.24427732343750003 0.8679619546874999
0 0.638256025 1 0.58809986875 0.9616348640625001 0.58315921875 0.9581753828125 0.5257211390625 1 0.638256025 1