0 0.6390625 0.25390625 0.1765625 0.1390625
0 0.690625 0.4078125 0.146875 0.1203125
0 0.66484375 0.3375 0.1375 0.1375
0 0.71484375 0.48984375 0.146875 0.146875
0 0.790625 0.71875 0.16875 0.1421875
0 0.553125 0.046875 0.16875 0.09375
0 0.60234375 0.1765625 0.1484375 0.1484375
1 0.7328125 0.55859375 0.146875 0.146875
0 0.575 0.10390625 0.1671875 0.128125
1 0.7546875 0.63984375 0.14375 0.14375
1 0.80625 0.80625 0.14375 0.1203125
0 0.546875 0.41328125 0.14375 0.14375
0 0.575 0.50078125 0.1453125 0.1453125
1 0.62734375 0.66015625 0.1421875 0.1171875
0 0.5140625 0.3359375 0.1765625 0.140625
0 0.459375 0.178125 0.146875 0.146875
1 0.6515625 0.7421875 0.1609375 0.1328125
1 0.596875 0.5828125 0.140625 0.140625
0 0.428125 0.09453125 0.1828125 0.1375
1 0.4828125 0.2625 0.1546875 0.15625
0 0.7015625 0.90234375 0.14375 0.1390625
1 0.67109375 0.8234375 0.1390625 0.140625
0 0.975 0.6890625 0.05 0.115625
0 0.77890625 0.0265625 0.1609375 0.053125
0 0.91875 0.3953125 0.1390625 0.140625
0 0.93125 0.46875 0.1375 0.125
0 0.1890625 0.2515625 0.1953125 0.1515625
0 0.15390625 0.16875 0.1609375 0.1625
0 0.2125 0.346875 0.1765625 0.134375
1 0.959375 0.6140625 0.08125 0.14375
0 0.89140625 0.3265625 0.146875 0.146875
0 0.81875 0.1171875 0.146875 0.146875
0 0.93828125 0.54453125 0.1234375 0.1359375
0 0.23828125 0.43515625 0.18125 0.18125
1 0.4125 0.93828125 0.178125 0.1234375
1 0.25625 0.52109375 0.1859375 0.159375
1 0.3453125 0.784375 0.1703125 0.16875
0 0.37265625 0.8765625 0.1734375 0.1734375
0 0.31171875 0.7015625 0.196875 0.1609375
0 0.27421875 0.609375 0.1890625 0.140625
0 0.86328125 0.2578125 0.1375 0.1375
0 0.83828125 0.18671875 0.1453125 0.14375
1 0.78984375 0.0625 0.1390625 0.125
0 0.05625 0.346875 0.1125 0.140625
0 0.04140625 0.2578125 0.0828125 0.15
0 0.10703125 0.621875 0.190625 0.1890625
0 0.07265625 0.4359375 0.1453125 0.15625
0 0.17421875 0.8140625 0.2078125 0.1671875
0 0.1375 0.71484375 0.178125 0.1765625
0 0.0875 0.52734375 0.175 0.1671875
0 0.203125 0.90703125 0.2015625 0.1640625
0 0.23359375 0.96328125 0.1953125 0.0734375