0 0.0461948609375 0.75657180625 0.12940815781249998 0.830927328125 0.131955965625 0.832008809375 0.14014986406250002 0.8172266265625 0.14745323125 0.8000209703125 0.15988100624999999 0.76860835625 0.0716101703125 0.693729484375 0.0461948609375 0.75657180625
0 0.21403013125 0.6903889265625 0.2150368296875 0.6885727937499999 0.163384740625 0.646593771875 0.06330039374999999 0.7105124515625 0.11620311093749999 0.753516503125 0.21403013125 0.6903889265625
1 0.336926109375 0.45695956249999997 0.2674616390625 0.42482290625 0.19240668593750002 0.5152932781249999 0.195084425 0.5167775734375 0.19653924843749998 0.517395109375 0.2640906234375 0.5439725890625 0.33640788593750004 0.45818042343750004 0.336926109375 0.45695956249999997
0 0.21769665312500003 0.6138316046875001 0.296096409375 0.54556035625 0.3003149484375 0.537949909375 0.2382935671875 0.49931037500000003 0.1488940390625 0.5749488078125 0.17124711875 0.5889165609375 0.21769665312500003 0.6138316046875001
0 0.1233086734375 0.6220341421875 0.20806523281249997 0.7075957171875 0.23236708125 0.663754021875 0.24584497343749998 0.6384057953125 0.1616472125 0.550972021875 0.1616028890625 0.5509484546875 0.1233086734375 0.6220341421875
1 0.28799820625 0.4797544109375 0.3792688859375 0.4084048953125 0.380622115625 0.405963603125 0.32093123125 0.360983296875 0.2274742859375 0.42948350468749996 0.2267022265625 0.43050806250000007 0.28799820625 0.4797544109375
0 0.41357701562500004 0.30615892968749997 0.3347082046875 0.2846064921875 0.2774078828125 0.38979133125 0.3566029796875 0.412042521875 0.41325879062500004 0.307435259375 0.41357701562500004 0.30615892968749997
1 0.4754113234375 0 0.44164554687499996 0.045706553125 0.5358454140625 0.1480675296875 0.585993221875 0.0815191421875 0.50860691875 0 0.4754113234375 0
1 0.5529925140625 0.0988299640625 0.5443373593749999 0.094032334375 0.4764689796875 0.064482415625 0.396316028125 0.1799128984375 0.4066199265625 0.18562444218750002 0.4462912734375 0.2032872640625 0.475581825 0.2157121265625 0.5500653343749999 0.10540451718749999 0.5529925140625 0.0988299640625
1 0.4090559015625 0.36919678125 0.41359970781250005 0.371715453125 0.46466547968749994 0.3129709984375 0.37929897343749996 0.1959436671875 0.32651119687499996 0.25313513125 0.4090559015625 0.36919678125
1 0.5099211078125 0.17077196249999999 0.44055935 0.144412053125 0.3584734 0.25897986875 0.3628131515625 0.26138543125 0.40295984531249995 0.27865760625 0.43431580625 0.2913262375 0.509645240625 0.1714547546875 0.5099211078125 0.17077196249999999
1 0.2944663609375 0.8905064296875 0.2958277921875 0.8908968140625 0.29651873125 0.8896503265625 0.3192959125 0.8102168578125 0.1879692234375 0.7253309265625 0.16484338125 0.8002136953125 0.2944663609375 0.8905064296875
0 0.1275986828125 0.851348325 0.15612013125 0.8726548953125001 0.20492837968750002 0.9081161640625 0.259822046875 0.9385442203125001 0.26270151875000003 0.93458096875 0.27429056875 0.9146673875 0.17544205 0.7796476703125 0.1275986828125 0.851348325
0 0.35641268125000003 0.44229625156249996 0.332392725 0.5115772578125 0.3290187875 0.5226129140625 0.45764825625 0.5989649703125 0.45987181718750003 0.5949535609375001 0.47268670625000003 0.5550534203125 0.48153299531249993 0.5261185171875 0.3568220234375 0.4424214 0.35641268125000003 0.44229625156249996
0 0.3804049703125 0.7252222125000001 0.380713496875 0.72486729375 0.383000596875 0.7207412546875 0.3226412890625 0.668010515625 0.19640462812499998 0.743180875 0.25177580625 0.7996434109375 0.3804049703125 0.7252222125000001
0 0.4126808390625 0.673642509375 0.4410600140625 0.6099018421875 0.32649415625 0.506835940625 0.3262365140625 0.5073007390625001 0.29766009531250004 0.5868376671875 0.4047671890625 0.675731709375 0.4101855546875 0.6781441218750001 0.4126808390625 0.673642509375
0 0.345817359375 0.757268053125 0.34718921406250003 0.7583018187499999 0.34895542812499997 0.7592808468750001 0.39426813437499997 0.69914885625 0.3091270453125 0.571540584375 0.2596935703125 0.636096503125 0.345817359375 0.757268053125
0 0.37004286406250003 0.44705205625 0.48408999843749995 0.517321865625 0.4916056734375 0.5213161953125 0.5038348890625 0.525289709375 0.5274735671874999 0.45805308125 0.529129490625 0.4529566734375 0.399350440625 0.37067979218749997 0.370783078125 0.444773909375 0.37004286406250003 0.44705205625
0 0.698534178125 0.14838543906249999 0.7070848109375001 0.152192428125 0.7105137859374999 0.14600639375 0.73904250625 0.07663426250000001 0.6174521421875 0.0017215921875000002 0.5808105546875 0.0814456640625 0.698534178125 0.14838543906249999
1 0.54888871875 0.162874915625 0.6664680546875 0.22868991093750002 0.6686983093750001 0.22466642499999998 0.677974328125 0.20050157031250002 0.695266353125 0.14968506875 0.581863128125 0.0828170921875 0.54888871875 0.162874915625
0 0.5330550171875 0.23606508124999998 0.4658882125 0.3506777046875 0.47034158593750003 0.3531462484375 0.544171121875 0.37751175 0.6104132453125 0.27201697812500003 0.6128798015625 0.2648535828125 0.5330550171875 0.23606508124999998
1 0.656753771875 0.1885026015625 0.6535393140625 0.1867207984375 0.579451365625 0.1602899 0.509345875 0.2765096890625 0.5155787421875 0.2799646234375 0.5381850390625 0.28819264375000003 0.5898558984375 0.3055864390625 0.6559234546875 0.1907838796875 0.656753771875 0.1885026015625
0 0.5410662015625001 0.45076973750000005 0.54613458125 0.45222307187500005 0.5476183921875 0.4495462078125 0.5683159671875 0.37305148906249996 0.45437762187499997 0.3104227234375 0.43232266093750005 0.3866446375 0.5410662015625001 0.45076973750000005
0 0.5047033453124999 1 0.5707339046875 0.939625625 0.57439218125 0.9330259203125 0.5140562531249999 0.8976648890625001 0.38660864687499996 1 0.5047033453124999 1
0 0.81130314375 0.419272715625 0.9339692140625001 0.28433178125 0.9368347796875 0.27916216562499996 0.8615594 0.23221256875 0.7317824374999999 0.366628940625 0.745938246875 0.376177153125 0.81130314375 0.419272715625
0 0.419013421875 0.89561093125 0.5796320796875001 0.9861962015625 0.5851341671875 0.9877739015625 0.5863209546875 0.9856328781249999 0.6002652953125 0.9370031890625 0.6051982 0.9181696328125 0.44376824687500005 0.8202051875 0.419013421875 0.89561093125
0 0.8124226531250001 0.5761620062499999 0.8147162921875 0.5768196984375 0.816993265625 0.5727119296875001 0.8412491359375001 0.488121653125 0.6735450593750001 0.404176571875 0.6450813328125 0.4874514109375 0.8124226531250001 0.5761620062499999
1 0.782753090625 0.25210653125000004 0.9451584953125 0.31865374218750003 0.9546271765625001 0.3211908671875 0.958434534375 0.3143222109375 0.961961121875 0.30235363125000003 0.9801384515624999 0.2345149171875 0.8124591609375 0.1602572671875 0.782753090625 0.25210653125000004
0 0.475200734375 0.783052875 0.6039396640625 0.9113398609375001 0.6128309421875 0.916268378125 0.643411828125 0.8633007296875 0.654428128125 0.8434267999999999 0.5180632765625 0.71080248125 0.475200734375 0.783052875
0 0.7312713937499999 0.48527656874999997 0.720672271875 0.4794013796875 0.6003827359375 0.619956725 0.6147614828125 0.6279269953125 0.6784154203125 0.6599527625 0.7972318640625 0.5277895765625 0.798919084375 0.52474575 0.7312713937499999 0.48527656874999997
1 0.7958955859375 0.3177647421875 0.6961138625000001 0.46944866718749995 0.695552946875 0.47083698281249997 0.6999255359375 0.47326074843750005 0.784767403125 0.5075390875 0.88366916875 0.34644069375000003 0.88348949375 0.3463410984375 0.7958955859375 0.3177647421875
1 0.5225071390625 0.6957162484375 0.6349336453125 0.8427685500000001 0.6394642859374999 0.845279925 0.678794971875 0.7976493546875 0.6967691312500001 0.7746434796874999 0.5839364625 0.6227798546875001 0.5225071390625 0.6957162484375
0 0.57344355625 0.6207037640624999 0.585353228125 0.6369604953125 0.6811264765625 0.7629707015625 0.6824027734375 0.763678165625 0.7373723437499999 0.6993921296875001 0.6311218171874999 0.54588465 0.6297243453125 0.5451100171875 0.57344355625 0.6207037640624999
0 0.2561572015625 0 0.252501578125 0.0131174015625 0.341149290625 0.05497265312500001 0.34245476875 0.05261750625 0.3565535875 0 0.2561572015625 0
1 0.2628468015625 0.121988621875 0.3338197515625 0.0585267484375 0.3379047359375 0.05115724218749999 0.27436928437499997 0.009559975 0.201571225 0.0799642046875 0.2270151796875 0.09778025312500001 0.2628468015625 0.121988621875
0 0.17921716875 0.1432122890625 0.261243446875 0.19363169062500002 0.266801484375 0.195545475 0.27028691875 0.189257584375 0.2891167859375 0.12721886093749998 0.20217553437500002 0.0707759734375 0.20010587812499997 0.076786690625 0.17921716875 0.1432122890625
0 0.200908615625 0.26811078125 0.20542902500000002 0.2706164859375 0.2509714375 0.2076542234375 0.192839565625 0.1291096203125 0.1429466234375 0.188569715625 0.200908615625 0.26811078125
0 0.7133842453125 1 0.8030286203125 0.9010484125 0.8038521281250001 0.8992823937500001 0.7190658546875001 0.8605623015624999 0.6008762515625 1 0.7133842453125 1
0 0.6552448609375 0.85337918125 0.792076978125 0.9644203875 0.79806748125 0.96708753125 0.8364924796875 0.8919104093750001 0.8382507312499999 0.8879613109375001 0.69440730625 0.7685186875000001 0.66110015 0.8402279859374999 0.6552448609375 0.85337918125
0 0.6857904171875 1 0.6242591609375 0.9209570109375 0.6240533609375001 0.9208074890625 0.5695813249999999 0.989562621875 0.5774458203124999 1 0.6857904171875 1
0 0.7082897671875 0.7596336734375 0.839702653125 0.8937466890625 0.8397417062500001 0.8937683375000001 0.857150965625 0.86361461875 0.8873799328124999 0.8083866140625 0.74984696875 0.6815649796875001 0.7082897671875 0.7596336734375
0 1 0.396586046875 0.9395553703124999 0.341426759375 0.887374634375 0.42537825468749996 1 0.5184655453125 1 0.396586046875
0 1 0.45185115937500003 0.9455065656249999 0.432017171875 0.8451165265625 0.5958540375 0.844898653125 0.5964526421875 0.876268496875 0.608012684375 0.934134571875 0.6290742140625001 1 0.525139140625 1 0.45185115937500003
0 0.805191184375 0.5797719234375001 0.9196378203125001 0.7272495703125 0.92403953125 0.729689478125 0.9857371453124999 0.653499271875 0.86561685625 0.5043642609375001 0.8644201328125 0.5037009078125 0.805191184375 0.5797719234375001
0 0.8640240359375 0.6066568734375 0.7438693609375 0.7638063265625 0.7550540406249999 0.770006096875 0.8326699906249999 0.80456294375 0.9478456874999999 0.6477330703125 0.9485443640625 0.6461638187500001 0.8640240359375 0.6066568734375
0 0 0.469707321875 0.0907121640625 0.5252304546875 0.0942479078125 0.5261778546875 0.0952170734375 0.524429434375 0.10453676249999999 0.4918839859375 0.113838640625 0.4571689046875 0.0175634015625 0.40146390312499997 0 0.45992165781249994 0 0.469707321875
0 0.1517043640625 0.32158125000000004 0.22523301093749998 0.2717793421875 0.227939878125 0.268876584375 0.22969571718749998 0.26570896718750003 0.180761165625 0.22169295 0.09833840625 0.27099256875 0.12699799843749998 0.2985421921875 0.1517043640625 0.32158125000000004
0 0 0.580367671875 0.027211803125 0.5881705312500001 0.084353496875 0.49553062187499997 0.0854946875 0.49155081875000006 0.0267592921875 0.477248171875 0 0.5116972859375 0 0.580367671875
0 0.0984617640625 0.46143226718749997 0.1068186015625 0.4660645375 0.14767926874999998 0.4094184515625 0.0783560625 0.3276884046875 0.0389526390625 0.3917912390625 0.0984617640625 0.46143226718749997
0 0.08023512187500001 0.31992251718750003 0.1319257359375 0.40137605625 0.1342607328125 0.40267036718749993 0.157945690625 0.3744437328125 0.1804907453125 0.345717309375 0.1251733796875 0.2640476828125 0.08023512187500001 0.31992251718750003
0 0 0.627753925 0.066529078125 0.592288971875 0.06654212968749999 0.592274975 0.067556884375 0.5904443109375 0.022698603125 0.546944065625 0 0.5562792156249999 0 0.627753925