0 0.5693854828125 1 0.570591353125 0.9117087453125 0.569959028125 0.9097626468750001 0.568432525 0.9073197328125 0.5035586000000001 0.9301842359375 0.5044025109375 1 0.5693854828125 1
0 0.55003080625 0.9427604828125 0.5002293703125 0.8351484062500001 0.450715053125 0.881157253125 0.50008263125 0.9891633484375 0.55003080625 0.9427604828125
1 0.3449829078125 0.75227321875 0.4512003578125 0.7020176734375 0.45009481406249996 0.7002484328125 0.4483831234375 0.698347409375 0.3983929171875 0.6457115859375 0.2953470046875 0.693481121875 0.3449829078125 0.75227321875
0 0.3909160484375 0.8229832781249999 0.49277101874999996 0.7705613515625 0.49354657812499997 0.7697857921875 0.49034278281250004 0.764658646875 0.47671399843750006 0.7510298625 0.43674673906250006 0.7160305171875 0.336977696875 0.7691896203125 0.3909160484375 0.8229832781249999
0 0.49191716406249997 0.7642296203125001 0.4470516578125 0.7811766015625 0.42081395781250003 0.791248309375 0.42707696093749997 0.91403996875 0.42719928749999997 0.91423573125 0.44105744687500004 0.909002365625 0.5026174109375 0.885371709375 0.49504810624999995 0.7692401765625 0.49191716406249997 0.7642296203125001
0 0.297648403125 0.6832041281250001 0.407780315625 0.6515910328125 0.4111653875 0.64947580625 0.3726758140625 0.585418396875 0.2595654046875 0.614123615625 0.25914780937500004 0.61437453125 0.297648403125 0.6832041281250001
0 0.339034715625 0.6067488703125 0.3215508796875 0.4886380109375 0.3214992125 0.488555325 0.2448973703125 0.5184309953125 0.2628052625 0.6374058625 0.327700671875 0.6115598875 0.339034715625 0.6067488703125
1 0.1144981375 0.1948135640625 0.11140148593750002 0.191925890625 0.11005139531250001 0.19276952187500002 0.05675424531249999 0.2510245703125 0.14027621562499998 0.363394896875 0.1974536484375 0.3028835390625 0.1144981375 0.1948135640625
1 0.159462821875 0.4355386296875 0.207403634375 0.4078599875 0.2262787125 0.396512571875 0.23461324218750002 0.3913045796875 0.1906311484375 0.2702769578125 0.184149825 0.259904671875 0.11284616562500001 0.301858265625 0.159462821875 0.4355386296875
1 0.3408590359375 0.50547653125 0.34852746875 0.5006847640625 0.31222080625 0.4324018625 0.172373759375 0.4701595171875 0.2068491453125 0.5399367390625 0.3408590359375 0.50547653125
1 0.30027677812500003 0.414775603125 0.3054432921875 0.40978635937499996 0.30311424531250003 0.40605910625 0.254470853125 0.3577397046875 0.132445846875 0.42927132031250004 0.18837741562500002 0.48983850156250003 0.30027677812500003 0.414775603125
0 0.7015352499999999 0.9267049249999999 0.650119759375 0.7785580296875 0.6484725703125 0.776449725 0.5827214 0.8286092703125 0.639172940625 0.974736034375 0.66068115 0.958623646875 0.7015352499999999 0.9267049249999999
0 0.67965050625 0.8435235921875 0.673843 0.8342296390625 0.6043127515625 0.878161384375 0.6640500671875 0.9848784609375001 0.705104965625 0.9611754031249999 0.67965050625 0.8435235921875
0 0.526523346875 0.6459793781250001 0.49577177812500006 0.5050276796875 0.4932300609375 0.5009600828125 0.4252889125 0.5329225515625 0.44926987656249995 0.6820855031249999 0.48418881875 0.66662730625 0.526523346875 0.6459793781250001
0 0.6443145328125001 0.7219197796875 0.642444628125 0.71616480625 0.642357775 0.7160258140625 0.5674237 0.7339341375 0.564877415625 0.88788878125 0.6437566890624999 0.8624736640625 0.6443145328125001 0.7219197796875
0 0.46009039218750003 0.7020268578125 0.5992448796875001 0.6988474671875 0.601650284375 0.6981120609375 0.6050431015625 0.69599199375 0.5834471437500001 0.6253548 0.43034922968749995 0.6227486812499999 0.429489609375 0.62328583125 0.46009039218750003 0.7020268578125
1 0.6545134046875 0.7404812453125 0.6566632203125 0.7389193125 0.6486093281249999 0.7260303890625 0.613099375 0.6771551312499999 0.46617413125 0.7212669125 0.5134563156249999 0.7874147046875 0.6545134046875 0.7404812453125
0 0.3397667640625 0.49592712656250004 0.3701078109375 0.56871069375 0.513415140625 0.5444045125 0.5170017359375 0.5428076578125001 0.5207661953125 0.5404553625 0.49879818125000003 0.4829737984375 0.49158729843750004 0.46677788906249995 0.360639628125 0.4907187390625 0.3397667640625 0.49592712656250004
0 0.2884982140625 0.146082715625 0.295119553125 0.13968856093749998 0.292932759375 0.136188959375 0.23714636875 0.08164558281249999 0.12213999687499999 0.1663194234375 0.1823326890625 0.230158075 0.2884982140625 0.146082715625
1 0.3128852203125 0.2768182703125 0.285386334375 0.14475209218750001 0.2847150046875 0.1436777390625 0.20698410625000002 0.17541084375 0.23091741250000003 0.3048666859375 0.2966571203125 0.282724815625 0.3128852203125 0.2768182703125
0 0.308859775 0.42976498281250003 0.4285182265625 0.39174207031249997 0.43409447187500005 0.3882576453125 0.394785421875 0.3173422453125 0.2690157625 0.353108228125 0.2680869640625 0.35362306875 0.308859775 0.42976498281250003
1 0.3660680390625 0.340511521875 0.323575190625 0.2176612859375 0.3206838796875 0.213034221875 0.24958536250000002 0.253040815625 0.29165340624999997 0.38327820468749996 0.31904164218750003 0.3680966578125 0.3660680390625 0.340511521875
0 0.338362353125 0.40812127499999995 0.394966309375 0.52694054375 0.39952055 0.5240947375 0.45870710312499996 0.4728985375 0.401010978125 0.36065145 0.39862185625 0.35780420468749996 0.338362353125 0.40812127499999995
0 1 0.7678833796875 0.9841081968750001 0.72331985 0.7965653578125 0.7192702609375 0.818195696875 0.794865990625 0.8196423328125 0.799597721875 0.9746444343749999 0.7929984421875 1 0.7771545265625 1 0.7678833796875
0 0.4567052578125 0.2056021046875 0.613689146875 0.1159581640625 0.6174626953125 0.1130099453125 0.611364378125 0.1032505984375 0.5929879953125 0.07972989999999999 0.5623065609375 0.0432273671875 0.3971830265625 0.13104747187500002 0.4567052578125 0.2056021046875
0 0.7882632578125001 0.7463174609375 0.9602870578125 0.6951068828125 0.9696700359375001 0.6892437484375 0.9439464843750001 0.6446892531249999 0.9338254421875 0.6280579296875 0.7512170499999999 0.6761290984375 0.7882632578125001 0.7463174609375
0 0.685348403125 0.3445413828125 0.6058984015625 0.174711203125 0.6027225390625001 0.17049669218750002 0.6020125484375 0.17094034375 0.529270415625 0.226370653125 0.6128899328124999 0.39475079687500003 0.670864775 0.355455578125 0.685348403125 0.3445413828125
1 0.39174939062499997 0 0.45134852031249995 0.149627996875 0.48404797187500004 0.1325460765625 0.5320222796875 0.105953484375 0.49322030781250004 0 0.39174939062499997 0
0 0.784042228125 0.48477680625 0.7268342375 0.5446864671875 0.8288118421874999 0.7072479984375 0.8323841765625 0.70501575625 0.8386723015624999 0.6982725671875001 0.888048759375 0.6440816468749999 0.7874361796875 0.487941715625 0.784042228125 0.48477680625
0 0.735233159375 0.3100573921875 0.7159378843749999 0.28445169843749996 0.5493373140625 0.36371115625 0.552331065625 0.368502159375 0.6043004390625 0.432014475 0.766659684375 0.359577890625 0.7693881796875 0.3575218203125 0.735233159375 0.3100573921875
1 0.48522863593750004 0.26622971406249996 0.6680013125 0.229199165625 0.6706153890625 0.227565709375 0.6321559109375 0.1448320015625 0.4513361578125 0.1756167234375 0.45102816093750003 0.175734953125 0.48522863593750004 0.26622971406249996
1 0.8318419875 0.577454575 0.7638866156249999 0.405922659375 0.7612049234375 0.402363934375 0.6839879171875001 0.456220971875 0.7565156859375 0.6321939546875 0.8052355375 0.5975039734375 0.8318419875 0.577454575
1 0.693986521875 0.3267327125 0.63163166875 0.39679629843750003 0.6420791515625 0.41402916406249995 0.726655021875 0.5481442484375 0.731195225 0.5453072140625 0.7658853765625 0.5112565734375 0.787929953125 0.48921199531250004 0.6970287671875 0.3297749578125 0.693986521875 0.3267327125
1 0 0.5318394718749999 0.0729448625 0.51627825625 0.0753958109375 0.5147467328124999 0.0455918390625 0.44766879218750005 0 0.455545609375 0 0.5318394718749999
0 0.093879409375 0.588590025 0.0751675296875 0.492398146875 0.072172896875 0.48760573437500004 0.00603200625 0.520644825 0.0282713 0.621609646875 0.0408751171875 0.6157323906250001 0.093879409375 0.588590025
0 0.074472025 0.6872675140625 0.1264653296875 0.6560267843750001 0.1409174640625 0.6469960890625 0.11284852031249999 0.5556489015625 0.109025675 0.5495310703125 0.0451903734375 0.594429740625 0.074472025 0.6872675140625
0 1 0.4354708703125 0.9339994624999999 0.47256360468749997 0.9719335453125 0.6537448265625 0.9729212953124999 0.6553255546875 1 0.6403155843749999 1 0.4354708703125
0 1 0.5172741359375 0.961364125 0.3537682296875 0.959376625 0.35058756406249997 0.8780702781249999 0.393976171875 0.9217437921875 0.569923453125 0.9226286828125 0.5715198359375 0.9805547625000001 0.5433584109375 1 0.5325797390625 1 0.5172741359375
0 1 0.3713701171875 0.9953443609375 0.3639195375 0.9892552890624999 0.3555386515625 0.9510972265625 0.3054598609375 0.7793002015625 0.3795194703125 0.833716665625 0.44923726249999996 1 0.3873396203125 1 0.3713701171875
0 0.6768548375 0 0.5735169609375 0.0405508078125 0.618693571875 0.117774265625 0.7927024421875 0.05915393906250001 0.8019283328125001 0.053388962500000005 0.7711042015625 0 0.6768548375 0
0 0.6270437156249999 0.140137034375 0.652251740625 0.1706466515625 0.6876817234375 0.2128704609375 0.8538038703125 0.12266459375000001 0.8392498312500001 0.0993732609375 0.7960569343749999 0.047897971875 0.6261477921874999 0.1368635828125 0.625393653125 0.13749638125000002 0.6270437156249999 0.140137034375
0 0.7756508234374999 0.09744596562499999 0.7728716640625 0.099182578125 0.7050926765625001 0.166961565625 0.80952301875 0.328698146875 0.812742775 0.3266862203125 0.8253734953125 0.3140554984375 0.8774522250000001 0.2599459171875 0.7782803390625 0.1000754828125 0.7756508234374999 0.09744596562499999
0 0.9127735187500001 0.3710613140625 0.8671081375 0.18228718125 0.864346378125 0.1778674421875 0.7785431890625001 0.2215863515625 0.8286942171874999 0.4126626765625 0.8827401187499999 0.38636409843749997 0.9127735187500001 0.3710613140625
0 0.2160277109375 0.9169467453125 0.314033615625 0.8944170984375001 0.3234055765625 0.888560846875 0.3111819546875 0.8638035468749999 0.2930250484375 0.8296553734375 0.182961615625 0.852108090625 0.2160277109375 0.9169467453125
0 0.1797433953125 0.7121764078124999 0.16028040625 0.6286072234375 0.15474263593749998 0.6197449374999999 0.096902659375 0.6492527828125 0.11339014375 0.7438684609374999 0.1493806109375 0.7269853281249999 0.1797433953125 0.7121764078124999
0 0.3658018640625 0.9486646203125 0.32691711562500003 0.8864360171874999 0.219255921875 0.9179858546874999 0.2539971265625 0.9688873109375 0.36538694375 0.9489238921875 0.3658018640625 0.9486646203125
0 0.1974013140625 0.8751161890624999 0.24158012968749998 0.8494077765625001 0.26016826718749997 0.8373365015625 0.2309414671875 0.7374179015625 0.22993274375 0.7358646046875 0.168324759375 0.7780821812500001 0.19683562968749999 0.8742451093750001 0.1974013140625 0.8751161890624999
0 0.15880879375 0.79192855625 0.24324352968750002 0.7443533640625 0.24349375 0.7440850359375 0.2397473765625 0.7380895859375001 0.217322346875 0.7171779078125 0.1898152078125 0.693160321875 0.10536241875 0.7441276234374999 0.15880879375 0.79192855625
0 0.375711290625 1 0.3429646671875 0.914962575 0.3416532734375 0.913399715625 0.29261616562500004 0.9529401906249999 0.29950398749999996 0.9780220546875 0.3059438921875 1 0.375711290625 1