0 0.8142533578125001 0.0686047578125 0.7843742171875 0.0354206109375 0.7276621171875 0.1368221765625 0.7698907796875 0.18536666875000002 0.7753449109375 0.1825876515625 0.8312357625000001 0.08842880625 0.8142533578125001 0.0686047578125
0 0.6941338015625 0.22212839374999999 0.7681639890625 0.129273640625 0.7312510062500001 0.0726528546875 0.6568951703125 0.16502033437500002 0.6941338015625 0.22212839374999999
1 0.56129803125 0.2958014578125 0.49765007656250004 0.20533603125000002 0.4280393765625 0.2259248875 0.42354926718749997 0.2273838125 0.49062368593750005 0.3243261171875 0.5621830375 0.29852522656249997 0.56129803125 0.2958014578125
0 0.49098375625 0.202870303125 0.570851146875 0.2828762484375 0.619304846875 0.26109150468750003 0.640762784375 0.24968211718750002 0.6385461015625 0.2453316328125 0.5582930015625001 0.16719721875 0.49098375625 0.202870303125
0 0.6606753000000001 0.1112457640625 0.5798960953125001 0.20121294218750002 0.5939482859375 0.22555204843749999 0.6185943890625001 0.2677169359375 0.6236263046875 0.26515304687499996 0.7027030937500001 0.17954590312500002 0.66973326875 0.12244049374999999 0.6626117390624999 0.11025910000000001 0.6606753000000001 0.1112457640625
0 0.45561014375 0.2288634921875 0.454429240625 0.2293647546875 0.36535449999999997 0.30347393125 0.3944168734375 0.37194059375 0.395082465625 0.373246890625 0.4885648234375 0.30025249062500003 0.45561014375 0.2288634921875
0 0.4329507203125 0.34808315625 0.33759624375 0.27737041093750003 0.275224871875 0.33100613125 0.3714336546875 0.40198996875 0.3788147953125 0.3960128375 0.43379407968750006 0.349413353125 0.4333973109375 0.34863465 0.4329507203125 0.34808315625
1 0 0.5215071078125 0.015409632812499999 0.5676816390625 0.016753059375 0.5703182625000001 0.020744184375 0.5689440078125 0.140483834375 0.503958221875 0.1128618375 0.4254221875 0 0.48895825625 0 0.5215071078125
1 0.2017403484375 0.42828113593749995 0.17490260625 0.3798645671875 0.06609385625 0.47044165 0.105605321875 0.5431269984375 0.1165030234375 0.5375743421875 0.21653686875 0.456485875 0.21207509687499998 0.44772915468749996 0.2017403484375 0.42828113593749995
1 0.28611712499999997 0.3125916828125 0.2128462796875 0.3388366015625 0.28721515468750003 0.46314310625 0.352218259375 0.44202231718749996 0.3617691640625 0.4371558875 0.360740396875 0.43398966874999995 0.28611712499999997 0.3125916828125
1 0.1467031171875 0.42818571875 0.170626278125 0.498425171875 0.17131828124999998 0.4981733015625 0.2937457015625 0.42707321093750006 0.28217909531249996 0.395294221875 0.26631854062500004 0.35456919375 0.2640658984375 0.35014813437500003 0.1467031171875 0.42818571875
0 0.767723471875 0.336878653125 0.7712203578125 0.335674578125 0.8948263265625 0.24627271093749997 0.8687608906250001 0.17057319375 0.8667679375 0.166661803125 0.7410947265625001 0.264355903125 0.767723471875 0.336878653125
0 0.8213328796875 0.299484221875 0.9154208781250001 0.2153835375 0.910415025 0.20414020625 0.8944697546875 0.172845853125 0.7850838453125 0.22329911249999998 0.8162303484375 0.301511934375 0.8163317171875001 0.3017108828125 0.8213328796875 0.299484221875
0 0.6005233828125001 0.45534401874999997 0.52060926875 0.3316580328125 0.501883521875 0.3370275546875 0.44699018749999997 0.3536067546875 0.5214612375 0.4842077140625 0.536505021875 0.47989397968749997 0.6014667953124999 0.4586340890625 0.6005233828125001 0.45534401874999997
0 0.7880495484375001 0.3534139234375 0.834629865625 0.30591551093749997 0.833403078125 0.3045042546875 0.7088146703125 0.2303153859375 0.6464815078124999 0.2847705109375 0.6466787765625 0.28499744374999997 0.7788106265625 0.3614451953125 0.7880495484375001 0.3534139234375
0 0.52962014375 0.3900205171875 0.5700847453125 0.46078276875 0.5770381109375 0.4572398515625 0.666496815625 0.3428399234375 0.6235982109375 0.27924012343750004 0.52962014375 0.3900205171875
0 0.6236436984375 0.41816230781249997 0.6263391640625 0.4172341859375 0.7442249609375 0.32417194375 0.7199378375000001 0.2536370203125 0.7189896328125001 0.2517760640625 0.5969097578125 0.3424284796875 0.6236436984375 0.41816230781249997
0 0.522093778125 0.508587121875 0.5192012312500001 0.49605812499999996 0.5158771359375 0.488222921875 0.4558145859375 0.3684853546875 0.45348059375 0.3690241984375 0.3771786171875 0.391025125 0.44783142187499997 0.5274812296875 0.4530527578125 0.5262757890625 0.522093778125 0.508587121875
0 0 0.6171631453125 0.076582278125 0.7239843140625 0.1487354625 0.6882385328125 0.1388136453125 0.66876586875 0.07034425625 0.5658021828125 0 0.6042886125 0 0.6171631453125
1 0.21730527031250002 0.5904977015624999 0.18015025 0.5319189 0.080081378125 0.6174632671875 0.1200065328125 0.6901090734374999 0.1262498890625 0.6869279234375 0.225863553125 0.6055751984375 0.22306759375000001 0.6000878203125 0.21730527031250002 0.5904977015624999
0 0.2237822546875 0.51314335 0.22439136093749998 0.51401324375 0.3217536078125 0.6012932859375 0.387768396875 0.555069234375 0.3848740703125 0.5493887984375 0.29380703124999996 0.462581075 0.2237822546875 0.51314335
1 0.24785751406249998 0.6434656125 0.31307265 0.5943224828125 0.311645590625 0.5915217234375 0.2159821140625 0.5020638328125 0.1460643015625 0.5521285812500001 0.24785751406249998 0.6434656125
0 0.4011739375 0.5613332328125 0.46274693906250003 0.5163710046875 0.4590408453125 0.509097384375 0.36743486875000003 0.428892196875 0.29891564375 0.47712032656250003 0.4011739375 0.5613332328125
0 1 0.463110215625 0.9640297265625 0.40139877031250004 0.894797484375 0.41282689218749996 0.8928569234375001 0.41381565781249996 0.9765806265625001 0.5812847796875 1 0.5763068390625 1 0.463110215625
0 0.3969385578125 0.8944592421875001 0.31143273125 0.7336052046875 0.2248061890625 0.758366409375 0.308181378125 0.9272714625 0.3397668140625 0.9173749046875 0.3924955421875 0.900242303125 0.39791960625 0.8974786031249999 0.3969385578125 0.8944592421875001
0 1 0.565812528125 0.9993606156249999 0.564557665625 0.8635390015625 0.44333924687500004 0.8003446249999999 0.4823342609375 0.9390217828124999 0.6142931921875 0.954744225 0.6040829203125 1 0.5721887515625 1 0.565812528125
0 0.5136388984375 0.8355126281249999 0.5874949843749999 0.7818530390625 0.5849935609375 0.77694371875 0.44591573437500004 0.6514044250000001 0.3773981515625 0.7066332546874999 0.5136388984375 0.8355126281249999
1 0.1344944578125 0.8609970640625001 0.144204821875 0.9030572781249999 0.16634147187499998 0.9465028999999999 0.326581371875 0.887286071875 0.32452441875 0.8783764296875001 0.3005374390625 0.7942939640625 0.1344944578125 0.8609970640625001
0 0.7698765390625 0.6780343796875 0.9013380234374999 0.5423801859374999 0.8829797109375 0.511826821875 0.8575241140625 0.4705761375 0.723284053125 0.6057722453125 0.766613625 0.6798078265624999 0.7686622171875 0.6787640171875 0.7698765390625 0.6780343796875
0 0.65800250625 0.7596988421875001 0.659768240625 0.75879915625 0.659709103125 0.758666328125 0.552275371875 0.60836876875 0.5329169703125001 0.6169876859375 0.46966765937500005 0.6468335328125 0.4699269859375 0.6474159875 0.5785172890625 0.7917508875 0.6493405250000001 0.76355540625 0.65800250625 0.7596988421875001
1 0.4495843609375 0.68654151875 0.448731415625 0.685064175 0.3025978046875 0.8057274359375001 0.35077423125 0.8881813109375001 0.35540465781249997 0.8858219921874999 0.4894058765625 0.767941553125 0.4495843609375 0.68654151875
1 0.8197684625000001 0.685771059375 0.7308736687499999 0.5227322437499999 0.6392574 0.5491848187499999 0.7320985421875 0.71403109375 0.760426203125 0.7069682140625 0.820861146875 0.690153578125 0.8197684625000001 0.685771059375
1 0.7223216046875 0.6580529453125 0.7371143921875001 0.6443673671875 0.6986284031250001 0.5642859953125 0.6957030234375 0.559008471875 0.5611829921875 0.69033091875 0.6018026937500001 0.76202955625 0.611300978125 0.7571899390625 0.7223216046875 0.6580529453125
0 0 0.34605769531249997 0.0000608546875 0.346134821875 0.0090407109375 0.34155935625 0.0682777546875 0.3100624625 0.0650282671875 0.30368498593750004 0.006618698437499999 0.23237595781249998 0 0.235892584375 0 0.34605769531249997
1 0.08190403125 0.185186478125 0.0201944265625 0.26766903750000004 0.0663823140625 0.32461779375 0.068600865625 0.3234873859375 0.0688039421875 0.3233169828125 0.131190996875 0.24639159843749997 0.09809858593750001 0.20435850000000003 0.0819792078125 0.1851481734375 0.08190403125 0.185186478125
0 0.08758598749999999 0.21331606406249998 0.11020928906250001 0.2852576203125 0.112545584375 0.28445316875 0.19748560937499998 0.22930949531249997 0.180190315625 0.1723267265625 0.1759398875 0.1599825875 0.175561446875 0.15923985937500001 0.08758598749999999 0.21331606406249998
0 0.1948849625 0.2573887890625 0.19836900156249998 0.2556135828125 0.26405835 0.18878073125 0.22680933749999999 0.11836807499999999 0.2259238328125 0.1188192625 0.1544287765625 0.1926453609375 0.1948849625 0.2573887890625
0 1 0.6241927515625 0.851909628125 0.7251568765624999 0.8798086421875 0.8083202796875 0.8823258671875 0.8132606125 0.8833974515625 0.8128916374999999 1 0.727630375 1 0.6241927515625
0 0.9567205578125 0.8138632515625 0.8445797531249999 0.6687965499999999 0.842582096875 0.66960365625 0.762594559375 0.70702620625 0.8727552921875 0.852897315625 0.8927978453125001 0.8447996 0.9580720578124999 0.8172083296875 0.9567205578125 0.8138632515625
0 1 0.592057665625 0.9908830656250001 0.5844349734375001 0.9274857109375001 0.6257286015625 0.91412110625 0.63474314375 0.914868134375 0.63620926875 1 0.70514224375 1 0.592057665625
0 0.6885256203125001 0.8382873656250001 0.7447094609375 0.91368016875 0.7523274796874999 0.90979859375 0.8590877953125 0.7650843515625 0.8070699625 0.6935590640625 0.6885256203125001 0.8382873656250001
0 0.5033188843749999 1 0.4083971984375 0.8851552187499999 0.324445703125 0.9373359546875 0.38163033749999997 1 0.5033188843749999 1
0 0.503352165625 1 0.6138487734375 0.9452375999999999 0.5989512734375 0.8854869921875 0.5909965500000001 0.8541175843750001 0.590498115625 0.853139353125 0.5901155 0.85323475 0.4166825328125 0.9359492250000001 0.4326521828125 1 0.503352165625 1
0 0.5973645703125 0.9964001296875 0.6556021249999999 0.9818798765625001 0.6903489421875 0.9641754890625001 0.60684691875 0.8016113953125 0.512810246875 0.8231561859375001 0.5124054203124999 0.8233624546874999 0.5973645703125 0.9964001296875
0 0.5913295296875 0.850766875 0.614747559375 0.9446914625 0.6195955359374999 0.943482728125 0.7922027359375 0.8540073906250001 0.7840482093750001 0.8213013671875 0.769584775 0.7675205625 0.767619603125 0.76366369375 0.5913295296875 0.850766875
0 0.4365732765625 1 0.437653271875 0.99884173125 0.4221555265625 0.9797036109375 0.37470191875 0.9240365531249999 0.3002486453125 1 0.4365732765625 1
0 0.47523848125 0 0.4184071453125 0.015206176562500002 0.47536833593749994 0.1120230453125 0.5128947171875 0.10266666875 0.5414093546875 0.09463938125 0.5398729437500001 0.08847717499999999 0.49072070468750006 0 0.47523848125 0
0 0.3344461265625 0.1544320171875 0.317432484375 0.1261165625 0.2964435515625 0.09235536093749999 0.2310845921875 0.16272701875 0.264273834375 0.22027975781250003 0.2675620921875 0.21860430625 0.2708302625 0.21664059375 0.33479204687499997 0.1551109234375 0.3344461265625 0.1544320171875
0 0.5177359578125 0 0.49044332187500006 0.0399599171875 0.5367937046875 0.0972066625 0.537570825 0.0968106984375 0.5377216406249999 0.09668415 0.5894779796875 0 0.5177359578125 0
0 0.45992338750000006 0.07062659375 0.43847995937500006 0.02422756875 0.43751694687500003 0.0246166515625 0.35900541874999997 0.08703554687500001 0.3852567171875 0.15695504843750002 0.38697395 0.15626124218749998 0.46822609687499994 0.091176521875 0.45992338750000006 0.07062659375
0 0.3508096328125 0.055186768750000004 0.29604765624999996 0.13603642968750002 0.3410827078125 0.193419125 0.34187599999999996 0.19301492343749999 0.34593830937500003 0.189606240625 0.3963032796875 0.1102416390625 0.3787016828125 0.088356359375 0.35085128593750003 0.055165545312499994 0.3508096328125 0.055186768750000004
0 0.559708275 0 0.6276639234375 0.049483179687500004 0.6326045734375 0.0460237 0.6849437453125 0.0059887453125 0.68329820625 0.00275919375 0.6787657390625 0 0.559708275 0