0 0.3877306109375 1 0.3955817734375 0.8957643875000001 0.39428135625 0.8901316625 0.33025974687500004 0.906070453125 0.3207477328125 1 0.3877306109375 1
0 0.4012324828125 0.93151904375 0.4040195046875 0.9310276156249999 0.401823984375 0.8647861062500001 0.28792270468750003 0.8311859187499999 0.2901744421875 0.8993253031249999 0.4012324828125 0.93151904375
1 0.37766599375 0.6684857 0.35268329375 0.5966366140625 0.23513367187499998 0.6055177703125 0.2368255921875 0.609925371875 0.26463247968750003 0.6769800328125 0.374992275 0.6695120453125 0.37766599375 0.6684857
0 0.3747502203125 0.7711817562500001 0.3789551296875 0.7704403171875 0.3763623109375 0.6961917390625 0.26379380625 0.6644094 0.27183592343749996 0.7437015265625 0.3747502203125 0.7711817562500001
0 0.3774200875 0.728013128125 0.3291214015625 0.740677721875 0.301974653125 0.7479516734375 0.2953610484375 0.8708568296875001 0.29657728125 0.8706423750000001 0.3097985953125 0.8671766796875 0.37349140468750003 0.85011024375 0.3782153375 0.7309810437500001 0.3774200875 0.728013128125
1 0.3327239515625 0.6117161109375 0.33680628125 0.493870165625 0.32237020156249996 0.4964156359375 0.262908940625 0.5101433515625 0.255310178125 0.6257666093750001 0.25559876406250004 0.6270166140625 0.3327239515625 0.6117161109375
0 0.2302492109375 0.515212746875 0.34353794843749996 0.5260018765625001 0.349789309375 0.5248995937500001 0.34220109062500004 0.4688934859375 0.3380178859375 0.4451693578125 0.21978755 0.4336190421875 0.2302492109375 0.515212746875
1 0.261116225 0.073821384375 0.2594160953125 0.0696134171875 0.25886134375 0.069711234375 0.1850266890625 0.10036223281250001 0.21323355156249998 0.23750224531250003 0.2906271078125 0.20682455625 0.261116225 0.073821384375
1 0.1720525328125 0.212950521875 0.196409296875 0.285864996875 0.33509829999999996 0.26828413125 0.33687210156249997 0.2677077875 0.3359261921875 0.2623432734375 0.3093884953125 0.1853318546875 0.1723284453125 0.204524671875 0.169602584375 0.20541035624999998 0.1720525328125 0.212950521875
1 0.349268653125 0.36500635937500003 0.20197038906250003 0.3557932921875 0.2082410859375 0.39302254062499997 0.21559148593750002 0.43470872812500005 0.34681001875 0.44133490625 0.360375071875 0.438943021875 0.35116933125 0.3757856484375 0.349268653125 0.36500635937500003
1 0.314489159375 0.3816115328125 0.30497326406249997 0.2403559375 0.3047951078125 0.23964139687500002 0.23318629999999999 0.2590855984375 0.234121996875 0.40052816093750004 0.28167522031250003 0.3897929671875 0.314489159375 0.3816115328125
1 0.5612068906250001 0.9699486109375 0.5648912578124999 0.9692989578125 0.5692105296875 0.88688233125 0.42215455625000003 0.8337140968750001 0.41646638593749996 0.911879809375 0.5612068906250001 0.9699486109375
0 0.5249509609375 1 0.5968021875 0.968009775 0.5957719859374999 0.9621672125 0.593009734375 0.9559630921875 0.5815585890625 0.9359698906249999 0.41520382656250004 0.9540653593749999 0.4378923640625 1 0.5249509609375 1
0 0.375815490625 0.6144504234375 0.523043225 0.6115379 0.526298365625 0.6104802406250001 0.50759745 0.5447361093749999 0.5027613234375 0.5298520359375 0.3528445375 0.5411438671875 0.3697957203125 0.5959234765625 0.375815490625 0.6144504234375
0 0.5556698515625 0.8056082671875 0.5543902468749999 0.7934336390625 0.40601730937499997 0.7593221078125 0.405337346875 0.7594420046875 0.41376812812499997 0.8415987828124999 0.555483009375 0.8723095687500001 0.5573427015625 0.8721141078124999 0.5556698515625 0.8056082671875
0 0.495679171875 0.573745665625 0.42106529375 0.594070121875 0.40924406874999997 0.738127290625 0.44897631875000005 0.7311214234375 0.48449 0.7242182625 0.5025076359375 0.576949990625 0.501679134375 0.5726877109374999 0.495679171875 0.573745665625
0 0.441961334375 0.6677792828125 0.427822128125 0.8205280984375 0.44029823593749995 0.8183282234375 0.5067954046875001 0.8017486171874999 0.5160661796875 0.6542434734375 0.5152535609375 0.6509842390625 0.441961334375 0.6677792828125
0 0.34611607499999997 0.4472978171875 0.35794792656249996 0.525259565625 0.50145365625 0.536235575 0.5109984109375 0.5345525765625 0.5043272453125 0.47955063124999997 0.50012538125 0.45572067499999996 0.36762895156250003 0.44729374375 0.34611607499999997 0.4472978171875
0 0.4284791421875 0.12389305625 0.43182188593750004 0.0425950078125 0.3316683796875 0.021968099999999997 0.2906802296875 0.0291954171875 0.2847780859375 0.101234759375 0.41829685625 0.12387372187500001 0.42566626875 0.12438904218749999 0.4284791421875 0.12389305625
1 0.3276985671875 0.2090622109375 0.4597187515625 0.18157289999999998 0.4591830578125 0.1785348265625 0.4498060203125 0.1527716296875 0.42951785156250005 0.1030753390625 0.300062009375 0.1270086453125 0.3276985671875 0.2090622109375
0 0.3437915234375 0.2705139078125 0.34629489375 0.353116665625 0.47448823906250004 0.3806585578125 0.4750215953125 0.38064924843750003 0.47550770781249996 0.380563534375 0.47399734374999997 0.2940349015625 0.344882159375 0.270403703125 0.3443653671875 0.2704127234375 0.3437915234375 0.2705139078125
1 0.430056196875 0.3051755015625 0.447851628125 0.1772576484375 0.4467515890625 0.1710190171875 0.365980240625 0.1743565046875 0.3443366046875 0.309497359375 0.3756319796875 0.3084045 0.430056196875 0.3051755015625
0 0.50373113125 0.4405547484375 0.47988398749999994 0.366555234375 0.3476561875 0.3745789890625 0.37474162187500004 0.45387095781250003 0.4970215390625 0.44273482656249996 0.50373113125 0.4405547484375
0 0.7544574515625 0.7957934125 0.71794108125 0.9596676421874999 0.785949196875 0.9572927468750001 0.7907985656250001 0.9564376734375 0.836695528125 0.7988391109374999 0.8358973890625 0.7943126375 0.7603040437499999 0.7955892453125 0.7544574515625 0.7957934125
0 0.569293309375 0.2034219609375 0.7507666671875 0.18752579375 0.7541312 0.1866242703125 0.752848440625 0.17934937812500001 0.738847396875 0.12709676875 0.7299446859375001 0.09521694375 0.5428796078125 0.117284909375 0.569293309375 0.2034219609375
0 0.7937276046874999 0.896782896875 0.8147252375 0.7102317140625 0.8139858734375001 0.7060385703125001 0.741742271875 0.7166070453125 0.7146412343749999 0.903481859375 0.79314596875 0.8968543125 0.7937276046874999 0.896782896875
0 0.74833838125 0.2614693703125 0.748592521875 0.25419173281249996 0.7482624062500001 0.25231955781250004 0.6626552 0.245024578125 0.61616611875 0.43247337343750003 0.7094169781249999 0.435729765625 0.74833838125 0.2614693703125
1 0.678533575 0 0.5293542078125 0.037508890625 0.5624935578125 0.1281759828125 0.7314413156249999 0.08062914843749999 0.7410673421875 0.0765431421875 0.7401537265625 0.07136176875 0.7346466171875 0.057439757812500006 0.7102648859375 0 0.678533575 0
0 0.8581640640625 0.72263549375 0.8260540015625001 0.6505151109375 0.63660675 0.680862175 0.63669123125 0.6813412875 0.6727544453125 0.7598871328125 0.8524897499999999 0.7288521265625 0.85876739375 0.726057140625 0.8581640640625 0.72263549375
0 0.6123827671875001 0.4528321046875 0.6164260875 0.47363318593750003 0.80029424375 0.4754221421875 0.795601509375 0.4488083203125 0.7816956671875 0.38994564375 0.6011786015625 0.38378077187500004 0.6005527390625 0.3839024265625 0.6123827671875001 0.4528321046875
1 0.587061603125 0.303862325 0.7742433953125001 0.282690046875 0.773013184375 0.275713165625 0.744010284375 0.195732121875 0.561195540625 0.21064022031250001 0.5608784109375 0.21073115625 0.587061603125 0.303862325
1 0.8380930296875 0.6607747359375 0.8256380906249999 0.5992931234375 0.8190706750000001 0.5708465109375 0.6300425703125 0.5629630890625 0.6480660687500001 0.6566029999999999 0.833692109375 0.66179076875 0.8380930296875 0.6607747359375
0 0.7478624546875 0.6067217203124999 0.75231811875 0.5870680015625 0.7838024515625001 0.4358810125 0.7828890515625 0.4307008671875 0.69970235625 0.43137888125 0.653233796875 0.61353786875 0.6592669546875001 0.6134325609375 0.7478624546875 0.6067217203124999
0 0 0.190725509375 0.0604790171875 0.2008059296875 0.06392779374999999 0.20086612812500002 0.0677516125 0.20019188593749998 0.069039446875 0.12641185 0 0.11268945625 0 0.190725509375
0 0 0.28403502812500003 0.060586953124999995 0.274438996875 0.07126976874999999 0.272555328125 0.07339247812500001 0.17714089375 0.0727929625 0.1737408734375 0 0.1852929875 0 0.28403502812500003
0 1 0.8330915781250001 0.8654685625 0.840142071875 0.8646254421874999 0.8402907374999999 0.8672888453125 0.8771593796875001 1 0.9081653234375 1 0.8330915781250001
1 0.076962409375 0.35597647499999996 0.09428901875 0.259658753125 0.093271090625 0.253885796875 0.0168242640625 0.2602875453125 0.00280378125 0.3605857953125 0.033822546875 0.3589601703125 0.076962409375 0.35597647499999996
0 0.0925457875 0.31798851875 0.09201453281250001 0.3180821921875 0.0251000546875 0.3439238296875 0.0340202484375 0.44571685156249996 0.03974328125 0.4447077265625 0.058244709375 0.438337175 0.1053640109375 0.4206793734375 0.09441707656250001 0.32342313125 0.0925457875 0.31798851875
0 0.12369895 0.5076476765625 0.1269334265625 0.5070773515625 0.1282636484375 0.43086892812500005 0.028044596875 0.404167146875 0.032399609375 0.48404561562500004 0.12369895 0.5076476765625
0 1 0.635759675 0.9211760625000001 0.6336334078125 0.8662986531250001 0.8099855859374999 0.9534510812500001 0.813029015625 1 0.6791687734375 1 0.635759675
0 0.993342009375 0.5444694328125 0.9931808890625 0.543555675 0.9035501625 0.5403117234375 0.8562253046875 0.7206383187500001 0.8563571359375001 0.7213859703125001 0.8563830859375001 0.7213859312500001 0.9498052171875001 0.719755240625 0.9933655515625001 0.5458181343749999 0.993342009375 0.5444694328125
0 1 0.77689123125 0.853864103125 0.76127144375 0.8536135843749999 0.7613156171875 0.8652324328125 0.84826085 1 0.8648135171875 1 0.77689123125
0 0.9669193609375 0.44860761718750003 0.9650968390625 0.43827158125 0.8806346390625001 0.4516081625 0.852482740625 0.6381365796875 0.9494779609374999 0.62397618125 0.9669193609375 0.44860761718750003
0 0.7897226953125001 0.0685586546875 0.8153728109375 0.260345190625 0.823574021875 0.258899096875 0.90919318125 0.22941805624999997 0.8742053046875 0.03926146875 0.8741024562499999 0.038962775 0.7897226953125001 0.0685586546875
0 0.7646478890624999 0.25336816562500003 0.7825929671875 0.305484459375 0.9690843921875001 0.280924546875 0.9638278437500001 0.2511131796875 0.9428907953125 0.190307575 0.752384521875 0.21247413593750003 0.7510661062499999 0.21292810312500002 0.7646478890624999 0.25336816562500003
0 0.9864857718750001 0.379612675 0.9805958890625 0.3462094828125 0.95932666875 0.284439184375 0.7678201312499999 0.3074430765625 0.80112755 0.3984813 0.9864857718750001 0.379612675
0 0.8485060359375 0.3546505578125 0.8574994203124999 0.5527853046875 0.8632538140625 0.55177065 0.9516990171874999 0.5264093953125 0.93912041875 0.33223723125000004 0.9386469406250001 0.330586015625 0.8485060359375 0.3546505578125
0 0.7606865625 0 0.8089317578124999 0.16366180624999999 0.8769649062499999 0.1367888328125 0.8996334078125001 0.1271666265625 0.8655659734375 0 0.7606865625 0
0 0.156530009375 0.8059403749999999 0.18019715625 0.70386359375 0.18011067812499998 0.701387175 0.17944717968749999 0.6976242874999999 0.11197723906249998 0.697950846875 0.08360856250000001 0.8078819484374999 0.11896476250000002 0.80725218125 0.156530009375 0.8059403749999999
0 0.118196453125 0.4705394171875 0.116373921875 0.47086077968750006 0.05710665625 0.4972842375 0.06853661250000001 0.5919446765624999 0.0716719 0.5913918421875 0.10544448125000001 0.5776567359375 0.13654069375 0.5644571765624999 0.12095118125 0.47702915625 0.118196453125 0.4705394171875
0 0.1141909515625 0.7753645828125 0.10508137343749999 0.886955625 0.1326108984375 0.8821014265624999 0.1649138671875 0.8744568312500001 0.186630821875 0.7610347843749999 0.1864304453125 0.7600039375 0.1141909515625 0.7753645828125
0 0.0708471625 0.7013824171875 0.1681818515625 0.7251019203125 0.174674959375 0.7239570109375 0.1745084984375 0.7207807234375 0.16916986875 0.6517352203125 0.070596640625 0.6280959046875 0.0708471625 0.7013824171875
0 0.052274121875 0.559906903125 0.0531895015625 0.56642016875 0.064882371875 0.6335938796875 0.1613988015625 0.6469677515625001 0.162314090625 0.6468063609375 0.1608447703125 0.6363516046875 0.15113574375 0.576349515625 0.053084021875 0.5597640968750001 0.052274121875 0.559906903125
0 0.23593738437499998 1 0.23414893281250002 0.9898571859375 0.21990071875 0.9366821265624999 0.10485018906250002 0.9207622984375 0.12671241875 0.988808378125 0.2040710140625 1 0.23593738437499998 1
0 0.20231739218749997 0.8277236078125 0.130218315625 0.843822653125 0.122359878125 0.9579476859374999 0.12249590937499999 0.9584553640625 0.1362771421875 0.9560253609375 0.1843100015625 0.9431549953125 0.1884067546875 0.9190469875 0.202325346875 0.8277532921875 0.20231739218749997 0.8277236078125
0 0.22356923437499998 1 0.2186133671875 0.964737165625 0.21802157968749997 0.961380975 0.177201740625 0.9695851421875 0.169614128125 1 0.22356923437499998 1