0 1 0.3469376203125 0.9305643140625 0.2618541640625 0.9281458515625 0.260342940625 0.9216617703125 0.2675442421875 0.9079065843749999 0.28955714062500004 0.8907178015625 0.31863887968750004 0.966188240625 0.4064044703125 1 0.350176446875 1 0.3469376203125
0 0.9008490015625 0.31216021562499996 0.8987458890625 0.3102665640625 0.847898565625 0.352779003125 0.8915458859375001 0.4632207765625 0.9438541453125 0.41949559062499997 0.9008490015625 0.31216021562499996
0 0.8003057015625 0.5449294124999999 0.7332215921875 0.5080086046875001 0.652182575 0.59287223125 0.653674953125 0.594215975 0.656014453125 0.595408009375 0.721547325 0.6266328953125 0.7997554984375 0.5460092484375 0.8003057015625 0.5449294124999999
0 0.7583737953125 0.448893909375 0.7274385546875 0.4896368171875 0.7871692890624999 0.5850418859375 0.8037458859375001 0.566631709375 0.837327771875 0.52789521875 0.777928496875 0.4299451296875 0.776529984375 0.42872941875 0.7583737953125 0.448893909375
0 0.837398084375 0.3664639625 0.8334597046875001 0.3629178296875 0.779540790625 0.4207387859375 0.83976975 0.526206503125 0.8939159296874999 0.4687620828125 0.837398084375 0.3664639625
0 0.730244321875 0.6480362859375 0.6748224609375 0.5438730890625 0.674302765625 0.5434051531249999 0.61899636875 0.5949792015625001 0.6705912859375001 0.6996497265625 0.670923540625 0.700006028125 0.730244321875 0.6480362859375
0 0.6808547546875 0.6924037656250001 0.5985248000000001 0.6054040171875 0.55289003125 0.673847034375 0.6358004984375001 0.7610339953125 0.6808547546875 0.6924037656250001
1 0.30752991875 0.9239204453125 0.303142140625 0.9287935671875 0.356895296875 0.9873628015625 0.4761174375 0.913952375 0.42081968437499995 0.8517186078125001 0.30752991875 0.9239204453125
0 0.4420149859375 0.94595626875 0.44453902031250003 0.944054271875 0.5106904531249999 0.8923457031250001 0.4494158234375 0.771939025 0.4447958359375 0.7677791703125 0.43897038125 0.7721689656249999 0.37885206875 0.8182521625 0.44127364843750005 0.944972478125 0.4420149859375 0.94595626875
1 0.524839259375 0.652552571875 0.5219146484375 0.6507952890625 0.516324559375 0.6570037109375 0.47989344218749996 0.7176352734375 0.5842846234375 0.8180609562500001 0.626339240625 0.7525718593749999 0.524839259375 0.652552571875
1 0.4817733484375 0.70781141875 0.42811195 0.768938809375 0.519809096875 0.8787864859375001 0.5663957421875 0.82086209375 0.4852777421875 0.7107519531250001 0.4817733484375 0.70781141875
0 0.832641834375 0.1624390578125 0.8298615781249999 0.159935703125 0.7622571796875001 0.2072728109375 0.8108967390625 0.355888134375 0.8759941484375 0.3122468546875 0.832641834375 0.1624390578125
1 0.7823535296874999 0.2517225375 0.8397931703125 0.29613905625000003 0.91890198125 0.20436467343750003 0.8947347796875 0.182604428125 0.8833278640625 0.1730328890625 0.7765509296875 0.24029478750000002 0.7735860156250001 0.24382823281250002 0.7823535296874999 0.2517225375
0 0.6220014203125 0.4293083140625 0.5051673671875 0.5183359328125 0.5037778203125 0.5200518796875 0.562320659375 0.5688377484375 0.6873734109375 0.4840646265625 0.6586061437499999 0.45895023281249997 0.6220014203125 0.4293083140625
0 0.7150588 0.3783164921875 0.8550545828124999 0.3158327015625 0.8554798375000001 0.315360409375 0.799295459375 0.2548121578125 0.67213529375 0.313494628125 0.667602321875 0.3185290015625 0.7150588 0.3783164921875
0 0.6117948859375 0.4985567875 0.7438681890625001 0.441652821875 0.744822 0.4405935078125 0.6969327796875 0.381455246875 0.559003775 0.43446966875 0.55534996875 0.4385276328125 0.6117948859375 0.4985567875
1 0.6790109703125 0.287298290625 0.6775958296875 0.2864140125 0.6697010546875 0.2951820484375 0.6358099890625 0.349419090625 0.731748884375 0.469121240625 0.77536783125 0.4005025640625 0.6790109703125 0.287298290625
0 0.6064637828125 0.5282257375 0.5841675734375 0.4975376359375 0.462081678125 0.5477601765625 0.4488648609375 0.5542095437500001 0.44342715781250003 0.5581602671875 0.4434201765625 0.5581680203125 0.487558396875 0.6220792734375 0.6297588421875 0.5657027343750001 0.630414746875 0.5652261921874999 0.6064637828125 0.5282257375
0 0.18021494062500001 0.8785084843750001 0.177046334375 0.882027578125 0.24130719374999998 0.939888315625 0.3317752828125 0.857347159375 0.2924156078125 0.82190755 0.2696091421875 0.8025289250000001 0.18021494062500001 0.8785084843750001
1 0.2257065765625 0.8401273515625001 0.300508878125 0.88225203125 0.379636175 0.7742882328125 0.374791640625 0.76992619375 0.354883765625 0.7593409906249999 0.305256290625 0.7353580390625 0.22776998437499998 0.8362466484375 0.2257065765625 0.8401273515625001
1 0.44804533593749996 0.6151753875 0.3410836296875 0.6741593906250001 0.3343844796875 0.6815995499999999 0.3891929953125 0.744276625 0.5043004265625 0.6761255703125 0.5020489687499999 0.673625075 0.44804533593749996 0.6151753875
1 0.3691484578125 0.6597174921875 0.36590490625 0.6567969859375 0.2987952453125 0.7020630234375 0.352015478125 0.828046825 0.42211563906249994 0.778237721875 0.3691484578125 0.6597174921875
1 0.4765508828125 0.5377577515625 0.46993175468750004 0.5317978609375 0.41088611249999996 0.5865891359375001 0.47432311875 0.700079465625 0.5334182484375 0.6471269656249999 0.4765508828125 0.5377577515625
0 0.5761958593750001 0 0.650259325 0.153460384375 0.707795646875 0.0998678671875 0.7113548921875 0.09643074375 0.6569348453125 0 0.5761958593750001 0
0 0.227320984375 0.61363355625 0.0837586109375 0.50149474375 0.08138352812500001 0.5002318906250001 0.0774086546875 0.504646434375 0.051263318749999995 0.5538186578125 0.0360323609375 0.5832057203125001 0.187893415625 0.6946443078125 0.227320984375 0.61363355625
0 0.6668348187500001 0.1358643453125 0.535134303125 0.0067945265625 0.530361334375 0.0039266390625 0.5278848890625001 0.0066770109375 0.502472059375 0.048971059375 0.49283275625 0.06588615 0.6234070515625 0.20229368124999997 0.6668348187500001 0.1358643453125
0 0.31882185625 0.3753864078125 0.15515008749999998 0.46267309843750004 0.150212828125 0.46815648125 0.20898156562499998 0.5374350734375 0.3727546421875 0.4451178171875 0.330479109375 0.3892789828125 0.31882185625 0.3753864078125
1 0 0.72261434375 0.012037759375 0.7334531906249999 0.042420387500000004 0.75805655625 0.173434678125 0.6327771453125 0.15921485625 0.6199735609375 0.145731021875 0.6084906875 0.10310330625 0.5739714453125 0 0.6671768703125001 0 0.72261434375
1 0.406018771875 0.22997848125 0.48236306406249996 0.2694476078125 0.610313009375 0.128354825 0.610148240625 0.128206465625 0.5678219125 0.105054084375 0.536349621875 0.088319971875 0.40776150156249996 0.22670088124999999 0.406018771875 0.22997848125
0 0.21551405625000003 0.41407289687500004 0.2754432109375 0.46482734218750005 0.28486109375 0.47245379375 0.4276669015625 0.3549740421875 0.42652414375000003 0.3539450984375 0.41495406093750004 0.3445758296875 0.3578283859375 0.301983215625 0.217117315625 0.41209303750000004 0.21551405625000003 0.41407289687500004
1 0.15165948906249999 0.60273770625 0.307836565625 0.510146525 0.308394028125 0.5096445843749999 0.3093066921875 0.50863096875 0.24485303281249998 0.437047928125 0.088960584375 0.5361839890625 0.0861406046875 0.5393158953125 0.15165948906249999 0.60273770625
0 0.5094106890625001 0.1768947796875 0.3345573421875 0.23577973281250003 0.33086314375 0.23827150156250002 0.380605146875 0.31820134218749996 0.560132775 0.25498268749999997 0.5280401359375 0.20451406875 0.5094106890625001 0.1768947796875
1 0.3906767515625 0.42615953749999996 0.45544330000000005 0.370908203125 0.37572075625 0.20517651718750002 0.37257851875000003 0.202347234375 0.30584232031249997 0.2675445109375 0.31506224843749997 0.2854641765625 0.3905220375 0.425981559375 0.3906767515625 0.42615953749999996
1 0.6518004875 1 0.6919567390625 0.952477925 0.6876262265624999 0.948578715625 0.6705784640625 0.939892446875 0.6221784968749999 0.9171035796875 0.5612587375 0.9951961046875001 0.56003270625 0.9976023312500001 0.5649391890625 1 0.6518004875 1
0 0.730070628125 0.9216588187499999 0.6607055109375 0.8498493953124999 0.6590177749999999 0.84879478125 0.653092103125 0.8553759062499999 0.651401809375 0.8580809421875 0.6193899921875 0.9125203031250001 0.6934089296875 0.9854567265625 0.730070628125 0.9216588187499999
0 0.71885580625 0.9116150109375001 0.7958127734375 0.854658165625 0.7625899078125 0.8247441640625001 0.7376402140625 0.8038088828125 0.6575103203125 0.8621999546874999 0.65487748125 0.8653376484375 0.71885580625 0.9116150109375001
0 0.31159414218750003 0 0.2934786671875 0.0054780984375000005 0.291445228125 0.007736459375 0.3435866546875 0.083730990625 0.5180204015625 0.0246379921875 0.518367571875 0.024252420312500002 0.5020091078125 0 0.31159414218750003 0
0 0.3670035484375 0 0.23700845625000003 0.11680258125000001 0.23577890781250002 0.11869591875 0.308389640625 0.1715917296875 0.447704153125 0.0492227890625 0.43953279375000004 0.041865264062500004 0.375065940625 0 0.3670035484375 0
0 0.441481940625 0 0.4612831078125 0.064775659375 0.46179587343749995 0.0655358671875 0.47550829375000003 0.0562867234375 0.53754414375 0.012974584375 0.533353696875 0 0.441481940625 0
0 0.17046290625 0.16311701875 0.164382115625 0.1698704203125 0.23180149062500002 0.2365735421875 0.3916194890625 0.139325153125 0.3280297640625 0.0778591578125 0.17046290625 0.16311701875
0 0 0.4907418640625 0.06589913593749999 0.544837928125 0.113614678125 0.45827055625 0 0.37397138750000003 0 0.4907418640625
0 0 0.348995153125 0.10262180624999999 0.4827230390625 0.10374137812499999 0.48369626875 0.1545958421875 0.42566549687500005 0.1661694609375 0.41235156875 0.0515172171875 0.25817954374999996 0.0513546484375 0.258038225 0.0064198328125 0.30794339531250003 0 0.31532856875 0 0.348995153125
0 0.102535734375 0.38358729999999996 0.256594071875 0.2724261140625 0.19045335937500002 0.2128727484375 0.18236391406250002 0.20584070156249998 0.033905434375 0.31710235937500003 0.0293287078125 0.3223672796875 0.102535734375 0.38358729999999996
0 0.182414525 0.31875586718750004 0.31601884375 0.1724461859375 0.3133395046875 0.170033696875 0.23089790781250003 0.124335575 0.10249186562499998 0.27053043906249996 0.10165907968750001 0.27203282500000003 0.182414525 0.31875586718750004
0 0.853381728125 0.63760198125 0.902566703125 0.6884981531250001 0.9978524546875001 0.6336039984374999 0.9990909953125 0.632228459375 0.9786653843750001 0.6105361234375 0.9506523937500001 0.5825231328125 0.8572604968749999 0.633294171875 0.853381728125 0.63760198125
0 0.829215128125 0.8036768390625 0.7661491687499999 0.7386212140625 0.7624714953125 0.7362329046875 0.7595201203124999 0.7395107390625 0.7259554203125 0.7911958453125 0.7254342031250001 0.7920309078125001 0.7882974140625 0.8646406921875001 0.829215128125 0.8036768390625
0 1 0.5522356671875001 0.9767491937500001 0.510859225 0.9703593734375 0.50510580625 0.9305392171875001 0.548280075 0.9764079671875001 0.65550269375 1 0.631068759375 1 0.5522356671875001
0 0.85840905 0.6220814125 0.8187460484375 0.681320034375 0.8908793640624999 0.7605809453125 0.9280216265625001 0.695142003125 0.8642676765624999 0.6256016296875 0.85840905 0.6220814125
0 0.7542915421874999 0.7491535171875 0.8084922656250001 0.7943255687499999 0.891819884375 0.7434635484375 0.855985990625 0.7111985671875 0.8482371515624999 0.704462603125 0.83603283125 0.6945353953125 0.7569195453125 0.7461303453125 0.7542915421874999 0.7491535171875
1 1 0.4999915640625 0.9416953093749999 0.5341050421875 0.9416772453125001 0.5341299046875 0.9995619734375 0.580029953125 1 0.5797225484374999 1 0.4999915640625