0 0.2742267421875 0.9155804546875 0.2504638453125 0.9393433515625 0.25597604218750003 0.9456844109375 0.352444159375 0.9931892359375001 0.401189803125 0.946083425 0.2986964859375 0.89229025 0.2742267421875 0.9155804546875
0 0.304624803125 0.899237653125 0.4124722171875 0.9418596656249999 0.455826634375 0.8900052890625 0.34575563125 0.845904084375 0.3028653140625 0.8972135937499999 0.304624803125 0.899237653125
1 0.48662671093750004 0.7145178375000001 0.5796304078125 0.7854205921874999 0.6404052109375 0.7382331265625 0.54954294375 0.670083021875 0.4933698796875 0.7086560890625 0.48662671093750004 0.7145178375000001
0 0.49639980625 0.8578685593750001 0.554482428125 0.765095940625 0.5072098781250001 0.7028361609375 0.5036991203125 0.7058880171874999 0.4464087765625 0.80036045625 0.49639980625 0.8578685593750001
0 0.3605958921875 0.835016171875 0.46189205937500005 0.89331075625 0.5202727125 0.8401753671875 0.4158721984375 0.778114915625 0.3571190328125 0.831016503125 0.3605958921875 0.835016171875
0 0.545485003125 0.68569665625 0.650087959375 0.7284693890625 0.6978340953125 0.6695078203125 0.589399853125 0.6211935046875 0.5427724515625 0.6825762234375 0.545485003125 0.68569665625
0 0.7578367453125 0.6370563781249999 0.6695748359375 0.5564048406250001 0.66160935 0.5615776890624999 0.6019101 0.6022773765625 0.6027599718750001 0.6035860609375 0.6902005890625 0.68387869375 0.7578367453125 0.6370563781249999
1 0.9939215656249999 0.37229316562500003 0.93945581875 0.3125981671875 0.9302499031250001 0.3206007484375 0.8523385265625001 0.42168869375 0.8983748874999999 0.4738054171875 0.9062160531250001 0.4825139140625 0.9939215656249999 0.37229316562500003
1 0.9442583359375 0.4614438140625 0.9464537578125001 0.4591703890625 0.945567646875 0.45831468124999997 0.8273991625000001 0.3809150640625 0.7743328828125 0.4349691328125 0.7690903234375 0.44039796249999996 0.7741048968750001 0.44616656875 0.884873365625 0.5208004749999999 0.9442583359375 0.4614438140625
1 0.707327534375 0.4902036015625 0.651112871875 0.5235907671875 0.654471225 0.5296493953125 0.7468576046875001 0.6326488734375 0.7838796125 0.6121272390625 0.8154267953125001 0.594322909375 0.8165510312500001 0.5933456265625 0.7169007515625 0.48489708125000003 0.707327534375 0.4902036015625
1 0.7433614109375 0.5605359078125 0.7578637765625 0.5846718984375 0.760428015625 0.5876217171875 0.8671478875 0.49437302968749997 0.8231206375 0.42467134375000004 0.7224440078125001 0.5240247015625 0.7433614109375 0.5605359078125
0 0.179190834375 0.8442864984374999 0.2262304015625 0.9114659656249999 0.22789007031250003 0.9133751953125 0.321982728125 0.78452965 0.27639555625 0.722156184375 0.273366021875 0.7242774859375001 0.179190834375 0.8442864984374999
0 0.223956453125 0.7710159859375 0.1726419171875 0.8851532750000001 0.207871525 0.9168741578124999 0.28849116406249997 0.8249091921874999 0.2288642109375 0.7667497375 0.223956453125 0.7710159859375
0 0.5276069375 0.507881828125 0.425004428125 0.6129952828125 0.44996440781249997 0.6529396000000001 0.46911087343749996 0.6811958609375 0.47170827812500005 0.68418383125 0.5707670874999999 0.57076373125 0.5294794375 0.5067117609375 0.5276069375 0.507881828125
0 0.26643362812500004 0.6974851015625 0.21811308437500002 0.7639926234375001 0.21895730625 0.764963790625 0.364047825 0.8094677171875 0.40511455781250005 0.7422974265625 0.404228134375 0.7416534015625 0.26643362812500004 0.6974851015625
0 0.4579042015625 0.5563667234375 0.4543532265625 0.559042575 0.3692012328125 0.6805403828125 0.40987729687499996 0.7345193421875 0.4157636359375 0.7412908015624999 0.5034210781249999 0.6262608765625 0.45997473749999995 0.558748603125 0.4579042015625 0.5563667234375
0 0.3264773703125 0.6467002546875 0.27892190625 0.69104644375 0.2831575609375 0.6959190078125 0.4101682703125 0.76749655625 0.46920334218750004 0.711585953125 0.3337080703125 0.640414703125 0.3264773703125 0.6467002546875
0 0.47760438125000004 0.5475171484375 0.48525346562499994 0.5512496484375 0.609138159375 0.6022121609375 0.61054613125 0.600274253125 0.6536980578125 0.533611340625 0.5108524515624999 0.4769790234375 0.5077026984375 0.4813142859375 0.46776990312500005 0.5391361703124999 0.4706857515625 0.54249046875 0.47760438125000004 0.5475171484375
0 0.86602696875 0.33373940625 0.87368311875 0.3395752609375 0.933817975 0.23692395 0.91521824375 0.21552740625000003 0.87265111875 0.1822703234375 0.8665576906249999 0.18756725937500002 0.804403909375 0.28559419375 0.86602696875 0.33373940625
1 0.747057878125 0.3329981 0.7868426640624999 0.386988684375 0.78834095 0.38871226718749996 0.8820664765625 0.2965259671875 0.83635306875 0.225572521875 0.73715245 0.318851684375 0.747057878125 0.3329981
0 0.6117611828125 0.43733585625 0.6505152437499999 0.4921429265625 0.6607314109375 0.5038952828125 0.7502773375 0.40661123593750004 0.6994082500000001 0.33869135781250004 0.6932790125 0.3431445125 0.6117611828125 0.43733585625
1 0.696204334375 0.3170201765625 0.6595075640625 0.35006210000000004 0.6621337171875 0.35308314375 0.7645053921875 0.43329528906250003 0.829793715625 0.377327315625 0.7208925515625 0.2955590375 0.696204334375 0.3170201765625
0 0.580040825 0.41719660468750003 0.531809421875 0.4770514171875 0.5351264437500001 0.4808672140625 0.53674121875 0.482174834375 0.646908525 0.5363925078125 0.7006106546875001 0.47207363124999996 0.580040825 0.41719660468750003
0 0 0.65431028125 0.10436287500000001 0.6952893437500001 0.107271196875 0.6912863828125 0.1523346484375 0.6268513640625 0 0.5780505171875 0 0.65431028125
0 0.6570348484374999 0.037703690625 0.505198653125 0.1491240359375 0.541225640625 0.218635571875 0.5479145796875 0.2312156375 0.5497437515625 0.23331985937500002 0.696487275 0.1186962 0.6570616484375 0.037689440625 0.6570348484374999 0.037703690625
0 0.1769925609375 0.5136457 0.11747041875 0.46400865312499995 0.11385543437500001 0.46715111093750006 0.031053204687500002 0.6314394640625001 0.06675295 0.6651079515625 0.0853613203125 0.6818630046874999 0.1769925609375 0.5136457
0 0.5436124453125 0.213467703125 0.4818037484375 0.15350951875000002 0.477460721875 0.1572848546875 0.474988178125 0.1595905390625 0.3690069265625 0.3032900015625 0.432642625 0.3715309328125 0.5436124453125 0.213467703125
1 0.68153365 0 0.5798744109375 0.1012569484375 0.6121153828125 0.1456328375 0.6345320203125 0.17493370156250002 0.7668831390624999 0.0502914609375 0.74297274375 0.0173816234375 0.727863128125 0 0.68153365 0
0 0.228352290625 0.40300582343749997 0.087748284375 0.5291592796875 0.10393058125000001 0.5609188265625 0.126340740625 0.6036427734375 0.12648620156249998 0.60381010625 0.2697905296875 0.47834205625 0.23165980468749997 0.40132055937500005 0.228352290625 0.40300582343749997
0 0.418647771875 0.40503190624999996 0.48780423281249996 0.360620565625 0.49239626718749996 0.35740518906249996 0.3580736578125 0.2301935 0.331810165625 0.24858339375 0.28692462500000004 0.2815087015625 0.28479333281249997 0.28336140625 0.2866190875 0.2859688546875 0.418647771875 0.40503190624999996
1 0.44068629687499994 0.225516621875 0.4866384765625 0.29886098125 0.49034915 0.30312962187500003 0.6225213140625 0.168410975 0.56572429375 0.0910828125 0.562241359375 0.0936133140625 0.44068629687499994 0.225516621875
1 0.36150309062499997 0.45534131718750004 0.1986771640625 0.359000828125 0.1776761296875 0.379281290625 0.13376828125 0.424037190625 0.134180359375 0.4245112328125 0.1368828015625 0.4273096953125 0.2953873609375 0.524058053125 0.36150309062499997 0.45534131718750004
1 0.2816721921875 0.2933258484375 0.2108917171875 0.34023311093749997 0.21154790937499998 0.3412435609375 0.32511199999999996 0.45182033906249996 0.3397961328125 0.465622434375 0.4218196109375 0.4188972140625 0.422063128125 0.41868552656249997 0.42156454375 0.41791777343750003 0.2816721921875 0.2933258484375
1 1 0.5865902640625 0.985881990625 0.5656937234375 0.9836698109374999 0.56724270625 0.91481566875 0.6384379765625 0.9441187296875 0.6831953203125 0.9492285656250001 0.6904929234375 0.9596625937500001 0.7024959 1 0.6573843296875 1 0.5865902640625
0 0.907390175 0.6178970031250001 0.859807175 0.7022672890625 0.8962812687499999 0.736932359375 0.9151966828125 0.7539638734375 0.9153614296875 0.7538206609375 0.96368131875 0.6629750640625 0.9125576046875 0.6134050249999999 0.907390175 0.6178970031250001
0 0.7895286453125 0.7425620796875 0.8725536453125 0.7821729703125 0.92723466875 0.7237818609375 0.8332988468750001 0.679817046875 0.785884046875 0.7383694484375 0.7895286453125 0.7425620796875
0 0 0.485465621875 0.1035367609375 0.3651561671875 0.0520298828125 0.28747090937499997 0.0504144328125 0.2885605453125 0 0.3512068859375 0 0.485465621875
0 0 0.3612933984375 0.0439442765625 0.4374071203125 0.0456500453125 0.43936938281250004 0.17603036562500002 0.3057400375 0.12700720000000001 0.23046046250000002 0.12505210625000002 0.2315892375 0 0.356902740625 0 0.3612933984375
0 0.0586537984375 0.2507141109375 0.0431078046875 0.272111334375 0.0453002109375 0.27463340937499997 0.21311959218749998 0.34697830625 0.2725287703125 0.26900947343750004 0.09573903125 0.20320090781250003 0.0586537984375 0.2507141109375
0 0.3593698703125 0 0.49245136718750004 0.1055756984375 0.563719334375 0.0370807390625 0.5119593078125 0 0.3593698703125 0
0 0.37600325 0 0.28627263593749996 0.1127972609375 0.30609738124999997 0.1364234734375 0.35009509687499996 0.1870370546875 0.46755620000000003 0.0347135625 0.4384280625 0 0.37600325 0
0 0.205111140625 0.1539082296875 0.24713897187499997 0.24007805312500002 0.2498214515625 0.24316389374999997 0.397462225 0.122804334375 0.3572755984375 0.0362468703125 0.3510055328125 0.039304985937499995 0.205111140625 0.1539082296875
0 0.16897572031250002 0.1252485203125 0.12575029375 0.16282380937500002 0.2553795015625 0.2998975109375 0.335626678125 0.25157985625 0.2028882625 0.10566910468749999 0.16897572031250002 0.1252485203125
0 0.7003466296874999 0.9329122953125 0.699709959375 0.9321798906250001 0.6074707546875 0.872401978125 0.594215384375 0.8839246968750001 0.5804959843749999 0.8962777000000001 0.5547689984375 0.9202513437500001 0.5586385968750001 0.92470280625 0.6501960171875 0.9808752703125 0.7003466296874999 0.9329122953125
0 0.86064044375 0.7878825093749999 0.7828280750000001 0.7315868734375 0.7820416171875 0.7321788875 0.7451362625 0.761012509375 0.7306635015625 0.7735934890625 0.7331701625 0.77680186875 0.8034747921875001 0.8339578703124999 0.86064044375 0.7878825093749999
0 0.600371909375 1 0.6194660625 0.9423762609375 0.559008875 0.90003691875 0.5588745640624999 0.9001536734375 0.5583839078125 0.9008810984375 0.5370247125 1 0.600371909375 1
0 0.73177389375 0.85153055 0.6744137234375 0.8079983453124999 0.6722352109374999 0.8098920984375001 0.632951796875 0.9001761265624999 0.6453986140625 0.9111577093750001 0.6899761640625 0.948562715625 0.73177389375 0.85153055
0 0.7892918046874999 0.8120578937499999 0.7408668375 0.758512865625 0.7349381453125 0.7636666 0.691079753125 0.844783328125 0.7101651140625 0.865387471875 0.7402792546875 0.8965715781249999 0.7892918046874999 0.8120578937499999
0 0.569828075 1 0.5290393875 0.9426320421875 0.529013615625 0.9426487796874999 0.49129580156249997 1 0.569828075 1