0 1 0.4030938609375 0.9851160578125 0.33435462031249996 0.98217364375 0.3307210421875 0.9523296296874999 0.348653134375 0.9238114765625 0.3667616109375 0.9510282359375 0.478472446875 0.951494059375 0.479047690625 1 0.44876120625000004 1 0.4030938609375
0 0.9227549187499999 0.3740383703125 0.9223360218750001 0.373521075 0.8653324671875 0.4103880421875 0.895690665625 0.5250131765625 0.952442103125 0.4883013765625 0.9227549187499999 0.3740383703125
1 0.7857355796875 0.6285257421875 0.7543793234375 0.558667246875 0.6403000796875 0.5773906078125 0.6385587687500001 0.57880069375 0.6401206859374999 0.5820031 0.673665959375 0.6463790671874999 0.78464630625 0.629057015625 0.7857355796875 0.6285257421875
0 0.748213996875 0.5978210578125001 0.853641446875 0.5634645593750001 0.8536617734374999 0.5634481 0.8099739343750001 0.5010554015625 0.703843275 0.533976590625 0.6996360140625 0.5373835640625 0.748213996875 0.5978210578125001
0 0.75939824375 0.50500984375 0.76049341875 0.5063622734375001 0.7972679046875 0.5375570546875 0.818797109375 0.555622203125 0.922826225 0.49081976875000005 0.9207998937499999 0.48831745781249997 0.9119728890625 0.48082855 0.8614601875 0.43844336093749997 0.7611657234375 0.50290344375 0.75939824375 0.50500984375
1 0.708481703125 0.6746530859375001 0.654908421875 0.5695821296875 0.64386126875 0.5785279390625 0.5981766687500001 0.6196625375 0.6479369734375 0.7252175765625 0.6482629609375 0.7255796218749999 0.708481703125 0.6746530859375001
0 0.647037896875 0.7225836125 0.5863887390625 0.6192934515624999 0.52652725625 0.6757166890625 0.587699934375 0.7793198515624999 0.647037896875 0.7225836125
1 0.23911687812500002 0.9111192156250001 0.29797251406249997 0.9687093328125 0.41018018281249996 0.885649178125 0.40380017968750004 0.87777053125 0.4027574578125 0.8767635859375 0.3522791265625 0.828936421875 0.24256328906250002 0.9075503515625 0.23911687812500002 0.9111192156250001
1 0.3807071515625 0.9324511687499999 0.3833577125 0.9307298734374999 0.45295501250000003 0.88376175625 0.4000292296875 0.7589032890625 0.39648621875 0.7545280359375 0.389792753125 0.758874821875 0.32660628593749996 0.800652121875 0.3800362453125 0.9314180625 0.3807071515625 0.9324511687499999
1 0.538250246875 0.810767296875 0.5745335093749999 0.7889661140625 0.53188353125 0.6585490609375 0.5267434046874999 0.652201534375 0.47093732031249996 0.683509434375 0.4615551296875 0.689146821875 0.5057409671875 0.8299632671875001 0.538250246875 0.810767296875
1 0.367470315625 0.8015384078125001 0.42190682187500006 0.8519622625000001 0.540933446875 0.7764867718749999 0.537810840625 0.7726306734375 0.5070577453125 0.741576975 0.48273075624999995 0.718084675 0.3679818734375 0.8010086765625 0.367470315625 0.8015384078125001
1 0.7570544781249999 0.32583410156250003 0.7570702421875 0.3258535703125 0.820798646875 0.3804281484375 0.9531334734374999 0.29734225625 0.95157049375 0.29541213593750004 0.9335488703125 0.2790928265625 0.8944212546875001 0.24507970937499998 0.7588067749999999 0.3238183140625 0.7570544781249999 0.32583410156250003
0 0.9776479109375 0.31238482031250003 0.9586564390625 0.2822722484375 0.924598475 0.229827584375 0.886572859375 0.1828698609375 0.8813464609375 0.186263925 0.8633907609374999 0.2007017109375 0.907287065625 0.3621776171875 0.9776479109375 0.31238482031250003
0 0.687480334375 0.51551210625 0.6391614531250001 0.4558432578125 0.5063399093750001 0.5125877171875 0.5026761296875 0.51566199375 0.553922471875 0.5815420421875 0.687480334375 0.51551210625
0 0.695718603125 0.334430659375 0.6927293078125001 0.3358886375 0.69132763125 0.3370236921875 0.7265359625000001 0.40966437187500004 0.8721088187499999 0.389794284375 0.843201053125 0.3161850046875 0.695718603125 0.334430659375
0 0.7136226046874999 0.5057826078125001 0.6704482140625 0.3753030109375 0.665351409375 0.3690089796875 0.6042347265625 0.41023270156249997 0.6462247343749999 0.5564306546875 0.6474408859375 0.5579324765625 0.7136226046874999 0.5057826078125001
0 0.6620737671875 0.45672677500000003 0.8139581765624999 0.4307333703125 0.8141410203125 0.4305853046875 0.7746979140625 0.3594280578125 0.6301356640625 0.38858653125 0.6272310453125 0.3909386453125 0.6620737671875 0.45672677500000003
0 0.4345722296875 0.5592589359375 0.4760628640625 0.628541909375 0.6017735703125 0.5818883406250001 0.6195022906250001 0.5739909859375001 0.6205056 0.57331424375 0.6211867859375 0.57276263125 0.6060081859374999 0.5490555359375 0.5777372734374999 0.5071421859374999 0.43791919375 0.5570013796875 0.4345722296875 0.5592589359375
0 0.21724575625 0.7601564421875 0.125863496875 0.832487759375 0.1543558234375 0.8676728546874999 0.1841579125 0.8964523953124999 0.2779445453125 0.8166995734375 0.27421395625 0.81209268125 0.21724575625 0.7601564421875
1 0.281662928125 0.7025187359375 0.171386375 0.7819418390624999 0.17270663749999998 0.7835722265625 0.23209649687499997 0.840510334375 0.340625740625 0.7659917375 0.2936593890625 0.714941434375 0.281662928125 0.7025187359375
0 0.36155934843750004 0.726550115625 0.47559685937499996 0.6610430859374999 0.46660932343750006 0.6499444046875 0.4181496 0.5964414234375 0.31170100624999997 0.6620014859375 0.3054105796875 0.66786740625 0.36155934843750004 0.726550115625
1 0.358022525 0.6523704078125 0.241266571875 0.7095181984375001 0.237026359375 0.71295185625 0.2853994796875 0.7786448390625 0.40953929375 0.7210184187500001 0.391133121875 0.6956844953125 0.358022525 0.6523704078125
0 0.4340200921875 0.67378733125 0.5379899765625 0.5940876187499999 0.534271459375 0.5894956312499999 0.47236073593750005 0.5426044515624999 0.3745622140625 0.6223772609375 0.372273915625 0.62530615 0.4340200921875 0.67378733125
0 0.638518796875 0.13706363906250002 0.795727178125 0.0815848515625 0.796620409375 0.0808615265625 0.7599832937500001 0.026544765625 0.7555701078125 0.0210949359375 0.596481140625 0.06600167031250001 0.5937412859375 0.0682203609375 0.6352474328125 0.13221364062500002 0.638518796875 0.13706363906250002
0 0.073495665625 0.623241096875 0.23333765781250002 0.528227971875 0.19152497500000001 0.4765936078125 0.17624705624999998 0.45904809375 0.0169117234375 0.5473911015625 0.013216490624999999 0.5503834421875 0.073495665625 0.623241096875
0 0.710441490625 0.182631171875 0.63605658125 0.019995409375000002 0.6287018 0.0109130109375 0.5881354046875 0.0426069546875 0.5730745125000001 0.054944132812500004 0.64609203125 0.229085178125 0.710441490625 0.182631171875
0 0.2832977625 0.309362971875 0.280171753125 0.305502671875 0.2002256046875 0.349817546875 0.25945215625 0.527760371875 0.33846325781250003 0.48900306562500007 0.2832977625 0.309362971875
1 0 0.61517909375 0.080028715625 0.70185026875 0.14059267343749998 0.6331969749999999 0.0247370796875 0.500452796875 0.0179113703125 0.49472534531249995 0 0.5139852046875 0 0.61517909375
0 0.4460505921875 0.1950256703125 0.5004438125 0.2583495265625 0.6716035046875 0.17561987031249998 0.636343428125 0.1320773046875 0.6183508859375 0.11063462500000001 0.4472876546875 0.190769215625 0.4444987875 0.1931093515625 0.4460505921875 0.1950256703125
0 0.5249078921875 0.322511940625 0.5222375671874999 0.3167854078125 0.480312103125 0.239024503125 0.4605452546875 0.24294793593750003 0.30707483281250003 0.2762315359375 0.304956190625 0.27794717812499997 0.33789881718750003 0.35034372343750003 0.33975866250000003 0.354332171875 0.5242033046875 0.32284049375 0.5249078921875 0.322511940625
0 0.44337353906250004 0.3650068515625 0.4118108328125 0.3011220390625 0.23658719218750002 0.33532186406250003 0.23441252656249997 0.3370828734375 0.2644754171875 0.4088151328125 0.26940447500000003 0.4198859796875 0.45006028750000004 0.3800255375 0.44337353906250004 0.3650068515625
1 0.26312307968750004 0.4023065453125 0.08696451093749999 0.46452616874999997 0.085253490625 0.46591172500000005 0.1350459921875 0.5427857171875 0.3080487421875 0.48769984062500005 0.3098912359375 0.4866785296875 0.26312307968750004 0.4023065453125
1 0.553393625 0.173933796875 0.37531561562500004 0.22298180156249997 0.3719960203125 0.22566995625000003 0.4154141296875 0.3057961890625 0.5992734890625 0.257863765625 0.5708476375 0.20416503437500003 0.553393625 0.173933796875
1 0.602235934375 1 0.6072591203125 0.992612253125 0.53777443125 0.9182092703125001 0.49504869375 0.979129375 0.513065084375 1 0.602235934375 1
0 0.54052719375 0.9235792593750001 0.5783984265625 0.9839137125 0.6773643781249999 0.9555205812500001 0.677487771875 0.9554206593749999 0.6647528359375 0.9333631015625 0.6384286703125001 0.8904787796875 0.5453230171875 0.919695678125 0.54052719375 0.9235792593750001
0 0.68271940625 0.8274359953125 0.677836234375 0.8214057796875001 0.61621830625 0.86455111875 0.6535233921875 0.961324946875 0.71558661875 0.9108502828124999 0.68271940625 0.8274359953125
0 0.43898054062499997 0 0.46641148125000004 0.1204918796875 0.54728098125 0.0729419484375 0.5281247953125 0 0.43898054062499997 0
0 0.3454938703125 0 0.3888386046875 0.1746227265625 0.46825917656250005 0.136011509375 0.47014358125 0.134966965625 0.438251359375 0 0.3454938703125 0
0 0.22803131875 0.1190779109375 0.22017411562500003 0.12544054843750002 0.278956521875 0.1998560359375 0.449434859375 0.1228094359375 0.39380994375 0.054051962499999995 0.22803131875 0.1190779109375
0 0 0.41601514687499996 0.029069359375 0.482496271875 0.1108849828125 0.4270265828125 0.0273793109375 0.258993571875 0.023792996875 0.25456484218750003 0 0.271224878125 0 0.41601514687499996
0 0 0.3095385703125 0.029536498437499996 0.3728797953125 0.21557973593750002 0.32820662343749996 0.21673203124999998 0.3272735140625 0.202942828125 0.2973908796875 0.176918084375 0.24158063593749998 0 0.2812460578125 0 0.3095385703125
0 0.202259890625 0.13480442343750001 0.1979954859375 0.129538321875 0.11081036875000001 0.1720613453125 0.15698157031249999 0.359336953125 0.2432820546875 0.31518303593749997 0.202259890625 0.13480442343750001
0 0.27015075 0.062223915625 0.2001139796875 0.099463128125 0.18620714375 0.1107246609375 0.23865981249999998 0.29725001406249996 0.32216003125000003 0.2548010015625 0.2728789640625 0.0655929796875 0.27015075 0.062223915625
0 0.826302709375 0.69791661875 0.8702656484375 0.74979756875 0.9724045390624999 0.7010141109375 0.9665283515624999 0.6937576234375 0.9495038359375 0.67418726875 0.9243524593749999 0.6462538343750001 0.830944159375 0.6937374375 0.826302709375 0.69791661875
0 0.7291618265625 0.77519099375 0.7289790968750001 0.774995040625 0.710938 0.7896044328125 0.6743816171875 0.8236938109375 0.7226617531249999 0.90694693125 0.7718532234375 0.8593951140625 0.7291618265625 0.77519099375
0 0.9915500843749999 0.6910853390625 0.969868178125 0.581188625 0.96793860625 0.5788058015625 0.9109587375 0.6158089609374999 0.9074000046874999 0.6182097453125001 0.9412626984375001 0.7267096046875 0.9915500843749999 0.6910853390625
0 0.8373319171875 0.676548571875 0.7870943765625 0.72713075625 0.842778703125 0.8186991078125001 0.8917248984375 0.7615495390625 0.8424112156250001 0.6811219937499999 0.8373319171875 0.676548571875
0 0.7719120515625 0.724144125 0.77018620625 0.7255416875 0.765184453125 0.7324260109375 0.7304875875 0.78233235625 0.7896330625 0.8625573453125 0.7896586343750001 0.8625759234375 0.791384478125 0.8611783624999999 0.7940467140624999 0.857514109375 0.8322983468749999 0.801070834375 0.77201480625 0.7242187796875 0.7719120515625 0.724144125
0 1 0.5752744859375001 0.931005171875 0.609421015625 0.93098541875 0.6094445546875 0.9855273171875 0.6592706296874999 1 0.6505536015625 1 0.5752744859375001