0 0.40769210468750006 0 0.3102634328125 0.0193223421875 0.309416440625 0.019811354687499998 0.3067144140625 0.0222442703125 0.32408655 0.052333690625 0.341694559375 0.0811635359375 0.4537919046875 0.0559166421875 0.45440077968750003 0.055368409375000004 0.42115822031250005 0 0.40769210468750006 0
0 0.3536900796875 0.0808696453125 0.3527922703125 0.0816780359375 0.389188940625 0.137942325 0.5041267687500001 0.10807981250000001 0.46710227499999996 0.050832690624999996 0.3536900796875 0.0808696453125
0 0.5144613031249999 0.2922888765625 0.5737220484375001 0.3399815421875 0.6687034859375001 0.2701580875 0.6649329828125 0.267316809375 0.6058178484375001 0.2251866375 0.516184865625 0.29000163125 0.5144613031249999 0.2922888765625
0 0.4713940984375 0.23471796718750002 0.5105723140625 0.27389618125 0.614225071875 0.22054898281250002 0.612152715625 0.21824739843750002 0.5546164765625 0.1678628953125 0.459551146875 0.2185157609375 0.4581064125 0.2199604953125 0.4713940984375 0.23471796718750002
0 0.4219298078125 0.18211742656250002 0.45230929062499997 0.214695434375 0.561553440625 0.162051209375 0.551683959375 0.151090040625 0.5081940125 0.1039488421875 0.3985087484375 0.154909240625 0.39792314375000004 0.1554553234375 0.4219298078125 0.18211742656250002
0 0.562633509375 0.348554628125 0.62189136875 0.39966684375 0.7179109515625 0.3298635671875 0.6589493828124999 0.28211742968750003 0.564226271875 0.3465877296875 0.562633509375 0.348554628125
0 0.691939703125 0.48327652499999996 0.7529701296875 0.428869875 0.6959626937500001 0.3235260109375 0.6341685359375 0.37782574062499996 0.6910425984375 0.48231450000000003 0.691939703125 0.48327652499999996
1 0.82594615625 0.639642296875 0.8220321078125 0.6431665234375 0.8616314812500001 0.7117546531250001 0.992765046875 0.6650021265625 0.9516148109375001 0.5926312671875 0.82594615625 0.639642296875
0 0.78254939375 0.5560710265625 0.840468365625 0.674973021875 0.846496775 0.68166825 0.9130745859375 0.63245418125 0.852739896875 0.5043789015625 0.807954915625 0.5369170953125 0.78254939375 0.5560710265625
1 0.7666438531249999 0.5578105296875 0.8118145671875 0.491936959375 0.712813596875 0.38617616875 0.7097819140625 0.3889059078125 0.6953789734375 0.4089445234375 0.667796953125 0.4498365515625 0.766173153125 0.5574930375 0.7666438531249999 0.5578105296875
1 0.8640697156250001 0.54905618125 0.76815798125 0.44567652031250005 0.762829359375 0.4504744328125 0.7478772578124999 0.4703165421875 0.7232579828125 0.5044412703125001 0.8129978437500001 0.6137739343749999 0.8640697156250001 0.54905618125
0 0.24306947812500002 0.09641214375 0.27336653437499997 0.2502729359375 0.273946190625 0.25127692968750004 0.2749817375 0.252427021875 0.3470747640625 0.21008882812500002 0.3115095203125 0.0575276265625 0.2879682171875 0.07048984375 0.24306947812500002 0.09641214375
1 0.25904258125 0.1973628796875 0.26339383125000004 0.202195434375 0.3296641890625 0.1517361890625 0.2608531859375 0.050631653124999995 0.22202037031250002 0.07782268437499999 0.25904258125 0.1973628796875
0 0.5558309046875001 0.34519929843749997 0.5479607140625 0.336759553125 0.41719943437499996 0.4101616375 0.417094625 0.41025937343749996 0.45692424843749996 0.45449465 0.4686676703125 0.46708792812500005 0.6035069859375 0.40093361875 0.6038200390624999 0.4006416921875 0.5558309046875001 0.34519929843749997
0 0.336812978125 0.309421971875 0.3416815 0.31482901406249997 0.40400160625000003 0.2704734625 0.34869005625 0.1267753484375 0.2850751359375 0.1798885296875 0.336812978125 0.309421971875
0 0.442224725 0.4334989375 0.4466494265625 0.438413065625 0.511013925 0.387695128125 0.4653780453125 0.24977653281249998 0.4017782453125 0.2926751390625 0.442224725 0.4334989375
1 0.30560990625 0.29055271875 0.3042606546875 0.2919499109375 0.3123069328125 0.300886209375 0.3615939890625 0.348482165625 0.49485353125 0.276417996875 0.441023896875 0.222412571875 0.30560990625 0.29055271875
0 0.5811967046875 0.3764454234375 0.555964575 0.389097059375 0.5113257156250001 0.4128319625 0.5462968046875 0.557095809375 0.5480203953125 0.5603374109375 0.5482761109375 0.5606214125 0.62143253125 0.526639115625 0.5881748796874999 0.3967404375 0.5821739421875 0.3782833421875 0.5811967046875 0.3764454234375
0 0.8102515296874999 0.8584163140625 0.9140076265625 0.8000422234375 0.9316252953124999 0.784179203125 0.8827557562499999 0.71769091875 0.77096195 0.7858676515624999 0.7600781624999999 0.7956674578125 0.8102515296874999 0.8584163140625
1 0.7234713703125 0.6911950984375 0.7732429828125 0.8058021953125 0.777756003125 0.8108144125000001 0.8496461578125001 0.7665629 0.7929131203125 0.6435677125 0.7685072078124999 0.659417096875 0.7234713703125 0.6911950984375
1 0.7015480281250001 0.5365349375 0.587268121875 0.5938326234375 0.584045340625 0.596734428125 0.6342670609375001 0.6610152968749999 0.7528932562499999 0.6060149421875 0.7537300796874999 0.6053611453125 0.7015480281250001 0.5365349375
1 0.697296575 0.7317184875 0.812082078125 0.657457571875 0.8115207906249999 0.6568342 0.750899646875 0.597044009375 0.640134778125 0.671981275 0.6473860078125 0.6800345812499999 0.697296575 0.7317184875
1 0.52833700625 0.55238963125 0.5877742968749999 0.6025077171875 0.6956578906249999 0.525633128125 0.6306697984375 0.47274281875 0.5328717968750001 0.5469852765625001 0.52833700625 0.55238963125
0 0 0.28214709843749997 0.079062165625 0.42618082187499995 0.08110298593750001 0.428083915625 0.13449594375 0.3728566015625 0.1384857390625 0.36857806875 0.051218682812500006 0.23126814843750002 0.0083146 0.26989915781249996 0 0.278815475 0 0.28214709843749997
0 0.6061721734375001 0.7882468296875 0.452931715625 0.8829937578125 0.4480271109375 0.887409884375 0.47436533125 0.91879855625 0.5063019953125 0.954208084375 0.6682600625 0.8606787499999999 0.6061721734375001 0.7882468296875
0 0.13942072656249999 0.4867209640625 0.1943378640625 0.43019793437500004 0.086219496875 0.2733425625 0.078976675 0.2798640296875 0.0688700390625 0.2910885859375 0.036885178125 0.3283042734375 0.137888353125 0.485341209375 0.13942072656249999 0.4867209640625
0 0.4140250890625 0.8336194515625 0.41819688125 0.8411455609375 0.4185559109375 0.8415443046875 0.4959396046875 0.8035852890624999 0.4392452578125 0.6189666640625 0.35763650468749997 0.664203134375 0.4140250890625 0.8336194515625
1 0.69193201875 1 0.6924760140624999 0.9995101843749999 0.627543775 0.8364930296875001 0.5948443234375 0.8535749484374999 0.5468700156249999 0.8801675421875 0.5907547046875 1 0.69193201875 1
1 0.1062602921875 0.4010145546875 0.1869711328125 0.5679975140625 0.1902637640625 0.57165435 0.2541599203125 0.5193159640625 0.17227511874999998 0.3445165578125 0.16187291718750002 0.353245040625 0.1062602921875 0.4010145546875
0 0.345148059375 0.566028153125 0.292437896875 0.6139772140625 0.3708120515625 0.7675033 0.376652715625 0.7739900140625 0.43657028750000004 0.725920865625 0.44585363750000007 0.7181312109375 0.3577418296875 0.5554607265625 0.345148059375 0.566028153125
1 0.5285045625 0.71181561875 0.3825601078125 0.83192346875 0.38468584843750003 0.8342843421874999 0.455768253125 0.887981615625 0.600970065625 0.7759105859375001 0.6011865046875 0.7756616000000001 0.5285045625 0.71181561875
0 0.3124130890625 0.462249803125 0.13254794375 0.5084284718750001 0.1286009671875 0.510616315625 0.12859798125 0.5106190046875 0.1575166484375 0.5662850765624999 0.1716706046875 0.5918194875 0.3555490453125 0.5472943124999999 0.3124130890625 0.462249803125
1 0.41123408437500003 0.56803933125 0.3446398328125 0.515005178125 0.195086096875 0.6264349578124999 0.1942713203125 0.6274778249999999 0.1955542546875 0.6289026671875 0.27172043437500004 0.6815802890625 0.28755162031250003 0.6691105234375 0.41108889687500005 0.5682251625 0.41123408437500003 0.56803933125
1 1 0.378848821875 0.9857256015625 0.3549053125 0.9585619609375 0.3793635640625 0.9294896265625001 0.4092455765625 0.9834940265625001 0.49227077656249996 0.9853700015625 0.49421340625 1 0.4796056234375 1 0.378848821875
0 1 0.35521335 0.942455090625 0.31509337187500003 0.8648733546875 0.37793593125 0.8631380046875 0.3802388203125 0.8653977984375001 0.38274857500000004 0.8722627078125 0.3879216546875 0.9237048953125001 0.4245563609375 1 0.3595734953125 1 0.35521335
0 0.8625271437500001 0.378798125 0.86408366875 0.3812890859375 0.8648610640625 0.3821524703125 0.9284804515625 0.33572519375 0.89758301875 0.2434125953125 0.8317554328125001 0.2845462359375 0.8625271437500001 0.378798125
0 0 0.5948327359375 0.12222317499999999 0.5275698046875 0.0542245921875 0.4629395890625 0 0.4951548234375 0 0.5948327359375
0 0 0.671269371875 0.007437840625 0.6789482953125 0.0227230765625 0.69423353125 0.18112295 0.60300169375 0.12211618906249999 0.537300434375 0.120592696875 0.5357769421875 0 0.6034363703125 0 0.671269371875
0 0.16481769375 0.795268134375 0.2147757984375 0.723992290625 0.1001544375 0.5741679828125 0.042962034375 0.6537771453125 0.1598897765625 0.7915546828125 0.16481769375 0.795268134375
0 0.46755822968749994 1 0.5067311546875 0.9838336578125 0.50776614375 0.9829017484374999 0.461494240625 0.906881928125 0.28358614531250004 0.970294109375 0.27925434375 0.97419448125 0.2947598640625 1 0.46755822968749994 1
0 0.4211654921875 0.8799418921875001 0.39277697031250003 0.83269545625 0.2144977796875 0.8958357296875 0.21167566249999997 0.898376775 0.25992865468750004 0.9786832421874999 0.441663221875 0.917392590625 0.4428584421875 0.9166744296875 0.4211654921875 0.8799418921875001
0 0.3239435671875 0.756767740625 0.1510327984375 0.822621684375 0.14487757343750002 0.8281638734375001 0.1496782390625 0.8355562515624999 0.19733685625 0.9059592484375001 0.3784551765625 0.8407082578124999 0.3239435671875 0.756767740625
0 0.11480603125 0.700025296875 0.1955743375 0.8764476484375001 0.199178903125 0.8804509265625 0.2750913390625 0.8211416312500001 0.1894026453125 0.643145184375 0.141367725 0.679273028125 0.11480603125 0.700025296875
0 0.69888256875 0.03619701875 0.609497709375 0.09193437343750001 0.6054007984374999 0.0963277734375 0.60942108125 0.10079275000000001 0.6262141953125 0.1174240875 0.6544994453124999 0.1438005109375 0.751256575 0.0867379015625 0.69888256875 0.03619701875
0 0.77525505 0.245274640625 0.8250569562500001 0.31880328593749996 0.8305412953125 0.323917515625 0.8751433484375 0.27433144062500003 0.82584373125 0.1919086828125 0.7982941078125 0.22056827499999998 0.77525505 0.245274640625
0 0.5874456671875 0 0.5764263109375001 0.008923298437500001 0.618287565625 0.1059697390625 0.6230642390625001 0.11127477187499998 0.6675481359375001 0.0721750734375 0.6452603921875 0 0.5874456671875 0
0 0.7237453656249999 0.220757371875 0.77799056875 0.1694219515625 0.7347875187499999 0.07890303125 0.73409253125 0.07813116875000001 0.7191804421875 0.090291378125 0.678704203125 0.12673634843749998 0.722506071875 0.219380996875 0.7237453656249999 0.220757371875
0 0.78973515 0.1541109109375 0.7097681640625 0.20886403593749997 0.709332984375 0.20942104062500003 0.7150738109375 0.21579687343749998 0.73795920625 0.23367690468750002 0.7674549421875 0.2552056875 0.8471442687499999 0.1970717890625 0.78973515 0.1541109109375
1 0.5510048359375 0 0.5761031765625 0.064269596875 0.5761249046875 0.0642913265625 0.630515015625 0.01429960625 0.6235217953125 0 0.5510048359375 0