0 0.27106748281250004 1 0.2804058078125 0.999347 0.33328171093750003 0.990042465625 0.352342478125 0.8794909531249999 0.35158243749999996 0.8746922453125 0.28324480625000004 0.887252746875 0.26678176875 1 0.27106748281250004 1
0 0.352029803125 0.9238543671875 0.35447436250000003 0.9236834265624999 0.3650524984375 0.8576956843750001 0.259555821875 0.8035570359375 0.248863884375 0.8702965624999999 0.352029803125 0.9238543671875
1 0.26786403281250004 0.562821721875 0.24235079218750002 0.6722098625 0.24243533125 0.6734188375 0.28068925 0.6719672484375 0.319232971875 0.669272009375 0.344285778125 0.557917053125 0.3441206 0.55555490625 0.340118671875 0.5558347484375 0.26786403281250004 0.562821721875
0 0.32342315625 0.75005964375 0.3554974421875 0.6510532625 0.3548965796875 0.642460540625 0.282095365625 0.64128759375 0.244421684375 0.7521665468750001 0.2707759375 0.7526265609375 0.32342315625 0.75005964375
0 0.24668376250000001 0.797385559375 0.355945715625 0.8421321359375 0.3591100984375 0.8419108609375 0.3658759359375 0.7645769984374999 0.2542083921875 0.716992471875 0.25415838281249997 0.716988096875 0.24668376250000001 0.797385559375
1 0.352225521875 0.4922658484375 0.2748180359375 0.48031151406249994 0.230609303125 0.5898199843749999 0.2306515515625 0.59042415625 0.3056827578125 0.599636828125 0.35218017343749997 0.49401378281249997 0.35228694374999997 0.493144215625 0.352225521875 0.4922658484375
0 0.3328584734375 0.390795465625 0.2520420625 0.40318516875 0.24247814218750002 0.5225824421875 0.32387683749999996 0.5106983671875 0.333086890625 0.39209088593749997 0.3328584734375 0.390795465625
1 0.23599682031250002 0.06454901874999999 0.23264666875 0.2038657578125 0.2406155390625 0.20330852031250002 0.314941896875 0.192037646875 0.3161065796875 0.05580483125 0.31537747031249996 0.0512014171875 0.23599682031250002 0.06454901874999999
1 0.220605678125 0.147411509375 0.21950228593749999 0.1552625515625 0.20943039843750003 0.23147495 0.34092446875000004 0.276176325 0.34455161093750003 0.27592269062499997 0.34489735781249997 0.273462571875 0.355046259375 0.19064318125 0.223443925 0.1478104 0.220605678125 0.147411509375
1 0.36878415625 0.41994943906250004 0.3721919703125 0.41940969531250005 0.3709468234375 0.40160325781250006 0.3613802953125 0.341202584375 0.21685962656250002 0.331373403125 0.2267395015625 0.40857314999999994 0.36878415625 0.41994943906250004
1 0.3205574375 0.214774990625 0.250064396875 0.2379402640625 0.2583965453125 0.3790587984375 0.2587868 0.37903150937499996 0.305327559375 0.3659307859375 0.3376683453125 0.356043215625 0.3207727421875 0.21547922968750002 0.3205574375 0.214774990625
1 0.488575925 0.9662458953125 0.488193534375 0.809431009375 0.48732248437500003 0.80690129375 0.4081720421875 0.8348126265625 0.41397380625 0.9913570187499999 0.43955589531249994 0.9831248453124999 0.488575925 0.9662458953125
0 0.49143166562499996 1 0.51026508125 0.8931903953125 0.5097415921875 0.8857041593750001 0.476006996875 0.88322803125 0.41648667968749997 0.9961566671875 0.4382833046875 1 0.49143166562499996 1
0 0.5043396703125 0.539660821875 0.3561443125 0.5143490828124999 0.3593395875 0.571602365625 0.3606984703125 0.591035296875 0.5029647390624999 0.6235316078124999 0.5076592140625 0.6232033375 0.5054313625 0.5552727390625 0.5043396703125 0.539660821875
0 0.488032928125 0.7234768703125 0.41081295156250003 0.7483573531250001 0.4102298390625 0.8952788890625 0.48714594218749996 0.8768968828125001 0.4896034421875 0.7283104171875 0.488032928125 0.7234768703125
0 0.4785471453125 0.5618232578125 0.4064282296875 0.5834524453125 0.40118125625 0.7355921375000001 0.4082898859375 0.735095053125 0.411414028125 0.7341992203125 0.48092036250000003 0.708574340625 0.4801595859375 0.5674465 0.4785471453125 0.5618232578125
0 0.5315728703125 0.7706818046875 0.5329925 0.7702205390625 0.532350990625 0.76104651875 0.5117546328125 0.6976574531249999 0.3583891328125 0.6942078515625 0.3829163703125 0.7717291390625001 0.5315728703125 0.7706818046875
0 0.5108110609375001 0.5303638296875001 0.5054851031250001 0.4684373921875 0.5030177546875 0.4508812953125 0.370543784375 0.4378006484375 0.3490438703125 0.43705393125 0.3581476875 0.5153811125 0.5026032265625 0.5315173640624999 0.5108110609375001 0.5303638296875001
0 0.48046856250000003 0.085618309375 0.488080140625 0.08314515781250001 0.48751768437500004 0.0751016765625 0.462561209375 0.00519143125 0.322075596875 0.0308803 0.348191409375 0.114644840625 0.48046856250000003 0.085618309375
1 0.3548019359375 0.182277578125 0.4821068390625 0.1901210640625 0.4861331390625 0.189697884375 0.4860376484375 0.188332303125 0.48080665 0.1235166375 0.4787609046875 0.10405266875000001 0.342752634375 0.098737640625 0.3548019359375 0.182277578125
0 0.3641024734375 0.34240343906250004 0.48919613125000005 0.37388392812500004 0.49229048437499995 0.3736675484375 0.4937890578125 0.28781441874999997 0.3678727671875 0.26019507656249996 0.3644803421875 0.2604322984375 0.3641024734375 0.34240343906250004
1 0.45887900625 0.29511085000000004 0.47389085 0.17142047656249998 0.4731404125 0.160688721875 0.392529703125 0.1654300546875 0.3732478953125 0.30092806250000004 0.40451943281249997 0.29928919062500003 0.45887900625 0.29511085000000004
0 0.5076282921875 0.436345771875 0.5126705359375 0.434804203125 0.5124570390625001 0.43175105468749997 0.4881534765625 0.356324478125 0.35848666875 0.3658548453125 0.381503253125 0.4417919140625 0.5076282921875 0.436345771875
0 0.7056977859375 0.8267286781250001 0.699975471875 0.8279449937500001 0.69282531875 0.9877372890625 0.7479180640624999 0.9838848296875 0.763581675 0.9805554265625 0.78169199375 0.81484354375 0.7811118234375 0.812114053125 0.7056977859375 0.8267286781250001
0 0.7139678218750001 0.061513975 0.6293353765624999 0.09239801875 0.6551770109375 0.2761300625 0.660461346875 0.275760546875 0.6715975281250001 0.27214218125 0.74579994375 0.247166215625 0.7139772015625 0.0615428421875 0.7139678218750001 0.061513975
0 0.7681074875 0.919841671875 0.77277706875 0.7317329921875 0.7719799390625 0.7279827937500001 0.7006166171875 0.7448822640625 0.68990591875 0.9334079734375 0.767534290625 0.919963509375 0.7681074875 0.919841671875
0 0.8040757640624999 0.39186895 0.8071972281249999 0.39085472499999996 0.807150953125 0.39019296875 0.7787424625 0.3027606234375 0.5927679875 0.326945925 0.6157371859375 0.41190061250000004 0.8040757640624999 0.39186895
1 0.619673021875 0 0.619444759375 0.000065453125 0.64697440625 0.1795920859375 0.6479380640625 0.1795247 0.6827054 0.17048002812500002 0.7354321609375 0.1553608734375 0.7160435125 0 0.619673021875 0
0 0.63680145 0.7619106609374999 0.8222591265625001 0.777807559375 0.8279205390625 0.7768093 0.8278067109375 0.7751814828125 0.814914946875 0.7020686640625 0.8132032890625001 0.6929765296875 0.6231944046875 0.6790121375 0.63680145 0.7619106609374999
0 0.6890890062499999 0.5411799187499999 0.7301976828125001 0.542615465625 0.77261605625 0.36670738125 0.7723392296875 0.36274858125 0.685728003125 0.36318994843749997 0.6393425578125 0.5368365828125 0.6392899843750001 0.5383420890624999 0.6890890062499999 0.5411799187499999
1 0.6361729656249999 0.1861523921875 0.660599146875 0.37286246875 0.6650321375 0.372552484375 0.7470258296875001 0.341190034375 0.729329034375 0.16269370625 0.7280703328125 0.158576675 0.6361729656249999 0.1861523921875
1 0.8183828906249999 0.6969575765625 0.8135135124999999 0.6344163625 0.81046181875 0.605381421875 0.6238034484375 0.5745200296874999 0.6302807687499999 0.6696584765625 0.81389095 0.6974296984375 0.8183828906249999 0.6969575765625
0 0.6142522453125 0.49567361249999997 0.6297180296875 0.579388753125 0.81569218125 0.5934077109375 0.8166491578124999 0.59322169375 0.8163418703125 0.5888272671875 0.7940341046875 0.5015123531250001 0.7739052546875 0.5005372109375 0.6144837359374999 0.495628615625 0.6142522453125 0.49567361249999997
0 0.0986413890625 0.15371633125 0.104452928125 0.15330995 0.10981198125 0.076671925 0.013626159374999999 0.055413442187499995 0.0080686671875 0.1307277703125 0.0986413890625 0.15371633125
0 0.02838104375 0.1383986265625 0.0243753515625 0.2372252921875 0.0305822765625 0.23679126250000002 0.10207651874999998 0.2254676859375 0.1042739375 0.126695103125 0.10043771562499999 0.1269633578125 0.02838104375 0.1383986265625
0 1 0.9143220703124999 0.8219306640624999 0.9014004437500001 0.8331089421875 0.977927703125 0.9265044109374999 0.9713968546875 1 0.955774884375 1 0.9143220703124999
1 0.11298357968749999 0.20499675781249999 0.039810140625000004 0.2152239203125 0.028779315625000003 0.3167994265625 0.04591910625 0.3156008953125 0.05360795 0.3146568234375 0.10647671562500001 0.30648473125 0.11331269687500001 0.20767719843750002 0.11298357968749999 0.20499675781249999
0 0.0280999765625 0.3589281015625 0.120424809375 0.38714040625 0.1271901015625 0.38666733125 0.12772844375 0.376395165625 0.12933388437499999 0.31326179062500004 0.0292351828125 0.28535525 0.0280999765625 0.3589281015625
0 0.055097545312499996 0.3639867375 0.035521756249999994 0.4654613078125 0.035553 0.46590810156250007 0.1148127640625 0.4560066890625 0.131818003125 0.364204378125 0.1315227078125 0.3599814640625 0.055097545312499996 0.3639867375
0 0.9620379671875 0.66504690625 0.8728093375 0.6863944140625 0.865516509375 0.86915209375 0.8765284921875001 0.8683820609374999 0.950415609375 0.851323875 0.9638986375 0.6666052640625 0.9635150171875001 0.664943621875 0.9620379671875 0.66504690625
0 0.81756209375 0.6803675328125001 0.8170596874999999 0.6947545390625 0.98543824375 0.7464253203125 0.9921427046875 0.7459564984375 0.9995436046874999 0.66258351875 0.9996944687499999 0.658263325 0.8215811734375 0.6014027484375 0.81756209375 0.6803675328125001
0 1 0.8295804890625 0.8135120656250001 0.809972525 0.8130167984375 0.8100687953125 0.8132528750000001 0.81344483125 0.8157679484375 0.8263837687500001 0.8313976468750001 0.9004114718749999 1 0.9154615500000001 1 0.8295804890625
0 1 0.5781268500000001 0.9828351968750001 0.5333477656250001 0.7945297671875 0.5445924921875 0.828547165625 0.6365240203125 1 0.6175340031250001 1 0.5781268500000001
0 0.9518560765625 0.107640409375 0.9513499578125 0.10040257500000001 0.8558827453125 0.0889117234375 0.807190328125 0.2761869203125 0.8961665046875 0.2855386921875 0.9518560765625 0.107640409375
0 0.79182155 0.2621225296875 0.7927835140624999 0.31723340312500004 0.980666809375 0.3520474734375 0.98248028125 0.3519206625 0.9808274234375001 0.25722843125 0.7930795171875 0.219497515625 0.791402653125 0.21961477343750002 0.79182155 0.2621225296875
0 0.799112671875 0.41441032812499995 0.976432971875 0.45258772187499996 0.9881751718749999 0.45176662656250005 0.9881751734374999 0.4432444234375 0.9865495140625 0.3582427578125 0.7991126734375 0.3143227375 0.799112671875 0.41441032812499995
0 1 0.482539621875 0.9992621625 0.471988040625 0.8154504390625 0.3999488875 0.8018128140625 0.4969856234375 0.987098825 0.565501184375 1 0.48452737343749996 1 0.482539621875
0 0.8342992828125 0 0.8100031203125001 0.1826938203125 0.8830847187499999 0.1858157109375 0.907707128125 0.186245496875 0.9372149875 0 0.8342992828125 0
0 0.14186667343749998 0.64834528125 0.07239775937500001 0.6656921609374999 0.0722929984375 0.77738603125 0.07330971562500001 0.777314934375 0.10186551875000001 0.7705765671875 0.1401319765625 0.7603231 0.142905975 0.6522240015625 0.14186667343749998 0.64834528125
0 0.1135998953125 0.5356171921875 0.137592825 0.446788175 0.137321034375 0.442901384375 0.0652212546875 0.443066584375 0.045420932812499995 0.5371095968749999 0.096777925 0.536213159375 0.1135998953125 0.5356171921875
0 0.17072816562499998 0.7414507890625 0.1704173953125 0.7370065609374999 0.1109422390625 0.733175353125 0.0573618078125 0.8346311421875001 0.1306493390625 0.8423339734375 0.17072816562499998 0.7414507890625
0 0.0998228875 0.6871776109375001 0.121932709375 0.6887236796875 0.15867399531249998 0.5914674796875 0.1585346046875 0.5894740953125 0.0842433625 0.586128275 0.0491408609375 0.680085671875 0.0490684078125 0.6811217843749999 0.0998228875 0.6871776109375001
0 0.1522724203125 0.522320028125 0.15195611874999998 0.51779671875 0.079628484375 0.5138472953125001 0.045211342187499996 0.604028834375 0.045290923437500005 0.6051668953125 0.08797965937499999 0.6089016765624999 0.116002890625 0.6107671796874999 0.1521264078125 0.5239889437499999 0.1522724203125 0.522320028125
0 0.17310578125 0.8627491265625 0.168156640625 0.8630952046875 0.10474641093749999 0.8742761375000001 0.079019759375 0.9868019218749999 0.0850708453125 0.9863787890625 0.1115439140625 0.981710871875 0.14815640624999998 0.9733850140625 0.17356225625 0.865337921875 0.17310578125 0.8627491265625
0 0.156297103125 0.9023810703124999 0.1620778265625 0.7897871703125 0.1615154796875 0.7878260359375 0.1006352921875 0.8040028671874999 0.0967259171875 0.829717821875 0.0843983453125 0.9212731734374999 0.12267218906249999 0.9120228593749999 0.156297103125 0.9023810703124999
0 0.1845957734375 1 0.1874174234375 0.9577189328125 0.18657703125 0.9457007562499999 0.1310237953125 0.9418160953125 0.0814409796875 0.9386745921875 0.08097038749999999 0.9810791906249999 0.11975058281249999 1 0.1845957734375 1