0 0.8501905609374999 0.14091605625 0.8229211515625 0.19939549375 0.907444521875 0.28040091718750004 0.93591223125 0.21519512343749997 0.8586212625 0.1448473578125 0.8501905609374999 0.14091605625
0 0.9148269484375 0.241741646875 0.9145957765625001 0.24163385 0.8512360765625001 0.2171761140625 0.7763464953125 0.3091113765625 0.8394046218750001 0.3334455984375 0.9148269484375 0.241741646875
1 0.79394315625 0.5155793281250001 0.725421571875 0.4223688375 0.72347070625 0.42145913437500004 0.7212784250000001 0.42436839375 0.6791482515625 0.483483528125 0.7457022125 0.5755213390625 0.79394315625 0.5155793281250001
0 0.8288731046875 0.43934374375 0.760148675 0.34891289531249997 0.7570359812499999 0.3474614234375 0.743114165625 0.3673438359375 0.7155867796875001 0.412781478125 0.7852629875 0.5018038203125 0.8288731046875 0.43934374375
0 0.8825942546875 0.32072283437500004 0.8399323671875001 0.2999152421875 0.811106925 0.28647371875 0.7323002703125 0.367852271875 0.7288561062500001 0.37523830468749997 0.798741959375 0.40979560312499996 0.8825942546875 0.32072283437500004
0 0.6300674421875 0.5907884671875 0.6291733328125 0.5927058921875 0.6991468140625 0.6280199359374999 0.7754272656250001 0.5370608734375 0.70666626875 0.50499709375 0.6300674421875 0.5907884671875
0 0.621569765625 0.572648578125 0.6037429140625 0.6426676359375 0.6016063843749999 0.6519219625 0.7075813906249999 0.7072765765625 0.7284470453125 0.6277052046875 0.6230902 0.5729995984375 0.621569765625 0.572648578125
1 0.5628491546875 1 0.593077165625 0.9362749265625 0.4846536859375 0.8617858875 0.477639915625 0.8585153125 0.44388901875000003 0.9308943453125 0.5412109390625 1 0.5628491546875 1
1 0.483092775 0.9161090109375 0.5655615875 0.9314358796875 0.6175309484375 0.801341584375 0.6120666156250001 0.798793525 0.563741546875 0.789400084375 0.5324067218749999 0.7838826109375 0.484646034375 0.9081181859375 0.483092775 0.9161090109375
1 0.5370391109375 0.731133328125 0.535305071875 0.7348519859375 0.597237196875 0.7793662718750001 0.7053708390625 0.6805540484375 0.63893979375 0.6357457421875 0.5370391109375 0.731133328125
1 0.56235315625 0.6999052671875 0.5616291421875 0.6994169125 0.5582207234375 0.697827540625 0.51158270625 0.7637488203125 0.6142597375000001 0.8634097781250001 0.654536428125 0.8009330718750001 0.56235315625 0.6999052671875
0 0.7145809187500001 0.0811282984375 0.7110561468750001 0.0794846703125 0.663659884375 0.14717355000000001 0.760195553125 0.2701905625 0.8064409109374999 0.20691655 0.7145809187500001 0.0811282984375
0 0.815465696875 0.0971391390625 0.77215691875 0.07694392343749999 0.690749078125 0.16488108125 0.6864145203125 0.174176571875 0.7628487875000001 0.20617136875000003 0.815465696875 0.0971391390625
0 0.6349228953125 0.55529256875 0.6648896843750001 0.4883686765625 0.66921260625 0.47766907031250005 0.5476774234375 0.3903610546875 0.5385080125 0.41002492031250004 0.5289187640625 0.4328305265625 0.5175842953124999 0.46088431874999997 0.6345260171875 0.5551322203125 0.6349228953125 0.55529256875
0 0.68228784375 0.15880053125 0.6364439953125001 0.20701014375 0.62874005 0.2165237234375 0.7097525671875 0.34590709375 0.7099862453125 0.346096325 0.7622328031250001 0.281900678125 0.6837410562499999 0.15997731875 0.68228784375 0.15880053125
0 0.6070059031249999 0.3102577796875 0.6001031359375 0.3070389671875 0.5574179703125 0.37598354375 0.6486840171875 0.49150966250000006 0.693151303125 0.42871900625 0.6070059031249999 0.3102577796875
1 0.60900108125 0.2442546015625 0.6073892375 0.243822709375 0.6024029515625 0.2545158328125 0.5858501406250001 0.3162917625 0.7125944843750001 0.40271367812500003 0.73424533125 0.324340365625 0.60900108125 0.2442546015625
0 0.4787732171875 0.6030844515625 0.5555403171875 0.6281526703125 0.6198078984375 0.5104691296875 0.6280068 0.49287783437500005 0.6285185234374999 0.4909680515625 0.627888003125 0.49067403593750003 0.60146354375 0.482911740625 0.5526295828125 0.46982672187499996 0.4798181140625 0.5991848453124999 0.4787732171875 0.6030844515625
0 0.2979133140625 0.9481650546875 0.3425304921875 0.978259721875 0.3732688703125 0.9925932625 0.4489546609375 0.901180709375 0.378786521875 0.8567287578125 0.298370965625 0.9471836203124999 0.2979133140625 0.9481650546875
1 0.47175692968750005 0.838383053125 0.35571841875 0.78543853125 0.3518632640625 0.7844055453125 0.3516601546875 0.7848411171875 0.3330633578125 0.8480850656250001 0.32799796406250004 0.866989375 0.45306788593749997 0.9206923874999999 0.47175692968750005 0.838383053125
0 0.5442331578124999 0.682404909375 0.42661834687500005 0.624092753125 0.42429067500000006 0.6290844625 0.404328025 0.7035860890625 0.5196442859375 0.765225140625 0.5206700453125 0.7654999921875 0.5442331578124999 0.682404909375
1 0.395889621875 0.6973850953125 0.3856499109375 0.719344228125 0.3637999953125 0.7734246687499999 0.47837081406250004 0.8481095968749999 0.5086335859375 0.7676164671875 0.395889621875 0.6973850953125
0 0.519226659375 0.684787321875 0.5737033296875 0.56540093125 0.56972913125 0.56354773125 0.49149280468749995 0.5509598718750001 0.442592903125 0.6673087062499999 0.4419474859375 0.670969053125 0.519226659375 0.684787321875
0 0.46879290781250005 0 0.40531088281249994 0.08661980312499999 0.4044485796875 0.089273696875 0.4770663640625 0.114324078125 0.48263019218750003 0.116131875 0.556791375 0 0.46879290781250005 0
0 0.0975280453125 0.7770159609375 0.18597866875 0.7941321 0.258377375 0.6235213546875 0.2519153953125 0.620508084375 0.2423280203125 0.6182946640625 0.1658605625 0.601486175 0.0975348734375 0.7769863859374999 0.0975280453125 0.7770159609375
0 0.38567275156249997 0.0173826203125 0.3691438296875 0.0743705625 0.36460855312499996 0.09256056093750001 0.5345270390625 0.18072076718750002 0.550823475 0.10827377499999999 0.3908344359375 0.0186695734375 0.38567275156249997 0.0173826203125
0 0.2737487765625 0.4298417171875 0.16639652656249998 0.5835625234374999 0.16438119375 0.5883103562499999 0.1688089796875 0.5903750671875 0.249448915625 0.62409458125 0.3534606390625 0.46748788281250003 0.2904425609375 0.4369278078125 0.2737487765625 0.4298417171875
1 0.1387199484375 0.6866886921875001 0.0524768234375 0.843005475 0.10304980625 0.86658804375 0.14127536875 0.8805010109375001 0.22460826875 0.7189208921875 0.190263609375 0.70544905 0.1387199484375 0.6866886921875001
0 0.3271745703125 0.264195834375 0.40730772656249997 0.2851862890625 0.5000015671875 0.11726651562499998 0.49438661875 0.11464822187499998 0.4874169859375 0.11291049687500002 0.41608235625 0.095997153125 0.3282972421875 0.25969303906249996 0.3271745703125 0.264195834375
0 0.34028653593749997 0.540359490625 0.382257296875 0.469695221875 0.2599520046875 0.34323905312499997 0.25514313906249997 0.34099664218750003 0.2228735 0.3883704890625 0.205411390625 0.4152597796875 0.337233378125 0.545060940625 0.34028653593749997 0.540359490625
1 0.3023302 0.6430748234375 0.1894178421875 0.506887625 0.1831293046875 0.5039552328125 0.1461256984375 0.549169578125 0.12385610625000001 0.5766702359375 0.2492712609375 0.7186591078125 0.3023302 0.6430748234375
1 0.40346276718749996 0.1829884546875 0.2675710734375 0.307070915625 0.265483303125 0.311548153125 0.34038640937500003 0.36312008906250004 0.48244543437500004 0.23694158125000003 0.43273910000000004 0.2020007296875 0.40346276718749996 0.1829884546875
1 0.3792864859375 0.45907539999999997 0.4212500640625 0.385004665625 0.2907502734375 0.2576068984375 0.2856073453125 0.25520871093749997 0.24531866406249997 0.3390411125 0.2601114484375 0.3527266890625 0.37908023125 0.45896106875 0.3792864859375 0.45907539999999997
0 0.7749191625 1 0.7835997906250001 0.978044296875 0.700574453125 0.927614771875 0.691315065625 0.947471590625 0.6716957 0.9985817890625001 0.6739372625 1 0.7749191625 1
1 0.723718746875 0.8557985312499999 0.7202325093749999 0.8632747953125 0.7041675390625 0.9316974984374999 0.7957007265625 0.97625758125 0.8137568265624999 0.9040722296875 0.723718746875 0.8557985312499999
0 0.7926135984375 0.790062228125 0.7277653875000001 0.8582120546875001 0.7237322749999999 0.8668610921875001 0.7854081171875 0.9008855015625 0.8583146921875 0.8279583671875 0.8364279625 0.8148074921875 0.7926135984375 0.790062228125
0 0.7883658671875 0.724556715625 0.7645140109375 0.78359213125 0.848109646875 0.8441474937500001 0.8497021765625 0.8407323046874999 0.8730676234375 0.768302015625 0.7961413937499999 0.7134424515625 0.7939595875000001 0.7125609453124999 0.7883658671875 0.724556715625
0 0.25182302343749996 0 0.178664 0.13595552187499998 0.26384039062500003 0.1550941984375 0.35401587343749996 0 0.25182302343749996 0
0 0.3090105453125 0.18972370624999998 0.31663914375 0.177515396875 0.196592615625 0.0485114859375 0.1945889046875 0.047259428125 0.1907332625 0.0454615125 0.142517928125 0.1141343578125 0.14022717812500002 0.11780032343749999 0.2660475265625 0.256099675 0.3090105453125 0.18972370624999998
0 0.261441771875 0 0.3707734609375 0.0768422109375 0.371013984375 0.07692502968750001 0.40114264843749997 0 0.261441771875 0
0 0.276648653125 0.23832200937499998 0.11625831874999999 0.1435330890625 0.1127300734375 0.151099434375 0.105947528125 0.17641224375 0.091042646875 0.2375822328125 0.2567131421875 0.324486371875 0.276648653125 0.23832200937499998
0 0 0.67987285625 0.1212828734375 0.5431459828125 0.12128977187500001 0.5431311921875001 0.04626098125 0.4944069265625 0 0.5416762984375 0 0.67987285625
0 0 0.5784262390625 0.0471966078125 0.59749490625 0.156005665625 0.43836372343749996 0.15617610312500002 0.4379418796875 0.15307214062500002 0.43649447812500003 0.1380098609375 0.43027536718750004 0.0654389171875 0.40095480156249996 0 0.4998311109375 0 0.5784262390625
0 0.1899876375 0.4417114578125 0.0655322671875 0.30257645312500003 0.0609710796875 0.3004495359375 0.00473851875 0.38075795625 0.1349693328125 0.5211505125 0.1362094140625 0.521728771875 0.1899876375 0.4417114578125
0 0.16872393125000001 0.22453416874999998 0.0326927796875 0.3634391984375 0.032630010937499995 0.36354366250000003 0.030558603125 0.3679858125 0.113093209375 0.4175776078125 0.248559128125 0.2737920984375 0.1976167046875 0.24189469843750003 0.16872393125000001 0.22453416874999998
0 0 0.7676263750000001 0.0191400734375 0.78486189375 0.0335186609375 0.763544759375 0.07411851875 0.697360890625 0 0.6338892078125 0 0.7676263750000001
0 1 0.49859289687499997 0.918410553125 0.4413492296875 0.9127656171874999 0.43929464218750003 0.9102264343750001 0.44473993749999996 0.9014787984374999 0.46669646093750006 0.8882511015624999 0.5030392609375001 0.9785835328125 0.56980853125 1 0.5139571625 1 0.49859289687499997
0 0.7921778453125 0.7340555656250001 0.8600940328125001 0.7599477609374999 0.9118167453125 0.67996510625 0.9031462265625001 0.6759219765625 0.8640140875 0.66167904375 0.8480958515625 0.6562069703125 0.7930552875 0.7316448125 0.7921778453125 0.7340555656250001
0 1 0.422153471875 0.9526520828124999 0.3679935609375 0.9503436796875 0.366917134375 0.9255398906250001 0.415597315625 0.9178484593749999 0.43209163906250003 1 0.5078111046875 1 0.422153471875
0 0.9414824546875 0.530797075 0.9231078203124999 0.5184032281250001 0.8439269484375 0.5832224546875 0.8424175984375 0.5864592640625 0.90445005 0.626098128125 0.9818284078125 0.5622798859375 0.982409209375 0.5614188125 0.9414824546875 0.530797075
0 0.931870284375 0.6333338578125 0.852096234375 0.578300009375 0.8514819765625001 0.5781122109375 0.846762003125 0.5882342296874999 0.8390341937500001 0.6135107515625 0.8295056687500001 0.6487626203125 0.912336440625 0.702325690625 0.931870284375 0.6333338578125
0 1 0.3368921875 0.9281449078125 0.38782769687499996 0.9277645250000001 0.3886434296875 0.989041459375 0.42906788125000006 1 0.41985269531249997 1 0.3368921875