0 0.448689978125 1 0.4379666578125 0.9015703500000001 0.43591335625000005 0.8971670312500001 0.373685153125 0.928077365625 0.3833999390625 1 0.448689978125 1
1 0.432362003125 0.8345654218749999 0.43144361406250004 0.8315615031249999 0.3662168421875 0.8464916921875 0.3555401109375 0.964587203125 0.4214251921875 0.9494995296875001 0.432362003125 0.8345654218749999
1 0.3557586578125 0.587407140625 0.28438740625 0.6150517015625 0.29732879375 0.731887715625 0.30025661875 0.730992590625 0.30171144375000003 0.7303750546875001 0.367754809375 0.70024493125 0.3562768828125 0.588628 0.3557586578125 0.587407140625
0 0.4162429484375 0.7551212453125 0.3935245953125 0.6988913484375 0.2775016609375 0.707479996875 0.27862034687500004 0.7111390531249999 0.3115512234375 0.779286078125 0.418850971875 0.769804853125 0.42052535312500006 0.769128359375 0.4162429484375 0.7551212453125
0 0.42136213749999996 0.7558326828124999 0.4194233546875 0.7494912125 0.3428558671875 0.7639427796875 0.329493775 0.885543028125 0.40712575781250004 0.8704528984375 0.42136213749999996 0.7558326828124999
0 0.3512763609375 0.526592440625 0.35028456406249997 0.523348415625 0.2733590859375 0.5330949390625 0.2609833890625 0.65115890625 0.335918675 0.6392903234375 0.3512763609375 0.526592440625
0 0.2281779625 0.539770821875 0.3458914328125 0.5551431124999999 0.346668009375 0.5550477609375 0.3474265078125 0.5548158640625 0.3402440625 0.48305941093750004 0.3390865765625 0.473632453125 0.220570253125 0.457861715625 0.2281779625 0.539770821875
1 0.2761742171875 0.22016139375 0.26071585 0.1662516640625 0.2527255546875 0.14011658124999998 0.120819865625 0.1551690703125 0.114914909375 0.156974396875 0.1377342109375 0.233790378125 0.2761742171875 0.22016139375
1 0.27349116875 0.20046767812500002 0.2732084546875 0.19642468125 0.27259110937500003 0.1944054328125 0.18719287499999998 0.2018973265625 0.172450459375 0.3414921453125 0.2574423984375 0.3355489296875 0.27349116875 0.20046767812500002
1 0.227412046875 0.365341709375 0.2436631890625 0.5097465062500001 0.26435253125 0.5034211390625 0.319091325 0.4834978484375 0.3015517875 0.34286565156250004 0.3008912375 0.34105080625 0.227412046875 0.365341709375
1 0.31710853125 0.3941600890625 0.323503703125 0.3922048890625 0.31555845 0.3129025890625 0.1726836421875 0.3050497015625 0.18327484375 0.3786253578125 0.31710853125 0.3941600890625
0 0.6239205375 0.9522817 0.6264706828125 0.9515020421875 0.6134329078125 0.8691847703125 0.4585361625 0.8477530484375 0.4692238578125 0.9253932890625001 0.6239205375 0.9522817
0 0.5747255015625 1 0.603277609375 0.99127074375 0.5993343390625 0.8783502265625 0.598038184375 0.8741106984375 0.5638606312500001 0.8787936578125001 0.529581015625 1 0.5747255015625 1
0 0.4139363796875 0.6684610125 0.4876799640625 0.6459153359375 0.4873561640625 0.50674189375 0.48456265624999995 0.4976047453125 0.40527991406249997 0.518668246875 0.4139363796875 0.6684610125
0 0.47785025625 0.7559105609375 0.49664902812499995 0.90786394375 0.50172706875 0.90631143125 0.5713296234375 0.872575653125 0.552320715625 0.7333119921875 0.54959974375 0.7277331734375 0.47785025625 0.7559105609375
0 0.49792133749999995 0.5661476828125 0.4306539390625 0.5999715937500001 0.45202810781249997 0.7515810187499999 0.455976621875 0.7503738359375001 0.46174089687500003 0.7475624109375001 0.5257415578125 0.7102571828124999 0.500485746875 0.5714055 0.49792133749999995 0.5661476828125
0 0.4563653921875 0.6778481125 0.4768275625 0.8289615187500001 0.48642095625000004 0.8260285250000001 0.5496743125 0.7937993296875 0.5255260390625 0.6479892640625 0.52400108125 0.6449963624999999 0.4563653921875 0.6778481125
0 0.342685984375 0.4619127515625 0.35992735 0.538859240625 0.5034407390625 0.5397953953125 0.5131334375 0.5368320390625 0.50155068125 0.476771728125 0.49726173749999997 0.459569715625 0.364146171875 0.460408025 0.342685984375 0.4619127515625
0 0.39497581249999997 0.0976948953125 0.3931377171875 0.09168275625 0.385946334375 0.07887637187499999 0.3531398 0.022053790625 0.347911953125 0.0236521046875 0.22081654999999997 0.0812427140625 0.2643968015625 0.1519555546875 0.3917225484375 0.0995731671875 0.39497581249999997 0.0976948953125
1 0.369860009375 0.09570816875 0.28761387968749996 0.11715329687500001 0.30555720468750003 0.2487904328125 0.306308096875 0.2512464859375 0.333881040625 0.24334007343750003 0.3862400171875 0.2261178234375 0.37237396562499997 0.10393094843749999 0.369860009375 0.09570816875
0 0.43810696250000003 0.2761800984375 0.435303725 0.26701112031249996 0.35663049999999996 0.2763030515625 0.34021704375 0.4076021890625 0.4264830578125 0.3997994015625 0.43810696250000003 0.2761800984375
1 0.4260333046875 0.227765284375 0.411998959375 0.199487565625 0.28161768125000003 0.2346184734375 0.2826056640625 0.237850015625 0.31661590781250004 0.309584846875 0.4481690328125 0.277026303125 0.44657911875 0.27182592968749997 0.4260333046875 0.227765284375
0 0.44949601093749997 0.47709632968750004 0.459453484375 0.3513456484375 0.45766905781249995 0.3455090515625 0.3776604375 0.360857946875 0.37131735625 0.4907196984375 0.4364765453125 0.47939201249999996 0.44949601093749997 0.47709632968750004
0 0.7521467953125 0.91212358125 0.9286407078125001 0.8633833640624999 0.9323242437499999 0.8612566734374999 0.930847678125 0.8564270468749999 0.8952386203125 0.8008039374999999 0.711591534375 0.8390460984375 0.749672828125 0.907838546875 0.7521467953125 0.91212358125
0 0.615199809375 0.0252625671875 0.5376925859374999 0.0700980375 0.595207965625 0.2470486125 0.59905035 0.245873878125 0.6105249265625 0.2397727375 0.6792630109375 0.2022910984375 0.6157224968749999 0.025102765625000002 0.615199809375 0.0252625671875
0 0.714689275 0.8125324171875 0.8941057796875 0.807589834375 0.90468653125 0.8043549734375001 0.891371040625 0.7546608921875 0.8858993671875 0.7359767484375 0.697071471875 0.735147403125 0.714689275 0.8125324171875
0 0.7219712515625 0.39573291093749996 0.6827610281250001 0.21238310624999998 0.6807336875 0.207829628125 0.6779506296875 0.20868049375000003 0.596476165625 0.24548098125 0.640075228125 0.4283558515625 0.7054036781249999 0.4031092703125 0.7219712515625 0.39573291093749996
1 0.5190692218749999 0 0.556330171875 0.15264037187499999 0.5910887375 0.1402755765625 0.6422971359375 0.12061851406249999 0.6164088359375001 0 0.5190692218749999 0
0 0.698143171875 0.7323424484375 0.8786723750000001 0.6869941468749999 0.8831839484374999 0.684493340625 0.8821138203125001 0.6809931109375 0.8470701453125 0.6177726453125 0.84249163125 0.609733125 0.6582883374999999 0.658390375 0.698143171875 0.7323424484375
0 0.6855039234375 0.497532559375 0.7264123234375 0.4932329125 0.7438322203125 0.3142019671875 0.742352515625 0.309362071875 0.6574042109375 0.3217425375 0.6356371265625 0.500154859375 0.635794590625 0.5016530296874999 0.6855039234375 0.497532559375
1 0.6880728890625 0.30448961093750004 0.673624996875 0.12731828125 0.671903290625 0.1216868359375 0.5799426859375 0.1475409328125 0.601242665625 0.335851753125 0.602882471875 0.335381546875 0.6880728890625 0.30448961093750004
0 0.7985541453125 0.6629247625 0.7843774046875 0.47864573281249995 0.783046015625 0.47477909531250007 0.6954421640625 0.502319809375 0.707411915625 0.6919470921875 0.7655479578125 0.6742897046875 0.7985541453125 0.6629247625
1 0.6112823109375001 0.466275975 0.64243755 0.5455020234375 0.827669771875 0.5237778703125 0.8289842500000001 0.5232467875 0.8282821374999999 0.5209502796875001 0.7888751546874999 0.4377034453125 0.7689300625 0.44058698749999997 0.6115009625 0.46618763437500005 0.6112823109375001 0.466275975
0 0 0.24755290468750002 0.0440842734375 0.2334343703125 0.0457106375 0.23256961562499998 0.0450320890625 0.2303501828125 0.0093582234375 0.1632573984375 0 0.166578146875 0 0.24755290468750002
0 0 0.343375021875 0.051658615625 0.32037512343749996 0.028200695312500003 0.22433292656249998 0.026095034375 0.2249766921875 0 0.2366045234375 0 0.343375021875
0 1 0.7231823453125 0.9283500484375 0.7525832984374999 0.9256451 0.7539025890625 0.9257588609375 0.754274684375 0.98450318125 0.8747183906249999 1 0.8699805375 1 0.7231823453125
1 0 0.4197072015625 0.0191842984375 0.41666870625 0.0617759546875 0.40919201406249994 0.068803459375 0.313447053125 0.06655780156249999 0.30610183750000003 0 0.318782584375 0 0.4197072015625
0 0 0.4138945984375 0.004132928125 0.465905659375 0.099073809375 0.481926128125 0.0996046703125 0.4818983078125 0.1062530953125 0.4798656796875 0.10618386718749999 0.4785447453125 0.1000388359375 0.40990768906249997 0 0.3904767421875 0 0.4138945984375
0 0.12691315625 0.550342253125 0.133272503125 0.54839800625 0.114365178125 0.47323974062499996 0.016830073437500002 0.46728384062500006 0.030308584374999996 0.5437242624999999 0.12691315625 0.550342253125
0 1 0.6151767796875001 0.851169690625 0.6460383171874999 0.8912589437499999 0.723589321875 1 0.704757115625 1 0.6151767796875001
0 0.913613140625 0.686528396875 0.9724867515625 0.6604057171875 0.9955540359375 0.6486523484375 0.9591664171875 0.4664661671875 0.8752780640625 0.5075378203125 0.9127845015625 0.684902103125 0.913613140625 0.686528396875
0 1 0.7177611796875001 0.885328275 0.7057042109375 0.88365890625 0.7062145875 0.8867323125000001 0.7220258875 0.9023620093750001 0.7960535906249999 1 0.8047691234375 1 0.7177611796875001
0 0.9605073000000001 0.3922957359375 0.9578468984375 0.38359395625000003 0.8747951765625 0.4042593890625 0.8630074265625 0.5925316078125 0.9583993906250001 0.569971403125 0.9605073000000001 0.3922957359375
0 0.8998022625000001 0.15555868281250002 0.9045145937499999 0.15411797968750002 0.887681809375 0.0675208125 0.6941426515625 0.0662294453125 0.711539321875 0.16353329218749998 0.8998022625000001 0.15555868281250002
0 0.7232364062500001 0.1556218015625 0.737637046875 0.23132257968749997 0.7410031328125 0.24863958749999998 0.9330793171874999 0.2532101625 0.9331840874999999 0.2531897984375 0.934415546875 0.252813303125 0.915771525 0.1568981296875 0.7246735015625 0.15523835 0.724171375 0.15533595312499998 0.7232364062500001 0.1556218015625
0 0.79030200625 0.23084485 0.8420058359375 0.41341115000000006 0.8501768015625 0.41091303437500004 0.9300263265625001 0.36665172031250004 0.8762503593750001 0.189092653125 0.8728682859375001 0.182991228125 0.79030200625 0.23084485
0 0.897743825 0.2738283328125 0.8959974765625001 0.2743622453125 0.8145425312500001 0.3233053171875 0.8778561015624999 0.5102875859375 0.87843174375 0.51011159375 0.9299799546875 0.48041326093750003 0.958872728125 0.4630527328125 0.9000896234375 0.27773239375 0.897743825 0.2738283328125
0 0.712982225 0 0.7707078046875 0.1296710859375 0.772277521875 0.129191175 0.8014341203124999 0.11097210937499999 0.8568815234375 0.0729021015625 0.8222264234375001 0 0.712982225 0
0 0.182243465625 0.7243884515625 0.1223558296875 0.7566040390625 0.148582471875 0.8655942734375 0.15491550625 0.8636580703125001 0.1798393171875 0.8498309468749999 0.21239160468749999 0.831036875 0.185366309375 0.729797375 0.182243465625 0.7243884515625
0 0.117657753125 0.51848545625 0.054167498437499996 0.553869090625 0.08195839375 0.6441470781249999 0.088780021875 0.6420614984374999 0.126925940625 0.6200379421875 0.1413498359375 0.611361246875 0.11894048906250002 0.5207072171875 0.117657753125 0.51848545625
0 0.2282783859375 0.808344915625 0.22622602500000003 0.8016319421875 0.1690359578125 0.8162246812499999 0.14942950625 0.9292721343749999 0.2215103953125 0.9139508671875 0.2282783859375 0.808344915625
0 0.1504274671875 0.7726296078125 0.172426075 0.76992851875 0.1899586296875 0.6673100921875 0.189889659375 0.666748375 0.18950948437499998 0.6655048796874999 0.1158530609375 0.6764095453125 0.0993234078125 0.77533855625 0.099449984375 0.77636945625 0.1504274671875 0.7726296078125
0 0.1849780765625 0.6827486578124999 0.18346725 0.677806965625 0.18167980625 0.67261585 0.160700225 0.6155687390625 0.061059309375 0.6180027124999999 0.060656485937500004 0.618141415625 0.0621673109375 0.62308310625 0.062658921875 0.6245108453125 0.08695430937500001 0.6882192796875 0.184485046875 0.682918421875 0.1849780765625 0.6827486578124999
0 0.264061953125 1 0.2749563546875 0.9396447703125 0.273072009375 0.9334813546875 0.20733704843749998 0.9486574671874999 0.19839653125 1 0.264061953125 1
0 0.1501383828125 0.887993090625 0.1497862734375 0.8881007406249999 0.16121960625 0.95579116875 0.1622836046875 0.9607968843749999 0.2699606953125 0.9739017359375 0.2770336078125 0.9717393296875001 0.2676604953125 0.9229762796875001 0.26537851875 0.9122404171875 0.24022710625000002 0.9065979765625001 0.1501383828125 0.887993090625