0 0.77986068125 0.8447682171875 0.7139740640625 0.8413381671875 0.7137723140625 0.8471155359375 0.742723659375 0.9528897234375 0.7687808578124999 0.9544445421875001 0.7998362015625 0.9555290187500001 0.8128518375 0.9541610203124999 0.77986068125 0.8447682171875
0 0.699382059375 0.769554003125 0.73889733125 0.8815406859375001 0.8064753828125 0.880241146875 0.7675459078125 0.7682365140625 0.699382059375 0.769554003125
0 0.751123515625 0.5251384906250001 0.6750292421874999 0.516908134375 0.6748446578125 0.5182215203125 0.6926464171875 0.629005903125 0.7642376609375 0.6410160859375 0.7678645984375 0.64152581875 0.76887420625 0.6414197046875 0.751123515625 0.5251384906250001
0 0.7775935625 0.7222008109375 0.7577900296875 0.607148071875 0.68499684375 0.59681794375 0.683839403125 0.5969395953125 0.6831821109375 0.601616484375 0.6999553546875 0.7081158671875001 0.7515528421875 0.718887021875 0.7761850484374999 0.7223488515625001 0.7775935625 0.7222008109375
0 0.789289653125 0.8058112625 0.7924918875 0.8054746953125 0.764754434375 0.6860927609374999 0.7367569984375 0.683643303125 0.68869546875 0.67969785625 0.6869647515625 0.6798797624999999 0.6867250984375 0.682619009375 0.7120638328125 0.7991180671875 0.7777525609375 0.8048650859375 0.789289653125 0.8058112625
0 0.651924596875 0.5534066 0.767908775 0.5308951640624999 0.770965071875 0.45208863906249996 0.7704790796875 0.4520546546875 0.6566650703125 0.477829171875 0.6515184125 0.551429803125 0.6517247125 0.5533926234375001 0.651924596875 0.5534066
0 0.757528890625 0.3625374 0.6421328390625 0.396588290625 0.6474322 0.4786790671875 0.76223190625 0.4445000515625 0.757528890625 0.3625374
1 0.6439772968749999 0.1691724921875 0.7249703890625 0.1499110625 0.6694158171875 0.02139375 0.5913375234375 0.0386392296875 0.59179625 0.0430037125 0.5918637125 0.0432959234375 0.6439772968749999 0.1691724921875
0 0.68099584375 0.245912878125 0.7347087765625 0.2325207390625 0.6753798109375 0.1039764828125 0.595511165625 0.1231930171875 0.596565471875 0.13322407187500002 0.6499927249999999 0.25306272500000004 0.68099584375 0.245912878125
1 0.6063544546874999 0.33112352500000003 0.6197835656249999 0.4072837984375 0.6287764796875 0.40633860625 0.7555935375 0.3509888921875 0.7398013640625 0.274778525 0.6063544546874999 0.33112352500000003
1 0.747763925 0.2176213625 0.6050479281250001 0.22796656249999997 0.5983529015625 0.309029996875 0.6029025015625 0.30950817812500003 0.7384584078125 0.291370653125 0.747763925 0.2176213625
0 0.6945235125 0.89575400625 0.68480785625 0.8114682734375 0.5416034171875 0.8808819874999999 0.5443877640625 0.9073732828125 0.54758153125 0.9333844296875 0.5509048296875 0.956555053125 0.5591241390625 0.9556911687499999 0.6945235125 0.89575400625
0 0.5432655 0.960636384375 0.5433040890624999 0.97180320625 0.5457218187499999 0.9948063703125 0.70191481875 0.9783898234375 0.696380684375 0.8931301421875 0.5432655 0.960636384375
0 0.5138925750000001 0.619409921875 0.6523852609375 0.5693672953125 0.6513657375 0.5499136078125 0.6475597734375 0.49269767499999995 0.5035537671875 0.5358812140625 0.5043728265625 0.5515098078125 0.5104746078125 0.61958905 0.5138925750000001 0.619409921875
0 0.66400633125 0.87390936875 0.6191230328125 0.7266205171875 0.5421158390625 0.7300623374999999 0.5418992171875 0.7362655609375001 0.58117735 0.8712208671875 0.66400633125 0.87390936875
0 0.5117998375 0.62163154375 0.5105974484375 0.6905164703125 0.51122983125 0.6965332015625 0.516871403125 0.6966316765625 0.6515116421875 0.6613317265624999 0.6590916234375 0.5786398515625 0.658890975 0.576730803125 0.5117998375 0.62163154375
0 0.51962281875 0.7259116234375 0.5388241328125 0.7975719031249999 0.5442559890625 0.7970009921875 0.668018009375 0.7178630203125 0.6463671625 0.6394897078125 0.51962281875 0.7259116234375
0 0.5167088 0.41393793749999996 0.534257753125 0.54477869375 0.5719825328125 0.548743728125 0.6160013484375 0.55098564375 0.6160860953125 0.550179340625 0.5938093859375 0.3988418734375 0.5163893453124999 0.3925725046875 0.515685709375 0.399267153125 0.5167088 0.41393793749999996
0 0.47907995156250005 0 0.4618107046875 0.002120396875 0.46190988906249997 0.003064071875 0.492525834375 0.12028580156249999 0.5752268671875 0.1125344921875 0.5500242875 0 0.47907995156250005 0
1 0.58938238125 0.08634731875 0.45834452499999995 0.0990240140625 0.452540440625 0.15238733124999998 0.450627953125 0.17973716875 0.4509504171875 0.182805209375 0.5854334453125001 0.1728399359375 0.58938238125 0.08634731875
1 0.569340496875 0.2424447046875 0.4844834890625 0.2421953625 0.4843512671875 0.24977036406250003 0.5105171640624999 0.3715591640625 0.590059275 0.373969778125 0.5925292328125 0.374012890625 0.5934038312500001 0.3739209671875 0.569340496875 0.2424447046875
1 0.5656913296875 0.28220398593749996 0.5962031953125 0.27515976875 0.54032001875 0.1502255109375 0.4619415125 0.1677938421875 0.4628242578125 0.17619260625 0.5122858453125 0.2931710359375 0.5656913296875 0.28220398593749996
0 0.6092000718749999 0.417854075 0.6089949125 0.3340638921875 0.48135879375 0.3695264453125 0.482773178125 0.44073430625 0.4834578515625 0.44724853906249995 0.4899565703125 0.4471351046875 0.6092000718749999 0.417854075
0 0.4047560984375 1 0.42302258750000005 0.9933515421875001 0.42293141093750003 0.992484046875 0.32818173281249996 0.8549419015625 0.322684384375 0.8569427718749999 0.251316825 0.88438465625 0.25147036875 0.8858455328125 0.251939478125 0.8871344015625 0.34087398750000003 1 0.4047560984375 1
0 0.16586214999999999 0.25749435 0.34758797656249996 0.2448061203125 0.36020167812500004 0.1555975484375 0.1719874921875 0.1630647 0.1681814921875 0.1959447234375 0.16257243593749998 0.24931133437500003 0.16340536562500002 0.25723613125 0.16586214999999999 0.25749435
0 0.416747046875 0.7953575125000001 0.23760082656249998 0.8585222171875 0.243537659375 0.9150074078125 0.246429496875 0.935139071875 0.2563722796875 0.93409404375 0.4228022125 0.8693674796874999 0.416747046875 0.7953575125000001
0 0.37006319374999996 0.4349007359375 0.3794597609375 0.347398809375 0.191991528125 0.35260408593750003 0.17800025625 0.4409414890625 0.178339721875 0.4441712921875 0.1809097328125 0.44457834218750003 0.37006319374999996 0.4349007359375
1 0.1781758765625 0.18156083437499998 0.3467706875 0.1303814984375 0.33179024375 0.040066195312500004 0.15214321718749999 0.0891508890625 0.1544563625 0.10560977187500001 0.169352259375 0.1828009125 0.1781758765625 0.18156083437499998
0 0.223359696875 0.765379328125 0.2388007578125 0.8448166968749999 0.2486043703125 0.8437862968750001 0.4116685578125 0.76704263125 0.396067146875 0.681519878125 0.223359696875 0.765379328125
0 0.3740319703125 0.5571331171875 0.2885281421875 0.393283090625 0.27687904375 0.39662341562500003 0.20248081562500003 0.4197410671875 0.20279829062500002 0.4227616328125 0.2890867265625 0.5787126765624999 0.358313446875 0.5618267484375 0.37405099062499997 0.5573140796875 0.3740319703125 0.5571331171875
1 0.1750204765625 0.3571690046875 0.3517615234375 0.340655046875 0.36768934531249997 0.249690553125 0.17860614531250002 0.2614099390625 0.174907225 0.296602821875 0.16902277968749999 0.3555265078125 0.16913034531249999 0.356549928125 0.1750204765625 0.3571690046875
0 0.2116958140625 0.7305208078125001 0.3951725921875 0.7067299578124999 0.40561061406250004 0.614429103125 0.21773025937499998 0.6361704328125 0.213294453125 0.6677328390625 0.2068814953125 0.7298441984374999 0.2116958140625 0.7305208078125001
1 0.29823729375 0.6736134375 0.3286140015625 0.666600421875 0.3811994640625 0.6539437125 0.311767784375 0.5100841093749999 0.302689809375 0.49209211562500005 0.21171422031249998 0.5075910421875001 0.21241997031249998 0.514305803125 0.29823729375 0.6736134375
0 0.822939521875 0 0.830826728125 0.08247204687500001 0.9013649265625 0.0854625609375 0.9091740296875 0.0846417921875 0.8984187046875001 0 0.822939521875 0
0 0.9163777218750001 0.058275406249999995 0.8228856499999999 0.08914873125 0.8249368859375 0.1086649453125 0.8328451515624999 0.1649351875 0.8429259078125 0.1638756578125 0.9270499265625001 0.1343811109375 0.9163777218750001 0.058275406249999995
0 0.2038417109375 1 0.2038417109375 0.8975883671875 0.2007713109375 0.8975883671875 0.11441181250000002 0.9031572750000001 0.1144118109375 0.90638550625 0.14152148125 1 0.2038417109375 1
1 0.8907672234374999 0.1356323859375 0.8204693640625 0.15584779531249998 0.8208147 0.1591334453125 0.8669833953125 0.246119025 0.9186053015625 0.2320809375 0.9424077203125 0.224803809375 0.9423517171875 0.2242709703125 0.8907672234374999 0.1356323859375
0 0.9291772609375 0.31233561249999997 0.94294869375 0.3104001625 0.9066107515624999 0.21361155312500002 0.8321397046874999 0.2220394265625 0.8325376140625 0.22582528750000003 0.8699413296875 0.3184403171875 0.9291772609375 0.31233561249999997
0 0.9396261484374999 0.3685795421875 0.942586425 0.288637234375 0.8428486484375 0.31708401249999996 0.8447700250000001 0.372105059375 0.8470579656250001 0.39387336093749997 0.8485760640625 0.39382035000000004 0.9396261484374999 0.3685795421875
0 0.10611376406249999 0.9224025171875001 0.192246996875 0.9329783484374999 0.19869937499999998 0.9323001765625 0.16592524687500002 0.7496874296875 0.0793398078125 0.738539859375 0.10611376406249999 0.9224025171875001
0 0.205450015625 0.820342346875 0.14326852968749998 0.6500535203125 0.050362509374999996 0.6596768375 0.11604802656249999 0.8334619828125 0.1418385296875 0.83120560625 0.2056090953125 0.8221606328125001 0.205450015625 0.820342346875
0 0.2414932140625 1 0.13354022031249999 0.83378104375 0.0524433546875 0.8607401859375001 0.05298121875 0.8658576140625 0.13713156875000002 1 0.2414932140625 1
0 0.12394850312500001 0.5585963484375001 0.038756571875 0.56609025 0.040005043750000004 0.5779686671875 0.09884971875000001 0.74249900625 0.19638947812500002 0.7327735125 0.12394850312500001 0.5585963484375001
0 0 0.3436086484375 0.0014765671875000001 0.3481530546875 0.006666532812500001 0.34760756718749997 0.171791303125 0.25463176249999997 0.1447324203125 0.1697011625 0.1438088515625 0.1697982328125 0 0.2417321953125 0 0.3436086484375
0 0 0.2960161671875 0.07852649375000001 0.45446268125 0.138277103125 0.43956518125 0.170683453125 0.43134750625 0.17052934375 0.4307294078125 0.08781486875 0.257296440625 0.0123331203125 0.2761161546875 0 0.2792908828125 0 0.2960161671875
0 0.031161646874999997 0.3549341515625 0.0305536421875 0.3618836921875 0.0536466296875 0.545964628125 0.14830834843750001 0.55424645625 0.153198728125 0.55373245625 0.1260535171875 0.3650678765625 0.031161646874999997 0.3549341515625
0 0.00168770625 0.534087203125 0.005954653125 0.5828586328124999 0.011031735937499999 0.6311638421875 0.0121228546875 0.63106838125 0.199902178125 0.5685984546875 0.1900254375 0.47544989062500004 0.00168770625 0.534087203125
0 0 0.210171078125 0.154160528125 0.2020842 0.1602164609375 0.1045769421875 0 0.10898286406249999 0 0.210171078125
0 0.95901773125 0.6874545796875 0.987794734375 0.6777013984375 0.92842754375 0.582892025 0.8613568078125 0.60465816875 0.8618523343750001 0.6093727906249999 0.9211324281250001 0.6990372796875 0.95901773125 0.6874545796875
0 0.8667479874999999 0.472188153125 0.9502197640625001 0.43694596875 0.9363752859375 0.364840621875 0.8501384921874999 0.407115665625 0.8502919890625 0.40808799999999995 0.8617338453125001 0.47297798750000003 0.86305778125 0.4728388359375 0.8667479874999999 0.472188153125
0 0.875997203125 0.6618946546875 0.8761416921875 0.6660323234375001 0.9091744140625 0.7697442546875 0.9749068765625 0.7674488265625 0.9825862078125001 0.7666416968750001 0.9364480296875 0.6622262375 0.875997203125 0.6618946546875
0 0.9664310109375001 0.5818656515625 0.9552139125 0.509442228125 0.8615522906249999 0.5482107546874999 0.866081275 0.6047642296875 0.8676864421875001 0.6200363734375001 0.8776696812499999 0.6189870921875 0.9664310109375001 0.5818656515625
0 0.8560512265625 0.5392308453125 0.9508677765625 0.517534115625 0.9566615765625001 0.4495969203125 0.9570108859375 0.4429317234375 0.9564053375 0.44289998906249994 0.8599534500000001 0.4680250609375 0.8555108953125 0.528645021875 0.8553204843750001 0.5322783015625 0.8560512265625 0.5392308453125
0 1 0.87902035 0.941810746875 0.7985704265625 0.8754915249999999 0.8138814265625 0.8759893984374999 0.8186183734375 0.9405765578124999 0.9067622625 0.97753170625 0.9001206171874999 1 0.894933403125 1 0.87902035
0 0.8764301109374999 0.8355887531249999 0.8792479421875001 0.8357857953125001 0.9633880125 0.8057114109375 0.987548459375 0.7966087546875 0.9881773578124999 0.7876150859375 0.99092880625 0.7329332109375 0.878698796875 0.762877253125 0.8782780671875001 0.7688939796875001 0.8764301109374999 0.8355887531249999
0 1 0.8784561249999999 0.8947327625 0.9066775390625 0.8877097484375 0.9450781390625 0.8879720921875001 0.947574165625 0.9511716140625 0.9553340921875 0.99466041875 0.950763234375 1 0.9083890218749999 1 0.8784561249999999