0 0.8167023765625 0.179747553125 0.8836030015624999 0.274208615625 0.9159792343750001 0.264565921875 0.9482966218750001 0.2540653640625 0.947323753125 0.24792291406250003 0.881520653125 0.1599060265625 0.8167023765625 0.179747553125
0 0.8655490109375 0.175202321875 0.754269021875 0.2166660140625 0.7567477625000001 0.284211090625 0.8680559234375 0.24333279531250002 0.8655490109375 0.175202321875
1 0.6121307921875 0.2108105515625 0.610930659375 0.21097921875 0.5092374125 0.2586780078125 0.5172434859374999 0.32920125625 0.5182276531250001 0.335415040625 0.6251996515625 0.28626006249999997 0.6121307921875 0.2108105515625
0 0.5932820015625 0.20363371875 0.62420808125 0.31183962656249997 0.6771480953125 0.31627707968749996 0.6987339734375 0.3166538625 0.7023201421875 0.31608586875 0.702352015625 0.314259821875 0.6693067859374999 0.20457615625 0.5960289984375 0.20319863749999997 0.5932820015625 0.20363371875
0 0.7460475265625 0.1878019703125 0.6674449874999999 0.195103425 0.7134740328125 0.307496903125 0.787390784375 0.301030025 0.7935468640625001 0.3000549984375 0.7934604000000001 0.2990666921875 0.7460475265625 0.1878019703125
0 0.42678984375000006 0.2454294546875 0.42689113437500004 0.2459059890625 0.48303858125000004 0.348206615625 0.5557724484375 0.33274655625 0.5550331109375 0.328078559375 0.5033859656249999 0.22664533437499998 0.42678984375000006 0.2454294546875
0 0.3452173234375 0.2577984125 0.39683974375000003 0.3656407078125 0.406162996875 0.3638284515625 0.47602326406250006 0.3486168453125 0.475401496875 0.34469116093749996 0.4254684234375 0.23972246875 0.3452173234375 0.2577984125
1 0.12803398906250002 0.435519440625 0.13291675625 0.43474608750000004 0.11999368749999999 0.297459590625 0.039957259375 0.289689771875 0.039115615625 0.28982307500000004 0.05002018125 0.4286941171875 0.12803398906250002 0.435519440625
1 0.12202380937499999 0.27989209531250003 0.1218509640625 0.2798830375 0.118834475 0.2803608015625 0.11880323749999999 0.2809568421875 0.1379145078125 0.420918446875 0.21352424218750002 0.425505415625 0.219310175 0.42580864375000005 0.2223266609375 0.42533087968750005 0.222523809375 0.4215690375 0.20578089687499998 0.285769028125 0.12202380937499999 0.27989209531250003
1 0.26560134999999996 0.3861913203125 0.26753149062500003 0.38612391874999996 0.4044938203125 0.349704546875 0.4021115359375 0.2814848890625 0.400294740625 0.27001409375 0.26059769374999997 0.30896307031250003 0.26560134999999996 0.3861913203125
1 0.18594389218750002 0.2850406171875 0.185997534375 0.2853793046875 0.2443878421875 0.41563177968750004 0.3219212234375 0.39445208125 0.320931440625 0.38820284374999997 0.2583391265625 0.268581459375 0.18594389218750002 0.2850406171875
0 0.8815467874999999 0.4401128703125 0.9612484468750001 0.415745628125 0.9608312874999999 0.41311179375 0.8688495812499999 0.2858584421875 0.79438181875 0.310287646875 0.8815467874999999 0.4401128703125
0 0.8500883874999999 0.3414052953125 0.875194990625 0.42000925312500004 0.8822850515624999 0.41888629843749997 0.9806600875000001 0.3426008515625 0.9644462421875 0.29805367656250004 0.8500883874999999 0.3414052953125
0 0.6117946937500001 0.486534759375 0.5690687953125 0.34561284375 0.5495884109375 0.34561284375 0.492251703125 0.346419140625 0.52783936875 0.49248784375000004 0.543489409375 0.49248784375000004 0.6117946937500001 0.489957415625 0.6117946937500001 0.486534759375
0 0.725334053125 0.44357597968749995 0.7315401125000001 0.4436843078125 0.865789365625 0.4020568625 0.8670167890625 0.32020076875000003 0.8668657874999999 0.3192473796875 0.720548796875 0.36664058125 0.725334053125 0.44357597968749995
0 0.5621267703124999 0.4094979828125 0.58434808125 0.48822255312499996 0.5905268609375 0.48724393125 0.706351640625 0.3968323171875 0.6801134890625 0.32474359218750004 0.5621267703124999 0.4094979828125
1 0.728230790625 0.32250301875 0.6519798890625 0.32262732031249997 0.6952515515625 0.46781310937500004 0.7654059828124999 0.46903765937499997 0.7757838875 0.4673939609375 0.7758005828125001 0.466437528125 0.728230790625 0.32250301875
0 0.467803975 0.5124829078124999 0.5296088890624999 0.505894890625 0.5291751031249999 0.497617753125 0.485771903125 0.3588952125 0.40714672187499995 0.3649041890625 0.4119820984375 0.38586660781250004 0.45009964062499996 0.5134107515624999 0.467803975 0.5124829078124999
0 0 0.52983548125 0.0125476390625 0.5708769625000001 0.017138375 0.5701498609375 0.127359671875 0.524216471875 0.104495975 0.4494326875 0.101571734375 0.4402608484375 0 0.486844484375 0 0.52983548125
1 0.083389625 0.4314927734375 0.10063175312499999 0.56200839375 0.154165121875 0.5659465906250001 0.1782102109375 0.5667862640625 0.18454442499999998 0.565783021875 0.16996736875000001 0.43242075625 0.083389625 0.4314927734375
0 0.32521733125 0.4027546984375 0.2401144375 0.4175029265625 0.24028056250000002 0.418551796875 0.2895220046875 0.539664346875 0.3698003578125 0.5269495046875 0.36865880156249997 0.5197419984375 0.32521733125 0.4027546984375
1 0.150414625 0.46808148593750004 0.1609972515625 0.5470384734375 0.1614084890625 0.549634921875 0.164342796875 0.54922253125 0.2903728609375 0.5084675046875 0.28453634375000003 0.45805948750000003 0.27906800781249996 0.423533775 0.150414625 0.46808148593750004
0 0.35176960625000003 0.5328771406249999 0.457859459375 0.4645163734375 0.431253065625 0.3878560671875 0.43035229687500004 0.3853812234375 0.3212492171875 0.460442753125 0.3480600140625 0.5335567906249999 0.3513215828125 0.5330402078125 0.35176960625000003 0.5328771406249999
0 1 0.5952758421875 0.8703259593749999 0.6234000015625 0.859694625 0.69347518125 0.8597072015625 0.6935545890625 0.8653286265625001 0.6941454234375 1 0.6738694546875 1 0.5952758421875
0 0.2769232171875 0.8453773874999999 0.25158934374999997 0.6649793203125001 0.16171819062499998 0.6586192203125 0.1822963109375 0.8458540453125 0.2153617328125 0.847357178125 0.272041490625 0.8493364796874999 0.27681134375 0.848581009375 0.2769232171875 0.8453773874999999
0 0.9388235999999999 0.734899471875 0.88978626875 0.5571373125 0.8106316640625 0.5629145140625 0.8666327046875001 0.74324905 0.886100203125 0.7430189234375 0.9338572265625 0.7413512109375 0.9390203421875001 0.7405334531250001 0.9388235999999999 0.734899471875
0 0.395020165625 0.6279476875000001 0.315176784375 0.6649600812500001 0.4161918578125 0.8229708062500001 0.50140526875 0.7885423515625 0.500939446875 0.7856012609375 0.5007367265625 0.7850995125 0.395020165625 0.6279476875000001
1 0.222937378125 0.7750938671875 0.1974866109375 0.6914428406249999 0.034955803125000004 0.7600531078125 0.03942680625 0.7882819109375 0.0545602015625 0.8489786421875 0.06077021406250001 0.8479950734375 0.22514951249999998 0.783966253125 0.222937378125 0.7750938671875
0 0.7016521921875001 0.75271719375 0.8685989453125 0.664326221875 0.8605806609375 0.629595215625 0.8491181125 0.582497271875 0.67967033125 0.66959395 0.6980009515625001 0.753395546875 0.700271834375 0.753035875 0.7016521921875001 0.75271719375
0 0.5850360703125 0.777203209375 0.49817203593750004 0.6176013671875 0.47790754687500003 0.62379684375 0.41149239218749994 0.6457120703125 0.4116788015625 0.6463217890624999 0.5018696890625 0.8028146671874999 0.5756011828125 0.78346053125 0.5855455953125001 0.7804202203124999 0.5850360703125 0.777203209375
1 0.226723003125 0.7188125750000001 0.22683297656249998 0.8111609546875 0.41064792812500006 0.766872540625 0.405395478125 0.6917590031249999 0.40207109531249996 0.6707696765625 0.40181723593749996 0.6707874281249999 0.226723003125 0.7188125750000001
1 0.769331275 0.753318415625 0.6842224375 0.5890435890625 0.5939179890624999 0.610803809375 0.6786070234375 0.77991761875 0.70978311875 0.7732909359375 0.7702645890625 0.758093275 0.7700259703125 0.7565866921875 0.769331275 0.753318415625
1 0.5023613703125 0.6760188109375 0.49726908906249995 0.76007180625 0.5015846374999999 0.7603735796875 0.655083428125 0.7367106046874999 0.674943403125 0.733289640625 0.68612668125 0.646372178125 0.6850352140625 0.639480925 0.5023613703125 0.6760188109375
0 0 0.2067777515625 0.0513499328125 0.2103684890625 0.05879075625 0.209189978125 0.058831920312499994 0.2086012921875 0.0482874203125 0.11219097656250002 0 0.109000865625 0 0.2067777515625
0 0.069845275 0.1983563328125 0.102791978125 0.1943109859375 0.14569441249999998 0.1875159078125 0.11684476562499999 0.0947447375 0.038964943749999995 0.10509788906249999 0.069845275 0.1983563328125
1 0.2125681875 0.0981150296875 0.205225109375 0.0740969015625 0.11611963437499999 0.1259531078125 0.13608069218750002 0.19536647812500002 0.1425742421875 0.1943380015625 0.2266062734375 0.1497369375 0.2125681875 0.0981150296875
0 0.200205425 0.1795270984375 0.202662803125 0.17926881562500002 0.29783044687500004 0.14464581875 0.2940108484375 0.08838620781249999 0.291372534375 0.07172855 0.1943452859375 0.10434026406250001 0.200205425 0.1795270984375
0 0.2779543890625 0.1711316703125 0.28201982812500004 0.17063249687499998 0.37463256718750004 0.1352319703125 0.37066334218749997 0.10290522499999999 0.36366981875 0.0587498515625 0.27398802031249997 0.0922704734375 0.2779543890625 0.1711316703125
0 0.76418989375 0.8594755609375 0.8011509171875 0.9442971531250001 0.8034281703125 0.943936471875 0.9426130374999999 0.8221976578125 0.907143346875 0.7425314234375 0.76418989375 0.8594755609375
0 0.710546528125 0.95535486875 0.8536361031249999 0.8472947296875001 0.8186342249999999 0.7606620421875 0.8184963484375001 0.7603358609375 0.670384184375 0.8748308953124999 0.708285446875 0.9558416453125 0.7100227734375 0.9555664796875 0.710546528125 0.95535486875
0 1 0.840618215625 0.9516218796875 0.7319704875 0.865078715625 0.746279653125 0.86510971875 0.7465321406250001 0.942886778125 0.9288698234374999 0.9695297921874999 0.9260328281250001 1 0.92229155625 1 0.840618215625
0 0.574761975 0.8799880234374999 0.604898325 0.969052603125 0.6133429640625 0.967715103125 0.7595972171875001 0.8630744312499999 0.7322278484375 0.7789754453125 0.574761975 0.8799880234374999
0 0.3551492046875 1 0.2894005671875 0.8403418203124999 0.201480759375 0.8569097453125 0.2523610609375 1 0.3551492046875 1
0 0.4598711765625 1 0.46959424062500005 0.9972119562499999 0.46949552343749995 0.9965886765624999 0.46928574687499996 0.9958571015625 0.378012571875 0.826790965625 0.361054834375 0.8316535187499999 0.2870065296875 0.8532075453125 0.2870566125 0.8535237515625 0.2873779609375 0.8546444328125 0.3630376375 1 0.4598711765625 1
0 0.3898214296875 0.9885295421875 0.3967593015625 0.98780034375 0.573051803125 0.930007340625 0.564083 0.8446748875000001 0.5618750984374999 0.8307347453125 0.38166274843750003 0.8934474968749999 0.3898214296875 0.9885295421875
0 0.6607057046875 0.8524678874999999 0.63813895625 0.79676046875 0.4730144625 0.9052002640625 0.5071137765625 0.9940320140625 0.5134720453125 0.9930249625 0.6727853109375 0.8839363390624999 0.6607057046875 0.8524678874999999
0 0.2096166109375 1 0.2842998859375 0.97858090625 0.28102210781250003 0.9552583 0.28047732187499996 0.9518186640625 0.268867559375 0.882038009375 0.08408841875 0.9300840625 0.0908533625 1 0.2096166109375 1
0 0.593141584375 0.13473128437499998 0.67661699375 0.06599289375 0.6611376531250001 0.0295258515625 0.6484298859375001 0.001925978125 0.5603454484375 0.07087822656250001 0.5894103984375 0.1362219203125 0.5897605031250001 0.13616646875 0.593141584375 0.13473128437499998
0 0.442648421875 0.057990721875 0.3514077140625 0.08608625156250001 0.35137488125 0.15092220781250001 0.3516683890625 0.1527753453125 0.35887168593749996 0.1526496125 0.44508198125 0.131331159375 0.4444924109375 0.0975546125 0.44334507187499994 0.06238919375 0.442648421875 0.057990721875
0 0.699569278125 0.11203231875 0.7556183515625 0.0962927015625 0.7544025734375001 0.0886165890625 0.695891665625 0.0007733281249999999 0.6248572015625 0.022484915624999997 0.699569278125 0.11203231875
0 0.4830443171875 0.049064165625 0.5329383484375 0.13730295625 0.6007806718750001 0.12340325625 0.6032077921875 0.1228429109375 0.6017424796874999 0.11359129999999999 0.5535608859375001 0.029104484375 0.4830443171875 0.049064165625
0 0.42602830156250004 0.0682079734375 0.41727321406250006 0.14082720625 0.42342674375 0.14136556875 0.51515940625 0.12085973125 0.5181884265625001 0.0929382953125 0.5214243265625 0.0559517984375 0.520487484375 0.050036809375000005 0.42602830156250004 0.0682079734375
0 0.839595171875 0 0.7794750515625 0.029624460937500003 0.7797077171875 0.10033233593749999 0.7814752656249999 0.100239703125 0.8845186015625 0.0502531375 0.8818849468750001 0 0.839595171875 0
0 0.7873103312499999 0 0.7268381515625 0.040281965625 0.7054394609375 0.05506838125 0.717405334375 0.11594951406250001 0.7219339031249999 0.11523225937499999 0.8182116687500001 0.061998403125000004 0.8177266218750001 0.0589359390625 0.8121875265625 0.027522165625 0.8061299015625 0 0.7873103312499999 0
0 0.8529014453125001 0 0.8243648468749999 0.010954175 0.8247983265625001 0.013691053125 0.8531015828124999 0.08812943281249999 0.8574605125 0.08743904531249999 0.929729434375 0.02002905 0.9220410015624999 0 0.8529014453125001 0