0 0.33984375 0.7328125 0.15 0.1484375
0 0.30234375 0.575 0.125 0.1265625
0 0.321875 0.64765625 0.14375 0.10625
0 0.28515625 0.49140625 0.1328125 0.1328125
0 0.22890625 0.25703125 0.1375 0.1375
0 0.40625 0.9484375 0.134375 0.103125
0 0.36953125 0.81328125 0.15 0.15
1 0.2734375 0.42109375 0.1515625 0.1125
0 0.390625 0.88828125 0.1359375 0.1359375
1 0.25859375 0.3390625 0.140625 0.140625
1 0.221875 0.16875 0.1296875 0.1296875
0 0.4453125 0.58203125 0.1390625 0.1390625
0 0.42578125 0.49296875 0.153125 0.1171875
1 0.3875 0.32890625 0.1453125 0.1203125
0 0.47109375 0.6625 0.1546875 0.1546875
0 0.5125 0.82421875 0.1734375 0.128125
1 0.36953125 0.24609375 0.1546875 0.121875
1 0.41015625 0.40859375 0.140625 0.140625
0 0.5359375 0.91015625 0.175 0.1203125
1 0.496875 0.73828125 0.14375 0.1453125
0 0.334375 0.08046875 0.134375 0.1296875
1 0.3578125 0.1625 0.1515625 0.1234375
0 0.028125 0.2671875 0.05625 0.125
0 0.0203125 0.19140625 0.040625 0.1265625
0 0.1765625 0.9640625 0.153125 0.071875
0 0.07421875 0.5671875 0.1265625 0.128125
0 0.0671875 0.490625 0.134375 0.1125
0 0.78828125 0.77421875 0.1515625 0.15
0 0.81640625 0.86015625 0.146875 0.146875
0 0.77265625 0.67734375 0.1484375 0.1484375
1 0.04609375 0.34375 0.0921875 0.14375
0 0.09453125 0.63828125 0.1609375 0.1109375
0 0.14921875 0.85390625 0.1421875 0.1421875
0 0.05546875 0.415625 0.1109375 0.140625
0 0.75546875 0.5875 0.16875 0.16875
1 0.62734375 0.0578125 0.1953125 0.115625
1 0.74453125 0.5 0.1828125 0.1515625
1 0.67890625 0.2296875 0.1703125 0.16875
0 0.659375 0.1359375 0.1625 0.1625
0 0.70546875 0.315625 0.16875 0.16875
0 0.734375 0.4109375 0.1859375 0.13125
0 0.11640625 0.71015625 0.1359375 0.1359375
0 0.1359375 0.7828125 0.140625 0.140625
1 0.171875 0.91796875 0.13125 0.13125
0 0.9421875 0.69375 0.115625 0.171875
0 0.94609375 0.78515625 0.1078125 0.1390625
0 0.90234375 0.4125 0.18125 0.1796875
0 0.93046875 0.60234375 0.1390625 0.1796875
0 0.85390625 0.215625 0.1671875 0.1671875
0 0.87734375 0.3171875 0.2015625 0.15625
0 0.92421875 0.51015625 0.1515625 0.1640625
0 0.83359375 0.1203125 0.1859375 0.13125
0 0.809375 0.05625 0.18125 0.1125