0 0.8448580453125001 0.8052836609374999 0.7456923390625 0.863248740625 0.752476565625 0.8963421874999999 0.7603119078125 0.930280778125 0.7663616796875 0.9289948593749999 0.8597414625 0.87113644375 0.8456828156249999 0.8051083515625 0.8448580453125001 0.8052836609374999
0 0.7590681781249999 0.8666488546875 0.8434750937500001 0.78672940625 0.8148014359375001 0.7255223546875 0.72831415625 0.8066425875000001 0.7566712 0.867158346875 0.7590681781249999 0.8666488546875
0 0.685071771875 0.6191732421875 0.7891081390625 0.56460069375 0.7720263140625 0.48957773125 0.6718612890625 0.5431254328125 0.68266718125 0.607860528125 0.685071771875 0.6191732421875
0 0.681524 0.6024822875 0.740527834375 0.6941564171875 0.8141093546875 0.674440309375 0.7554167421875 0.5803311 0.6799925375 0.5952773203125 0.681524 0.6024822875
0 0.7058877546875 0.694244521875 0.70467044375 0.763984209375 0.7065317921875 0.7727411640625 0.8209975500000001 0.7393323296875 0.8219677015625001 0.65859398125 0.821917509375 0.65859310625 0.7058877546875 0.694244521875
0 0.7278083078125 0.4215714984375 0.6611931281250001 0.42739957031250003 0.65260615625 0.42922478750000004 0.6927979953125 0.5397469578125 0.7708765234375 0.5304656078125001 0.7707647125 0.5291876046875 0.7278083078125 0.4215714984375
0 0.64439590625 0.4633850046875 0.7549940484375 0.41739338750000005 0.7417493671875001 0.3363713359375 0.6305447531249999 0.3822978640625 0.64439590625 0.4633850046875
1 0.54527624375 0.036639084375 0.6072871390625 0.15581259218750002 0.6862932828125 0.129565446875 0.6197490921875 0.00637908125 0.5439128765625 0.0302249484375 0.54527624375 0.036639084375
0 0.5564743375 0.14439212343750002 0.568879184375 0.22283429375 0.5704254375 0.2301088390625 0.5727176609375 0.229704659375 0.7034265000000001 0.1801171 0.69090751875 0.10553315781249999 0.6889985796875 0.09655230625 0.6865016609375 0.0969925796875 0.5564743375 0.14439212343750002
1 0.6282000328125 0.40086691874999997 0.73791549375 0.31334798125 0.70293673125 0.243821734375 0.5886200734375 0.332785425 0.621073365625 0.4023817390625 0.6282000328125 0.40086691874999997
1 0.6620223765625 0.17758771874999998 0.5879097640625 0.1812235203125 0.587961134375 0.18195814375 0.6225613578125 0.31924077031250003 0.656297471875 0.31688171249999997 0.7048406328125 0.312396734375 0.6620223765625 0.17758771874999998
0 0.5817632765625 0.8508142624999999 0.5817632765625 0.92975723125 0.582843121875 0.9348375046875 0.5835001671875 0.9348375046875 0.7329898234375001 0.88377149375 0.7314003265625 0.805415209375 0.5817632765625 0.8508142624999999
0 0.6258527640625 0.9793625515625 0.6662861234374999 0.975825090625 0.697124584375 0.9692701734375 0.64923633125 0.8553038687500001 0.6135896203125 0.85480486875 0.6235316171874999 0.9684424203124999 0.6258527640625 0.9793625515625
0 0.57775403125 0.621784278125 0.619480740625 0.615175415625 0.653180240625 0.6080123671875 0.595866615625 0.4709498640625 0.5139693109375 0.48704954375 0.51471749375 0.49177338437499996 0.57775403125 0.621784278125
0 0.6025433234375 0.8726406671875001 0.7064501203125 0.771498996875 0.6699835171874999 0.6971957625 0.6697132609375 0.697327575 0.5616721640625 0.8051710078125 0.5670385687499999 0.8161737656250001 0.6008626375 0.8734603921874999 0.6025433234375 0.8726406671875001
0 0.5540039796875 0.7009762546875 0.6695176015625 0.6324134484374999 0.6536308656250001 0.5488358812499999 0.52427514375 0.6327609734374999 0.54317039375 0.7032790046875 0.5540039796875 0.7009762546875
0 0.54236145625 0.693299434375 0.544810184375 0.763421809375 0.5469947671875001 0.7736994671875 0.5479507625 0.7736660828125 0.6891984046874999 0.718628534375 0.685083609375 0.6424886359374999 0.54236145625 0.693299434375
0 0.4810211 0.4289850234375 0.5771775124999999 0.5420733906249999 0.622617515625 0.5199108203125 0.647683978125 0.5069340437500001 0.6467714765625 0.505063140625 0.635366634375 0.489359471875 0.549824753125 0.3861009390625 0.4793322328125 0.4253114328125 0.47941168906250003 0.42568524375 0.4810211 0.4289850234375
0 0.4493664625 0 0.40729946874999995 0.0112718171875 0.40845853749999994 0.0167248109375 0.45004968749999996 0.12723954375 0.45671648749999993 0.125822471875 0.5257120937499999 0.10733515468749999 0.5349804 0.1047327875 0.49130387343750004 0 0.4493664625 0
1 0.49522213437499996 0.063988028125 0.41471828281249995 0.083750646875 0.41617513749999996 0.0906046078125 0.468973921875 0.207879653125 0.47499797031249996 0.206599203125 0.4857527140625 0.20351533125 0.5519519171875 0.182787646875 0.49522213437499996 0.063988028125
1 0.445622828125 0.2742363625 0.5157211515625 0.3767208609375 0.5949539749999999 0.3417227390625 0.5169433578125 0.23484332812500003 0.44362938749999997 0.2648579578125 0.445622828125 0.2742363625
1 0.4352787 0.2398482765625 0.44972920937499994 0.2902431953125 0.4560791734375 0.28889346875 0.571535521875 0.229814015625 0.54921608125 0.150056846875 0.427318703125 0.209299453125 0.4352787 0.2398482765625
0 0.46638308124999994 0.389850834375 0.49535023125000005 0.461053159375 0.5002957265625 0.4600019625 0.5022222546874999 0.45922359375 0.603052271875 0.389154346875 0.572833021875 0.31100299531250003 0.46638308124999994 0.389850834375
0 0.464723253125 1 0.374877321875 0.869576315625 0.3693799734375 0.8715771859375 0.29881281875 0.898711303125 0.29976844375 0.9032071640625 0.3760381265625 1 0.464723253125 1
0 0.170723875 0.1402872703125 0.2031316796875 0.32419459375000004 0.2640822921875 0.326374184375 0.28726148125 0.326374184375 0.292846240625 0.32518710781250004 0.2660700625 0.141011759375 0.171973359375 0.1400216828125 0.170723875 0.1402872703125
0 0.45471361093749996 0.8095775171874999 0.2753176453125 0.8763727343750001 0.2776023125 0.894979859375 0.2870629484375 0.9535573921875 0.292342996875 0.9529090828125 0.46205950781249994 0.8834705359375 0.45471361093749996 0.8095775171874999
0 0.3005101109375 0.326336425 0.20822284687499998 0.3258406390625 0.20822284687499998 0.331195228125 0.24697760937500002 0.5146418421875001 0.2651130765625 0.5146418421875001 0.33506229374999996 0.51113426875 0.3005101109375 0.326336425
1 0.239577875 0.051279535937499995 0.1996343390625 0.0526743953125 0.149106790625 0.06341435625 0.177119959375 0.23482109218749997 0.1862583921875 0.2345019734375 0.27337295625 0.22699939218749998 0.239577875 0.051279535937499995
0 0.26710644375000003 0.7043188421875 0.34363648125 0.8770247609374999 0.3788422109375 0.8714487234374999 0.4012545203125 0.8676263578125001 0.4262062953125 0.86232269375 0.351560578125 0.6881889125 0.266525740625 0.7006524359374999 0.26710644375000003 0.7043188421875
0 0.20236642031250002 0.5801184375 0.3803444265625 0.530568546875 0.37886625937499996 0.5094297578125 0.372452875 0.439786965625 0.3718168515625 0.439831440625 0.19904634062499998 0.49250750312499997 0.201318453125 0.568702996875 0.2020069828125 0.578549434375 0.202340865625 0.5801202234375 0.20236642031250002 0.5801184375
1 0.24547850312500002 0.2300348 0.1575752453125 0.26430160625 0.159020609375 0.2711015046875 0.2535759578125 0.42045396718749994 0.34020327968749997 0.39385649218749996 0.3417958640625 0.39324515781249997 0.24547850312500002 0.2300348
0 0.4113838703125 0.6156269 0.2318513609375 0.6753081390625 0.233379303125 0.7044630015625 0.2383534765625 0.76699596875 0.24286396875 0.7667595828125 0.41986922812499994 0.710607309375 0.4113838703125 0.6156269
1 0.222432490625 0.525761346875 0.22325342343750001 0.52998468125 0.30460142343749996 0.6945012421875 0.3256781671875 0.6904043390625 0.3879483578125 0.6771684015625 0.3238307625 0.5315437390625 0.315386228125 0.5132458890625 0.222432490625 0.525761346875
0 0.7750600109375 0 0.78626180625 0.050683478125 0.860812246875 0.044721487500000004 0.8644565421875001 0.04394686875 0.8533022421875 0 0.7750600109375 0
0 0.7718355515625 0.0503874421875 0.8185978921875 0.13034408125000002 0.8912893203125 0.1053144140625 0.8430358281249999 0.019237826562499998 0.7706824218749999 0.0449623921875 0.7718355515625 0.0503874421875
0 0.25660863906250003 1 0.2306937625 0.9202422078125 0.2277736359375 0.9211910140624999 0.14744650625 0.95314020625 0.1476275375 0.9539918859375 0.1483593390625 0.9562441421875001 0.17804045156249998 1 0.25660863906250003 1
1 0.814477521875 0.211116140625 0.9007270859375 0.16487364531249998 0.8826709859375 0.09268829375 0.791137796875 0.1372483765625 0.8087662421875 0.21233011093749998 0.814477521875 0.211116140625
0 0.821105715625 0.27658424375 0.8241857359375 0.2873255484375 0.8291509250000001 0.286270165625 0.9142514765625 0.23715333125 0.8965950749999999 0.1657215140625 0.805339503125 0.21543011875 0.821105715625 0.27658424375
0 0.8109098843749999 0.2793089796875 0.8702928078125 0.358345065625 0.941744665625 0.3280155515625 0.883848653125 0.249757525 0.8099967203125 0.27501288281249997 0.8109098843749999 0.2793089796875
0 0.07751571562500001 0.8195371609375 0.19084245312499998 0.9631102468750001 0.2769582484375 0.9265562609375 0.1562831734375 0.7836288515625001 0.076926565625 0.8167654265625 0.07751571562500001 0.8195371609375
0 0.13303056093750001 0.6901414031249999 0.0545146796875 0.7337939140625 0.055504321875 0.735822984375 0.17328265625 0.8710261046875001 0.2572627046875 0.8300662984375 0.257578475 0.8299060031250001 0.13303056093750001 0.6901414031249999
0 0.219163346875 1 0.2918231953125 0.9597203140625 0.270025746875 0.8747536015625 0.2697769234375 0.874806490625 0.09491180625 0.9681793624999999 0.09698958437500001 0.9787913984375001 0.1014976125 1 0.219163346875 1
0 0.11173232343749999 0.7806789640625 0.2078182828125 0.776157703125 0.20954728125000002 0.77579019375 0.14642143125 0.59834190625 0.05943534375 0.601420690625 0.0598657703125 0.6075760812500001 0.11173232343749999 0.7806789640625
0 0 0.37678649218750004 0.1490531953125 0.309228496875 0.12942700625 0.22194046093750003 0 0.273117525 0 0.37678649218750004
0 0 0.3868335203125 0.0801832859375 0.4992561796875 0.15168674843750002 0.46742078593749997 0.1696367 0.45926495625 0.1693893125 0.4587093125 0.0550929390625 0.30347245156249997 0 0.3280014078125 0 0.3868335203125
0 0.06759690625 0.594148865625 0.151875178125 0.586775471875 0.1666943375 0.5836255625 0.10749138124999999 0.4034270203125 0.012281429687500001 0.40992504687500003 0.012889434375 0.41687458906249997 0.06759690625 0.594148865625
0 0.012357265624999999 0.6106884781249999 0.0148443390625 0.6223892421875 0.04982513125 0.6972264125 0.20904802656250002 0.58029328125 0.169191753125 0.490774621875 0.012357265624999999 0.6106884781249999
0 0 0.27031048125 0.016180315625 0.3103524484375 0.040074975 0.3043948421875 0.110581221875 0.28491318125 0.043483690625 0.1061684625 0 0.115036371875 0 0.27031048125
0 1 0.626316728125 0.9378020062499999 0.537665871875 0.8712497328125 0.56318565 0.8717345999999999 0.565466775 0.8723200390624999 0.5670752515624999 0.9365954609375 0.6540337484375 0.9738226531249999 0.6404841593749999 1 0.63005491875 1 0.626316728125
0 0.8384718421875 0.37726639375 0.862718309375 0.4372785078125 0.868651053125 0.43601746406249997 0.9422158640625 0.3847175921875 0.9136823734374999 0.31706635 0.8381195375000001 0.376347221875 0.8384718421875 0.37726639375
0 1 0.61823304375 0.8951841249999999 0.6456662859375 0.8950339859374999 0.6499564828125 0.8939013609375 0.71484444375 0.8947823250000001 0.71898905 0.89496900625 0.7189923078125 1 0.6790124171875 1 0.61823304375
0 0.9274707546875 0.5727121109375 0.9828145015624999 0.5547298374999999 0.9226759796874999 0.46786413906249996 0.854867353125 0.4936278265625 0.8549869703124999 0.494190575 0.8555396640625 0.49589159218749995 0.9115620359375001 0.5774482562500001 0.9274707546875 0.5727121109375
0 0.8590470187499999 0.47275236249999997 0.8672313421875 0.50820255625 0.8725083984375 0.5070808828125 0.9530397562499999 0.45945346249999997 0.9383661203125 0.389267078125 0.85200075 0.4369216890625 0.8590470187499999 0.47275236249999997
0 1 0.7510194625 0.9240284640624999 0.803974846875 0.9387180359375 0.8730838500000001 1 0.8298029328125001 1 0.7510194625
0 1 0.6745967390625001 0.9024023624999999 0.7308064437499999 0.9035532093749999 0.73672705 0.9190301 0.8016275374999999 0.9218029140624999 0.8010885578125 0.99529215625 0.7502618812499999 1 0.7468858828125 1 0.6745967390625001
0 1 0.8000676171875 0.9297860218749999 0.8310620296875 0.9307035906250001 0.835378853125 1 0.9022796468750001 1 0.8000676171875