0 0.54743775625 1 0.5107062703125 0.9053863546875001 0.5075832703125001 0.9016645078125001 0.4554756234375 0.9476274421875001 0.47737552812499995 1 0.54743775625 1
0 0.4350457625 0.9564398640625 0.5479249828125 0.9201242546874999 0.50829335625 0.865371940625 0.3950759296875 0.901208909375 0.4350457625 0.9564398640625
1 0.28806064375 0.66392744375 0.3170335609375 0.73048659375 0.42693974375000004 0.7211198203125 0.42975534687500005 0.7196227375 0.40366877968750003 0.6486187140624999 0.28649987656250003 0.6595306875 0.286322371875 0.65962506875 0.28806064375 0.66392744375
0 0.433566475 0.694984990625 0.433156003125 0.693792896875 0.431848484375 0.691333809375 0.359996996875 0.7215246390625001 0.363963815625 0.8323652031250001 0.4359907703125 0.8075643328125001 0.433566475 0.694984990625
0 0.39169250624999996 0.8771496203125 0.5115920578125001 0.8672305828125 0.5124749765625001 0.8667611265625 0.482998734375 0.7938048656250001 0.36189930000000003 0.8021027453125 0.36185275625 0.8021215515625 0.39169250624999996 0.8771496203125
0 0.40217400937500003 0.63447070625 0.3593001375 0.5690048109375 0.2477597984375 0.60963744375 0.2912766765625 0.6717859875000001 0.400100796875 0.6359223843749999 0.40217400937500003 0.63447070625
0 0.364837575 0.5693569578125001 0.36620235624999997 0.568600446875 0.3340908640625 0.5074784671875 0.33215649375 0.5038404453124999 0.327993790625 0.49633073281250006 0.21219954843750002 0.5261053578125 0.24993698281249999 0.599200259375 0.364837575 0.5693569578125001
1 0.18987858124999998 0.3097768890625 0.1745087765625 0.17739432187499998 0.17133065 0.171417134375 0.0939588078125 0.19451600468750002 0.11236922187500001 0.334165303125 0.123575621875 0.33073916406250004 0.18987858124999998 0.3097768890625
1 0.183165340625 0.2366716453125 0.1787384296875 0.239025475 0.11778679375000001 0.28921953437500003 0.184255646875 0.4130559890625 0.1889279875 0.41057166250000005 0.2277624265625 0.379124153125 0.2521306921875 0.3586668484375 0.18766069999999999 0.24222295 0.183165340625 0.2366716453125
1 0.25842681875 0.3792503046875 0.19684872343749998 0.43012130937500004 0.2627696625 0.5588912609375 0.2680539875 0.5560815359375 0.28589798437499997 0.54199275625 0.32368289687499996 0.5102874515625 0.258791771875 0.37968524062500003 0.25842681875 0.3792503046875
1 0.31114543906250003 0.4102932703125 0.2708187984375 0.3396542890625 0.13710210625000002 0.3905927390625 0.1767035671875 0.453499615625 0.3072241890625 0.41264939375000004 0.31114543906250003 0.4102932703125
0 0.566185653125 0.8276066343749999 0.6021949875 0.98186309375 0.619212565625 0.9728146875 0.674277425 0.9384063453125 0.6344799640625001 0.7911402890625 0.6325201203125 0.7880038859375 0.566185653125 0.8276066343749999
0 0.6304228109375 0.8447488859375 0.5703224890625 0.90337005625 0.64537698125 0.9889867125 0.676186196875 0.9726051625000001 0.6861717374999999 0.9636141421875 0.6344249046875 0.84851530625 0.6308358578125 0.8445292656250001 0.6304228109375 0.8447488859375
0 0.50788354375 0.5081703703125 0.4261633609375 0.523875246875 0.42434978125 0.673902590625 0.42452950312500004 0.6742405984375 0.49946062343750003 0.6569413859375001 0.5092041468749999 0.512783484375 0.5083352609375 0.5090199265625001 0.50788354375 0.5081703703125
0 0.6165125890625001 0.7224565203125 0.6128279531249999 0.7155267281250001 0.5387769 0.7437434953125 0.5458838640625 0.890494196875 0.62173251875 0.86811190625 0.6165125890625001 0.7224565203125
0 0.4535625203125 0.70859438125 0.5898829015625 0.6911099078125 0.5970338109375 0.687307703125 0.568229096875 0.61944805 0.41670514062499997 0.632770696875 0.4149988578125 0.63367794375 0.4535625203125 0.70859438125
0 0.6369480937499999 0.7550865484375 0.6386651375 0.754134775 0.6166620546875 0.7127529921875 0.6003471796875 0.6833201812499999 0.45184092187499997 0.7132741671875 0.4875287984375 0.7806580750000001 0.6369480937499999 0.7550865484375
0 0.45025797812499996 0.5879013875 0.4843515546875 0.5712728406250001 0.4560920015625 0.442320653125 0.4530186109375 0.4316101203125 0.448196778125 0.42254156875 0.378477990625 0.45450494687500004 0.40930519531250004 0.6043347296875 0.409660603125 0.605063421875 0.45025797812499996 0.5879013875
0 0.2536913015625 0.0700428140625 0.25146816250000004 0.065861696875 0.17511834531249998 0.10645761406250001 0.221739753125 0.219700546875 0.26850389531249996 0.1948356125 0.294514115625 0.180032425 0.2536913015625 0.0700428140625
1 0.2427368125 0.274777175 0.36233456249999996 0.21446328593750003 0.3568157515625 0.2040839140625 0.34611447968750003 0.1888009140625 0.31365526718750003 0.1460489484375 0.1948049234375 0.20267238437500001 0.2427368125 0.274777175
0 0.4128877859375 0.40821901250000003 0.3866707484375 0.293515096875 0.3799382796875 0.2808531640625 0.3050096140625 0.3160613875 0.3387927046875 0.445494728125 0.341816921875 0.4440197203125 0.4128877859375 0.40821901250000003
1 0.3963278703125 0.3197612359375 0.3997765140625 0.317927559375 0.37737679062499996 0.2398104359375 0.24111311875000002 0.25149475 0.26682225000000004 0.3335558234375 0.3963278703125 0.3197612359375
0 0.446053684375 0.48715374999999994 0.43183385 0.3618134875 0.42896853281249997 0.3564246109375 0.3533586046875 0.38675786875 0.371910853125 0.515444009375 0.4337114609375 0.4918914859375 0.446053684375 0.48715374999999994
0 0.79943745 0.8222562218749999 0.8008840859375 0.826987953125 0.9630363109375001 0.8200842515625 0.9857774609375 0.8079925671874999 0.96534995 0.7507100796875 0.7782710984375 0.746670509375 0.77787086875 0.746883315625 0.79943745 0.8222562218749999
0 0.5983803125 0.193453115625 0.55105755625 0.0169167375 0.549092121875 0.01322029375 0.4639223546875 0.054031996875 0.517836028125 0.23341644375 0.5440614312500001 0.2211873359375 0.5983803125 0.193453115625
0 0.9033054843749999 0.7856075234375 0.862473271875 0.6026045156250001 0.8603723578125001 0.5986532734375001 0.7954928703124999 0.632172678125 0.8307088234375 0.81768951875 0.902778790625 0.7858644109374999 0.9033054843749999 0.7856075234375
0 0.7342250515625001 0.28138727812500003 0.7366208109375 0.27937699843749997 0.7359092078125 0.27803866875 0.6773558546875 0.20825749999999998 0.5139832984375 0.30034898593750003 0.5671045546875 0.3705131859375 0.7342250515625001 0.28138727812500003
1 0.46106111250000004 0 0.3815586390625 0.0435590765625 0.4335208890625 0.1189327609375 0.590350003125 0.038632296875 0.5975586140625 0.033394935937499995 0.575807284375 0 0.46106111250000004 0
0 0.7358917375 0.547634709375 0.787333109375 0.72946466875 0.839989815625 0.7014666 0.8608881671875 0.68940093125 0.8116758203125001 0.507021309375 0.8098197671875 0.5038065281249999 0.7358917375 0.547634709375
0 0.7129138328125 0.3427159546875 0.7123119390625 0.3419172109375 0.6475182234375 0.389804271875 0.64400361875 0.39245271718749997 0.7131553234375 0.566319315625 0.7136111875 0.56692426875 0.7137237468750001 0.5668644203125 0.7186693921875 0.563137609375 0.7860142390625 0.505960915625 0.778066784375 0.48744175 0.7129138328125 0.3427159546875
0 0.5634924890625 0.34999374843750003 0.5959912875 0.425484221875 0.769454359375 0.40096959375 0.7747720250000001 0.398142140625 0.7554678234375001 0.34434149999999997 0.7439779015625 0.314409228125 0.5614835359375 0.34476024843749997 0.5634924890625 0.34999374843750003
1 0.64731231875 0.2721956890625 0.5993239921875 0.10103628281249999 0.5965593890625 0.09583681875 0.5112215531250001 0.1387628140625 0.568061590625 0.3195496078125 0.56958155 0.31877515 0.64731231875 0.2721956890625
1 0.691321434375 0.46444941249999994 0.7386526609375 0.6488037515625 0.768662771875 0.6332134203125 0.80418366875 0.614326625 0.8208641406250001 0.6050804875 0.7774427359375 0.42576035 0.7752824203124999 0.4218630375 0.691321434375 0.46444941249999994
1 0 0.518202315625 0.017727692187499998 0.5095559421875 0.056272321874999996 0.48995335156250003 0.0355031734375 0.3985532703125 0.030887834375 0.38987307968749996 0 0.406149328125 0 0.518202315625
0 0.0045267828125 0.49107915156250004 0.029438434375 0.590934359375 0.0584347421875 0.57551675 0.09580976875 0.5543336578125 0.07152487187499999 0.46630023125 0.065801671875 0.45553645625000005 0.0045267828125 0.49107915156250004
0 0.15183595 0.5990587203125 0.1549026890625 0.59648541875 0.15299069375000002 0.592889478125 0.1009841890625 0.5392617171875 0.013538362500000001 0.5828713078125001 0.0634313046875 0.6423314 0.15183595 0.5990587203125
0 1 0.5334680625 0.8751530515624999 0.55285174375 0.9169459828125 0.6368411671875001 1 0.6211256328125 1 0.5334680625
0 1 0.5510141984375 0.9748787078125 0.3913257125 0.9722888734374999 0.386454940625 0.88954009375 0.4180987 0.916548134375 0.603346890625 0.9168739 0.6032080328125 1 0.5661979078125 1 0.5510141984375
0 1 0.4186547625 0.9830359703125 0.3663607625 0.7944001015625 0.367734934375 0.8235595578125 0.46132080625 1 0.4510846328125 1 0.4186547625
0 0.7650998437500001 0 0.6063316999999999 0.0408401625 0.6417603984375 0.1229936515625 0.8232604796875 0.085678578125 0.8314383296875001 0.0813303375 0.7969156484375 0 0.7650998437500001 0
0 0.8066938671875 0.0384057203125 0.774564109375 0.0468772203125 0.715958459375 0.0625805578125 0.7247625234374999 0.25374659374999997 0.72572018125 0.2555476875 0.744067 0.2507807984375 0.8196702890625 0.2305229578125 0.8080703625 0.04099453125 0.8066938671875 0.0384057203125
0 0.8755800421875 0.3071855484375 0.8379114421875 0.12707133125 0.8339304484375001 0.11958416875 0.7454175656250001 0.16085840468749998 0.7884271078125 0.3494101125 0.8081354765625001 0.34021995 0.8755800421875 0.3071855484375
0 0.7901340109375 0.25030205156249996 0.8501383921875 0.43947260468750005 0.8584671015625001 0.4350441515625 0.9342652328125001 0.38950003906249997 0.8718597875 0.20519971093749997 0.8709750749999999 0.20372730468750003 0.7901340109375 0.25030205156249996
0 0.5777085234375 0 0.616285746875 0.056186145312500005 0.7344815687499999 0 0.5777085234375 0
0 0.265335253125 0.8979843828125 0.25691165 0.7916645828125 0.25433140625 0.7868118468749999 0.1880804671875 0.8109519953125 0.1996689609375 0.9222128953125001 0.22835020625000002 0.9121816125000001 0.265335253125 0.8979843828125
0 0.166297921875 0.6885701078124999 0.1509144171875 0.6022974109375 0.1468499421875 0.5946532453125 0.086863884375 0.6213971671875 0.0983769703125 0.716746065625 0.135201709375 0.701769665625 0.166297921875 0.6885701078124999
0 0.3331676609375 0.9306767734375001 0.33658439218749997 0.9281943734375 0.331957340625 0.9194921562499999 0.3008601640625 0.8801364625 0.18778218124999999 0.9086671781250001 0.23248851875 0.9679852312499999 0.3331676609375 0.9306767734375001
0 0.21889964218750002 0.7365940531249999 0.121769809375 0.7804590828125 0.12283566562499999 0.7824636671875 0.17198615781249998 0.8362500796875001 0.25782403593750003 0.797105628125 0.26298237812499997 0.7926215484375 0.21889964218750002 0.7365940531249999
0 0.08858171406250001 0.7131035578125 0.0929604765625 0.7181407484375 0.13935236875 0.7681089671875 0.2276839953125 0.7267107265625 0.225972071875 0.72349106875 0.221335171875 0.7181569234375 0.18051301875 0.6731228515625001 0.089039353125 0.7127057359375 0.08858171406250001 0.7131035578125
0 0.37069114999999997 1 0.35197018281250003 0.9577149734375 0.347331646875 0.9477676031250001 0.321555590625 0.9479276125 0.2293190890625 0.950071434375 0.22921978437499999 0.9501242359375001 0.2499679125 1 0.37069114999999997 1