0 0.8854926421875 0.15990213749999999 0.820286428125 0.17498000625000001 0.8206231 0.17710566562500002 0.8795965718750001 0.27407155 0.912566578125 0.266710796875 0.945822253125 0.25841922500000003 0.944805453125 0.251999409375 0.8854926421875 0.15990213749999999
0 0.81918270625 0.287916271875 0.8814266046875 0.2613576375 0.8812872390625 0.26047772187499996 0.8033007140624999 0.1721305265625 0.7411302515625 0.198650621875 0.81918270625 0.287916271875
0 0.62969624375 0.3206844890625 0.5786127390625 0.214442953125 0.5030393328125 0.228896109375 0.5530587046875 0.330868903125 0.6250331890624999 0.3214230453125 0.62969624375 0.3206844890625
0 0.70328565 0.31329983281249996 0.668331209375 0.20420959062500002 0.592153175 0.2041072796875 0.625111378125 0.3122438046875 0.6781207734375 0.315756653125 0.694410525 0.3157566515625 0.70328565 0.3143509703125 0.70328565 0.31329983281249996
0 0.6639077484375 0.199608128125 0.717120328125 0.3074138421875 0.796555825 0.2948324953125 0.79634565625 0.2935055359375 0.7418094921875 0.18684142343750001 0.6639077484375 0.199608128125
0 0.49057338437500003 0.3499330578125 0.5616753734375 0.3200751171875 0.5610803578125 0.31631834062499997 0.49165388437499996 0.226685365625 0.42082373281249996 0.25387451250000004 0.49057338437500003 0.3499330578125
0 0.4713573953125 0.3042103203125 0.456495628125 0.23595670000000002 0.347847025 0.28764028750000004 0.3655555546875 0.3662601859375 0.371197384375 0.3653666078125 0.4737068 0.31629695468749996 0.4713573953125 0.3042103203125
1 0.026081695312499997 0.425476753125 0.0309947171875 0.42478627187500007 0.1590840734375 0.38223240468749997 0.1537500390625 0.3414700421875 0.1474943390625 0.3019731015625 0.014084787500000001 0.344010921875 0.026081695312499997 0.425476753125
0 0.22604931874999998 0.421577315625 0.22604931874999998 0.42050005468749996 0.19991245625 0.2831661875 0.12304001718749999 0.282533340625 0.11511181875000001 0.282533340625 0.11511181875000001 0.2853994796875 0.13921224999999998 0.42168224062500004 0.2167274171875 0.423053759375 0.22604931874999998 0.421577315625
1 0.333697709375 0.40291707499999996 0.40631063906250003 0.3779144375 0.4050380109375 0.36987937656250003 0.32997236406249997 0.25240774374999997 0.2571707125 0.27992741875 0.333697709375 0.40291707499999996
1 0.190895975 0.3984647203125 0.32570499062499997 0.355646465625 0.3236431875 0.313618440625 0.3226194640625 0.2989785203125 0.3199210609375 0.2819414796875 0.1833113109375 0.3163721109375 0.190895975 0.3984647203125
0 0.8733645687499999 0.4400839140625 0.9546896281249999 0.424275925 0.9539540578124999 0.41963171250000003 0.876860896875 0.2853472890625 0.800247528125 0.3018586671875 0.8733645687499999 0.4400839140625
1 0.98671945 0.43240307343750006 0.9865820265625 0.4304378203125 0.9266278124999999 0.2804807265625 0.8896453984375 0.27931721249999997 0.8912553031250001 0.302339915625 0.90259056875 0.4384364921875 0.9424164968750001 0.4372448765625 0.9670056109375 0.43552543750000006 0.98671945 0.43240307343750006
0 0.6110756265624999 0.491899209375 0.611414675 0.49184550937499993 0.611414675 0.49136587968749995 0.5759185812500001 0.3456730328125 0.5643786859375 0.3456730328125 0.491102175 0.34838762343749996 0.491102175 0.3488156703125 0.5346801671875 0.49254803125 0.5649371578125 0.49254803125 0.6110756265624999 0.491899209375
0 0.8526122828125 0.310931740625 0.7186299578125 0.3712228125 0.727308696875 0.45188657499999996 0.7323631484375001 0.45135533125 0.8671040828125 0.3886747328125 0.8526122828125 0.310931740625
0 0.560578475 0.3887992328125 0.554416303125 0.46383913750000005 0.560251909375 0.46424720312499995 0.6984539421875 0.43564922656249994 0.709067678125 0.3623340625 0.709581846875 0.354981103125 0.709084459375 0.3518407265625 0.560578475 0.3887992328125
1 0.725675503125 0.322042040625 0.6494753906249999 0.3248273859375 0.6977876046875 0.468414571875 0.7669769421875 0.46720686718750004 0.7782603484374999 0.46541975156250004 0.778239559375 0.46422870781250003 0.725675503125 0.322042040625
0 0.4122746734375 0.48684463593749994 0.542423275 0.46474009531249993 0.54506931875 0.4268999203125 0.5457736343749999 0.3828296765625 0.544964865625 0.382773121875 0.394497034375 0.4103178625 0.39093340468750004 0.48790953750000005 0.3976485328125 0.48837910625000003 0.4122746734375 0.48684463593749994
0 0 0.533526090625 0.006788035937500001 0.5654612875 0.010367815625 0.56489430625 0.12193723906250001 0.5250838890625 0.1070075546875 0.4433731296875 0 0.4773659125 0 0.533526090625
1 0.0629208703125 0.45410700000000004 0.1257903984375 0.569774803125 0.17717942656250002 0.5542667828125001 0.20492435156250002 0.5447134390625 0.20433633750000002 0.5410008656249999 0.144080715625 0.42394665781249996 0.0629208703125 0.45410700000000004
1 0.24506805156250003 0.41199960625000004 0.2451421296875 0.4130589609375 0.28364531875 0.5380178250000001 0.348549275 0.5334792984375001 0.3657788421875 0.530750403125 0.331132496875 0.40472470312500003 0.24506805156250003 0.41199960625000004
1 0.19367869843750002 0.553639325 0.22523516875 0.55275533125 0.27242417812499997 0.5502822593750001 0.2791337640625 0.549219565625 0.24610919843749998 0.4177335453125 0.167580215625 0.42134605 0.1634800203125 0.4219954578125 0.19367869843750002 0.553639325
1 0.326716603125 0.43157584687500006 0.32402351406249996 0.5145178625 0.32711605 0.51457184375 0.45276145625 0.48434331718749996 0.45299218281250003 0.47112501875 0.45392878750000004 0.408881978125 0.45333488906249997 0.40513225 0.326716603125 0.43157584687500006
0 1 0.6409964593749999 0.9730196140625 0.54411606875 0.968072434375 0.5442024203125 0.8894924796874999 0.5469911109375001 0.9512977921875001 0.724103559375 1 0.7254866859375 1 0.6409964593749999
0 0.2736879125 0.8473377624999999 0.2546652734375 0.66616545 0.16507083125 0.6566727671875 0.179102015625 0.8445117 0.21209483593749998 0.847167884375 0.270108571875 0.8512245999999999 0.2734531609375 0.85069486875 0.2736879125 0.8473377624999999
0 0.9356118546875001 0.73553465625 0.88737413125 0.5586207562500001 0.8131366609375 0.5569066031250001 0.8575711281249999 0.74310566875 0.8763179890625 0.7431056703125 0.9356118562500001 0.7408543578125 0.9356118546875001 0.73553465625
0 0.42544224374999995 0.628673165625 0.3380692171875 0.63920108125 0.38531226093750004 0.8206935859375 0.470535128125 0.814734221875 0.477618625 0.8136123062499999 0.477422084375 0.8108016484375 0.42544224374999995 0.628673165625
1 0.1860227921875 0.850372709375 0.160741740625 0.6766922109375 0.06443424375 0.6832955375 0.09592083125 0.8639585859375 0.1661419421875 0.862732871875 0.1815901328125 0.862080590625 0.18621436875 0.8613481828125 0.1860227921875 0.850372709375
1 0.841712025 0.7527170796875 0.7876036921875 0.57461725 0.7036876375000001 0.578543121875 0.75685194375 0.761496496875 0.7661012656249999 0.761280390625 0.8327016687500001 0.758954653125 0.8418790875 0.75750109375 0.841712025 0.7527170796875
0 0.42643862343750005 0.6287172578125 0.48222334062499994 0.8050272093749999 0.51410950625 0.8016758375 0.572116459375 0.7942845765625 0.5717593437499999 0.7908868453125 0.51400736875 0.6227431796875 0.43199071875 0.62805849375 0.42785029531249996 0.6284936703125 0.42643862343750005 0.6287172578125
1 0.2346022015625 0.66217455 0.234700584375 0.6627957109375 0.30429794062500004 0.832171675 0.39578050781249996 0.8208284234375001 0.3956548734375 0.8200351953125 0.329389446875 0.6432392921875 0.2346022015625 0.66217455
0 0.7743481921875001 0.6686704796875 0.7689416921875 0.6081531046875 0.5886383875 0.6680905765625 0.5959200640625 0.7596323843749999 0.6000038937500001 0.759418359375 0.7761751359375 0.703530665625 0.7743481921875001 0.6686704796875
1 0.5836361171875 0.7920250640625001 0.6679974343749999 0.7823640515625 0.6678714968749999 0.781165828125 0.6168859578125 0.6310841796875 0.61006831875 0.612119965625 0.5154523421875 0.6165294625 0.51555466875 0.617503046875 0.5836361171875 0.7920250640625001
0 0 0.205451953125 0.0686702390625 0.1838492359375 0.0563659515625 0.10616301875 0 0.125837721875 0 0.205451953125
0 0.0859314328125 0.20277963125 0.15536308593749998 0.17186666875 0.15504680937499998 0.1698697828125 0.10058417187499999 0.08995405 0.029134295312500003 0.122624675 0.0859314328125 0.20277963125
0 1 0.7956704984375 0.9196882484375 0.840464025 0.9270135453125 0.875321190625 0.930625921875 0.874749046875 1 0.8587327796875 1 0.7956704984375
1 0.1558350578125 0.1911658734375 0.2315394375 0.17339123750000002 0.23105849687500002 0.1703546921875 0.183460328125 0.08157658281249999 0.1112749765625 0.0996326828125 0.1558350578125 0.1911658734375
0 0.2616992109375 0.071141203125 0.193454034375 0.084972115625 0.1872599046875 0.08640214375000001 0.23430575625 0.1787670109375 0.30197773125 0.1657550578125 0.3030612953125 0.165504896875 0.30117965468749996 0.153624690625 0.2616992109375 0.071141203125
0 0.31556567343749997 0.1712485859375 0.3849572796875 0.1432125578125 0.38400963906249996 0.1372293875 0.3308557890625 0.062694975 0.2547221171875 0.087255103125 0.31556567343749997 0.1712485859375
0 0.9424380421875 0.8712395890625 0.948491515625 0.7846709015625 0.9474765812499999 0.7782628609375 0.7668293640625 0.820549284375 0.7602286031250001 0.9075994796875 0.9424380421875 0.8712395890625
0 0.8517338203125 0.796103884375 0.6732343625 0.82777035 0.6665785203125 0.9209359890625001 0.8491296484375 0.8864258578124999 0.851386025 0.8606353546875001 0.8535521078125001 0.7962629640625 0.8517338203125 0.796103884375
0 1 0.8309985515625 0.93624016875 0.7328253359375 0.85300094375 0.7604966656250001 0.8530710609375 0.76074119375 0.9584144546875001 0.928666984375 0.9842856453125 0.9216970312500001 1 0.9171910125 1 0.8309985515625
0 0.5753300421875001 0.8634572359374999 0.58966881875 0.957226928125 0.600145540625 0.955567578125 0.7602942359375 0.8788969015625 0.7479443046875 0.7913229281249999 0.5753300421875001 0.8634572359374999
0 0.344863115625 1 0.301381203125 0.8419491484374999 0.212925225 0.8476257390624999 0.21211441406249998 0.8477541578125001 0.24607415625 1 0.344863115625 1
0 0.3349738390625 1 0.47658544062499997 0.9267110859375001 0.46064741875 0.867229575 0.45189710625 0.8350879390625 0.45109147031249996 0.8352155390625 0.279287125 0.92086515 0.2994213109375 0.9960069546874999 0.3005238328125 1 0.3349738390625 1
0 0.5054317703125 1 0.56285470625 0.9867428703125001 0.56158454375 0.97872338125 0.480627415625 0.81410664375 0.38577238125 0.8341032578125 0.463662159375 1 0.5054317703125 1
0 0.6658894515625 0.8650159125 0.651295296875 0.8067099499999999 0.4726858796875 0.8911135281250001 0.494356375 0.98497875 0.49967699374999996 0.984136046875 0.6734719390625 0.8978592703125001 0.6658894515625 0.8650159125
0 0.2529229609375 1 0.19088472812499999 0.8538672375 0.0971866265625 0.8815259687499999 0.14403456718750002 1 0.2529229609375 1
0 0.5532732984375001 0.03743236875 0.6200425703125 0.1277647984375 0.65638536875 0.11453710156250001 0.6825067734375 0.10413014843749999 0.68139775625 0.0971280953125 0.6212317234375 0.0113733953125 0.5532732984375001 0.03743236875
0 0.4418385671875 0.15310030937500002 0.4220246453125 0.060794851562499995 0.35387036250000004 0.054797343750000005 0.3687425359375 0.14988084375 0.4212310375 0.15355119687500002 0.43521484062500004 0.154316190625 0.4418267734375 0.1532689625 0.4418385671875 0.15310030937500002
0 0.623578125 0.02611671875 0.6898508890625 0.1184575125 0.6939099390625 0.1170602109375 0.7583563953125 0.09360361874999999 0.7581151937499999 0.092080728125 0.682292634375 0.007394643750000001 0.623578125 0.02611671875
0 0.5947111578125 0.081912171875 0.5913199140625001 0.0309103125 0.59028143125 0.030928440624999998 0.4946156734375 0.061065484375 0.4940664640625 0.13574858750000002 0.4959182765625 0.13571626406249998 0.59509796875 0.104072609375 0.5947111578125 0.081912171875
0 0.4955663765625 0.03085511875 0.4185007234375 0.090825334375 0.44359937499999996 0.1593161171875 0.4444787453125 0.1591768390625 0.44939557187499996 0.15719031249999998 0.521820515625 0.097273721875 0.5118433265625 0.0710203921875 0.49561255 0.03084780625 0.4955663765625 0.03085511875
0 0.8272737593749999 0 0.7751780125 0.0450919625 0.7962020328125 0.10979725 0.800691715625 0.1090861546875 0.8830657125 0.036891915625 0.873228484375 0.0006562515625 0.8730152546875001 0 0.8272737593749999 0
1 0.73694691875 0 0.7005776203125 0.004542578125 0.7495552828125 0.10986783124999999 0.7555536609375 0.109237378125 0.8215560828124999 0.099475834375 0.8212608203125 0.09666659375 0.7770325640625 0.019027164062499997 0.76576005 0 0.73694691875 0
0 0.83566608125 0 0.8354408812499999 0.0708972921875 0.8360205109375001 0.07455693125 0.8394176124999999 0.0745569296875 0.931375853125 0.0373890328125 0.931375853125 0.0273733375 0.9270403421875001 0 0.83566608125 0