0 0.2739687078125 0.84608695625 0.2747894859375 0.8414320875 0.2088285125 0.82178676875 0.1428256625 0.9149802078124999 0.14257850156250002 0.9163819296875 0.1460374296875 0.9175058046875 0.2067461640625 0.9360893593749999 0.2739187703125 0.8462406484375 0.2739687078125 0.84608695625
0 0.1698666359375 0.8606520578125 0.1708504484375 0.86082553125 0.2379466515625 0.8632943859375001 0.2788249484375 0.7519862234375 0.21127987187500002 0.7495074828125 0.1698666359375 0.8606520578125
0 0.2140544453125 0.5777289624999999 0.3227946109375 0.623169971875 0.32287027031250004 0.6227408828125001 0.3233173828125 0.6184868890625 0.32898344218750003 0.5461166859375 0.2245325875 0.5015027078125 0.2140544453125 0.5777289624999999
0 0.3202197484375 0.5952282171875 0.3069084828125 0.5928810828125 0.24620070156249999 0.585509853125 0.1975308703125 0.6910035609375 0.21410543437500001 0.693926103125 0.22330519531249998 0.6950556921875 0.275932321875 0.6980059671875 0.3196981 0.5994766984375001 0.3202197484375 0.5952282171875
0 0.29397570625 0.789908934375 0.2949623515625 0.790012634375 0.29604466875 0.783874509375 0.30380058593750003 0.710081878125 0.1922275453125 0.6620983046875 0.1835553984375 0.7405614453125 0.29397570625 0.789908934375
0 0.2622503140625 0.432009271875 0.23573357968750003 0.547012340625 0.23889211562499998 0.5475692750000001 0.31140163125 0.5450371875 0.3408035015625 0.43344073749999995 0.34074294374999997 0.43170657968750004 0.2622503140625 0.432009271875
0 0.314560534375 0.470921825 0.3711205921875 0.3670958703125 0.371335603125 0.36587648125 0.29253013125 0.3437347625 0.235231146875 0.4495295546875 0.30261342343750003 0.467943075 0.314560534375 0.470921825
1 0.4412197328125 0.0415285203125 0.4422474328125 0.035700140625 0.3669599546875 0.010574768750000001 0.2982760015625 0.1325810140625 0.376812034375 0.1602030125 0.4412197328125 0.0415285203125
0 0.36363015 0.24358957499999997 0.43196932656250003 0.12998249374999998 0.43349774218750003 0.1213144171875 0.3566013375 0.092520690625 0.282048996875 0.21287641562499998 0.333729471875 0.232714690625 0.36363015 0.24358957499999997
1 0.34724604531250003 0.4017285796875 0.391291196875 0.26270405 0.391330803125 0.2621376625 0.311697259375 0.2559554640625 0.269348965625 0.39542040625 0.29804149999999996 0.39828786250000003 0.34724604531250003 0.4017285796875
1 0.3474364171875 0.32456498906250003 0.41122011562500005 0.2026667265625 0.411879096875 0.19892945312500002 0.33348513125 0.17751467031249998 0.27523079375 0.3074638375 0.3064049203125 0.3152364203125 0.3474364171875 0.32456498906250003
0 0.4117213609375 0.9524822984375 0.4163520296875 0.9532988093749999 0.4335769296875 0.8722620234375 0.29664880312499997 0.7967437546875 0.278802853125 0.8730572921875 0.4117213609375 0.9524822984375
0 0.27966766249999997 0.8752531296875 0.2637359 0.9594583468750001 0.298315171875 0.9679269328125001 0.37575932500000003 0.9858063234375001 0.41830631250000005 0.9933085046875 0.4206203015625 0.9832855171875 0.4235072203125 0.9604267656250001 0.280965709375 0.875482009375 0.27966766249999997 0.8752531296875
0 0.34292094687499997 0.5680047203125 0.48496569999999994 0.6160637078125 0.4854922515625 0.6161097765625 0.49019413749999996 0.569866084375 0.4928312078125 0.53972423125 0.3534438625 0.48378496562500006 0.35301744375 0.4837476578125 0.3439267140625 0.5565087375 0.34292094687499997 0.5680047203125
0 0.45875328125000003 0.76148380625 0.46121449999999997 0.7559558171874999 0.4612429609375 0.7557944109375 0.39357308281250003 0.7189622046874999 0.2886650609375 0.8316690046874999 0.36428981718750003 0.8655624296875001 0.45875328125000003 0.76148380625
0 0.468605865625 0.696032978125 0.4733091265625 0.6963618625 0.4750264921875 0.686622190625 0.47472380468750003 0.613570609375 0.3361062921875 0.5639625390624999 0.331669871875 0.6407761078124999 0.468605865625 0.696032978125
1 0.31844485625 0.69926345625 0.43520191874999997 0.7947889375 0.4386780578125 0.795401875 0.465922215625 0.7205491640624999 0.3462088921875 0.628369678125 0.345817715625 0.6283007031250001 0.31844485625 0.69926345625
0 0.377123434375 0.39464494375000003 0.357552628125 0.471032184375 0.484998990625 0.53702001875 0.49498058125 0.53878004375 0.51192708125 0.480007453125 0.5159151546875 0.4627332078125 0.3969277328125 0.40304694375 0.377123434375 0.39464494375000003
0 0.49344241875000006 0 0.4433624375 0.0956991875 0.5212393140625 0.1245909828125 0.5816246203125 0.0184554875 0.5359456875 0 0.49344241875000006 0
1 0.43095226562500005 0.1479649609375 0.5480040093749999 0.2006632109375 0.5548891140625 0.201877240625 0.56282604375 0.174197884375 0.5756233171875 0.1220676546875 0.4568236953125 0.065337871875 0.43095226562500005 0.1479649609375
1 0.5404711265625 0.25248067343749997 0.458366625 0.2352808203125 0.4074599359375 0.35896295 0.40745641718750003 0.3589829 0.4107550015625 0.3596240796875 0.48906012031249996 0.37380387812500004 0.53857216875 0.2632501984375 0.5404711265625 0.25248067343749997
1 0.5508524546875 0.1599137625 0.46818351874999997 0.1518012859375 0.42928082187500005 0.279685165625 0.44807484531249997 0.282999059375 0.511102565625 0.2907378890625 0.55230338125 0.1646763875 0.5528450171875 0.1602651046875 0.5508524546875 0.1599137625
1 0.514922165625 0.44805092812499997 0.5201850625 0.448511371875 0.5214144375 0.441539246875 0.5268419328125 0.36656107968749996 0.4030468265625 0.3268234421875 0.3959409046875 0.4058532296875 0.514922165625 0.44805092812499997
0 0.70928273125 1 0.719455496875 0.973499040625 0.566583884375 0.864206678125 0.5437475765625 0.9329622921875 0.625835671875 1 0.70928273125 1
0 0.66066506875 0.22691825312499997 0.819575575 0.308839559375 0.827515475 0.31023957812499997 0.84045528125 0.27265965625 0.8543585734375 0.2270473375 0.6907737140625 0.136393346875 0.66066506875 0.22691825312499997
0 0.62379224375 0.9712557281249999 0.735512046875 0.8198444796875 0.7355563390625 0.8197401328125 0.736215896875 0.8159995921875 0.66885955 0.789226196875 0.5519519578125001 0.9375140156249999 0.6232528234375 0.9710267578125 0.62379224375 0.9712557281249999
0 0.6283303953125 0.42396359375000003 0.7956221593749999 0.49016692500000003 0.8001464578125 0.491046359375 0.80351110625 0.49163963749999995 0.818121896875 0.43247028906249996 0.822610359375 0.40701495625 0.6456630734375 0.3321644625 0.6283303953125 0.42396359375000003
1 0.8556076890625001 0.0669104625 0.8566994875 0.0607185609375 0.7962761140625 0.0445281671875 0.768129640625 0.039565184375 0.69669326875 0.2008738234375 0.779887378125 0.22778062656250003 0.78871980625 0.2301472671875 0.8556076890625001 0.0669104625
0 0.66276038125 0.8712195906250001 0.7476752375 0.7060165734375 0.7476778296875 0.7060053453124999 0.7484832703125 0.7014374640625001 0.66823186875 0.6819061296875 0.5779103609375 0.8524991500000001 0.5911414390624999 0.8555537843750001 0.66276038125 0.8712195906250001
0 0.8003923546875 0.5240214421875 0.805959828125 0.49244673125 0.6338996953125 0.4244710875 0.6329262515625 0.429991759375 0.6219026921874999 0.51143784375 0.78450668125 0.58031168125 0.789025128125 0.58110840625 0.8003923546875 0.5240214421875
1 0.653632834375 0.3138136921875 0.8019330828125 0.41136954687499994 0.804838840625 0.4125435484375 0.807859928125 0.4130762484375 0.830467178125 0.35794595 0.8437232828125 0.325135940625 0.68227464375 0.2260191515625 0.653632834375 0.3138136921875
0 0.6719497249999999 0.78097614375 0.7769028796875 0.6288427265625 0.777381678125 0.6275272390625 0.777858184375 0.624824840625 0.6928886375000001 0.59127218125 0.5828545640625 0.7461730656250001 0.639146909375 0.769036896875 0.6719497249999999 0.78097614375
1 0.6964135406249999 0.6850595640625 0.7073224625 0.6681150375 0.7886170546875 0.536814015625 0.7895304546874999 0.5316338703125 0.7111286359375 0.5038194703125 0.6051604296875001 0.6590997437499999 0.6108657625 0.661064246875 0.6964135406249999 0.6850595640625
0 0.12962442031250002 0 0.121706578125 0.060444704687499996 0.1244433765625 0.060927275 0.197212309375 0.0596570890625 0.2069192046875 0 0.12962442031250002 0
0 0.1811663984375 0.1470860703125 0.1833009828125 0.14746245468750002 0.20933430937500003 0.075936475 0.1254126375 0.02486901875 0.097805690625 0.09842383593750001 0.1811663984375 0.1470860703125
0 0.8315681140625 1 0.8521182749999999 0.929036653125 0.8521182749999999 0.9258084203125 0.7657587765625 0.9202395140625 0.762688378125 0.9202395140625 0.762688378125 1 0.8315681140625 1
1 0.1584266046875 0.219493134375 0.1979168359375 0.1346425390625 0.19931430625 0.1267170859375 0.1288929453125 0.1104026625 0.081771228125 0.202099965625 0.106140746875 0.20817596875 0.1584266046875 0.219493134375
0 0.1766709203125 0.1869911265625 0.1045931234375 0.192177975 0.0834557125 0.29169065625 0.0898314546875 0.292814871875 0.108685725 0.2921564671875 0.1589087796875 0.289046578125 0.17687514531249998 0.1928393984375 0.1766709203125 0.1869911265625
0 0.096277025 0.26690658125 0.061196346874999995 0.3559897046875 0.105222940625 0.36375278125 0.1374754890625 0.3682855828125 0.17448693906249998 0.276304771875 0.1750569890625 0.27224866406250003 0.096277025 0.26690658125
0 0.76717844375 0.9501082046875 0.7736009078125 0.951240659375 0.8603541625 0.949726375 0.9062003296875 0.769669578125 0.8189239765625 0.771705434375 0.76717844375 0.9501082046875
0 0.8428952796875 0.675946378125 0.77699615625 0.850296671875 0.785958009375 0.8518768874999999 0.8701399890625 0.85924185625 0.9316430718750001 0.6908108890625 0.9318398296874999 0.688561934375 0.8428952796875 0.675946378125
0 0.845178309375 1 0.9190412578125 0.8949072296875 0.9200303953125 0.889297553125 0.84060184375 0.858188353125 0.7375612703125001 1 0.845178309375 1
0 0.7823157953125001 0.6634631125 0.9334240015624999 0.7715766484375 0.9353597796875001 0.7719179781250001 0.9469715593749999 0.740014878125 0.9671510390625 0.68037670625 0.8096851640624999 0.5793641265625 0.7823157953125001 0.6634631125
0 1 0.19909626875 0.9282102562500001 0.1919662875 0.870439571875 0.37651260625 0.8904487812499999 0.38004076875 0.968505165625 0.388244825 1 0.26711300625 1 0.19909626875
0 1 0.302645965625 0.9909239578125 0.3009744046875 0.9143132812499999 0.287465875 0.8438983671875 0.46624624062500003 0.8437877500000001 0.4668735828125 0.8766883953125 0.4728106875 0.9373326531249999 0.4835039046875 1 0.3311834 1 0.302645965625
0 0.8840494234375 0.3910160265625 0.8407173468750001 0.5759437015625 0.8497425421875 0.5775350875 0.9404145921874999 0.5775350859375 0.9794634140625 0.39616732187500003 0.9794634140625 0.38919123437500003 0.8840494234375 0.3910160265625
0 0.9814668031249999 0.6488513109375 0.9915346609375 0.5917536546875 0.9915346609375 0.5532654796875 0.7988030328125 0.511266015625 0.7970823078125 0.6049209359375001 0.9814668031249999 0.6488513109375
0 1 0.1422699640625 0.8665391609374999 0.1292422734375 0.8657785812500001 0.22693444999999998 1 0.24342152499999997 1 0.1422699640625
0 0.1178357078125 0.5582176359375 0.0498637 0.5561733375 0.0179560171875 0.66409948125 0.0239394203125 0.665154515625 0.05303240625 0.66565195 0.09062055 0.66565195 0.1178357078125 0.5644633234375 0.1178357078125 0.5582176359375
0 0.1599675609375 0.3531771078125 0.0883587234375 0.34071964375 0.052852943750000006 0.4290889296875 0.10067502343750001 0.437521253125 0.10326124375000001 0.4379308703125 0.1199311390625 0.4402650640625 0.159566234375 0.3557109921875 0.1599675609375 0.3531771078125
0 0.003520428125 0.6801260421875 0.0944685875 0.7458146875 0.0973188109375 0.7463172578124999 0.113799571875 0.6802165312499999 0.11476493437499999 0.676033659375 0.0160026015625 0.6197761859375001 0.003520428125 0.6801260421875
0 0.0698965453125 0.483799715625 0.0245690515625 0.5780023125 0.082835440625 0.5882762484375 0.098016390625 0.590296065625 0.1405907609375 0.5009796703125 0.1409595984375 0.49865092187500004 0.0698965453125 0.483799715625
0 0.0674789671875 0.398524771875 0.06519620781249999 0.40479660468749995 0.0439842546875 0.46959694062499996 0.120763553125 0.52515341875 0.12425787343750001 0.5257695625000001 0.127419346875 0.5170834828124999 0.14701606250000002 0.459546671875 0.0680487796875 0.39873216562499997 0.0674789671875 0.398524771875
0 0 0.8337130187499999 0.0556707875 0.8960473921875 0.057539428125 0.8963768828124999 0.0868622515625 0.8334938875000001 0.0089615015625 0.7473455375 0 0.769317596875 0 0.8337130187499999
0 0 0.796916715625 0.0421444890625 0.8082092968750001 0.0577463859375 0.7893795265625 0.11387585 0.71923959375 0.114291628125 0.7168816 0.044965884375 0.695139121875 0 0.7619569671875001 0 0.796916715625
0 0 0.916869421875 0.014284517187500002 0.9220685609375 0.0515394609375 0.9286376125 0.0792918859375 0.8523884531249999 0.080791103125 0.8438859640624999 0.04222249375 0.8323619000000001 0 0.8792420734374999 0 0.916869421875