0 0 0.6888174296875 0.0933349546875 0.696478725 0.12094615312500001 0.6327180796875 0.11644140624999999 0.63089804375 0.004435584375 0.6246016078125 0 0.6350612765625 0 0.6888174296875
0 0.1808878984375 0.6208265546875 0.06862244375 0.6470877578125 0.062807653125 0.7150159140625 0.17831133125 0.68742290625 0.18398143281249998 0.6212613234375 0.1808878984375 0.6208265546875
1 0.397121240625 0.6431134625 0.32286263125 0.6376952859375 0.3218438125 0.6449445609375 0.34230468593749996 0.7489584234375 0.41427146718749996 0.758462790625 0.41896678437499996 0.758956290625 0.397121240625 0.6431134625
0 0.2621962109375 0.6285728171875 0.23916683125 0.6269624484375 0.2381423265625 0.6342521796875 0.26418079843750003 0.7405310421875 0.3401661296875 0.745947015625 0.31483143281250003 0.6357748562500001 0.2621962109375 0.6285728171875
0 0.1537961984375 0.6169196421875001 0.18012051093749998 0.7302194281250001 0.258796784375 0.7366780859375 0.232983946875 0.61799925625 0.15460815625 0.6111422640625 0.1537961984375 0.6169196421875001
0 0.48765410937500003 0.660845784375 0.4207511390625 0.63244715625 0.41770090781249997 0.632018475 0.4012618203125 0.7487521765625 0.4747798203125 0.7772988562500001 0.47497017656249996 0.7768504046875 0.48765410937500003 0.660845784375
0 0.47209176875000003 0.690662103125 0.4606881984375 0.7572639531250001 0.46037269218750004 0.7595088890625 0.5804013453125 0.75229336875 0.5937042140625 0.6711144765625 0.474441171875 0.67857546875 0.47209176875000003 0.690662103125
1 0.7912762734375 0.7104449734375 0.7837936156249999 0.759789746875 0.7791617625 0.7927470890625 0.9187649015625 0.78939005 0.9321125015625 0.7100094 0.9275090875 0.709280290625 0.7912762734375 0.7104449734375
1 0.8266314328125001 0.801995121875 0.8345162015625001 0.8011664 0.8342166078125001 0.7983159625 0.7960027734375 0.665298953125 0.71287964375 0.6725513171874999 0.7108195453125 0.6727678421875 0.710217390625 0.677052390625 0.7501139578125 0.8094011 0.8266314328125001 0.801995121875
1 0.551257646875 0.6517260828125 0.5914752984375 0.7868141859375 0.6690421859375 0.7804274312499999 0.6293802609375 0.6411084875 0.5521812484375 0.6451543156249999 0.551257646875 0.6517260828125
1 0.655797803125 0.643676178125 0.65453685625 0.6480736234375 0.6488597953124999 0.784719678125 0.7198727828125 0.8066902546874999 0.7344671203125 0.664346009375 0.655797803125 0.643676178125
0 0.0276978390625 0.568156753125 0.031513260937499996 0.59475853125 0.174757753125 0.5313485765625 0.1651743015625 0.44820975 0.1642629109375 0.44808166250000003 0.1624914890625 0.4482991671875 0.021379571875 0.516698596875 0.0276978390625 0.568156753125
0 0 0.52229991875 0.114581828125 0.5207159906250001 0.1283979875 0.4878518640625 0.019510275 0.4545615515625 0.0081912609375 0.4529707671875 0 0.4797631765625 0 0.52229991875
0 0.49613014375000003 0.5120789718750001 0.35764379687500003 0.5361657703125 0.3523604609375 0.5737586609374999 0.3475795046875 0.6126964203124999 0.3479794421875 0.612752628125 0.49696056093749996 0.5952709359374999 0.503967028125 0.5131803734375 0.49613014375000003 0.5120789718750001
0 0.276232728125 0.49634896250000005 0.2715205078125 0.494445103125 0.123124565625 0.48653174843749997 0.09942194062500001 0.5619782234375 0.2460262578125 0.571645259375 0.276232728125 0.49634896250000005
0 0.28297030156249997 0.515966565625 0.267782246875 0.5805315515625 0.26525679687500003 0.598501059375 0.41623786406249996 0.574654921875 0.428916746875 0.500437634375 0.42313891249999996 0.499522515625 0.28297030156249997 0.515966565625
1 0.336566565625 0.48334235156250005 0.195688821875 0.5096975875 0.194626228125 0.517258334375 0.185621515625 0.5905958296875 0.3364234453125 0.557747346875 0.344012846875 0.4843888578125 0.336566565625 0.48334235156250005
0 0.48612039375 0.6453683859375 0.5649429671874999 0.6476108984375 0.56232525 0.626257878125 0.537748509375 0.4954280640625 0.5200441765625 0.494500221875 0.45815803125 0.494591378125 0.457729375 0.49764142343750006 0.45745541406249995 0.5028689125 0.48612039375 0.6453683859375
0 0.881637865625 0.5575808624999999 0.8818082625000001 0.5608322265625 0.9072232703124999 0.6961460765624999 0.9775810593750001 0.69448245625 0.9837030312499999 0.6509223609375 0.9685394625000001 0.5509334515625001 0.902312009375 0.5544042859375 0.88189960625 0.5557184828125 0.881637865625 0.5575808624999999
1 0.8245809203125001 0.5424880187500001 0.7952551890625 0.543512096875 0.794732059375 0.5472343656249999 0.8181314593750001 0.6767909015625 0.9045630359375 0.6716772640625 0.8782586 0.542682321875 0.8245809203125001 0.5424880187500001
0 0.7291741546875 0.6517702640625 0.712379734375 0.521958746875 0.707278875 0.52124186875 0.6271859265625 0.5156412234375 0.6264944015625 0.5205616875 0.646648484375 0.6460306046875 0.729097871875 0.6528611640624999 0.7291741546875 0.6517702640625
1 0.7150804953125001 0.5301793499999999 0.7260133453125001 0.6571862953125 0.8114722609375 0.6667650843749999 0.7969415671875 0.5307754874999999 0.7159920468750001 0.523693321875 0.7150804953125001 0.5301793499999999
0 0.5431396312500001 0.5248908125 0.5175170296875 0.5999003765625 0.516907896875 0.6042345828125 0.648282 0.61220653125 0.67236156875 0.5374857875 0.66882666875 0.5363372281250001 0.5431396312500001 0.5248908125
0 0.05953476875 0.3179863234375 0.133894853125 0.3435433921875 0.1396660484375 0.1560456359375 0.0762316390625 0.129605690625 0.0739592484375 0.12928632812500002 0.07223713125 0.13401780624999998 0.0548852328125 0.31629403125 0.05953476875 0.3179863234375
0 0.7446556671875 0.351419321875 0.7408293687499999 0.3694206390625 0.7393746609375 0.37977142812500003 0.9255541968750001 0.39190267031250003 0.9463698234375 0.29880058125 0.7594599734374999 0.2922537890625 0.7446556671875 0.351419321875
0 0.18236550625 0.1533188453125 0.13096968281250002 0.150625303125 0.12968215156250001 0.1597865640625 0.1624928171875 0.33817185781250003 0.24184973125 0.3393154203125 0.2017789828125 0.1547862984375 0.18236550625 0.1533188453125
0 0.562550934375 0.2851157484375 0.550233459375 0.35406120625000004 0.7380674953125 0.3619650625 0.7591187125000001 0.2729662796875 0.7592352296875 0.272137221875 0.7540933421875 0.27095012343749997 0.5666305265625 0.2674450921875 0.562550934375 0.2851157484375
1 1 0.31386003125 0.8596181406250001 0.28728853593750003 0.8567924859374999 0.2959849984375 0.8340476703125 0.380411946875 1 0.40703358281249996 1 0.31386003125
0 0.32355071875 0.171877046875 0.26304705 0.159016596875 0.24273524531250001 0.1561619578125 0.2414292546875 0.1623061640625 0.24844150781250002 0.3445663625 0.3332615734375 0.3636215890625 0.32355071875 0.171877046875
0 0.5208984437499999 0.384597915625 0.5209077578125 0.38454508593750003 0.503588959375 0.198238484375 0.48091947656249995 0.1942412421875 0.42563531875000005 0.1850225984375 0.41978595937499996 0.184200525 0.4196030046875 0.1852381140625 0.42724533906250006 0.343559375 0.4285716296875 0.363668140625 0.51105415 0.38321439062499996 0.5208984437499999 0.384597915625
0 0.46744298281249996 0.35182913125000004 0.46894115468750003 0.3519865953125 0.6473534765625 0.3302195109375 0.6598088718749999 0.24475708906250002 0.6537384281249999 0.24390394375 0.4758631015625 0.2612114015625 0.4715634546875 0.3021198 0.46744298281249996 0.35182913125000004
1 0.7934298 0.425640503125 0.7949287390625 0.236200396875 0.760079609375 0.2300555546875 0.7211383453125 0.2233971296875 0.7006107765625 0.22051216718750002 0.6996530609375 0.22594364687500001 0.7037979609375 0.403406115625 0.7934298 0.425640503125
1 0.46439116875 0.31559394687500003 0.483795746875 0.223471696875 0.4794721015625 0.222393690625 0.2950238609375 0.2268633 0.2869642625 0.259188590625 0.274068328125 0.31758990625 0.46439116875 0.31559394687500003
0 0.8973861421875 1 0.912413321875 0.996952828125 0.9076212515625001 0.920194215625 0.9031568078125 0.919566778125 0.8116461046874999 0.941100684375 0.8147328859374999 1 0.8973861421875 1
0 0.8239461671875 1 0.8235368484375 0.914552453125 0.7832429109375 0.9074475453125 0.7466378359375 0.9023030375 0.746137734375 0.9051392500000001 0.7483253296875 1 0.8239461671875 1
0 0.12448008906250001 0.010158121874999999 0.064956159375 0.002849503125 0.0574782078125 0.056057898437499996 0.054736210937499995 0.07838966875 0.197971553125 0.0553178328125 0.20285056250000003 0.0211723734375 0.12448008906250001 0.010158121874999999
1 0.736940346875 1 0.7497284015625 0.9066706531250001 0.6807161171875 0.8788488593749999 0.6629641203125 0.9790925250000001 0.7127330109375001 1 0.736940346875 1
0 0.694332734375 0.8998626609375 0.5932021734374999 0.8945483375000001 0.5737007281250001 0.950814284375 0.5711781765625 0.9590651812500001 0.5704597296875 0.9641771921875 0.6727121296874999 0.9720846703125 0.69669568125 0.9005850859375 0.694332734375 0.8998626609375
0 0.60002404375 0.8643414015625 0.5975087859375 0.8646502375 0.5048960453125 0.9000507624999999 0.5143380375 0.976949609375 0.5146329734374999 0.9769910609375 0.6055405921875 0.9430122593749999 0.601594903125 0.8645621718750001 0.60002404375 0.8643414015625
0 0.3479188703125 0 0.1719823484375 0.0447970609375 0.1703537375 0.1381001234375 0.170897840625 0.1381765921875 0.3500032890625 0.086227246875 0.35201467656249996 0 0.3479188703125 0
0 0.2815228453125 0 0.2810621140625 0.003278271875 0.281130978125 0.00459225625 0.3357606296875 0.17212965156249999 0.350136675 0.171376234375 0.429019290625 0.1659796390625 0.3728219046875 0 0.2815228453125 0
0 0.18706811875 0 0.069788728125 0.0360819046875 0.0713960328125 0.1281643234375 0.264594390625 0.065382109375 0.26072323124999996 0 0.18706811875 0
0 0.5353496703125 0.028455685937500003 0.3599534390625 0.06760553124999999 0.35228698281250004 0.1557131203125 0.5367038421875 0.12425736875 0.5438275375 0.0296471734375 0.5353496703125 0.028455685937500003
0 0.7483309265625 0.0935698265625 0.7457535703125 0.10984260781249999 0.734301315625 0.1913296390625 0.92749234375 0.18329234375 0.9419862046875 0.09505522968749999 0.9416741890625 0.0950058109375 0.7483309265625 0.0935698265625
0 0.7689584484374999 0.2405530578125 0.8037923843750001 0.0526493421875 0.747364615625 0.02985104375 0.7112793296875 0.0247795875 0.68038909375 0.20670165 0.6967456609375 0.2133101328125 0.7684027375 0.24192848749999998 0.7689584484374999 0.2405530578125
0 0.736009009375 0.150169975 0.7411202703125 0.0526412921875 0.7336182140624999 0.051586946875 0.5515771203125001 0.08430054375 0.5462133359375 0.159208959375 0.54507525 0.18092493437499998 0.736009009375 0.150169975
0 0.44886909687500004 0.11258758437500001 0.4520698140625 0.1726069984375 0.643502634375 0.123834434375 0.6401352015625 0.0274037765625 0.6383643671875 0.0271549015625 0.6351310171875 0.0272678140625 0.4476927296875 0.07890084375 0.44886909687500004 0.11258758437500001
0 1 0.0737646734375 0.9583767218749999 0.06145634062500001 0.9404565937499999 0.0569883515625 0.9001649015625001 0.051325723437500005 0.8998818500000001 0.052460978125 0.8799849984374999 0.24185725156250001 0.9753444234374999 0.2630921203125 1 0.0738952328125 1 0.0737646734375
0 0.2978910875 0.9393943734375 0.29109223281249996 0.827270071875 0.2534082765625 0.8185700453125 0.23022968281249998 0.8139480484374999 0.2242799359375 0.8131118671875001 0.2229286046875 0.8189651171874999 0.2267036234375 0.9242364578125001 0.2978910875 0.9393943734375
0 0.5391585625 0.8796073578125 0.4461150421875 0.871655321875 0.439801565625 0.8872589703125 0.42401649218750004 0.9283804921875 0.4230237265625 0.935444390625 0.5165376953124999 0.9487705453125 0.5415536359375 0.8805267406249999 0.5391585625 0.8796073578125
0 0.21422948593750002 0.8188371671875 0.16439543125 0.7983842265625001 0.1582665875 0.7975228734375001 0.15674186875 0.8017120046875 0.1486296109375 0.9087746125 0.21797251874999998 0.9353988328125 0.21422948593750002 0.8188371671875
0 0.30258715468749997 0.9290531156249999 0.374889340625 0.9463063843749999 0.375769896875 0.9464301390625 0.367004171875 0.83970745625 0.2966296859375 0.8283144953124999 0.2952086359375 0.835000009375 0.30258715468749997 0.9290531156249999
0 0.45778986093749996 0.9413165296875 0.4644479453125 0.9408509515624999 0.46440564687499997 0.940246046875 0.42771332500000003 0.8475750734374999 0.36700380625 0.85055335 0.35754651875 0.8512146671874999 0.35715334374999996 0.8540122531250001 0.38965297187500003 0.9438453750000001 0.45778986093749996 0.9413165296875
0 0.084657140625 0.9137156890625 0.0802451640625 0.8005158531250001 0.051782856249999995 0.787955675 0.0231132984375 0.7769504625 0.014993115625000001 0.77580924375 0.018721868750000002 0.8895208015625 0.0842840046875 0.9146877468750001 0.084657140625 0.9137156890625
0 0.074092159375 0.793578409375 0.0912385859375 0.9025869265625 0.0962783859375 0.9034755796875 0.16451447187499998 0.9125646109375 0.14268429062500002 0.8227993921874999 0.1361675140625 0.79786021875 0.1253585515625 0.7959543078125 0.0750590140625 0.7880951078125 0.074092159375 0.793578409375
0 0 0.8860280984375001 0.0346639875 0.8855331703125 0 0.803900396875 0 0.8860280984375001