0 0.62321328125 0.9203863546875001 0.6144794250000001 0.9654015234375001 0.6123912203125 0.9852694609375 0.6169720671875 0.9860771875 0.7251140796875 0.9722095656249999 0.739195203125 0.9024676984375001 0.62321328125 0.9203863546875001
0 0.717935378125 0.9376780968749999 0.7087620171875 0.8194240390624999 0.6431502874999999 0.8031888109375 0.6517643421875 0.92145266875 0.7169418609375 0.9375736734375 0.717935378125 0.9376780968749999
1 0.7690512953125 0.5889207484375001 0.7702732265625001 0.5843604375 0.652439221875 0.5878152156249999 0.6351036531250001 0.661882109375 0.63787000625 0.6626233515625 0.7484058578125 0.6585146875000001 0.7690512953125 0.5889207484375001
0 0.6330543921875 0.7239853859375 0.63075376875 0.7358210734374999 0.6293784109375 0.7489067296874999 0.630664390625 0.7491566984375 0.74441995625 0.73565986875 0.7568458109375 0.672189625 0.7580209609375 0.661008825 0.6466173687500001 0.67262020625 0.6330543921875 0.7239853859375
0 0.6288053078125 0.7591527234375001 0.6253066046875 0.7876473765625 0.62006695 0.837499359375 0.7385715609375 0.8160257859375 0.7479758515625 0.7358311390625001 0.7479260265625001 0.7358250203125001 0.6288053078125 0.7591527234375001
0 0.636582815625 0.5796925859375001 0.6389611078125 0.5805582125 0.7533593203125 0.5870340374999999 0.77930816875 0.5157401578125 0.6610519765625 0.5053608109375001 0.636582815625 0.5796925859375001
0 0.6567538234375 0.41370667031249997 0.6894618234375 0.5245517671875 0.7715525999999999 0.51925240625 0.7373735859375 0.4044527015625 0.6572431984375 0.40905058125 0.6567538234375 0.41370667031249997
1 0.7878734828125 0.20038570937500003 0.7995045734375 0.198957590625 0.7595228359374999 0.0638934171875 0.6782750656250001 0.0744129875 0.678080609375 0.0762631203125 0.6784646703125 0.0793910484375 0.7187765890625 0.2082035625 0.7878734828125 0.20038570937500003
1 0.737122978125 0.288512065625 0.791941525 0.2808078203125 0.746374103125 0.14676617812499998 0.6648243859375 0.1575434203125 0.6641234953125 0.1642119484375 0.6643490875 0.1658171234375 0.705542334375 0.2923820390625 0.737122978125 0.288512065625
1 0.7839823828125 0.3896870328125 0.7959998140625 0.3538970921875 0.649073796875 0.33995420625 0.645510265625 0.3503034515625 0.6260750046875 0.4127299015625 0.6326247609375 0.4149851640625 0.7702013234375 0.42971013906250005 0.7839823828125 0.3896870328125
1 0.6476507375 0.27493371875 0.6480416390625 0.355306921875 0.6543341140625001 0.3559682875 0.78607958125 0.3264690484375 0.7889185203125 0.2522806765625 0.788577490625 0.2522448328125 0.6476507375 0.27493371875
0 0.6072143390625 0.8324279609375 0.459060746875 0.8918660671875 0.4618178484375 0.9444747124999999 0.46360825937500005 0.9690781859375001 0.46536399375000004 0.969262721875 0.46726582656250004 0.9691630515625 0.6110268546875 0.9171861109374999 0.6072143390625 0.8324279609375
0 0.5655464171875 1 0.572019359375 0.8856169015625 0.490267578125 0.8766113656250001 0.4891220265625 0.8875105578125 0.5167353890624999 1 0.5655464171875 1
0 0.637834471875 0.5790206625 0.64501575 0.5221297359375 0.49541573124999994 0.5370422296874999 0.493237665625 0.5525399656250001 0.48623720937500003 0.620532675 0.4896265578125 0.6210090171875 0.6351233265625 0.5983114640625 0.637834471875 0.5790206625
0 0.4656146828125 0.794728628125 0.4656146828125 0.8765937750000001 0.46798435937500005 0.8768428390624999 0.61040795625 0.82794828125 0.604149934375 0.7494679546875 0.6030542546875 0.7494679546875 0.4656146828125 0.794728628125
0 0.4857380359375 0.6226255109375 0.472915625 0.6829502109375001 0.4715253265625 0.6961780203125 0.47640572187499997 0.6972153796875 0.6153077859375 0.688254559375 0.6390960234375 0.606573975 0.4857380359375 0.6226255109375
1 0.47176575625000006 0.7226863359375 0.478753940625 0.802561646875 0.48048610312499995 0.8027437046875001 0.4815534671875 0.802650321875 0.61972709375 0.74029586875 0.61163308125 0.664475671875 0.47176575625000006 0.7226863359375
0 0.5629455390625 0.5629572765625 0.6059063046875 0.5728089203125 0.6061297765625 0.5720295828124999 0.6104709765624999 0.41912296250000003 0.5353157859375 0.399504990625 0.533460325 0.405975746875 0.5319203171875 0.42060130625000003 0.5264824046875 0.552501640625 0.5629455390625 0.5629572765625
0 0.6522539843749999 0.13031651718749998 0.6618608187499999 0.12969800625 0.63974194375 0.011933329687499999 0.610741078125 0.008885217187499999 0.557610009375 0.011669696875 0.5567653499999999 0.01970609375 0.5741603703125 0.1344092296875 0.6522539843749999 0.13031651718749998
1 0.6644983625 0.1708326515625 0.6575236578125 0.087644278125 0.6550284109375 0.08738201718750001 0.5261196781249999 0.1224973421875 0.5285048046874999 0.14192264375000002 0.53810798125 0.207066146875 0.5405271890625001 0.207320415625 0.5422206765625 0.20711248124999998 0.6644983625 0.1708326515625
0 0.6464151234375 0.269184534375 0.5164498796875 0.28369751718749997 0.5135911484375 0.3108965375 0.5085145796874999 0.36892195625 0.5139173359375 0.369489809375 0.639236065625 0.35159746406250003 0.647504525 0.26927984375 0.6464151234375 0.269184534375
1 0.5450094921875 0.29462269218750003 0.5901026421875 0.30208408593749997 0.629719334375 0.30624796875000004 0.62240874375 0.1712180953125 0.5409929515624999 0.1592448375 0.540571840625 0.1622412109375 0.5450094921875 0.29462269218750003
0 0.51146008125 0.458784621875 0.6321034453125 0.4252649453125 0.630527671875 0.345931984375 0.5042621640625 0.3769373140625 0.504460765625 0.4580489640625 0.51146008125 0.458784621875
0 0.3319730890625 0.9494082984375 0.357530159375 0.8750482125 0.170032403125 0.8692770187500001 0.1433900265625 0.9331971015624999 0.1432048453125 0.934958978125 0.148004571875 0.936705934375 0.3302807953125 0.9540578343749999 0.3319730890625 0.9494082984375
0 0.431926009375 0.1248241734375 0.24420472656249997 0.1092981265625 0.2364200296875 0.14146923281249998 0.224168690625 0.1945356125 0.22343227031250001 0.2015421765625 0.2266169609375 0.2022774203125 0.40853453906250004 0.2118305765625 0.431926009375 0.1248241734375
0 0.3550098734375 0.7751002953125 0.16769054375 0.7989357906250001 0.16453667968750002 0.8181474937500001 0.159781790625 0.85198028125 0.1578144796875 0.8706980062499999 0.1633774578125 0.8714798328125 0.34695425156250004 0.8540555640624999 0.3550098734375 0.7751002953125
0 0.2199171546875 0.30621854375 0.20361615624999999 0.3900799078125 0.2028665 0.3972124140625 0.20563225625 0.39775002187499997 0.3950082328125 0.39467967187499997 0.40745285156250005 0.307558984375 0.2199171546875 0.30621854375
1 0.2675343296875 0 0.3144617640625 0.16488849375 0.3689045296875 0.1582037640625 0.405399440625 0.1528030703125 0.3665019796875 0 0.2675343296875 0
0 0.283240090625 0.6282908 0.1987962 0.6302637921875001 0.19815771875 0.636338540625 0.25236175625 0.8147533890625 0.287984615625 0.8135094125 0.336404396875 0.8112441734375 0.283240090625 0.6282908
0 0.3625421640625 0.5311672953125 0.3624895921875 0.5296617890624999 0.316104146875 0.3560151546875 0.22923852500000003 0.3555724921875 0.22894184062499998 0.3583952625 0.271634465625 0.535440671875 0.31274314375 0.534005125 0.3625421640625 0.5311672953125
1 0.2330862953125 0.2177147390625 0.215045553125 0.29628454375 0.21384496562500002 0.3077073703125 0.402042859375 0.3059117234375 0.4166810515625 0.21028381093749998 0.416355203125 0.2102322015625 0.2330862953125 0.2177147390625
1 0.38186026093750003 0.5866556203125 0.19289193124999998 0.578738315625 0.183573290625 0.6092182234375 0.1675229296875 0.6695616828125 0.1721721296875 0.6709830859375 0.35711171406250003 0.6761872343750001 0.38186026093750003 0.5866556203125
1 0.362700709375 0.45789005468750005 0.2135627859375 0.51443379375 0.1948480578125 0.5219091203125 0.20243640312500003 0.614837728125 0.20581187656250002 0.6151925046875 0.37556603437499997 0.542046625 0.36293423593749996 0.45785723437500003 0.362700709375 0.45789005468750005
0 0.994361696875 0.17486518125 0.9887520984375 0.07582331718749999 0.9655628078125 0.0729760296875 0.9142662125 0.0668776625 0.9138450703125001 0.0703075890625 0.916290584375 0.166069965625 0.994361696875 0.17486518125
0 0.8991993687500001 0.1847747328125 0.8952355781250001 0.24145955625 0.905316334375 0.2425190859375 0.993734303125 0.2311594328125 0.9991185765624999 0.1544979453125 0.90125060625 0.16525851875 0.8991993687500001 0.1847747328125
0 0 0.937844565625 0.056217412499999994 0.9561107109375 0.147955559375 0.9657527781249999 0.165548940625 0.896783396875 0 0.8914373578125 0 0.937844565625
1 0.9796821640625 0.330461690625 0.9710548328125 0.2310050546875 0.8954273531249999 0.22066306249999998 0.8943313249999999 0.23109107031249998 0.9059016671875 0.3227070484375 0.9796821640625 0.330461690625
0 0.896023571875 0.2900870953125 0.8889450859375 0.3911095078125 0.9448621156250001 0.4115899578125 0.9522449749999999 0.41398879375000003 0.958208953125 0.41461563281249997 0.96785725 0.3129648546875 0.8967871281249999 0.2877371171875 0.896023571875 0.2900870953125
0 0.87477844375 0.476546534375 0.9684587625000001 0.4550582125 0.9698134125 0.3774503953125 0.8744108359375 0.39859082031250004 0.867493690625 0.47578087656249995 0.87477844375 0.476546534375
0 0 0.797225234375 0.15586992187499998 0.8018918140625001 0.1838135765625 0.7130216078125 0.1838790171875 0.712398984375 0 0.71295979375 0 0.797225234375
0 0 0.7192493390625 0.0049401296875 0.7197685671875 0.173358171875 0.692913490625 0.1748629390625 0.678596578125 0.1818727453125 0.599840925 0 0.6309455734375 0 0.7192493390625
0 0 0.9097405546875 0.1604066046875 0.8724100625 0.165581528125 0.796927559375 0.1664302578125 0.7807328515624999 0.16475195468749998 0.7805564546875 0 0.8216405 0 0.9097405546875
0 0 0.6249829375 0.0003256078125 0.6250171609375 0.1795601328125 0.604026278125 0.19202557343749999 0.5067986984374999 0.006016884375 0.538201678125 0 0.58116135 0 0.6249829375
0 0.0662301453125 0.082827675 0.0663129375 0.08757082968749999 0.10651417031249999 0.27068633124999997 0.19590453593749999 0.2691260171875 0.19592851875 0.26889782812499996 0.16378180625 0.0783185484375 0.066370990625 0.081487628125 0.0662301453125 0.082827675
0 0.17724039687499998 0.3623770375 0.1968676875 0.3605094796875 0.196814678125 0.3599035671875 0.1392855125 0.175912971875 0.07884335625 0.18120097500000001 0.046149562500000005 0.18419317500000001 0.045710984375 0.1883659671875 0.099267953125 0.3691987421875 0.17724039687499998 0.3623770375
0 0.0634987171875 0.2669375203125 0.06411461093750001 0.45506842968749994 0.1369535875 0.47335843750000006 0.14532404062499998 0.47529090781249994 0.1581658921875 0.476640640625 0.1610096 0.28487658437499996 0.06450107499999999 0.2625958359375 0.0634987171875 0.2669375203125
0 0.1309576484375 0.3729384609375 0.034697395312500004 0.36789367500000003 0.0341219234375 0.37336891250000004 0.06912908437500001 0.564087028125 0.1027901640625 0.56585113125 0.16286014843750002 0.567893628125 0.1309576484375 0.3729384609375
0 0.25059336718749997 0.04035515625 0.056309281249999996 0.0165098515625 0.0427401859375 0.06715039843750001 0.0381013203125 0.11128626718750001 0.045896096875 0.11337487187499999 0.220624628125 0.1392537390625 0.24393832343750002 0.0651921140625 0.25059336718749997 0.04035515625
0 0.9386033984375001 0.6780720359375 0.831374409375 0.7009694015625 0.829493471875 0.73685984375 0.8282630031249999 0.7717389421874999 0.834307459375 0.7723742390624999 0.938598353125 0.7473939953125 0.940140421875 0.678233584375 0.9386033984375001 0.6780720359375
0 0.9632211890625 0.46605553593750004 0.8670339625000001 0.46922909218750003 0.856994228125 0.5208790484375 0.854623271875 0.5341475625000001 0.8538836625 0.5411844718750001 0.8549303296874999 0.5413879234375 0.9489624671874999 0.5329708953125001 0.9632211890625 0.46605553593750004
0 0.82361156875 0.7894818890625 0.8202298234375001 0.8478788484375 0.8286253515625001 0.8487612531250001 0.9300063249999999 0.822227021875 0.932599040625 0.7481407531250001 0.932300978125 0.7481094265625 0.82361156875 0.7894818890625
0 0.851042409375 0.6987200328125 0.9397338843749999 0.675806475 0.9442243640625 0.60069563125 0.8405596890625 0.6278828078124999 0.841539928125 0.69772128125 0.851042409375 0.6987200328125
0 0.86118210625 0.5212048109375 0.8642955125 0.6156042687500001 0.8794275171875 0.61990745 0.923684140625 0.630941865625 0.9363122625000001 0.632269134375 0.9302422187499999 0.535807065625 0.86215118125 0.5173180562499999 0.86118210625 0.5212048109375
0 0.8747486609375 0.8850984625 0.8072352953124999 0.8803774687500001 0.80656038125 0.88679884375 0.8419361671875001 0.9882019890624999 0.87921838125 0.992655190625 0.9123191937499999 0.9949698234375 0.8747486609375 0.8850984625
0 0.9190580140625 0.8803948500000001 0.9196869124999999 0.8714011828125001 0.9224383609375 0.8167193078125001 0.8102083531250001 0.84666335 0.8097876203125001 0.8526800765625 0.80795394375 0.9188595093749999 0.8116605953124999 0.9192490937500001 0.8948975671875001 0.88949750625 0.9190580140625 0.8803948500000001
0 0.9032221687499999 1 0.9128944453125 0.9690679640625 0.86476760625 0.956733778125 0.8091428 0.94286495625 0.7947045125 1 0.9032221687499999 1