0 0.18509295625 0.8669163296875 0.191007965625 0.8487117968750001 0.2006506609375 0.8163355640625 0.106306825 0.7495179656250001 0.10560261093750001 0.75135250625 0.086348071875 0.81425321875 0.1757252265625 0.8810732781249999 0.17922242500000002 0.8822095859375001 0.18509295625 0.8669163296875
0 0.1955985125 0.8166302062499999 0.1996954 0.8182028546875 0.22863398125 0.7591362234375 0.14383945625 0.67599560625 0.1138381171875 0.7372162375 0.1955985125 0.8166302062499999
0 0.198184996875 0.557911984375 0.27220837656249997 0.5775069703125 0.33055721718750003 0.475124946875 0.330281290625 0.4750190296875 0.3259783015625 0.47402560468750005 0.25483805312499996 0.45958206874999996 0.1984576234375 0.5567311171875 0.198184996875 0.557911984375
0 0.283329478125 0.654601878125 0.28615550624999997 0.6315857312500001 0.2891290640625 0.5785433515625 0.1861494359375 0.5328007671874999 0.185634140625 0.5341431546875001 0.176632946875 0.6082749703125 0.28065017187499997 0.656263621875 0.2825997078125 0.6565029953125 0.283329478125 0.654601878125
0 0.19217316874999998 0.6123925234375001 0.1424806375 0.7225989453125 0.1477888796875 0.7246365890625001 0.2203840296875 0.7335501546875001 0.26997875 0.6275812140625 0.2706080046875 0.622456353125 0.19217316874999998 0.6123925234375001
0 0.36795685625 0.43414002343749997 0.3690026078125 0.43141574531250004 0.305299925 0.387175759375 0.217102775 0.4666334265625 0.2807321796875 0.5079548453125 0.36795685625 0.43414002343749997
0 0.37021203593749996 0.438445115625 0.3868141703125 0.3681256 0.388788865625 0.358835396875 0.281863928125 0.30533873125 0.26239016406250004 0.38526214062499997 0.3686857078125 0.438120684375 0.37021203593749996 0.438445115625
1 0.40976652968750005 0 0.3788408515625 0.0595212953125 0.48708785312499997 0.14524770468749998 0.4880389703125 0.14561280468749999 0.527013690625 0.07231201875 0.43274016406250004 0 0.40976652968750005 0
0 0.36851902187499996 0.0773201421875 0.367808078125 0.08039957343750001 0.3503707671875 0.16253195625 0.47629514375 0.21605783281250002 0.4798114328125 0.2168696328125 0.481853909375 0.2115488 0.48255964999999995 0.2084919046875 0.49899123906250004 0.1345468234375 0.36971928906249996 0.0775972453125 0.36851902187499996 0.0773201421875
1 0.3960926953125 0.37810418437500004 0.4042574484375 0.3812383390625 0.44039841874999996 0.31326706249999997 0.3308944265625 0.218442421875 0.29232487812499997 0.2860427359375 0.3960926953125 0.37810418437500004
1 0.3860638078125 0.302806934375 0.4725396828125 0.196572796875 0.47443138906250004 0.19164473125 0.410165146875 0.1577487234375 0.3143858765625 0.26183140625 0.3564854875 0.286411403125 0.3860638078125 0.302806934375
0 0.380700471875 0.8151459375 0.31798592812500004 0.7709677687500001 0.191986746875 0.8663975640625001 0.1913722875 0.8679982859375001 0.2607302421875 0.9147808156250001 0.37907739375 0.8185255265625001 0.379833434375 0.8174046484374999 0.380700471875 0.8151459375
0 0.21877415 0.9222127703125 0.25534774374999997 0.9416592953125 0.2864358296875 0.9535928921875 0.3380123953125 0.8565914781249999 0.34201833125 0.8461556578125 0.3102782046875 0.8332040453125 0.21877415 0.9222127703125
0 0.3347582796875 0.5288773203125 0.45703073437499997 0.61093788125 0.46030383906249994 0.6119385687500001 0.4826942296875 0.5473577265625 0.4872698578125 0.53239151875 0.35798848906249997 0.45565250781250005 0.34045379375 0.5102481359375 0.3347582796875 0.5288773203125
0 0.41328738749999994 0.74124655625 0.41514720625 0.7384892625 0.41579356562500003 0.7368054374999999 0.34898191562499997 0.6915009296875 0.2328471671875 0.781495359375 0.29468666718750003 0.8307889828125001 0.41328738749999994 0.74124655625
0 0.435709465625 0.68373070625 0.44077474843750003 0.6848073640625 0.44280188125000003 0.679526503125 0.453244409375 0.6029223046875 0.322880021875 0.5345051890625 0.30779639375 0.6099537828125 0.435709465625 0.68373070625
1 0.4372621328125 0.6503576015625 0.4391317671875 0.6454870359375 0.36637061718749997 0.613935678125 0.2672247296875 0.7296261296875 0.33788236562499996 0.7596185171875 0.4372621328125 0.6503576015625
0 0.3639386671875 0.4656538796875 0.48665557187499997 0.5193675343749999 0.4946540078125 0.5222770125 0.507317215625 0.524509878125 0.5213683125 0.4546377234375 0.5222988390625 0.449360453125 0.3823320609375 0.38594603906249997 0.364354621875 0.4632948859375 0.3639386671875 0.4656538796875
0 0.547410603125 0 0.5206759015625 0.0672368390625 0.6391986953125001 0.1266490390625 0.6500808265625 0.1308262984375 0.6668606328125 0.0871134078125 0.6784391890625 0.0541508109375 0.5792741078125 0 0.547410603125 0
1 0.5643307765625 0.2160912984375 0.6532852015625 0.118118575 0.6546618078125 0.1145323921875 0.5841239953125 0.0708097078125 0.4934596640625 0.16626439375 0.5500136421875 0.20643426874999998 0.5643307765625 0.2160912984375
1 0.4425929234375 0.31869362031250004 0.562188615625 0.3728734703125 0.56460295 0.3665839125 0.58167361875 0.292642725 0.46427643124999995 0.2350657015625 0.46324170468750003 0.23482681562500002 0.4425929234375 0.31869362031250004
1 0.47072414374999993 0.26616473281249997 0.550599034375 0.29682583125 0.6175548171874999 0.1850391421875 0.6193948609375 0.180245665625 0.5427277734375 0.151376659375 0.47072414374999993 0.26616473281249997
1 0.5289201046875001 0.4542753359375 0.5518300453125 0.3799803234375 0.4389131375 0.310710246875 0.415620221875 0.3911979921875 0.5221734859375 0.45221268906249995 0.5289201046875001 0.4542753359375
0 0.5566168546875 1 0.6394103078125 0.9381459031249999 0.640197015625 0.9370223671875 0.64072343125 0.935651009375 0.5788901453124999 0.8906729 0.574097978125 0.887317390625 0.446978290625 0.9956498781249999 0.4466656953125 0.9964642156249999 0.45171531875 1 0.5566168546875 1
0 0.7099934671875 0.295049996875 0.88063930625 0.3547155265625 0.8851451000000001 0.3555913640625 0.8880374312500001 0.3480565828125 0.8943999453125 0.3153242875 0.9018199234375001 0.2682209015625 0.727210465625 0.201215759375 0.7099934671875 0.295049996875
0 0.648021965625 0.823060690625 0.571613015625 0.8037625703125 0.49025711562499996 0.9749279765625 0.502092675 0.979471221875 0.5138746984375 0.98197556875 0.5620968625 0.9910674265624999 0.64759325 0.8250776453125 0.648021965625 0.823060690625
0 0.74421865 0.5543131171875 0.8172646421875 0.3816316890625 0.8182863453125 0.37637548125000003 0.727600059375 0.35925291718749996 0.6584216046875 0.5340626375 0.7264163828125 0.5508527078125 0.74421865 0.5543131171875
1 0.8451418484375001 0.290357609375 0.9284204781250001 0.1288827171875 0.8733084859375 0.1077272046875 0.842458303125 0.0964986578125 0.75601685 0.2531749171875 0.8365493 0.2872301765625 0.8451418484375001 0.290357609375
0 0.51305625625 0.8034283375 0.6818924078124999 0.881796796875 0.686208921875 0.8825579156250001 0.6890941609375 0.8750416078125 0.700895365625 0.8081136578124999 0.7023966234375 0.7989844265625 0.5286227796875 0.720875321875 0.51305625625 0.8034283375
0 0.6260090843749999 0.4732227015625 0.617834665625 0.5550038890625 0.7838603890625 0.6185888125 0.7872435890625 0.6190642890625 0.7966547609375 0.5613506234375001 0.8011169 0.52960084375 0.626789265625 0.4676714203125 0.6260090843749999 0.4732227015625
1 0.7293451296875 0.2666938484375 0.6859405765625 0.348091946875 0.8150474125 0.46991777656249994 0.8166566296875001 0.4709233265625 0.820687221875 0.47247052656250005 0.8524249234375001 0.422260696875 0.8711770359375001 0.3922510453125 0.7296061796875 0.26679405625 0.7293451296875 0.2666938484375
0 0.693030696875 0.8200327812499999 0.722043025 0.764414446875 0.734841215625 0.73817426875 0.5928999859374999 0.6130884562500001 0.5479773703124999 0.6972028921875 0.6889711296875001 0.8180527984375001 0.693030696875 0.8200327812499999
1 0.6574938421875001 0.7191369703125 0.6714355046875 0.7045852828125 0.7762899015625 0.59120836875 0.7781749375 0.5862976828125 0.70652081875 0.5440345375 0.572870675 0.6762421890625 0.5780963390625 0.6792592281250001 0.6574938421875001 0.7191369703125
0 0.19885677968749998 0 0.18174266562500002 0.0253894796875 0.24731649375 0.0917023765625 0.25315674062500004 0.0939442375 0.29569181875 0.030883387499999998 0.2640162015625 0 0.19885677968749998 0
1 0.21254574375000002 0.1586727484375 0.2739958046875 0.08595095781249999 0.277015396875 0.07808465 0.2083090484375 0.045734631250000005 0.146017828125 0.125585221875 0.1736936796875 0.139686771875 0.21254574375000002 0.1586727484375
0 0.1848393875 0.2289724828125 0.2504005453125 0.15613879375 0.25242572343749997 0.15086302812500002 0.1862349515625 0.1179239859375 0.1189848 0.1964472203125 0.1312637515625 0.2029760546875 0.1848393875 0.2289724828125
0 0.149374190625 0.18941326875 0.0962705953125 0.2780762390625 0.0992015046875 0.2792013109375 0.17401546406249999 0.29630754531250003 0.2225330078125 0.213922625 0.22313203124999997 0.21196330312499997 0.149374190625 0.18941326875
0 0.7497258140625 1 0.857671965625 0.8675257609375 0.860197825 0.8609456734375 0.7750853484375 0.8273414375 0.663201453125 0.974289096875 0.7268381734375 1 0.7497258140625 1
0 0.6981338265625 0.8874140421875 0.6984600078125001 0.8875519171875 0.7780604984374999 0.919712603125 0.7851757046875 0.9224438749999999 0.8897417921875 0.7839810093749999 0.8925408921875 0.7766891015625 0.8126288609375001 0.7393018765625 0.6981338265625 0.8874140421875
0 0.7954389234375 1 0.6548020015625 0.9121127343750001 0.653916271875 0.911875403125 0.6496353609375001 0.9278519765625 0.6315424015625 1 0.7954389234375 1
0 0.7505131609375 0.6627191171875 0.74127613125 0.75020580625 0.9110747671875 0.8243276749999999 0.91497165625 0.8141759328125 0.918249778125 0.7908508734375 0.9255888156250001 0.7283203890625 0.7506752624999999 0.6622968296875 0.7505131609375 0.6627191171875
0 1 0.2852316765625 0.9608648875 0.277010753125 0.89648953125 0.458053040625 0.903691578125 0.4608176484375 0.9838581843749999 0.4764004578125 1 0.43720309999999996 1 0.2852316765625
0 1 0.45920841250000005 0.8928516359374999 0.36486688749999996 0.89163208125 0.36419087656250004 0.8706672421875 0.4013437921875 0.8439448921875 0.44955219062499996 0.9864393328125001 0.5712437453125 0.9915649203125 0.573211275 1 0.5579939875 1 0.45920841250000005
0 1 0.49484721875000004 0.9111192656249999 0.4661320703125 0.8097048765625001 0.627252884375 0.8407098656249999 0.6391545843750001 0.9036889125 0.6608400078125001 0.99965786875 0.5020664703125 1 0.5010728484375 1 0.49484721875000004
0 0.7704415046875 0.7180813625 0.830664371875 0.7424129796875001 0.8616077265625 0.7542910203125001 0.967353425 0.59923596875 0.9701872312500001 0.5918536515625 0.885702278125 0.5559003812500001 0.7704415046875 0.7180813625
0 1 0.2128371484375 0.9586681562500001 0.1843505875 0.9106408296874999 0.26942535 1 0.33435536093749996 1 0.2128371484375
0 0 0.5710391359375 0.023943021875 0.57644489375 0.06283150937500001 0.58400405 0.1127122890625 0.48806126250000004 0.113478490625 0.48411949375 0.043435871875 0.4692575984375 0 0.5581027421875 0 0.5710391359375
0 0.08438847968749999 0.3158928390625 0.15007224218749998 0.3773909671875 0.15557152968750002 0.37950194531250003 0.1643049265625 0.36298563437500003 0.18819239375000002 0.3161038359375 0.1143496625 0.254384271875 0.08438847968749999 0.3158928390625
0 0 0.6219369125 0.069701890625 0.65394744375 0.0741049859375 0.6546448265625 0.07632295156249999 0.6488668265624999 0.0825944359375 0.595365196875 0 0.546052309375 0 0.6219369125
0 0.09556711875 0.5188138234374999 0.1036177234375 0.5219041609375 0.13835690625 0.461256290625 0.06087034375 0.38722021875 0.028383346875 0.45509067031250006 0.09556711875 0.5188138234374999
0 0.1672893265625 0.34636581093749996 0.0947091484375 0.337292653125 0.05433144375 0.42432272031249996 0.061918975 0.4272353015625 0.096409321875 0.4326980359375 0.124234159375 0.4365137953125 0.166323025 0.35246679687500004 0.1672893265625 0.34636581093749996
0 0 0.7545298234375 0.0581438 0.7180253546875 0.058816634374999996 0.7162725640625001 0 0.6792501890625 0 0.7545298234375
0 0 0.6983761046875 0.050186040625 0.7227874328125 0.05571242656249999 0.7234659875 0.06290280000000001 0.6730664921875 0.064240403125 0.6621725953125 0.0422962734375 0.6486490625 0 0.62356678125 0 0.6983761046875