0 0.45771541875 1 0.451677721875 0.9064450453124999 0.4496060359375 0.90104811875 0.3884257328125 0.9257418812499999 0.3913011703125 1 0.45771541875 1
0 0.45823910312500005 0.950582925 0.45881225625 0.9503966953124999 0.4565723765625 0.8826161156250001 0.3426838296875 0.8496018609375 0.34492283437500004 0.9171553125 0.45823910312500005 0.950582925
0 0.28567871718750004 0.6195420484375 0.3025665078125 0.7350126421875001 0.310599275 0.7324026375 0.3719685359375 0.7017739 0.356602225 0.5906255359375 0.356041709375 0.58942350625 0.28567871718750004 0.6195420484375
0 0.42230877343750006 0.7745252640625 0.42316368125 0.7742141046875 0.4133405234375 0.7439815359375 0.3945792578125 0.7014266609375001 0.28169179375 0.70744095 0.30784235781249997 0.77898989375 0.42230877343750006 0.7745252640625
0 0.3483763234375 0.8849544312500001 0.413104475 0.8723725546875001 0.4257829375 0.7569935671875 0.42388721250000005 0.751159121875 0.37647617968749997 0.7601115109375 0.34888815625 0.7654740796875 0.333704165625 0.8877236984374999 0.3483763234375 0.8849544312500001
0 0.3733479859375 0.6249401296875 0.3764952359375 0.6239175265625 0.35470002031250003 0.54900015 0.23615363281250001 0.55524609375 0.25959855468750004 0.6274021453125 0.3733479859375 0.6249401296875
0 0.30338900625 0.4319504828125 0.23168395 0.4712338359375 0.2635330765625 0.5867016265625 0.3359582359375 0.5476942546875 0.3040467078125 0.43308965468749994 0.30338900625 0.4319504828125
1 0.275327121875 0.20798012500000002 0.2734272 0.202132765625 0.23710354374999998 0.13660315625 0.10517400625 0.1810599625 0.1450549296875 0.254137971875 0.275327121875 0.20798012500000002
0 0.2646844265625 0.33385337656249997 0.2601346109375 0.20167322968749998 0.257350578125 0.19310486093749998 0.17651155624999998 0.21098451406250002 0.1795371296875 0.3525274328125 0.2336847203125 0.34101800625 0.2646844265625 0.33385337656249997
1 0.21467830000000002 0.37983811093750003 0.260384478125 0.5170681421875 0.267414975 0.5147837953125001 0.32892020624999996 0.4763510609375 0.2825248734375 0.342438690625 0.28150143125 0.340800840625 0.21467830000000002 0.37983811093750003
1 0.18904089375 0.3050734328125 0.22988706250000002 0.4399031375 0.23903199062499997 0.436931771875 0.258956796875 0.42677957343750006 0.29604375156249996 0.4069008515625 0.263314384375 0.2692939390625 0.18904089375 0.3050734328125
0 0.478704484375 0.932379459375 0.6300121 0.950629425 0.6339510671874999 0.9493495781249999 0.6302278703125 0.9254039328125 0.6210799390624999 0.8735234328124999 0.46335284843749996 0.848936028125 0.478704484375 0.932379459375
1 0.5791922234375 1 0.5808821453124999 0.9994509109375 0.6618741375 0.9526901609375 0.6610185578125 0.9500569562500001 0.656098803125 0.9415356921875 0.64262053125 0.922848984375 0.47963011875 0.958112640625 0.4803058734375 0.960192403125 0.5054577640625 1 0.5791922234375 1
0 0.4168895375 0.669937371875 0.49022841406250006 0.6461081265625 0.4874757515625 0.50696153125 0.4845232046875 0.497874528125 0.40562014687500003 0.5203184984375 0.4168895375 0.669937371875
0 0.5776244734375 0.738903565625 0.5755731703125 0.7325903 0.4970554171875 0.7462360640625 0.4760304515625 0.8916466156249999 0.55475629375 0.8841481546875001 0.5776244734375 0.738903565625
0 0.5658531546875001 0.681928803125 0.571312378125 0.6790260828125 0.5709622109375 0.677948378125 0.5363226046875 0.6128007531249999 0.3844810421875 0.639642215625 0.4298619828125 0.7116017078125 0.5658531546875001 0.681928803125
1 0.5229318453125 0.8092371999999999 0.562534440625 0.6643604375 0.5623355796875 0.6615166015625 0.48217643906249996 0.6664994453124999 0.4463591734375 0.8145916828124999 0.5229318453125 0.8092371999999999
0 0.4561532265625 0.41290719062500003 0.3793126078125 0.4377491453125 0.39649169375 0.570732665625 0.400198546875 0.589783515625 0.4008090203125 0.591373853125 0.41344960000000003 0.5872666796875 0.4275304140625 0.5822445203125 0.47472909999999996 0.5641266421875 0.45760001875 0.4166762125 0.4561532265625 0.41290719062500003
0 0.3455517921875 0.0398263609375 0.34395230312499997 0.034903639062500005 0.2900861515625 0.04247403125 0.26273951875 0.0513594921875 0.263494834375 0.1707457796875 0.2730431828125 0.16951985625 0.35048292187499996 0.1586364109375 0.3455517921875 0.0398263609375
1 0.370569340625 0.101653390625 0.28690774375 0.1158248703125 0.29328896718749997 0.24809193125 0.2942220265625 0.2509635890625 0.32200094218749997 0.24556391562500002 0.3756616953125 0.23297058750000002 0.3724291609375 0.1073773296875 0.370569340625 0.101653390625
1 0.40645088281249997 0.25741610000000004 0.3302912140625 0.29483907187499997 0.36628631562499997 0.4235138 0.3672103671875 0.4232135578125 0.369326096875 0.4221355390625 0.439761328125 0.385099928125 0.40989038593749993 0.2641665046875 0.40645088281249997 0.25741610000000004
1 0.371334265625 0.1711373109375 0.3018272046875 0.2151902109375 0.3501344125 0.34168765625 0.35574959375000004 0.3398631734375 0.377209853125 0.3264533140625 0.42272810937500005 0.29644480781250004 0.37293770625 0.1737033515625 0.371334265625 0.1711373109375
1 0.47655854375000006 0.46654384687499995 0.4837701 0.464200671875 0.47277538906250005 0.38455473125 0.34342358125 0.37142390625 0.3529041578125 0.450204109375 0.47655854375000006 0.46654384687499995
0 0.9369510343749999 0.8537511875 0.9286798265625 0.838174003125 0.8988104390625 0.7842882015625 0.717604475 0.8309418421875 0.7186147953125 0.8340512906249999 0.7548146124999999 0.8928317578125 0.9362826343749999 0.8583362796875 0.9381114421875001 0.8573225546875 0.9369510343749999 0.8537511875
0 0.5006261640624999 0.0824974765625 0.5116459296875 0.17162861875 0.6931226421875001 0.1874864671875 0.69329913125 0.1874710265625 0.697154509375 0.18621833906250002 0.6918778390625 0.1259057375 0.68864625625 0.09296429843750001 0.501364153125 0.0822576890625 0.5006261640624999 0.0824974765625
0 0.9060040656250001 0.7951556578125001 0.9108035890625 0.79350305 0.8923444234375 0.73669158125 0.8879281671875001 0.7247674296875 0.69950239375 0.737112071875 0.7224753875000001 0.813079625 0.9060040656250001 0.7951556578125001
0 0.7214225875 0.3907782125 0.67583743125 0.20890851718749998 0.6734901359375 0.204095846875 0.59076023125 0.2449975296875 0.6407149765625 0.4262394109375 0.7051225375 0.398728278125 0.7214225875 0.3907782125
1 0.4755189984375 0 0.4837852890625 0.093031771875 0.6592823171875 0.090831953125 0.66417806875 0.09014390156249999 0.6705508328125 0.088073265625 0.6683802562500001 0.069262315625 0.6586460734374999 0 0.4755189984375 0
1 0.7357158046875 0.7750134453124999 0.7824657484374999 0.7622052796875 0.8056367140624999 0.7555611125 0.8167214250000001 0.751959471875 0.8131022515625 0.5635982390625001 0.8119294015625 0.5599885796875 0.7297423625 0.5845857703124999 0.7357158046875 0.7750134453124999
0 0.6997397546874999 0.2935235671875 0.6308797109375 0.33128348750000003 0.6203847375 0.33734276093750004 0.6788115671875 0.51254571875 0.680213021875 0.5120903578125 0.6931479515625 0.5046223734375 0.7533835953125 0.4665547890625 0.7010135562500001 0.2957298578125 0.6997397546874999 0.2935235671875
1 0.5671383890625 0.2908552953125 0.7380584421874999 0.24293407656250002 0.742652659375 0.24059320624999997 0.7406612828125 0.2344643828125 0.71645919375 0.18635008749999998 0.7003939515625001 0.1548202765625 0.519669725 0.21164064531250001 0.5671383890625 0.2908552953125
0 0.860090521875 0.6004020296875 0.8331317984375 0.5437598046875001 0.819877603125 0.5177469828125 0.6345572703125 0.5558277671875 0.6746989390625 0.6423258953125 0.8560661265625 0.6024525609375 0.860090521875 0.6004020296875
1 0.7401759359375 0.3809049296875 0.66415095625 0.41711321718749994 0.6986253359375 0.5997536890624999 0.7100777984375 0.5960325578125001 0.7819019125 0.5556744609375001 0.777634096875 0.5359790984374999 0.7420723671875 0.384793190625 0.7401759359375 0.3809049296875
0 0 0.2553322640625 0.038850029687499996 0.24363358906250002 0.0402443421875 0.24292315156250002 0.0388221953125 0.238546234375 0.005354025 0.172861253125 0 0.17465654375 0 0.2553322640625
0 0 0.3459880125 0.0358792890625 0.342216946875 0.043036384375 0.2464598171875 0.0420683015625 0.24348036718750002 0 0.24791494531249997 0 0.3459880125
0 1 0.7682582328125 0.9095571687499999 0.7825829703125 0.9093989406249999 0.7826343812500001 0.9159153578125 0.8190997546875 1 0.8296481734375 1 0.7682582328125
1 0 0.40738172656250005 0.0830964546875 0.41202445 0.08578958125 0.4111494015625 0.069907559375 0.3350391828125 0 0.333870578125 0 0.40738172656250005
0 0 0.4489531515625 0.013132317187500001 0.482958046875 0.11259160625 0.4742423609375 0.1151214703125 0.4733712578125 0.106954471875 0.4482358203125 0.0898878609375 0.40269409375 0 0.412811659375 0 0.4489531515625
0 0.1387155375 0.5404417953125 0.142808103125 0.538356528125 0.142069609375 0.5360836765625 0.10261850312500001 0.470738228125 0.0076038828125 0.49355907656250003 0.0428424625 0.56271868125 0.1387155375 0.5404417953125
0 1 0.6222892265625 0.8635527359375 0.609932190625 0.8837853593749999 0.70153739375 1 0.7082080421875 1 0.6222892265625
0 0.895814078125 0.6714210406250001 0.896347725 0.6731665203125 0.9588630703125001 0.6576639984375 0.9831723140624999 0.6502319171875001 0.9836206687500001 0.6500862374999999 0.9795282343749999 0.46904200312500005 0.9781275578124999 0.4647311625 0.8896764312500001 0.490238396875 0.895814078125 0.6714210406250001
0 1 0.649849125 0.956540609375 0.6614305984375 0.9492638578125 0.8597917390625 1 0.8493664234375 1 0.649849125
0 0.8492888921875 0.413494503125 0.899425128125 0.5952975406250001 0.8996144578124999 0.5952360234375 0.9822887843749999 0.542959421875 0.92548764375 0.37141240937500003 0.9223096421875001 0.3661233265625 0.8492888921875 0.413494503125
0 0.835209171875 0 0.7495356515625 0.017162996875 0.7482357484375 0.2119817375 0.84545615625 0.1930840046875 0.8373212000000001 0.001035615625 0.836984709375 0 0.835209171875 0
0 0.7172065953125 0.1517735546875 0.725738565625 0.1934688140625 0.7371985078125001 0.24738359375000002 0.9286330015625 0.24570504999999998 0.9288106812500001 0.2456672828125 0.93003538125 0.245269353125 0.91033803125 0.1526006125 0.7185503375 0.151385075 0.71812201875 0.15147611562500002 0.7172065953125 0.1517735546875
0 0.9155107328125001 0.20122740156250002 0.9129202140625001 0.19325460625 0.8201678875 0.203159846875 0.7928854359375 0.392778284375 0.8925747765625 0.384056596875 0.9155107328125001 0.20122740156250002
0 0.8290858171875 0.304476765625 0.8553294765624999 0.5011930453125 0.8643006468750001 0.49827813593750003 0.9468558843749999 0.4665881484375 0.9174019343750001 0.274251165625 0.9167863437499999 0.27264749843749997 0.8290858171875 0.304476765625
0 0.7092883703124999 0 0.7519925140625 0.124041828125 0.7571935046875 0.12235192343750001 0.7843731921875 0.10850318125 0.8429276234374999 0.07541060000000001 0.81484555 0 0.7092883703124999 0
0 0.120183978125 0.830737728125 0.2247257140625 0.84367338125 0.22700180625000002 0.8433534968749999 0.23093617968750002 0.8420751421875 0.2277757625 0.8133441265625001 0.222393215625 0.7750453140625 0.11128813906249999 0.758500053125 0.120183978125 0.830737728125
0 0.14493586249999998 0.6207468796875 0.12934635 0.533318859375 0.12641630312500002 0.5264160984374999 0.065501825 0.553573940625 0.0770149109375 0.6489228375 0.1138396515625 0.6339464390625 0.14493586249999998 0.6207468796875
0 0.1492740078125 0.89785563125 0.263334 0.8995264687500001 0.26343282343749996 0.8994885328125 0.25732748125 0.8806982218750001 0.2396612984375 0.8346762375000001 0.23805287968750002 0.8306961218750001 0.1248835515625 0.8412604437500001 0.1492740078125 0.89785563125
0 0.12465205937499999 0.7947582875 0.1712761203125 0.7738086531249999 0.191024221875 0.76374649375 0.17240186562499998 0.661320228125 0.1715610296875 0.65967 0.1058776046875 0.6952165156250001 0.12418052500000001 0.79383285 0.12465205937499999 0.7947582875
0 0.150490515625 0.592664271875 0.0871783734375 0.6238059687499999 0.09972481562499999 0.7204173265625 0.10778975312500001 0.71779686875 0.1531065734375 0.6966652890625 0.16713947499999998 0.689553846875 0.1521834140625 0.5962947078124999 0.150490515625 0.592664271875
0 0.2730893578125 1 0.27970177343749997 0.939446496875 0.27826216875 0.9350158499999999 0.21266661875 0.9550704218750001 0.20804092812500002 1 0.2730893578125 1
1 0.194909146875 1 0.2450017421875 0.9837239296875 0.2476687078125 0.9608291984375 0.2567902796875 0.8689321734375 0.25678078437499996 0.8689029484375 0.185623075 0.8887533031249999 0.1837996078125 1 0.194909146875 1