0 0.429253684375 0 0.46052996718749994 0.0950294625 0.46345390000000003 0.098909653125 0.51789565 0.055736814062499994 0.49794716875 0 0.429253684375 0
0 0.48053238125000003 0.1581573 0.48157530312499996 0.1598930140625 0.5429742703125 0.1339591875 0.5335241828124999 0.015581953125 0.47071753593750004 0.0421031 0.48053238125000003 0.1581573
1 0.700385409375 0.332659875 0.6749356359375 0.26467561562499997 0.5643824390625001 0.2682875515625 0.5636180921875 0.26855073749999997 0.56180448125 0.2696404640625 0.584134515625 0.3418971609375 0.7012496828125 0.33715110312499996 0.7018149203124999 0.336811475 0.700385409375 0.332659875
0 0.5884809703125 0.3119432828125 0.58947855625 0.3113438734375 0.641396953125 0.25928583125000004 0.587972290625 0.155482565625 0.5867583078124999 0.156212 0.5691695343750001 0.173800771875 0.5344441921875001 0.2134551421875 0.5851414109374999 0.308603721875 0.5884809703125 0.3119432828125
0 0.5906962015625 0.1200243625 0.4730285671875 0.129758759375 0.4703095390625 0.131392515625 0.49938997343749997 0.2033691171875 0.62048940625 0.1950712375 0.6205359515625 0.19505243125 0.5906962015625 0.1200243625
1 0.5966818984375 0.347118690625 0.5932985453125 0.3491516140625 0.628838996875 0.41824370625 0.7440155734375 0.389492803125 0.7072333765625001 0.3231359625 0.5966818984375 0.347118690625
0 0.6620198609375 0.3968919578125 0.6792225046875 0.513103246875 0.680250634375 0.514814340625 0.7561572062499999 0.48520983281249996 0.7382493125 0.366234965625 0.6733539046875 0.3920809421875 0.6620198609375 0.3968919578125
1 0.8206171093749999 0.6728566687499999 0.8408526859375 0.8063041734375 0.840906653125 0.8064609062500001 0.84343525625 0.8106692109375 0.920500996875 0.7846997890625 0.8972281093750001 0.6457780734375 0.88614810625 0.649593225 0.8206171093749999 0.6728566687499999
1 0.882062196875 0.7070091140625 0.8460400171875 0.57230375625 0.8455644781249999 0.5715123265625001 0.7685821671874999 0.6074097703125 0.8017532953125001 0.7382650203125001 0.805440996875 0.7444023859375 0.882062196875 0.7070091140625
1 0.6533667921874999 0.5102425187499999 0.649827040625 0.512721078125 0.6548830078125001 0.5211356203124999 0.6945416875 0.577774084375 0.8287448328125 0.5232548015625 0.78602271875 0.45819918125000003 0.6533667921874999 0.5102425187499999
1 0.7142246906249999 0.5463045625 0.7781770796874999 0.67261286875 0.7786202656250001 0.6732009953125 0.8369390640625 0.6273227218749999 0.780811740625 0.4974897625 0.7412333421875 0.525952084375 0.7142246906249999 0.5463045625
1 0.419988996875 0.0697931390625 0.27055911093749996 0.09647118437499999 0.2665333203125 0.098890121875 0.277125909375 0.12076501875000001 0.301042509375 0.16770399062500002 0.45906633750000003 0.1451021046875 0.419988996875 0.0697931390625
0 0.3716321125 0.13447389999999998 0.31819844062499997 0.0259206984375 0.2940256125 0.0404451984375 0.262320084375 0.0710628734375 0.26434423906250004 0.074431634375 0.348622365625 0.16170418749999999 0.3716321125 0.13447389999999998
0 0.5414533625 0.3165030796875 0.47564051875 0.356047425 0.513347559375 0.4954736609375 0.5158820171875 0.49952964218749996 0.5882530390625 0.4579507578125 0.5414533625 0.3165030796875
0 0.49300158281249995 0.2320630125 0.4621844390625 0.155244478125 0.31767416875 0.1647734296875 0.315876153125 0.1658537859375 0.3357000765625 0.22895419687500002 0.3402858953125 0.2403044921875 0.4927227890625 0.23217565312500002 0.49300158281249995 0.2320630125
0 0.4910474609375 0.43517568124999995 0.545486440625 0.3831626328125 0.481091553125 0.245223096875 0.47498338906250004 0.24889325312500002 0.47260645781250005 0.2511097765625 0.4223093109375 0.305496928125 0.48705786875 0.43089736875 0.4910474609375 0.43517568124999995
0 0.3489001625 0.268255965625 0.347129290625 0.2698504640625 0.35073158437499996 0.2758456890625 0.3967067 0.32690622812500003 0.5382161359375 0.2676782265625 0.4842786421875 0.20683513437499998 0.3489001625 0.268255965625
0 0.6050812515625 0.39608497656249997 0.5621204859375 0.4059366203125 0.5256573515625 0.41639225625 0.5310952640625 0.548292590625 0.532635271875 0.5629181484375 0.53449073125 0.56938890625 0.6096459234375 0.5497709359375 0.6053047234375 0.3968643140625 0.6050812515625 0.39608497656249997
0 0.6991407781250001 0.8342374546875 0.7331518296875 0.9083684875 0.8400344703125 0.8790033765624999 0.8675535484375001 0.8624682453125001 0.8375469234375 0.789363596875 0.7083029546875 0.8298083859375 0.7022019953124999 0.832398090625 0.6991407781250001 0.8342374546875
1 0.763909590625 0.7093805625 0.652378215625 0.7839375015625001 0.6556812437499999 0.7894346624999999 0.67178035625 0.8073145374999999 0.709207775 0.845792053125 0.8202715671874999 0.7751064671875 0.763909590625 0.7093805625
0 0.691848890625 0.5750986890625 0.57150795 0.60650859375 0.5648610625 0.6105024453125 0.6001572484375 0.6828703546875 0.7276263937499999 0.6537356625 0.7285808640625 0.6532701359375 0.691848890625 0.5750986890625
1 0.6055228484375 0.69382205 0.6356575062500001 0.7439745421875 0.648410634375 0.7643838140625 0.7761750484375 0.7155927734375 0.72884275 0.6437970015625 0.6055228484375 0.69382205
0 0.5599108578124999 0.50527328125 0.567718440625 0.63393870625 0.5695145453125 0.636927925 0.647224590625 0.6103828609375 0.6354326765625 0.48090212968749996 0.5724841203125 0.50118798125 0.5599108578124999 0.50527328125
0 0 0.2527108 0.0041355796875 0.2584097296875 0.041213734375 0.30761410312500004 0.21490852500000002 0.23588775 0.1687018578125 0.180086540625 0 0.2373958328125 0 0.2527108
0 0.5415931859375 0.801711953125 0.37786988906249996 0.8815865390625 0.37505190312500003 0.8836339234375 0.37885655156250003 0.8899659203124999 0.41065331250000003 0.933730409375 0.430389415625 0.9603023437499999 0.5971212593749999 0.8726619937500001 0.5415931859375 0.801711953125
0 0.1580870796875 0.41730342968749995 0.2186116421875 0.366830440625 0.1279479046875 0.2003892875 0.1191101328125 0.2056995578125 0.1083720296875 0.21536818906250002 0.07267228437499999 0.24903667812500002 0.1567073234375 0.41577105625 0.1580870796875 0.41730342968749995
0 0.3031865859375 0.6647604031250001 0.405499178125 0.8218805031249999 0.40928544375 0.82566676875 0.47419181874999994 0.7600592453125 0.3679520953125 0.604955353125 0.3160102984375 0.6519366921875 0.3031865859375 0.6647604031250001
1 0.5894299937499999 1 0.5591787203125 0.8541548328124999 0.524009803125 0.865299040625 0.47214657656250003 0.8831569796875 0.4929880875 1 0.5894299937499999 1
0 0.2567205453125 0.3265708875 0.0868086359375 0.4025788125 0.082589253125 0.40599560312499994 0.0844025359375 0.40901341406249997 0.1299509453125 0.4652610140625 0.13585594843749998 0.4723833453125 0.3088115359375 0.39247874375 0.2567205453125 0.3265708875
0 0.3960071421875 0.5931269218749999 0.396231421875 0.5930540484375 0.3734890875 0.52077935625 0.370588396875 0.511851946875 0.1868031796875 0.5204840843749999 0.18346695625 0.5224886890625 0.1846521734375 0.5261364140625 0.2170780703125 0.6091687234375 0.23717572343749999 0.60768350625 0.3960071421875 0.5931269218749999
0 0.275305065625 0.702606959375 0.44704413125000003 0.6466595703125 0.4475906421875 0.6463311953125 0.4128987140625 0.5856045937500001 0.4019848453125 0.5674408671875 0.22777314999999998 0.628935965625 0.2275596171875 0.62906426875 0.23346233125000002 0.6388880343750001 0.275305065625 0.702606959375
1 0.4746918328125 0.714980978125 0.326945671875 0.8133739671875 0.3226540671875 0.8176655734375 0.322789003125 0.8178901453125 0.36497319375 0.860514003125 0.3899953921875 0.8855362031249999 0.5443158875 0.7756499640625 0.4746918328125 0.714980978125
1 0.17680243906249998 0.4081833953125 0.21866813437500002 0.5839287921875 0.22287420781249997 0.5909288765625 0.3037690890625 0.55068076875 0.2622824640625 0.36526059375000003 0.20762439531250002 0.39179506875 0.17680243906249998 0.4081833953125
1 1 0.47358607187499996 0.9201967359375001 0.5087870390625 0.9194212109375 0.5093714375 0.9207154171875 0.511525359375 0.9683232625 0.570765415625 1 0.5552866734374999 1 0.47358607187499996
0 1 0.47207095 0.955714859375 0.38294525 0.9550003390624999 0.38337457812500003 0.9448543734375001 0.3915906171875 0.8999908671875 0.43074963593750004 0.9428023968750001 0.5225254796875001 0.94435739375 0.5244457406249999 1 0.4768496625 1 0.47207095
0 0.9596772124999999 0.4059351234375 0.9185016546875 0.319630559375 0.9081865125 0.325828521875 0.8574360203125 0.366925459375 0.8994647796875 0.45672468281249995 0.90204245625 0.45990785 0.9596772124999999 0.4059351234375
0 0 0.5017224078125 0.12401798125 0.44724394843750004 0.0686810140625 0.37972264375 0 0.4072282125 0 0.5017224078125
0 0 0.466157465625 0.034364134375 0.6382124250000001 0.0360752609375 0.6410602187500001 0.1189230265625 0.6004980359375 0.0814165875 0.42313375468750003 0.08058794999999999 0.421507459375 0.0217143375 0.44763013906250004 0 0.458694146875 0 0.466157465625
0 0 0.5934495140625 0.0052377421875 0.6086610218749999 0.027086857812499997 0.6677079453125 0.21261350937499998 0.64715911875 0.212966490625 0.6469470265624999 0.181374890625 0.5645316874999999 0 0.57536255625 0 0.5934495140625
0 0.3612542140625 1 0.3317809609375 0.839814984375 0.247188928125 0.8689423578125 0.264716975 1 0.3612542140625 1
0 0.27131703749999997 0.9812754937499999 0.2954478046875 0.9573370656250001 0.33835011875 0.9144347515625 0.23459978750000002 0.7524346359375 0.23094748593749997 0.7546291593750001 0.21990728593750003 0.76550283125 0.1645618375 0.82084828125 0.2696569546875 0.9796154093749999 0.27131703749999997 0.9812754937499999
0 0.08803886718750001 0.7851835515625 0.10417940625 0.81204591875 0.14698465624999998 0.8649060000000001 0.31907414218749997 0.7777903203125 0.2566385 0.70363418125 0.08803886718750001 0.7851835515625
0 0.1286205859375 0.8072165296874999 0.1321849984375 0.8131487078124999 0.2146332609375 0.773029621875 0.16785159375 0.579640915625 0.08056309687499999 0.6241166265625 0.1286205859375 0.8072165296874999
0 0.7342223999999999 0.1981151015625 0.7371603171875 0.203004615625 0.799251584375 0.16855789062499998 0.7707139781250001 0.06165312656250001 0.7701045921875 0.060638937500000004 0.7436418312499999 0.074874153125 0.73652874375 0.078980896875 0.7094674859375 0.095240940625 0.7342223999999999 0.1981151015625
0 0.8890170562499999 0.2784226234375 0.8033743234375 0.3181493328125 0.8029317031250001 0.3185340953125 0.80614294375 0.3238784984375 0.8154161500000001 0.3348785890625 0.8499357921874999 0.3745888953125 0.93482315 0.32924366250000003 0.8890170562499999 0.2784226234375
0 0.7071859453125 0 0.706819590625 0.000220128125 0.65962660625 0.0474131140625 0.7129484515625 0.14230308281249998 0.71587600625 0.1452306390625 0.7568608671875 0.1007935640625 0.713742403125 0 0.7071859453125 0
0 0.8030802703125 0.1289005640625 0.7608024 0.157628109375 0.7431015921874999 0.1709666234375 0.7792271656249999 0.26860306718750004 0.780341784375 0.27008221718750003 0.8388547453124999 0.223669925 0.8037053406249999 0.1297300609375 0.8030802703125 0.1289005640625
0 0.791561953125 0.22599853281249999 0.7966859046875 0.32027436875 0.7988037703125 0.3237990890625 0.864212496875 0.2997444484375 0.8618069437500001 0.2012669953125 0.8062613296875 0.220392884375 0.791561953125 0.22599853281249999
0 0.6432292187499999 0 0.6524713578125 0.08329481093749999 0.6535254312500001 0.085049084375 0.7182004531249999 0.0512563 0.708180653125 0 0.6432292187499999 0