0 0.7544825375 0.038735725 0.6926717953125 0.1293215484375 0.692310584375 0.13050301875 0.6919070406250001 0.1351155453125 0.7543953625 0.1530572484375 0.822328821875 0.0588044796875 0.7796263 0.0457490078125 0.7544825375 0.038735725
0 0.8012437046875001 0.1478078 0.6845281234375 0.12687899375 0.6938161203125001 0.193828340625 0.8106056125000001 0.2153385390625 0.8012437046875001 0.1478078
0 0.778550859375 0.40434099375 0.6833062265625001 0.35762189843750003 0.6760680078125 0.35698863593749997 0.662124909375 0.4298950296875 0.7683664453125 0.48097853125 0.7691049999999999 0.47631547812499997 0.778550859375 0.40434099375
0 0.6788702296875 0.3976508640625 0.7531024890625 0.3897479265625 0.7767144921875 0.276391359375 0.7701774109375 0.2758194375 0.7507687359374999 0.277859371875 0.6988267703125 0.2868232375 0.6783469703125 0.3926723671875 0.6788702296875 0.3976508640625
0 0.7899531546875 0.2242861703125 0.6718615515625 0.202887434375 0.671326809375 0.20899956406250003 0.6801869015625 0.2811592328125 0.7993076203125 0.30448693437499996 0.799357446875 0.30448081718750003 0.7899531546875 0.2242861703125
0 0.6532749 0.5408275671875 0.653090509375 0.5429351609374999 0.7309221875 0.5521871671875 0.7714925328125 0.44062415625 0.695911875 0.4340117046875 0.6532749 0.5408275671875
0 0.764754078125 0.5551345859375 0.65190049375 0.514994259375 0.6423120953125 0.5966951859375 0.7557679140625 0.6367387734375 0.764754078125 0.5551345859375
1 0.6206653249999999 0.8352298265625 0.613552971875 0.8346075765625001 0.5918820421875 0.9101830921875 0.7166060234375 0.9720356499999999 0.7400799078125 0.8921616234374999 0.6206653249999999 0.8352298265625
0 0.73359665 0.7564596515625001 0.667844346875 0.7483862828125 0.6488251703125 0.746722321875 0.6085992203125 0.87219615625 0.6077597156250001 0.8817917359375 0.6924891453125 0.8906767359375 0.73359665 0.7564596515625001
1 0.6824237265625 0.5808764015625 0.610443696875 0.7076922765625 0.610391903125 0.708284278125 0.68688775 0.7308550328125001 0.757307025 0.6032424390625 0.72983766875 0.5944721296875 0.6824237265625 0.5808764015625
1 0.663876271875 0.65814906875 0.6100324234375 0.7841038578124999 0.6095723578125 0.7893624453125 0.680692040625 0.8042312015625 0.7440719078125 0.6777801593749999 0.696828 0.665756575 0.663876271875 0.65814906875
0 0.614943653125 0.19002374375 0.683856953125 0.0478516859375 0.6840080562499999 0.0461245796875 0.6006690859375 0.035891840625 0.539492640625 0.17409078281249998 0.539051009375 0.1791386640625 0.614943653125 0.19002374375
0 0.6597361578125 0.013633653125 0.6120907765625 0.009465221875 0.562969596875 0.12088008125000001 0.5622405453125 0.1292131703125 0.645393859375 0.1346105796875 0.6597361578125 0.013633653125
0 0.5227575078125 0.5199042921875 0.5988449124999999 0.5156578984375 0.6323783921875 0.368850975 0.6284343578125 0.3685059171875 0.594320553125 0.3696247140625 0.5473338125 0.372910346875 0.522603484375 0.5177016578125 0.5227575078125 0.5199042921875
0 0.67070886875 0.20555677499999997 0.545634390625 0.1181492421875 0.545156209375 0.11810740625 0.5223680625 0.19757912187499999 0.6420079249999999 0.27896995156250004 0.6430611609375 0.2792719625 0.67070886875 0.20555677499999997
0 0.57050194375 0.2907543828125 0.51185130625 0.41832197656250003 0.5112798796875 0.42485341249999997 0.585135946875 0.4356350671875 0.65489486875 0.2985790046875 0.6443256171875 0.29690500000000003 0.57050194375 0.2907543828125
0 0.5188633375 0.338174096875 0.5184086390625 0.343371325 0.5970478781249999 0.3536447484375 0.6604644109375 0.2151076375 0.5842769109375 0.2057529890625 0.5188633375 0.338174096875
0 0.645614159375 0.5180216703125 0.6459888796875 0.5156557765625001 0.5223532343749999 0.46409200625 0.5171002296875 0.46228436406249995 0.5013136234375 0.46090321406249996 0.4887754703125 0.52941778125 0.48793718906250005 0.5347104875 0.6289893828124999 0.5956724875 0.645614159375 0.5180216703125
0 0.5894905625 0.9132442109375001 0.4518668671875 0.9093098546875 0.4484741453125 0.9096664437499999 0.44765352968750005 0.9190461265625001 0.44872555781249995 0.93056671875 0.4556577125 0.9965217578125 0.6005416 0.9955692890625001 0.5894905625 0.9132442109375001
1 0.588465321875 0.9249523328125001 0.5954886859374999 0.8411835859375 0.48153177812500003 0.807372534375 0.4689040609375 0.8062677515625 0.46019259999999995 0.8653622796875 0.4580566109375 0.8897767546875001 0.58658149375 0.92478751875 0.588465321875 0.9249523328125001
1 0.612612165625 0.6808412265625 0.49953843437499995 0.6223001609375001 0.49464047187500004 0.6218716453125 0.47235867656249997 0.6995774984375001 0.5865816265625 0.763219709375 0.5876024328125 0.7635124203125 0.612612165625 0.6808412265625
1 0.5121993015624999 0.707595225 0.4714322359375 0.8265310421875001 0.4705899359375 0.836158571875 0.5501365609375 0.848236978125 0.5971686328125 0.719708840625 0.566239715625 0.7148101812500001 0.5121993015624999 0.707595225
0 0.5431189234375 0.5390397640625 0.47475815781249997 0.64512961875 0.4747540734375 0.6451408390625 0.47441956718749995 0.6489642765625 0.5471925453125001 0.6756500078125 0.6222540750000001 0.566546928125 0.61977923125 0.5656461578124999 0.5431189234375 0.5390397640625
0 0.237892975 0 0.23767310468749997 0.0025131328125 0.24516079375 0.0669638203125 0.4269859625 0.11309757812500001 0.42291534531249997 0.03457359375 0.422570196875 0.029637714062499997 0.26362073124999996 0 0.237892975 0
0 0.1864483296875 0.874857815625 0.2788886421875 0.895177334375 0.345509290625 0.7240566640625 0.345829759375 0.7203936921875 0.31864929062499997 0.7141185875 0.2587705375 0.7025314109374999 0.1866572828125 0.8724694703125 0.1864483296875 0.874857815625
0 0.23201157343749998 0.149631471875 0.234944228125 0.1681475296875 0.4257916609375 0.1829061875 0.42579495468750006 0.18286854375 0.41249560937499996 0.10985165156250001 0.230213771875 0.0898832453125 0.2249595640625 0.09071543125 0.23201157343749998 0.149631471875
0 0.2871268046875 0.509569034375 0.19643084375 0.6736691109375 0.196118271875 0.6746914875 0.1957368578125 0.6790510734375 0.283265015625 0.7052977890625 0.3703370953125 0.5386768125 0.30446983906249997 0.5148713328125 0.2871268046875 0.509569034375
1 0.34508323281250003 0.8460486843749999 0.1696163390625 0.8421224031250001 0.159417625 0.8431943328125 0.15875859375 0.85072709375 0.159771171875 0.8633613890625 0.1671123953125 0.9332084578125001 0.350266059375 0.9424430625 0.34508323281250003 0.8460486843749999
0 0.3071489453125 0.14425660468749998 0.2339649171875 0.3149805546875 0.23373672656250002 0.316421290625 0.23345849375 0.319601503125 0.3148966234375 0.3334905796875 0.393098146875 0.1570126046875 0.3796862203125 0.154888365625 0.3071489453125 0.14425660468749998
0 0.3817627984375 0.5736881312500001 0.3784213640625 0.5038305281250001 0.376943196875 0.4826917375 0.19464201718750002 0.45850536249999996 0.1940402765625 0.465383284375 0.1943522015625 0.46984400937500004 0.2027065640625 0.545614190625 0.381126775 0.57373260625 0.3817627984375 0.5736881312500001
1 0.299257884375 0.7883567218749999 0.33805349218749997 0.61098900625 0.33807525 0.60974243125 0.325795621875 0.6086681031250001 0.24163789531250002 0.607199125 0.207087553125 0.7927725859375 0.20928305468750003 0.7929646671875 0.299257884375 0.7883567218749999
0 0.38238566875 0.24658297812500002 0.325454359375 0.24004815000000002 0.28975508906249997 0.23692486875 0.22558654687500002 0.40957827968749994 0.2251778109375 0.41425013593750004 0.31853539531249997 0.42588693749999995 0.38238566875 0.24658297812500002
1 0.199737790625 0.36165538750000004 0.20487273906249998 0.446412684375 0.3885655953125 0.48315439062500004 0.38954215625 0.48308610312500005 0.377454771875 0.3891418546875 0.357594796875 0.385720890625 0.200939678125 0.36157134375 0.199737790625 0.36165538750000004
0 0.89835474375 1 0.9269756906250001 0.918004 0.8556963812499999 0.9059833718749999 0.8493507921875001 0.9054282046875001 0.822521325 0.9907131203124999 0.8217111546875 0.99997340625 0.8218749828125 1 0.89835474375 1
0 0.9147629578125 0.9268053546875 0.9219817875 0.8302222312499999 0.912597965625 0.8294012531250001 0.8456591343750001 0.8364368078125001 0.836990828125 0.92950616875 0.8374787546875 0.9341484796874999 0.9147629578125 0.9268053546875
0 0.14153907968749999 0 0.09537824218749999 0.0900108484375 0.094926375 0.0923355015625 0.0948504875 0.0932028953125 0.1784724984375 0.115124528125 0.18148648750000002 0.1157103875 0.2039783078125 0 0.14153907968749999 0
1 0.8452249343749999 0.8602326625 0.921909615625 0.84700504375 0.9270488828125 0.7475367140625 0.9197774890625 0.74690055 0.89637613125 0.750189396875 0.8536604750000001 0.7569216234375 0.8446405531250001 0.8560745734375 0.8452249343749999 0.8602326625
0 0.8419281078124999 0.6792541953125 0.8414919328125 0.68757689375 0.8398864921874999 0.7507102671875 0.939893109375 0.7785911375000001 0.9400053921874999 0.77730773125 0.9411203984375 0.70504395625 0.8456384 0.675866896875 0.8422400390625 0.675688796875 0.8419281078124999 0.6792541953125
0 0.837788284375 0.6907172265625 0.9158424453125 0.700134203125 0.9560457625 0.6118931328125 0.956077984375 0.6115248328125 0.8800062093750001 0.596737978125 0.838231578125 0.686655703125 0.8380716312500001 0.6874785609375 0.837788284375 0.6907172265625
0 0.0366045515625 0.113560615625 0.0359294171875 0.1212774375 0.04831690625 0.19948896562500001 0.233401178125 0.22607674531250002 0.2179905296875 0.13353819218750002 0.0366045515625 0.113560615625
0 0.14777833437500001 0.3534696234375 0.18877560468750001 0.1716254421875 0.1832345515625 0.17114066249999998 0.09528896718749999 0.1757496953125 0.0578254890625 0.3511010796875 0.057943640625 0.3533555328125 0.14777833437500001 0.3534696234375
0 0.1084932484375 0 0.07514589687499999 0.16995848281249998 0.0755713921875 0.17482191875 0.16187875937500001 0.170885253125 0.19820844843750002 0 0.1084932484375 0
0 0.05003847031250001 0.4479457953125 0.0502935734375 0.45281344375000004 0.0543970859375 0.4531724546875 0.1465241171875 0.4462357296875 0.1779798671875 0.2618188703125 0.0898722796875 0.2694853234375 0.05003847031250001 0.4479457953125
0 0 0.7816209625 0.16960786875 0.8163576906250001 0.170003159375 0.8118394890625 0.1739611796875 0.727025121875 0 0.6824167828125 0 0.7816209625
0 0 0.7208715546875 0.0069168375 0.72344876875 0.08001789375 0.750055378125 0.18031891718749998 0.58636378125 0.18039155 0.58553358125 0.1492559609375 0.5740598625 0.0913898859375 0.5529983328125 0 0.6972107796875 0 0.7208715546875
0 0 0.5666483015625 0.17169837968749999 0.6400624859375 0.1883724203125 0.5445673640625001 0.020118976562499998 0.4689951296875 0.01298031875 0.46837057812499994 0 0.5351485328125001 0 0.5666483015625
0 0.13240155625 0.5481881171875 0.16126823437499999 0.3527296734375 0.153521971875 0.3520519625 0.063877653125 0.359894825 0.0391753515625 0.552899609375 0.0393250625 0.55461083125 0.13240155625 0.5481881171875
0 0 0.892954228125 0.16115919218750002 0.91153036875 0.163624621875 0.8138663484374999 0 0.79086213125 0 0.892954228125
0 0.9763869578125 0.3032486484375 0.9412871953125 0.298951653125 0.9231381484375 0.2970441109375 0.9037787937499999 0.2953503875 0.867202290625 0.3903689640625 0.8664353 0.3991357015625 0.9329949125000001 0.4081617515625 0.9763869578125 0.3032486484375
0 0.953364646875 0.5326231203125 0.9078823765624999 0.5278427421874999 0.8854766390625001 0.52588249375 0.8510772671875 0.6105341671875 0.8506924890625 0.6149322078125 0.9222509531249999 0.6235520984375 0.953364646875 0.5326231203125
0 0.9771669718749999 0.2653521640625 0.86864753125 0.2304283578125 0.86797543125 0.2381105109375 0.8722573078125 0.2993442328125 0.8726317734375 0.30362069375 0.983944846875 0.326605490625 0.9771669718749999 0.2653521640625
0 0.86240621875 0.4503875 0.966390253125 0.475727384375 0.9664628234375 0.4748978984375 0.960728925 0.400740303125 0.868988021875 0.3787394796875 0.8621625187499999 0.3790971890625 0.86240621875 0.4503875
0 0.9551486828125 0.4867495 0.8703912031250001 0.44613926406250004 0.8654125374999999 0.4457036875 0.8603545406249999 0.4816932140625 0.8564579328124999 0.5180016625 0.94664803125 0.5579476953125 0.9551486828125 0.4867495
0 0.99579994375 0.19032409687500002 0.9884592703124999 0.1204822546875 0.8795880468749999 0.0874500296875 0.8787452140625 0.097083653125 0.881798078125 0.126129728125 0.8865636921875 0.15687301874999998 0.9947644328124999 0.190432934375 0.99579994375 0.19032409687500002
0 0.9042471390625 0.1554850734375 0.87708869375 0.26490729218750003 0.87726650625 0.2669396953125 0.9401148390625 0.26267656562499997 0.9488590328125 0.23818001249999998 0.978429696875 0.15065900000000002 0.9390940078125001 0.1524363671875 0.9042471390625 0.1554850734375
0 0.997820675 0.112827134375 0.9861493828125001 0.040622640625 0.9423817703124999 0.036793471875 0.8800188296875 0.046670790625 0.8796624234375001 0.050744534375000004 0.8876947765625 0.087387 0.997820675 0.112827134375