0 1 0.411130921875 0.9445234796875001 0.432404284375 0.9470065218749999 0.54923800625 0.9472427765625 0.5496472125 1 0.5289562046875 1 0.411130921875
0 0.9397802171875 0.44297167968749995 0.9392951234375 0.4421314734375 0.876457378125 0.4673827984375 0.8843863046875 0.5856945640625 0.9470999984375 0.5604859484375 0.9397802171875 0.44297167968749995
0 0.671224159375 0.7060892625 0.736731625 0.6748111140625 0.7235348859374999 0.5652987796875 0.7219404515625001 0.5625371390625 0.651890090625 0.5910858203125 0.6668845515624999 0.7078025234374999 0.6669850703125 0.7079766265625 0.671224159375 0.7060892625
0 0.7594846234375 0.5306084421875 0.717853915625 0.5628904718750001 0.7509614890625 0.6708457453125 0.7524716546875 0.6699738515625 0.8140967453125001 0.6282866703125001 0.7820728015625 0.5183004875 0.7817167984375 0.5177726890625001 0.7594846234375 0.5306084421875
0 0.9080665890624999 0.5682738078125 0.882301915625 0.5075760421875 0.7668082359375 0.5191632734375 0.76149543125 0.5222306234375 0.780109496875 0.5667443046875 0.791090753125 0.5926145234375 0.9138258531250001 0.58204958125 0.9080665890624999 0.5682738078125
0 0.6653381015625001 0.6051239921875 0.663656675 0.6022116765625001 0.5887925968750001 0.621184328125 0.590897525 0.7398764812499999 0.6638278375 0.7189640500000001 0.6653381015625001 0.6051239921875
0 0.474485309375 0.703665778125 0.5256233124999999 0.767459990625 0.63380634375 0.716043953125 0.5828150859375001 0.6514926515624999 0.475492965625 0.702820253125 0.474485309375 0.703665778125
1 0.18339179218749999 0.8470059484375 0.1830778875 0.8471590499999999 0.1793373484375 0.8493186515625 0.21517572812500002 0.9210587390624999 0.3500140609375 0.8833541828125 0.3140124015625 0.80828911875 0.18339179218749999 0.8470059484375
0 0.38838706093750003 0.7664927515625 0.26003180000000004 0.7937085890625 0.2512968015625 0.79875174375 0.2826959109375 0.87466203125 0.42156308906250006 0.8471037546875 0.40082588750000003 0.7957773765625 0.38838706093750003 0.7664927515625
1 0.5093123281249999 0.6598794265625 0.505994153125 0.654132178125 0.43290087968749996 0.679300209375 0.44831677968749994 0.8233321046875 0.522628065625 0.8001967328124999 0.5093123281249999 0.6598794265625
1 0.46444743437499997 0.7249501640625 0.3303877484375 0.7530885640625 0.325816284375 0.7557279 0.3544290859375 0.8225141015625 0.49436491406250005 0.8019025140625 0.4771160640625 0.7563061234374999 0.46444743437499997 0.7249501640625
0 0.829937253125 0.42702947187499996 0.9785048218749999 0.3725446625 0.9737222843750001 0.364261065625 0.9267380046874999 0.3062403125 0.7854197390625 0.3636883453125 0.7825455578125 0.36601581250000004 0.829937253125 0.42702947187499996
0 1 0.366025403125 0.9794112015625001 0.33036455781249996 0.9205838953125 0.24635045781249998 0.90773541875 0.25376852968749997 0.8919927640624999 0.26735818437500003 0.9414977546875001 0.42720376406250005 1 0.382659278125 1 0.366025403125
0 0.5078902609375 0.49183611718750003 0.5264375640625001 0.572958425 0.6764368078125 0.5695350218749999 0.6767683375 0.5693436140625 0.65686460625 0.4950618734375 0.5124544765625 0.4903553234375 0.5087235359375 0.491355025 0.5078902609375 0.49183611718750003
0 0.7792643984375001 0.5011494578125 0.85244084375 0.4624714109375 0.8281640234375001 0.32152176093749996 0.826257921875 0.318220296875 0.7659136984375 0.3443847078125 0.7551049296875 0.3501318328125 0.7791232328125 0.500883965625 0.7792643984375001 0.5011494578125
0 0.6350401796875 0.5807714515625 0.7045058203125001 0.54882888125 0.68905755625 0.40245729375000006 0.6856361484375 0.3965312421875 0.6848415171875 0.3968850359375 0.6133250375 0.43529196406250004 0.6344123749999999 0.5796840624999999 0.6350401796875 0.5807714515625
0 0.6871329328125 0.5057410124999999 0.825572134375 0.44203247812499996 0.8217813250000001 0.43546660312499996 0.77073674375 0.3826083921875 0.6383581546875 0.4483322375 0.635941884375 0.45066560312500004 0.6871329328125 0.5057410124999999
0 0.6094875734375 0.575287221875 0.586186003125 0.5378744 0.5644287703125 0.5068018515625 0.44148496562500006 0.554886046875 0.4281576046875 0.56110376875 0.42264346249999996 0.5649648125 0.46566075781249994 0.62963845625 0.6088234515625001 0.57575224375 0.6094875734375 0.575287221875
0 0.0805993 0.7493579859375 0.07657405 0.751681965625 0.0966575640625 0.801390409375 0.11144312187500001 0.8269997468750001 0.2279581484375 0.7971650734375 0.2244586859375 0.78819693125 0.19516415468749998 0.715690425 0.0805993 0.7493579859375
1 0.266580778125 0.7876310828124999 0.2509988046875 0.656217278125 0.24943187031249997 0.65350326875 0.221146765625 0.661082240625 0.16987135625 0.6769618875 0.1824307671875 0.8080110359375 0.266580778125 0.7876310828124999
1 0.28104275156249997 0.644339803125 0.3340433546875 0.705880690625 0.45207356093750006 0.6460665171875 0.3973654140625 0.5789120140625 0.2876315578125 0.6388111390625 0.28104275156249997 0.644339803125
1 0.3379420625 0.6298628374999999 0.2141923953125 0.663206878125 0.2078936328125 0.6668434703125 0.24255901093749999 0.739960121875 0.37541366875 0.70707945625 0.3621796078125 0.6786989250000001 0.3379420625 0.6298628374999999
0 0.3540845765625 0.6009517625 0.40946170156250006 0.66275795 0.52279405625 0.6019804640624999 0.5191285156250001 0.5956315625 0.480772690625 0.5512931484375 0.47209938593749995 0.5413156531250001 0.35641889843749996 0.59892256875 0.3540845765625 0.6009517625
0 0.8190616421874999 0.1861794 0.8003316671875 0.02018970625 0.7897918671874999 0.0019342374999999998 0.7314970187500001 0.027435042187499998 0.740539621875 0.21480352187500001 0.81444235 0.18795258125 0.8190616421874999 0.1861794
0 0.19135448593749999 0.413576128125 0.015383279687500001 0.46405516562500004 0.01200963125 0.46600294218749994 0.054301218750000005 0.550446840625 0.23271742031249998 0.49341068750000006 0.2200324796875 0.46740270781250004 0.19135448593749999 0.413576128125
0 0.753632903125 0.2225411765625 0.71427115 0.04612851875 0.7093461375000001 0.037598146875 0.6631121703125 0.0601479609375 0.6458153515625 0.06908420625 0.6810313046875 0.2546010484375 0.753632903125 0.2225411765625
0 0.3651702109375 0.3241378453125 0.1837382359375 0.3596385078125 0.17683405000000002 0.3636246421875 0.2127509734375 0.4469915609375 0.39635890156250003 0.4065907453125 0.3722563015625 0.34083163125 0.3651702109375 0.3241378453125
1 0 0.6072078125 0.1479722703125 0.5121450875 0.147004771875 0.5104693296875 0.1252090625 0.48314890468750005 0.0899511234375 0.4411301265625 0 0.49542122187500004 0 0.6072078125
0 0.6917513296875 0.15434271875 0.50288361875 0.1579716234375 0.500702015625 0.1585971890625 0.49941814687499997 0.1593384296875 0.5239567968750001 0.24132986875 0.714384471875 0.23535642499999998 0.70157630625 0.1886064828125 0.6917513296875 0.15434271875
0 0.33214468125 0.44038496406250005 0.39911884999999997 0.4202427 0.4192721265625 0.413694503125 0.3985991828125 0.23061863124999998 0.3982177421875 0.2299579578125 0.3875654625 0.2334190953125 0.31606708437500003 0.2598557640625 0.3319476609375 0.43977859218750004 0.33214468125 0.44038496406250005
1 0.2859140515625 0.48527188906249996 0.20199867500000002 0.3166198859375 0.1958633078125 0.32016214062500004 0.1306252875 0.3747710796875 0.2071606421875 0.541461875 0.207354559375 0.541728778125 0.2859140515625 0.48527188906249996
0 0.5828629000000001 0.319657565625 0.5591112500000001 0.1367586875 0.556197765625 0.1317123859375 0.49848021718749996 0.153236990625 0.471411203125 0.16417358124999998 0.493195346875 0.3521076734375 0.5828629000000001 0.319657565625
1 0.4469834625 0.1746090859375 0.37782630625 0.22387829374999998 0.44400995468750004 0.39912880781250004 0.44458536562499995 0.3999207921875 0.5178492703125 0.33988723906249996 0.510226228125 0.3212321921875 0.447691640625 0.1755838078125 0.4469834625 0.1746090859375
1 0.5304330203125 1 0.5429397218750001 0.9931237796874999 0.5400398109375 0.9881009859375001 0.527219471875 0.9738625593749999 0.49020100937500005 0.9352423218749999 0.4053416578125 0.9863162859375001 0.40333474375 0.9881233203124999 0.414393065625 1 0.5304330203125 1
0 0.5089405390625 0.9983533984375 0.6074900359375001 0.9674282046875 0.5992620843750001 0.9531769718750001 0.5689707828125 0.9049184671875 0.4726932171875 0.9325403031249999 0.46962804843750006 0.9343099796875001 0.5089405390625 0.9983533984375
0 0.61816720625 0.8456513343750001 0.6159574078125 0.8426098062499999 0.6091858140624999 0.8465193875000001 0.554968625 0.8922079937499999 0.5923720734375 0.982482859375 0.6551676796875 0.936859178125 0.61816720625 0.8456513343750001
0 0.456831509375 0 0.4870265984375 0.06639575 0.6695875578125 0.038411532812499996 0.6524856421874999 0 0.456831509375 0
0 0.4851105578125 0 0.3684055703125 0.061896934375000004 0.36675450625 0.063436578125 0.424411734375 0.13232728124999998 0.59016449375 0.046794484375 0.58868344375 0.044229229687499996 0.5474390203125 0 0.4851105578125 0
0 0.6086432640624999 0 0.6389275671875 0.079310559375 0.639080659375 0.0795137171875 0.71127458125 0.029688937500000002 0.7004699921875 0 0.6086432640624999 0
0 0.39226244062500004 0 0.384545896875 0.003931775 0.329114425 0.0337860015625 0.3753872625 0.21505339375000002 0.452759321875 0.1722131515625 0.41798069375 0 0.39226244062500004 0
0 0 0.376309990625 0.1664655296875 0.2816763515625 0.162930534375 0.275553559375 0.1026856953125 0.20624979843750002 0 0.2714803359375 0 0.376309990625
0 0.14585176875 0.130725746875 0.1271799015625 0.1415059546875 0.0649956390625 0.18036299218750002 0.12944866093750002 0.3610002109375 0.12996061875 0.36181951562500003 0.14354424999999998 0.35397700312499997 0.166535921875 0.339852 0.21327971406250001 0.3106432375 0.14622794374999998 0.1313277515625 0.14585176875 0.130725746875
0 0.2941954515625 0.13137787812499999 0.11550556875 0.17530942656249998 0.108161903125 0.1795492953125 0.15250005 0.26656780625 0.3394358875 0.21700410468750003 0.3295635109375 0.197628475 0.2941954515625 0.13137787812499999
0 0.3060694203125 0.034615603125 0.2552675734375 0.0639460625 0.2258452359375 0.0877718015625 0.3144954640625 0.2639835265625 0.3883618953125 0.20638183125 0.3060694203125 0.034615603125
0 0.8899536078124999 0.708362303125 0.7932054546875 0.7566624609375 0.79026866875 0.7594010578125 0.8381987375 0.8125946015625001 0.93701691875 0.7601708703125001 0.9169718937500001 0.7373358671875 0.8899536078124999 0.708362303125
0 0.6377440109375 0.91034005 0.731726646875 0.8905605703124999 0.71359775 0.8551812390625001 0.7079203953125 0.8445036890625 0.6969820640625 0.82555794375 0.612001590625 0.8485038171875001 0.6119647875 0.8485233859375001 0.605506771875 0.8522519234375 0.6377440109375 0.91034005
0 1 0.7254004046875 0.9988792765625 0.7234592546874999 0.9534361921875 0.66930229375 0.85426 0.7141510265625 0.85108843125 0.7168122890624999 0.8917843453125001 0.7615141359375001 1 0.726016771875 1 0.7254004046875
0 0.837628078125 0.832427571875 0.8269248546875 0.7386945984375 0.8260124781249999 0.7365451765625 0.8237319546874999 0.73259519375 0.757346628125 0.7570147921875 0.76904143125 0.8628684281250001 0.7693626546875 0.8634248031249999 0.837628078125 0.832427571875
0 0.66330644375 0.822605878125 0.706930953125 0.878059775 0.79882256875 0.845700871875 0.79458258125 0.8383569968750001 0.7644908796875 0.798423959375 0.7546172359375001 0.7861762625 0.6665055718749999 0.8201951624999999 0.66330644375 0.822605878125
0 1 0.6483009984375 0.9190894343749999 0.644146940625 0.9190710390625 0.6441522156249999 0.9172583624999999 0.6451987640625 0.93330513125 0.705589475 0.9590200843750001 0.7094988484375 1 0.715016634375 1 0.6483009984375