0 0.7734833203125 0.2049890921875 0.8393675421875001 0.20846485937499998 0.883712590625 0.1028818390625 0.876421403125 0.10079112500000001 0.8398127109375 0.09823119531249999 0.8137357359375 0.0970537796875 0.773886575 0.1992222859375 0.7734833203125 0.2049890921875
0 0.786320221875 0.1513520171875 0.7842484171875 0.1507579375 0.749671853125 0.20805967656250002 0.827205971875 0.29777590625 0.8621204328125 0.23990136875 0.786320221875 0.1513520171875
1 0.7362534140625 0.40281445624999995 0.660821615625 0.4833416671875 0.6599411578125001 0.48641218906250006 0.7266512046875 0.5216244234375 0.8065646203125001 0.434960509375 0.8023212546874999 0.4328908796875 0.7362534140625 0.40281445624999995
0 0.7091935625 0.3316546796875 0.69762178125 0.39118634218750004 0.7996045140625 0.4471739140625 0.8006591703125 0.44349589062500006 0.8101565421875 0.368407546875 0.71500355625 0.3179195390625 0.7132308578125001 0.3175749609375 0.7091935625 0.3316546796875
0 0.6996817265625 0.32514563124999996 0.76801164375 0.363508734375 0.8558037984375 0.2795271171875 0.8560306859375 0.2787358640625 0.7872414359375 0.240605359375 0.70156135 0.3202795421875 0.70055804375 0.3220895546875 0.6996817265625 0.32514563124999996
0 0.7177928953125 0.5951569578125 0.7766348421875 0.49317396718750006 0.7250258921875 0.47837533906249996 0.703835421875 0.47269736875 0.6430906265624999 0.5708213093750001 0.642641521875 0.5724973984374999 0.7177928953125 0.5951569578125
0 0.627812721875 0.6694319953125001 0.7095083734375 0.6726904234375 0.7416786515625 0.5573116953125 0.6595078921875 0.5534458234375 0.6278356781250001 0.6681167921875 0.627812721875 0.6694319953125001
1 0.6284738921875 1 0.659052621875 0.9295230390624999 0.5442408828125 0.8509759265625 0.5103484890625001 0.9270994874999999 0.62053166875 1 0.6284738921875 1
1 0.6091689109375 0.920602478125 0.6831191046875 0.8023886906250001 0.683373603125 0.80150115 0.6046180640625 0.7696818484375 0.5315392484375 0.8831847421875001 0.52956566875 0.8900674296875 0.6091689109375 0.920602478125
1 0.618037528125 0.6069927703125 0.6130436031250001 0.6055607859375 0.57650126875 0.6742869234375 0.686005259375 0.769111565625 0.7245748078124999 0.70151125 0.618037528125 0.6069927703125
1 0.612235875 0.68825365625 0.5634752515625 0.8211675296875001 0.563347375 0.8218927578124999 0.6366739453125 0.83325551875 0.6933490171875001 0.703660728125 0.645540590625 0.6941261765625 0.612235875 0.68825365625
0 0.7589843953125001 0.15611288750000002 0.6481737390625 0.0532223078125 0.643044278125 0.0517514578125 0.632299290625 0.0726929953125 0.6092055296875001 0.1200422203125 0.7223573109375 0.23264350625 0.7589843953125001 0.15611288750000002
0 0.742596596875 0.05386980625 0.7046017328125 0.038518884375 0.6722269109375001 0.0292355546875 0.6279408859375 0.13884730625 0.6270052359375 0.1421103078125 0.6608977578124999 0.1519557109375 0.742596596875 0.05386980625
0 0.5019233812499999 0.4932923734375 0.5736313187500001 0.5348961375 0.6732226328124999 0.4230881375 0.673410890625 0.42243160625 0.605612415625 0.3863825171875 0.5036827921875 0.4887875421875 0.5026676828125 0.4906966828125 0.5019233812499999 0.4932923734375
0 0.7230171296875 0.24599877656250002 0.6213649718750001 0.1333102828125 0.6201280125 0.1329555890625 0.5802728703125 0.2048561671875 0.6785374187500001 0.31107407187499997 0.6794957234375001 0.3116052671875 0.7230171296875 0.24599877656250002
0 0.5314085296875 0.43586019687500005 0.61341654375 0.449970315625 0.6844823250000001 0.325333953125 0.63676390625 0.31165091718750004 0.610937221875 0.3052116015625 0.5323694359375 0.43106740156249995 0.531190075 0.43579755625 0.5314085296875 0.43586019687500005
0 0.7115120390625 0.251077559375 0.64557006875 0.22965171562500003 0.6337582078125 0.22626471874999998 0.5496950796875 0.343698703125 0.547993725 0.3496320296875 0.6180095546875 0.3738681546875 0.7115120390625 0.251077559375
0 0.4929102484375 0.602826525 0.5721601875 0.618352334375 0.6216067093750001 0.4937137390625 0.627600659375 0.475254371875 0.6278787859375 0.47327540468749996 0.6271866265625 0.47307693124999994 0.6000406921875 0.46859737343749996 0.54997606875 0.46156125000000003 0.49347211562500004 0.5988286453125 0.4929102484375 0.602826525
0 0.49385720937500005 1 0.5183627234375 0.9413709859375 0.399521725 0.8791807531250001 0.38847500625000003 0.8760131578125 0.360395078125 0.9517016703125 0.4452860515625 1 0.49385720937500005 1
1 0.49572136406249995 0.9392749140625 0.5293150671875 0.8630811453125 0.425830909375 0.78919671875 0.42146612031249997 0.7879451359375 0.39131845468750004 0.8461409234374999 0.3827390140625 0.8637313843750001 0.49229717500000003 0.9382930421875001 0.49572136406249995 0.9392749140625
0 0.5736747453125 0.6780119234375 0.451308475 0.6301267687500001 0.4491106546875 0.6377914765625 0.43614805468749995 0.7113060375 0.5563977015625 0.7626600609375 0.5574435125 0.762844465625 0.5736747453125 0.6780119234375
1 0.5525416375 0.7820978703125 0.44771335468749995 0.7028197406250001 0.44305545312500005 0.7014841078125 0.42009729531250006 0.7485553031250001 0.40695347968749995 0.7772577828125 0.51671159375 0.85676761875 0.5525416375 0.7820978703125
0 0.470049315625 0.5581771453125 0.46548354375 0.5580177046875 0.46393888437499997 0.5634045750000001 0.46241073125 0.6401791453125 0.5881158890625 0.673383390625 0.5910759734375 0.5940900140625 0.470049315625 0.5581771453125
0 0.3875579328125 0 0.3420988203125 0.1042397984375 0.3412107796875 0.10984666875 0.4117270546875 0.1177230078125 0.47232456718750004 0 0.3875579328125 0
0 0.14766159843749999 0.8362194453124999 0.24159815 0.8417956359375 0.2811565265625 0.6599367421875 0.275668178125 0.6583629828124999 0.25254545156249997 0.656746084375 0.1915912703125 0.6546686671875 0.1464336828125 0.835867346875 0.14766159843749999 0.8362194453124999
0 0.4536857 0.20551364687499998 0.4844648921875 0.138524884375 0.3466017609375 0.01761515625 0.3442249 0.016455884375 0.3415960609375 0.0157020765625 0.313804259375 0.0675892171875 0.305586175 0.0844387828125 0.45243265781249997 0.20515434375 0.4536857 0.20551364687499998
0 0.36442464375 0.5622056921875 0.2049694546875 0.478878278125 0.20056186562499997 0.47753074375000004 0.1972776640625 0.47658901406250004 0.17656203125 0.5339069828125 0.16943735 0.558753696875 0.33759129374999997 0.6516901796875 0.36442464375 0.5622056921875
1 0.1253312609375 0.7504950406249999 0.0922036078125 0.82178963125 0.08597740937500001 0.8372000140625 0.2484134875 0.92828723125 0.2847982 0.8442787765625 0.133592775 0.7538329078125 0.1253312609375 0.7504950406249999
0 0.3818337015625 0.1144684453125 0.2741592765625 0.261569096875 0.2719402859375 0.2693076375 0.346814425 0.3005952140625 0.46271055624999996 0.14623187499999998 0.45012022500000004 0.14114505156249998 0.3818337015625 0.1144684453125
0 0.2305405109375 0.459889075 0.23291683124999998 0.4603941765625 0.3239767609375 0.47427673124999997 0.33273935312499997 0.45612904531250004 0.3993036390625 0.31182993125 0.3864670296875 0.30814909375 0.3437642109375 0.29865628125 0.31637093906249997 0.2928336625 0.23084375937499998 0.4584624078125 0.2305405109375 0.459889075
0 0.37366029218749996 0.5454525218749999 0.380073675 0.47580972812500005 0.38155184375 0.4546709390625 0.20372585937499998 0.40516337187499996 0.20319063437499998 0.4070299265625 0.2025258703125 0.41653648906249996 0.20025375781250002 0.49273198125000006 0.37302426875 0.545408046875 0.37366029218749996 0.5454525218749999
1 0.3261261125 0.5854443828125 0.3267420296875 0.5834298109375 0.250481103125 0.5601145046875 0.2343574578125 0.555491125 0.152849965625 0.718637021875 0.1511309171875 0.7246320578125001 0.23994421406250002 0.7452476546875 0.3261261125 0.5854443828125
1 0.34673020625 0.20100949375 0.2467504953125 0.351486196875 0.2444994953125 0.3593363703125 0.3291052734375 0.3910499984375 0.43641919375000005 0.2342523453125 0.37973639375 0.21237443437499998 0.34673020625 0.20100949375
0 0.828360628125 1 0.8344517031249999 0.9827638359374999 0.82229220625 0.97927715625 0.76062495625 0.9672902578125001 0.7479102921874999 1 0.828360628125 1
0 0.7569447328125001 0.8963862953125 0.7556739296874999 0.9008181125 0.7506377718749999 0.9728384984374999 0.8453845578125 0.9987957421875 0.85164760625 0.92048080625 0.7569447328125001 0.8963862953125
0 0.1888647234375 0 0.1766222625 0.01217835625 0.1756877859375 0.0154372640625 0.24787025156250003 0.061759117187500004 0.248668453125 0.062201568750000005 0.250797196875 0.06281197499999999 0.28561444375 0 0.1888647234375 0
1 0.763897975 0.9119105609375 0.84071125625 0.9243696921875 0.8782896125 0.8311618984375 0.8698916531249999 0.8287538234375 0.8480889656249999 0.824515809375 0.80550871875 0.816974396875 0.7646991734374999 0.9077887546875001 0.763897975 0.9119105609375
0 0.8947790875000001 0.790153428125 0.814674734375 0.7381491046875001 0.8072291921874999 0.7360141296875 0.8038246359375 0.74590168125 0.7848794703124999 0.80614685625 0.87340843125 0.8605632859375 0.8947790875000001 0.790153428125
0 0.886478734375 0.77491545625 0.9130140390625 0.6753212453125 0.9109287765625 0.67472330625 0.8333279656249999 0.6789541375 0.809398271875 0.7715208546875 0.8093625140625 0.7735693875 0.886478734375 0.77491545625
0 0.1131206765625 0.10466390625 0.277629690625 0.19277952812500002 0.27863207343749996 0.1892838 0.2951182203125 0.1007222484375 0.130639515625 0.0194848890625 0.1276538890625 0.029897009375 0.1131206765625 0.10466390625
0 0.263893725 0.22470020625 0.2649382703125 0.2228158 0.1355945609375 0.094796865625 0.13070842968750002 0.093395790625 0.096123428125 0.15350774375 0.085643496875 0.1724140390625 0.21700208906250001 0.2995308671875 0.263893725 0.22470020625
0 0.1298243109375 0 0.12855712187499999 0.004703575 0.2964829140625 0.11004696875 0.2967274421875 0.1101170875 0.324398771875 0.026877860937499998 0.283014 0 0.1298243109375 0
0 0.2087151359375 0.38396605156249997 0.2417437203125 0.2916904828125 0.0901621859375 0.19067568906250001 0.0864625265625 0.1896148296875 0.076881671875 0.21457380625 0.0572318125 0.2715536453125 0.2086761421875 0.38395487031250003 0.2087151359375 0.38396605156249997
0 0 0.7531508890625 0.01618785625 0.7632125828125 0.138675003125 0.6150166296874999 0.1390245 0.6137977859375 0.0627765203125 0.567983378125 0 0.6367751203124999 0 0.7531508890625
0 0 0.659286284375 0.008676696875 0.6599593125000001 0.08627971718750001 0.66538584375 0.1375212328125 0.480585215625 0.1327896140625 0.47922844531250003 0.1043246828125 0.4771234984375 0.0428948953125 0.472827909375 0 0.6189192609374999 0 0.659286284375
0 0 0.5419750984375 0.08506121562499999 0.56945625625 0.18710974062500002 0.40732796562500007 0.0924915671875 0.3747483171875 0 0.527768775 0 0.5419750984375
0 0.110572453125 0.27897215000000003 0.030253303125 0.4560255765625 0.029299946875 0.46093016875000004 0.1243214203125 0.479400471875 0.2024402046875 0.2979542171875 0.14366042968749998 0.2854038015625 0.110572453125 0.27897215000000003
0 0 0.8094327921875 0.0778398421875 0.8508259234375 0.08663424374999999 0.826663503125 0.1100167859375 0.7526235828125001 0 0.697590765625 0 0.8094327921875
0 1 0.40226672812500003 0.9779240781249999 0.39150933125 0.9438576515625 0.3756238953125 0.8769473265625001 0.455212796875 0.8749757578124999 0.4620884765625 0.934528240625 0.49206980624999996 1 0.4179892703125 1 0.40226672812500003
0 0.8194675968749999 0.672674475 0.884461721875 0.702800625 0.9415436875 0.6267461203125 0.9418182906249999 0.625788465625 0.8952271078124999 0.6050447343750001 0.879729359375 0.598475590625 0.8206298890625 0.6686210828125 0.8194675968749999 0.672674475
0 1 0.31665365156249997 0.9988679875 0.3163290515625 0.95081431875 0.3052349875 0.8985993328124999 0.4007385015625 0.8976679937500001 0.4047725765625 0.9570714375 0.41598164843749996 1 0.3543057453125 1 0.31665365156249997
0 0.913061384375 0.45167765 0.85706319375 0.5302256859375001 0.855743421875 0.53482828125 0.9222611296875 0.5614390421875 0.9839065078125 0.4756361359375 0.9288850234374999 0.4566907203125 0.913061384375 0.45167765
0 0.8385575015625 0.6151807359375 0.9103279656250001 0.629294728125 0.9569129421874999 0.54486788125 0.9344594046875001 0.5384294328125 0.9152870765625 0.5340031515625 0.8877961937500001 0.528255725 0.8399470328125 0.6091620171875001 0.8385575015625 0.6151807359375
0 1 0.17751425625 0.9265442343749999 0.25390442343749997 0.9253276312500001 0.258147221875 0.991052565625 0.27974190625 1 0.2705513265625 1 0.17751425625
0 1 0.245133065625 0.9972025312499999 0.24433090468750002 0.9705275453125 0.2376800828125 0.9092243421875 0.3322988984375 0.9087307812500001 0.33427846250000004 0.9695429843750001 0.3507090109375 0.9857860796875 0.33039389531249996 1 0.31198234375 1 0.245133065625
0 1 0.12484844218749999 0.9708256453124999 0.11648283125 0.9690525765625001 0.12266625625000001 0.9614529703124999 0.15656536875 1 0.186689940625 1 0.12484844218749999