0 1 0.28978125 0.9641890625 0.27884375 0.9669953124999999 0.4073875 1 0.41774374999999997 1 0.28978125
0 0.8830140625 0.25858593750000003 0.8901468749999999 0.3900953125 0.963103125 0.4094921875 0.955340625 0.2778234375 0.8830140625 0.25858593750000003
0 0.69990625 0.3379234375 0.69754375 0.2117828125 0.620896875 0.187575 0.6158718750000001 0.18613437500000002 0.6173 0.317071875 0.69990625 0.3379234375
0 0.703171875 0.211621875 0.705134375 0.337178125 0.7881640625 0.36707812500000003 0.7842234375 0.23498125 0.703171875 0.211621875
0 0.7887875 0.2349328125 0.7916796875000001 0.371315625 0.877771875 0.3954953125 0.8729390625000001 0.2585734375 0.7887875 0.2349328125
0 0.5351250000000001 0.16473593749999998 0.5326734375 0.29658281249999996 0.61748125 0.318065625 0.6158781249999999 0.187890625 0.5351250000000001 0.16473593749999998
0 0.4448765625 0.14150625 0.44146562500000003 0.27452187499999997 0.529390625 0.29760624999999996 0.5331390625 0.1640046875 0.4448765625 0.14150625
1 0.11101562499999999 0.0425703125 0.0894734375 0.11769531250000001 0.0806703125 0.19445625 0.1694484375 0.2192796875 0.1847828125 0.0644875 0.11101562499999999 0.0425703125
0 0.1850078125 0.06544531249999999 0.170484375 0.2231765625 0.26108125000000004 0.24996562500000002 0.2775140625 0.09375781250000001 0.1850078125 0.06544531249999999
1 0.3596296875 0.116409375 0.350725 0.278084375 0.43607031249999995 0.3018484375 0.4431421875 0.1376765625 0.3596296875 0.116409375
1 0.27821406249999997 0.0930640625 0.2619046875 0.2511984375 0.3501953125 0.2743890625 0.35684218749999996 0.117396875 0.27821406249999997 0.0930640625
0 0.9658796875 0.4217578125 0.8819921875000001 0.399540625 0.8844890624999999 0.5735296875 0.9746 0.6000953124999999 0.9658796875 0.4217578125
0 1 0.4317875 0.9700453124999999 0.421884375 0.9756703124999999 0.60766875 0.9878750000000001 0.61255625 1 0.5702703125 1 0.4317875
0 0.6143640625 0.32910625 0.532359375 0.30683906250000004 0.5254749999999999 0.47436875 0.616740625 0.49690625 0.6143640625 0.32910625
0 0.8756984375 0.4067984375 0.7874296875 0.3817234375 0.7960421875 0.552528125 0.8818734375 0.5698734375 0.8756984375 0.4067984375
0 0.6992859375 0.3563640625 0.6176828125 0.3318875 0.6166546875 0.495428125 0.7050328125 0.5280359375 0.6992859375 0.3563640625
1 0.7025390625 0.35970625 0.707096875 0.5293546874999999 0.7938296874999999 0.5534984374999999 0.7841296875 0.38141875000000003 0.7025390625 0.35970625
0 0.441759375 0.307009375 0.43550468750000004 0.4558359375 0.52376875 0.476059375 0.528759375 0.3052875 0.44427500000000003 0.283240625 0.441759375 0.307009375
0 0.0817265625 0.19111562499999998 0.06953437500000001 0.1872375 0.025968750000000002 0.3391640625 0.058578125 0.3480921875 0.0817265625 0.19111562499999998
1 0.1716828125 0.2280296875 0.0829078125 0.1988171875 0.062337500000000004 0.34917031249999997 0.155109375 0.3733515625 0.1716828125 0.2280296875
1 0.3504953125 0.280328125 0.2625359375 0.25387499999999996 0.25044062500000003 0.40204375 0.3430109375 0.42713437499999996 0.3504953125 0.280328125
1 0.2616265625 0.25261093749999997 0.1736375 0.22676875000000002 0.1576015625 0.3764875 0.24846249999999998 0.4049609375 0.2616265625 0.25261093749999997
1 0.43627343749999997 0.306378125 0.351759375 0.2823640625 0.3435796875 0.4265703125 0.43236875 0.45348437500000005 0.43627343749999997 0.306378125
0 0.899234375 0.9216796875 0.9178765625 0.8566703125 0.9126468750000001 0.719171875 0.8366328125000001 0.6935374999999999 0.8311859374999999 0.9034906250000001 0.899234375 0.9216796875
0 0.142346875 0.4972484375 0.047498437500000004 0.46632968750000003 0.0192546875 0.673690625 0.120484375 0.703878125 0.142346875 0.4972484375
0 0.753371875 0.6691984375 0.743603125 0.8824390624999999 0.8289390624999999 0.9034281249999999 0.8318625000000001 0.6936875 0.753371875 0.6691984375
0 0.2470421875 0.527721875 0.227221875 0.7356453125 0.3265015625 0.7646921875 0.34194375 0.5498406250000001 0.2470421875 0.527721875
1 0 0.666709375 0.018826562499999998 0.671078125 0.04440625 0.46698281250000007 0 0.455434375 0 0.666709375
0 0.6376484375 0.6392640625 0.6308390625 0.8507999999999999 0.72305625 0.878403125 0.7273625 0.6638390625 0.6376484375 0.6392640625
0 0.3435578125 0.556684375 0.327415625 0.762634375 0.42506093749999996 0.7883140625 0.4359078125 0.5872265624999999 0.3435578125 0.556684375
1 0.146725 0.497565625 0.12292812500000001 0.7068984375 0.22612031250000003 0.7359093750000001 0.24284843750000001 0.532446875 0.146725 0.497565625
0 0.5323703125 0.6137140624999999 0.5299296874999999 0.8247656250000001 0.62953125 0.8504250000000001 0.634871875 0.6390578125 0.5323703125 0.6137140624999999
1 0.43864843750000004 0.5877687500000001 0.42849843749999994 0.7649343749999999 0.4276109375 0.7873046875 0.5268546875 0.8221437500000001 0.52955625 0.61291875 0.43864843750000004 0.5877687500000001
0 0.8767765624999999 1 0.8996328124999999 0.920290625 0.8287890625 0.9048468749999999 0.8289500000000001 1 0.8767765624999999 1
0 0.3626125 0 0.3620390625 0.0094640625 0.4423125 0.0348484375 0.44356249999999997 0 0.3626125 0
0 0.4439484375 0 0.44266875 0.0344765625 0.525284375 0.058167187499999995 0.527875 0 0.4439484375 0
0 0.726659375 1 0.7243359375 0.8809953125 0.631575 0.8538046874999999 0.629621875 1 0.726659375 1
0 0.6271656250000001 1 0.628053125 0.8533859375 0.53045 0.831003125 0.5275296875000001 1 0.6271656250000001 1
0 0.8269734375000001 1 0.8253718750000001 0.9030796875 0.730890625 0.8802171875000001 0.730990625 1 0.8269734375000001 1
0 0.52434375 1 0.5257468750000001 0.8283546875000001 0.43260156250000004 0.7981265625 0.4208890625 0.997465625 0.42972968749999996 1 0.52434375 1
0 0 0.8767765624999999 0.10000625 0.905453125 0.1162 0.706615625 0.0211328125 0.6787625 0 0.8402625 0 0.8767765624999999
0 0.119171875 0.7096281249999999 0.10353749999999999 0.906465625 0.20776093750000002 0.9363515625 0.22049687499999998 0.73824375 0.119171875 0.7096281249999999
0 0.22221875 0.7391765625 0.208790625 0.9366468749999999 0.315015625 0.96710625 0.3248125 0.7707375 0.22221875 0.7391765625
0 0.3279375 0.7701796875 0.31503749999999997 0.9671125 0.4189140625 0.9968984375 0.4281484375 0.796925 0.3279375 0.7701796875
0 0.8432015625 0.1563078125 0.8426328125 0.07809843749999999 0.7667375 0.0563359375 0.7653625 0.135425 0.8432015625 0.1563078125
0 0.5285296875000001 0 0.52535 0.0577125 0.60383125 0.0789296875 0.60375625 0.009601562499999999 0.5702703125 0 0.5285296875000001 0
0 0.92213125 0.18181562499999998 0.9137078125 0.0984796875 0.8440140625 0.0784953125 0.84348125 0.15775937499999998 0.92213125 0.18181562499999998
0 0.7642625 0.132234375 0.763403125 0.0553796875 0.6842078125 0.032671875 0.6847703125 0.1072828125 0.7642625 0.132234375
0 0.683821875 0.10646718749999999 0.6818140625 0.031984374999999995 0.60485625 0.0099171875 0.6046546875 0.0809265625 0.683821875 0.10646718749999999
1 1 0.2044109375 0.98874375 0.11999531249999999 0.91625 0.0992078125 0.9206359375 0.18642187500000001 1 0.205590625 1 0.2044109375