0 0.66640625 0.24375 0.1078125 0.165625
0 0.5015625 0.278125 0.096875 0.1375
0 0.57890625 0.26328125 0.1015625 0.1453125
0 0.415625 0.29765625 0.115625 0.1484375
0 0.16875 0.34921875 0.11875 0.1578125
0 0.91171875 0.2015625 0.1046875 0.1625
0 0.75625 0.2359375 0.109375 0.165625
1 0.34453125 0.31875 0.1078125 0.153125
0 0.83515625 0.22265625 0.1046875 0.1609375
1 0.26015625 0.33984375 0.1078125 0.1609375
1 0.084375 0.38046875 0.1125 0.1421875
0 0.57109375 0.409375 0.1078125 0.165625
0 0.478125 0.4296875 0.1125 0.153125
1 0.30703125 0.465625 0.1046875 0.1375
0 0.659375 0.3984375 0.115625 0.165625
0 0.8296875 0.36640625 0.1125 0.1671875
1 0.221875 0.4859375 0.1125 0.153125
1 0.39296875 0.45234375 0.1078125 0.1453125
0 0.91953125 0.3515625 0.1171875 0.178125
1 0.74140625 0.38984375 0.1203125 0.1546875
0 0.0515625 0.525 0.103125 0.146875
1 0.13671875 0.51171875 0.1140625 0.1484375
0 0.0765625 0.1328125 0.09375 0.128125
0 0.02109375 0.14765625 0.0421875 0.1296875
0 0.83359375 0.02578125 0.0984375 0.0515625
0 0.39609375 0.07578125 0.0953125 0.1359375
0 0.3171875 0.08984375 0.096875 0.1359375
0 0.90234375 0.64765625 0.1171875 0.1828125
0 0.9671875 0.634375 0.065625 0.171875
0 0.8046875 0.67734375 0.11875 0.1765625
1 0.16015625 0.12265625 0.1046875 0.1421875
0 0.47109375 0.06640625 0.0953125 0.1328125
0 0.6984375 0.04375 0.09375 0.0875
0 0.23828125 0.11015625 0.1015625 0.1453125
0 0.71328125 0.69921875 0.1296875 0.1828125
1 0.14453125 0.8171875 0.1359375 0.196875
1 0.625 0.728125 0.13125 0.171875
1 0.34296875 0.784375 0.1265625 0.18125
0 0.24609375 0.80703125 0.1328125 0.1796875
0 0.43515625 0.77109375 0.1359375 0.1859375
0 0.53671875 0.75703125 0.1203125 0.1859375
0 0.54609375 0.059375 0.1015625 0.11875
0 0.6234375 0.0515625 0.096875 0.103125
1 0.76484375 0.0375 0.1015625 0.075
0 0.90546875 0.84453125 0.1203125 0.1828125
0 0.9671875 0.825 0.065625 0.184375
0 0.6078125 0.9046875 0.125 0.18125
0 0.8078125 0.865625 0.125 0.18125
0 0.40234375 0.928125 0.1328125 0.14375
0 0.5109375 0.9171875 0.13125 0.165625
0 0.7140625 0.8875 0.13125 0.175
0 0.30390625 0.940625 0.1234375 0.11875
0 0.19921875 0.95078125 0.1359375 0.0984375