0 0.54140625 0.7796875 0.16875 0.159375
0 0.64453125 0.65390625 0.1421875 0.1421875
0 0.5953125 0.7109375 0.15625 0.15
0 0.696875 0.58671875 0.165625 0.1609375
0 0.85 0.4 0.1671875 0.1625
0 0.38125 0.9390625 0.159375 0.121875
0 0.4796875 0.8390625 0.1640625 0.1546875
1 0.73828125 0.52890625 0.1578125 0.1515625
0 0.428125 0.896875 0.1671875 0.1671875
1 0.7875 0.4609375 0.1609375 0.1515625
1 0.8953125 0.32421875 0.1625 0.1578125
0 0.51328125 0.59765625 0.1703125 0.1703125
0 0.5703125 0.52578125 0.16875 0.16875
1 0.67578125 0.39609375 0.14375 0.1390625
0 0.4546875 0.65859375 0.1796875 0.171875
0 0.34609375 0.7859375 0.16875 0.16875
1 0.728125 0.32890625 0.1546875 0.1546875
1 0.6203125 0.45703125 0.153125 0.146875
0 0.2875 0.853125 0.1890625 0.18125
1 0.3984375 0.715625 0.1640625 0.159375
0 0.8328125 0.19375 0.1515625 0.1453125
1 0.77578125 0.259375 0.16875 0.1640625
0 0.85390625 0.746875 0.1546875 0.146875
0 0.90234375 0.6875 0.15625 0.15625
0 0.1203125 0.6203125 0.190625 0.18125
0 0.07421875 0.68515625 0.1484375 0.1734375
0 0.1765625 0.53984375 0.1828125 0.175
1 0.9578125 0.56875 0.084375 0.16875
0 0.803125 0.80234375 0.1578125 0.1578125
0 0.659375 0.946875 0.15625 0.10625
0 0.93203125 0.625 0.1359375 0.159375
0 0.23203125 0.4671875 0.1828125 0.175
1 0.584375 0.06640625 0.2 0.1328125
1 0.2796875 0.39296875 0.1765625 0.1765625
1 0.4578125 0.17890625 0.1890625 0.1875
0 0.51640625 0.10234375 0.1890625 0.1828125
0 0.39609375 0.24453125 0.203125 0.203125
0 0.328125 0.3171875 0.18125 0.18125
0 0.75234375 0.85703125 0.1625 0.1609375
0 0.70390625 0.91328125 0.165625 0.1578125
1 0.61171875 0.97109375 0.1609375 0.0578125
0 0.046875 0.46875 0.09375 0.20625
0 0.1765625 0.2453125 0.2 0.1984375
0 0.07734375 0.3953125 0.1546875 0.19375
0 0.3078125 0.09453125 0.209375 0.1890625
0 0.2390625 0.16953125 0.209375 0.209375
0 0.1109375 0.321875 0.2046875 0.196875
0 0.36796875 0.05390625 0.1984375 0.1078125