0 0.1374812234375 0.32719595 0.1155322 0.26127146093750003 0.0007178421875 0.2606553390625 0.0008284593749999999 0.263822971875 0.001108271875 0.2647381984375 0.0207066140625 0.3251269734375 0.1328349921875 0.328616446875 0.1374812234375 0.32719595
0 0.160233621875 0.35021224375000004 0.193247875 0.236323696875 0.125694425 0.23856270156249998 0.0920942359375 0.3524639796875 0.160233621875 0.35021224375000004
1 0.3320751265625 0.24055222812500002 0.3376473578125 0.3169222109375 0.453490184375 0.3387677546875 0.45299668593750003 0.33407243750000004 0.44349231875 0.26210565468749997 0.333280415625 0.240425546875 0.3320751265625 0.24055222812500002
0 0.298514740625 0.3491273265625 0.3317069 0.3473877984375 0.361499375 0.23435928125 0.36060726718749997 0.23439043437499998 0.2823801125 0.24370648906249998 0.2564114046875 0.348247178125 0.256534359375 0.3505933140625 0.298514740625 0.3491273265625
0 0.19558363437499998 0.2429057625 0.17839675625 0.3611392015625 0.1930755625 0.36062660625 0.2562528359375 0.3506203078125 0.275409078125 0.23075802968749998 0.2754012234375 0.23070844687499997 0.19558363437499998 0.2429057625
0 0.42093143125 0.3523245203125 0.49872630312500005 0.3438445125 0.5131606140625 0.2260145140625 0.4380296078125 0.23657348749999998 0.42057919374999997 0.34981822500000004 0.42093143125 0.3523245203125
0 0.5165244765625 0.23374720781249997 0.5027994765625 0.3527379734375 0.5845633343750001 0.3437019109375 0.5980586015625 0.22414610937499999 0.5165244765625 0.23374720781249997
1 0.8440702421875 0.3660355140625 0.845526496875 0.36598466093750004 0.9228387124999999 0.3467085609375 0.9140426109374999 0.20776814531249999 0.8331327328125001 0.2273761796875 0.8440702421875 0.3660355140625
1 0.8537171390625 0.3500641125 0.8628796390625 0.3497441515625 0.8658197296875001 0.264971446875 0.729062078125 0.233326590625 0.7246030828125 0.3184093078125 0.8537171390625 0.3500641125
1 0.6835993671875 0.36694892343749996 0.687551678125 0.36681090625 0.7055618890625001 0.2929694875 0.5734372140625 0.22972543124999997 0.556777184375 0.3081047109375 0.6835993671875 0.36694892343749996
1 0.78731325625 0.338939075 0.7741841625 0.2659080859375 0.6337029890625 0.2545534828125 0.6338761546875 0.25951233125 0.6397480875 0.3028205921875 0.645038465625 0.336222725 0.7865859078125 0.3390542734375 0.78731325625 0.338939075
0 0.087790828125 0.3614514578125 0.040618953125 0.5078452609374999 0.040817153125 0.5135209703125 0.09524362656249999 0.5125709515625 0.123523496875 0.511583396875 0.16616291875 0.3616732078125 0.087790828125 0.3614514578125
0 0 0.44245196093750006 0.11328207187499999 0.4900527015625 0.11978095312499999 0.48982575625 0.12372469374999999 0.40662513906250003 0.002043265625 0.3943486828125 0 0.41770332187500003 0 0.44245196093750006
0 0.50257570625 0.36751271874999997 0.4301762125 0.355888203125 0.4187223359375 0.3544818421875 0.36682309375 0.49188302500000003 0.36694809375 0.4954625359375 0.41172234375 0.5016003578125 0.441753803125 0.5052877578125 0.502523540625 0.36793757656250003 0.50257570625 0.36751271874999997
0 0.248981646875 0.5072023015625 0.256825340625 0.50692839375 0.2639261234375 0.42800233125 0.128911978125 0.3700587546875 0.1157791875 0.44804282500000003 0.248981646875 0.5072023015625
0 0.4235445578125 0.3700879 0.34750671718750004 0.3603398296875 0.2828322765625 0.493087728125 0.28251705625 0.4953306390625 0.28266178124999997 0.49947501718750004 0.2836650234375 0.4996160140625 0.3646670078125 0.5049430484374999 0.42356629375 0.370710325 0.4235445578125 0.3700879
0 0.2029779703125 0.500971609375 0.2031724984375 0.5065421484375 0.2774039765625 0.5117329171875 0.3380541171875 0.3708271453125 0.2569895671875 0.36452841875 0.2029779703125 0.500971609375
0 0.57475046875 0.35723095 0.49612339062500005 0.35436926562500004 0.49372836875 0.35441106875 0.4644170734375 0.485122365625 0.4636830859375 0.4897622734375 0.4642638 0.5063917578125 0.5288629734375 0.5068093453125 0.5400181515625 0.506419796875 0.5748448859375 0.3599347140625 0.57475046875 0.35723095
0 0.9846855484375 0.47213024062500003 0.99578010625 0.4717428109375 0.9975490578124999 0.42108666250000004 0.9964580796875 0.389845146875 0.8759568078125 0.36938271875 0.8755060546875001 0.37899888437499996 0.8727768859375 0.45715203281249994 0.9846855484375 0.47213024062500003
1 0.809535125 0.49700805781249996 0.8500610890625 0.495592859375 0.893380571875 0.4916448375 0.9083422625 0.3608481796875 0.8217939015625 0.36328700937499997 0.809535125 0.49700805781249996
0 0.740352290625 0.39219125 0.60903406875 0.3987850109375 0.6091594125 0.4023743796875 0.6308618984375001 0.4824275078125 0.7554719328124999 0.47233971406249997 0.7637398171875 0.4699689359375 0.740352290625 0.39219125
1 0.8491503515625001 0.4695599953125 0.8282524703125 0.3881409171875 0.6949028234375 0.395316346875 0.6951084875 0.4012058265625 0.712373946875 0.47599074375 0.8449245187500001 0.4715912734375 0.8491869218750001 0.4706072203125 0.8491503515625001 0.4695599953125
0 0.5371771015625 0.4869537015625 0.5370854265625 0.4874736171875 0.5372802531249999 0.4930527234375 0.6173179796875 0.50593041875 0.667693859375 0.3860697515625 0.5895841234375 0.372102971875 0.5371771015625 0.4869537015625
0 0.1449694765625 0.6306824421874999 0.0732870234375 0.6327182015624999 0.013445171875 0.8042040546875 0.013644337500000001 0.8099073984375 0.033689421875 0.81061876875 0.0952905875 0.8116940218750001 0.1450509625 0.6330159046875 0.1449694765625 0.6306824421874999
0 0.8108067953125 0.6019238625 0.7487257421875 0.772546203125 0.7488941703124999 0.77736934375 0.8083242578125001 0.7878484703125 0.8409796406250001 0.793252871875 0.9000363874999999 0.6143880109375 0.8108067953125 0.6019238625
0 0.22075817031249997 0.6245796218749999 0.14656192343750002 0.6275891359375 0.10245802500000001 0.8012277453125 0.1027875109375 0.81066299375 0.1608360875 0.81185299375 0.170783228125 0.811679365625 0.17961419843749998 0.81137098125 0.22075817031249997 0.6245796218749999
0 0.56340368125 0.78941130625 0.62742228125 0.79712515625 0.6496091109375 0.7986766109375 0.7025125890624999 0.61331185625 0.6092853921875 0.607295871875 0.56396326875 0.781408825 0.56340368125 0.78941130625
1 1 0.6567536031250001 0.8267000765624999 0.634609175 0.8257872531249999 0.6714902406250001 0.8257872515625 0.726341859375 1 0.75358050625 1 0.6567536031250001
0 0.168799671875 0.7200350249999999 0.3368655359375 0.7991326515625 0.3390163484375 0.7995507265625 0.3415357140625 0.7994627484375 0.35818876093749996 0.718896234375 0.1845474859375 0.6345833578125 0.1819564703125 0.64791298125 0.168799671875 0.7200350249999999
0 0.644207759375 0.7493357515625 0.6212199203125001 0.6652600890625 0.44148471718750004 0.6653982453125 0.44012182031249997 0.6657128953125 0.44014403125 0.6663489328125001 0.450164703125 0.7145737624999999 0.45941778125 0.7546532421875 0.64436016875 0.7499959031250001 0.644207759375 0.7493357515625
1 0.81337805625 0.6543737109375 0.6242654859375001 0.65587005625 0.6243497640625 0.6582834875 0.6459864750000001 0.745505959375 0.825309015625 0.749694303125 0.82954875625 0.748946721875 0.81337805625 0.6543737109375
1 0.3454940609375 0.619885265625 0.2741284390625 0.7913229734375 0.274099178125 0.791531175 0.2742525203125 0.795922303125 0.3353613203125 0.8062010515625 0.364272071875 0.8102641921875 0.43937349374999995 0.636616421875 0.3454940609375 0.619885265625
1 0.394166 0.813059209375 0.48682309687499997 0.7944911593749999 0.48885036406250004 0.7744409296875 0.5020957125 0.615494790625 0.5020628921875 0.6152612625 0.4176530625 0.6263245390625001 0.39392018281249996 0.811310121875 0.394166 0.813059209375
0 0.9597979750000001 0.0462991453125 0.8628530140624999 0.0252650484375 0.8596087484374999 0.0974779984375 0.859831053125 0.10384394687500001 0.9477499578125 0.12007981406249998 0.957039953125 0.1197554015625 0.9589826015625 0.06964835 0.9597979750000001 0.0462991453125
0 0.8810665234374999 0.0464919140625 0.783969709375 0.028891137500000004 0.783969709375 0.0804874203125 0.78485885 0.10594910312500001 0.8756231421875 0.1241203109375 0.8768166953125001 0.1241203109375 0.8802922343749999 0.1239989421875 0.8810665234374999 0.0464919140625
0 0.0655944484375 1 0.0769302671875 0.9967495062499999 0.07743295156249999 0.8052521640625001 0.010862176562500001 0.8197795765624999 0.014066565625 0.9115412718749999 0.039431696875 1 0.0655944484375 1
1 0.70078765 0.09929204999999999 0.793211896875 0.1332936640625 0.7984927765625 0.133109253125 0.8054657296875 0.0566837484375 0.7091258671875 0.025459659375 0.70534044375 0.056289465625 0.70078765 0.09929204999999999
0 0.7401158390625 0.11649555625 0.7176458640625001 0.0478135921875 0.6156641703125 0.051389265625 0.6158147390625001 0.05570096718749999 0.6216272515625 0.0759716109375 0.63679481875 0.123950475 0.7344906921875001 0.11810854062500001 0.7401158390625 0.11649555625
0 0.5463301375 0.12540761250000002 0.5465370968750001 0.1313341703125 0.6240074984375 0.13523058906250002 0.6582196578125 0.043698640625 0.581178584375 0.034239187500000004 0.5463301375 0.12540761250000002
0 0.2966725609375 0.982389884375 0.300861209375 0.9822436140624999 0.3081527046875 0.8905209828125 0.134914275 0.8264892203124999 0.1273138109375 0.9133629265625001 0.2966725609375 0.982389884375
0 0.2785765390625 0.8144837468749999 0.25082809375 0.9885044390625 0.2515135296875 0.9950259390625 0.335831325 0.9907144015625 0.340130471875 0.9902625421875 0.37164910624999997 0.8059691734375001 0.292893453125 0.8129789781250001 0.2785765390625 0.8144837468749999
0 0.2171231453125 0.8838927999999999 0.0181292921875 0.8487968796875001 0.018542200000000002 0.8606210015625001 0.02829111875 0.9400195640625 0.2192238734375 0.9706051703125 0.22406949531250003 0.970010203125 0.2171231453125 0.8838927999999999
0 0.48586621875 0.972656190625 0.4944221875 0.9723574109375 0.49722697499999996 0.8775208703124999 0.31710839218750003 0.8269606250000001 0.31552309843750004 0.915386915625 0.48586621875 0.972656190625
0 0.7164194078125 0.9666993171874999 0.7165239890625 0.9696941328124999 0.8096616296875 0.9894911499999999 0.8118944421875 0.989413178125 0.8797220781249999 0.8087161953124999 0.7921048125000001 0.7906163828125 0.7168525078125 0.964661746875 0.7164194078125 0.9666993171874999
0 0.8070415750000001 0.9408813859375 0.8030631359375 0.9214389734375 0.7868891609374999 0.845346409375 0.5949815015625 0.8470291015625 0.59515939375 0.852123275 0.6009459140625 0.8798926109374999 0.6137490718749999 0.9401267359375 0.8048924796874999 0.941338190625 0.8070415750000001 0.9408813859375
0 0.7122371734375 0.9378926734374999 0.68493609375 0.8426824953125 0.4936547796875 0.8555536765625 0.49389184375 0.8623423125 0.49797154375 0.8765699171874999 0.52004858125 0.9483518453125 0.7079538984375 0.9391208828125001 0.7122371734375 0.9378926734374999
0 0.49221597343749995 1 0.5252289953125 0.99942375625 0.5322756156249999 0.9991776828125 0.5708803890625 0.8058659234375 0.47720969999999996 0.8057799609374999 0.43593374687499997 0.99349635 0.436160859375 1 0.49221597343749995 1
0 0.95008803125 0.7860288953125 0.9264626265624999 0.78809585 0.8494777843750001 0.79819469375 0.844622203125 0.974762521875 0.8458003812499999 0.9882291562500001 0.8722559359375 0.9873053078125 0.876553215625 0.9870384156249999 0.9418238562499999 0.9813279734375 0.95207239375 0.7859596 0.95008803125 0.7860288953125
0 0.24672275937500002 0.052344535937500006 0.2492733265625 0.1253832078125 0.34426558281249997 0.1474077625 0.356060859375 0.14699586250000002 0.3557389015625 0.0804771 0.24672275937500002 0.052344535937500006
0 0.5092909062500001 0.0414830375 0.4697284453125 0.12299598593750001 0.46964880000000003 0.123340965625 0.469819375 0.1282255953125 0.5328795093750001 0.1427841734375 0.533842478125 0.14298835000000001 0.5805728718750001 0.059082245312500004 0.5092909062500001 0.0414830375
0 0.2298517984375 0.0512175484375 0.16708951249999998 0.1448319328125 0.167176109375 0.147311703125 0.23361005 0.1614326734375 0.2378240640625 0.1622514671875 0.2906005109375 0.061585940625 0.2298517984375 0.0512175484375
0 0.4283521875 0.146767625 0.425570540625 0.0742226140625 0.3233570390625 0.053063628125 0.32416897499999997 0.07631443906249999 0.327184003125 0.11077636875 0.32904039375 0.12727098125 0.42600338125 0.14697311875000002 0.4283521875 0.146767625
0 0.4147177828125 0.155891684375 0.4153298 0.1558703125 0.4250866703125 0.15343765 0.483745190625 0.13750988749999998 0.490004759375 0.0380360015625 0.48988886562499995 0.037571175 0.48927684843749997 0.037592546875 0.483381975 0.0390623046875 0.4177984859375 0.057712685937499994 0.414578809375 0.1553342875 0.4147177828125 0.155891684375
0 0.10565341406249999 0.162174228125 0.13926954062500002 0.051378523437500004 0.136508446875 0.0514749421875 0.0687467859375 0.0619788890625 0.0360014609375 0.1675532984375 0.0636667390625 0.1665872046875 0.10565341406249999 0.162174228125
0 0.1645764703125 0.055750795312500004 0.1556102296875 0.05480840625 0.1424504453125 0.077021140625 0.09861665 0.1539681265625 0.09874314687499999 0.1575905265625 0.16392935 0.1672313546875 0.169927728125 0.167861809375 0.21890539062499997 0.0625365546875 0.1645764703125 0.055750795312500004
0 0 0.1666161609375 0.057752848437500004 0.17148407968749999 0.0664245046875 0.171181259375 0.0713311625 0.1150979015625 0.075337528125 0.0655774625 0.0329476 0.0643668796875 0 0.1290087359375 0 0.1666161609375