0 0 0.6325791749999999 0.0540495625 0.657760075 0.056044654687499994 0.6583700359375 0.069499040625 0.543709490625 0.0389865890625 0.5292114828125001 0.013894454687499998 0.51803974375 0.0061543203125 0.5156733484375 0.0047111718750000005 0.5189147140625 0 0.570507075 0 0.6325791749999999
0 0.055799673437499996 0.5473827796874999 0.08078703125 0.660694725 0.14801973906250002 0.667640565625 0.1230303703125 0.5517264890625 0.056568853125 0.54486690625 0.055799673437499996 0.5473827796874999
0 0.39368995625 0.70372345 0.403111 0.6288657171875001 0.3998640625 0.627873028125 0.29085892812499997 0.6434425218750001 0.277601134375 0.71481325625 0.27686258124999996 0.719476309375 0.39368995625 0.70372345
0 0.24821948906250002 0.588980278125 0.2248583140625 0.58228156875 0.2234307625 0.5869508828125001 0.22688328593749998 0.698904565625 0.3000821109375 0.7200004265625 0.29820711875 0.6069684140625 0.24821948906250002 0.588980278125
0 0.241937615625 0.6208275015625 0.244228571875 0.5721210171875 0.24048422656250001 0.57097625625 0.125671415625 0.6001793890625 0.1222204015625 0.66602866875 0.12156272187499999 0.6800348125 0.12312246874999999 0.680511675 0.2404667453125 0.648893365625 0.241937615625 0.6208275015625
0 0.37728928125 0.6288132296875 0.37681284375 0.7425883046874999 0.44936707499999995 0.764770359375 0.4535431484375 0.6461330203125 0.37825680156249997 0.6256486140625 0.37728928125 0.6288132296875
0 0.47250323281249995 0.6402933890625 0.44267414687500006 0.7562994375 0.515352084375 0.7944820515625 0.545598134375 0.6780308265625 0.47250323281249995 0.6402933890625
1 0.788200840625 0.7220910953125 0.7604041859375 0.8572367125 0.835468496875 0.8883981796875 0.8656894453125 0.7521947859375 0.800446953125 0.7258351078125 0.788200840625 0.7220910953125
0 0.8024618531250001 0.741156165625 0.6733312171875 0.729348571875 0.6704870734374999 0.738651346875 0.6496749546875 0.81123183125 0.7892844125 0.8258349687500001 0.8141060703124999 0.744716159375 0.8024618531250001 0.741156165625
1 0.6255340984375 0.6725227859375 0.5657958203125 0.645925590625 0.552746471875 0.6419360046875 0.5513867359375 0.6449900203125 0.5256115265625 0.785139021875 0.5976236546875 0.8146630125 0.6255340984375 0.6725227859375
1 0.6106091625000001 0.6779803953125 0.6168600171875 0.8145318984375001 0.689517640625 0.8302296796874999 0.691650325 0.687155115625 0.6119771859375 0.6735057953125 0.6106091625000001 0.6779803953125
0 0.136959990625 0.38952473125 0.0562923140625 0.369412021875 0.0551930609375 0.373007515625 0.0683967171875 0.528286128125 0.1445617109375 0.545643359375 0.14477251875 0.5449538390625001 0.136959990625 0.38952473125
0 0 0.4402210796875 0.11475319218749999 0.462959515625 0.1351002703125 0.433686090625 0.0319520640625 0.37651010625 0.024895651562500003 0.37435274375 0.0040965296875 0.41187535625000005 0 0.4252745 0 0.4402210796875
0 0.45666652812499997 0.635647040625 0.46009684531249995 0.4853447421875 0.4449800671875 0.4812942140625 0.37957902187500003 0.4663413203125 0.3775763734375 0.47289168750000005 0.3822582296875 0.6165441375 0.40107483593750004 0.62158603125 0.45666652812499997 0.635647040625
0 0.2534364203125 0.4171549859375 0.24723319687499998 0.4169383640625 0.112277890625 0.45621649687500004 0.1095893890625 0.539045478125 0.2568782390625 0.49416217968750004 0.2534364203125 0.4171549859375
0 0.26373543593750004 0.5703000421875 0.2629889734375 0.5809749734375 0.41222463906250006 0.5438348734375 0.4182785296875 0.470113559375 0.41265451718749996 0.4683941265625 0.41255120625 0.46838690156249996 0.274349171875 0.49698487656249996 0.26373543593750004 0.5703000421875
0 0.2029400828125 0.4557853640625 0.1726599609375 0.5178688171875 0.17049374374999998 0.524954190625 0.3200169796875 0.5470436249999999 0.35466513437499997 0.47458796875000003 0.3521028703125 0.4733382703125 0.2029400828125 0.4557853640625
0 0.574050253125 0.5216167234375 0.42719074375000005 0.5432342796875 0.4219061359375 0.5935139625 0.419627865625 0.6216481703125 0.42169803281249996 0.6218657546874999 0.4410591453125 0.6205155765625 0.5739576375000001 0.60269063125 0.578055559375 0.5222300859375 0.577096621875 0.521936909375 0.574050253125 0.5216167234375
0 0.836932503125 0.7373965859375 0.9525039203125001 0.7300781765625 0.961730159375 0.6999005078125 0.9637031265625 0.643402165625 0.9614940734375 0.642726790625 0.8422139171874999 0.6545011671875 0.836932503125 0.7373965859375
1 0.838523075 0.5921363359375 0.8140946874999999 0.5796894484374999 0.81114454375 0.5787875 0.7677709203124999 0.706473521875 0.845844821875 0.74390389375 0.8853764312499999 0.6183297328124999 0.838523075 0.5921363359375
1 0.6964716328125 0.5497231 0.615289309375 0.539755165625 0.6145387890625 0.54221000625 0.6244234 0.6715062734374999 0.710294715625 0.6807869 0.7104241328125 0.6797328734375 0.6964716328125 0.5497231
1 0.690539053125 0.682715475 0.7659915625 0.71693493125 0.7689391 0.717836084375 0.7970588859375 0.584409678125 0.72720529375 0.5547585890625 0.720728684375 0.552778490625 0.690539053125 0.682715475
0 0.6416002359374999 0.6182526578124999 0.65143565625 0.536495165625 0.648347284375 0.53555095625 0.5206340093749999 0.5547004515625 0.5192521109375 0.5678483390625 0.51249729375 0.6336389859375 0.6416002359374999 0.6182526578124999
0 0.244719175 0.12458422656249998 0.2415383625 0.124249909375 0.08481856875 0.14784546406250001 0.0810669203125 0.1601165484375 0.0736887328125 0.23031530625 0.2365410296875 0.19499533125 0.2471123265625 0.1253158859375 0.244719175 0.12458422656249998
0 0.9191600171875001 0.49061957187500005 0.8963870671875 0.30498675 0.8488877953125 0.3007909828125 0.8082729656250001 0.29866245 0.8075205359375 0.3011235359375 0.807337646875 0.3046132703125 0.8239478874999999 0.484624596875 0.9191600171875001 0.49061957187500005
0 0.3081906921875 0.24668825156250002 0.33839643750000004 0.17986064531249998 0.334867240625 0.1783625890625 0.14932364843749998 0.14705354843750001 0.149094678125 0.14759296718749998 0.1210850328125 0.2212297625 0.3081906921875 0.24668825156250002
0 0.622429628125 0.24407062499999999 0.6220097875 0.2520816546875 0.6457750578125 0.430420171875 0.738574621875 0.4357836421875 0.7388795734375 0.43478619218750003 0.709121653125 0.24538018281250001 0.6869111265625001 0.2442161765625 0.622429628125 0.24407062499999999
1 1 0.335626940625 0.9362982859375 0.322086725 0.9166086078125 0.3184082359375 0.916376053125 0.3191688890625 0.9141465484375001 0.3296578796875 0.8997100375 0.50457395625 0.9950346031249999 0.519804346875 1 0.428521953125 1 0.335626940625
0 0.41141755468749996 0.2717688546875 0.4345766390625 0.18916505156250002 0.43094705937500005 0.188055378125 0.24255135156250002 0.18772411093750002 0.23914371562499998 0.1988699921875 0.2329049484375 0.2221533859375 0.2209146328125 0.2691197421875 0.41141755468749996 0.2717688546875
0 0.5606323890625 0.3940753609375 0.6419618953125 0.40592841718750006 0.6475370234375 0.4065143875 0.629620840625 0.2223829453125 0.597734675 0.2190315734375 0.53998136875 0.214244328125 0.5391777671875 0.216872790625 0.53910146875 0.21759872656249998 0.5606323890625 0.3940753609375
1 0.708358303125 0.28851903437500004 0.6619516203125 0.365752725 0.6600341109375 0.3720246171875 0.660479825 0.3722924296875 0.8314547171875001 0.4333824578125 0.884333484375 0.357672015625 0.708358303125 0.28851903437500004
0 0.48891578437499994 0.31656714531249996 0.5298216874999999 0.2343501609375 0.52621093125 0.2324302875 0.346418409375 0.18960049375000002 0.3300300859375 0.220422453125 0.3034956078125 0.27508051875 0.48891578437499994 0.31656714531249996
1 0.5457507390624999 0.1970085109375 0.46353046718749996 0.1757954515625 0.4632186359375 0.176959221875 0.45703328125000003 0.33534409374999996 0.4566019296875 0.3554919359375 0.5465102265625 0.38528147343749997 0.54654150625 0.38517916093750004 0.5467671468749999 0.3843370609375 0.5457507390624999 0.1970085109375
0 0.849605340625 1 0.8471249937499999 0.998681175 0.75684671875 0.9666460921875 0.7395372765625 1 0.849605340625 1
0 0.748612515625 1 0.755324221875 0.9608400109374999 0.6915136296875 0.9376148546874999 0.6819834046875 0.934701171875 0.6807355609375 0.9381295984375001 0.67129134375 1 0.748612515625 1
0 0.1319755625 0 0.1279590875 0.020662976562499998 0.272454925 0.007638934375000001 0.27409701875 0 0.1319755625 0
1 0.671059075 1 0.6781869265625 0.9326613703125 0.608831021875 0.9090684578125 0.604120584375 0.9076283328124999 0.6033953171875 0.910000575 0.5974142109375 1 0.671059075 1
0 0.6281047859375 0.921941771875 0.5280837265625 0.9060855374999999 0.5028077203125 0.9600047984375 0.4981728453125 0.970923878125 0.4975855078125 0.9728449687499999 0.5990533671875 0.9915081734375001 0.630379275 0.922907234375 0.6281047859375 0.921941771875
0 0.4522639546875 0.8699065421875 0.4546756828125 0.962353209375 0.53152720625 0.9845653484374999 0.528054171875 0.8809083109375001 0.4537303171875 0.8651102875 0.4522639546875 0.8699065421875
0 0.28054489375 0 0.30726206875 0.123836075 0.39359765625 0.1319003140625 0.39395925 0.1307175921875 0.37023886093749997 0 0.28054489375 0
0 0.375618759375 0 0.37576933281249997 0.14421847968749998 0.3896745828125 0.14794437968750002 0.46615382343749995 0.16713523125000002 0.4663552875 0.16647626875 0.4643065578125 0 0.375618759375 0
0 0.14417686093749998 0 0.13588441406250001 0.0675365578125 0.3359401734375 0.0322533515625 0.338541775 0 0.14417686093749998 0
0 0.6260599328125 0.0769880890625 0.6223528390624999 0.07476064375 0.44608075625000004 0.0261496921875 0.39869619375 0.09919107656250001 0.3983070546875 0.10046389062500001 0.575545675 0.1591495859375 0.62471370625 0.0813913984375 0.6260599328125 0.0769880890625
0 0.847923675 0.0994959046875 0.8334448374999999 0.28657517499999996 0.930082275 0.30735710312500003 0.9355461140625 0.11389077656249999 0.8495898171875 0.0940462015625 0.847923675 0.0994959046875
0 0.6914561984375001 0.221952 0.6915984468749999 0.2219770828125 0.88368035625 0.2169551921875 0.897188884375 0.14034451875 0.9004766609375 0.12083273750000001 0.9000180500000001 0.1206925265625 0.8983226421875001 0.12039358124999999 0.7073379546874999 0.1282751046875 0.6966447359375 0.18891936250000002 0.690981375 0.22180683124999998 0.6914561984375001 0.221952
0 0.649270896875 0.04382224375 0.6595564859375 0.2285122640625 0.7546843046875 0.24716809843749998 0.7474467578125 0.054420720312500004 0.6512181625 0.037453023437499997 0.649270896875 0.04382224375
0 0.535924584375 0.040624970312499994 0.492094590625 0.11969637500000001 0.4899439265625 0.12673087656249998 0.680067884375 0.1798104515625 0.7237929484375 0.0973931984375 0.7222905609375 0.0965604109375 0.535924584375 0.040624970312499994
0 1 0.175832815625 0.8940829375 0.180596590625 0.8865000953125 0.2474265296875 0.8839870453125 0.2833648390625 1 0.275246640625 1 0.175832815625
0 0.22756234531250003 0.9043236640625001 0.2486834859375 0.7951180515625 0.2163811 0.7793631265625 0.185428709375 0.7649163390625 0.1838452703125 0.764432234375 0.1821444484375 0.7679194328125 0.1640536890625 0.8756786796875 0.22756234531250003 0.9043236640625001
0 0.479114615625 0.8782780296875 0.4801496546875 0.8748925703125 0.4736457328125 0.87213181875 0.38621771250000003 0.8565423078125001 0.373018153125 0.8876385203125 0.361061046875 0.91703926875 0.35876461875 0.92455054375 0.45339065156249997 0.9359763453125 0.479114615625 0.8782780296875
0 0.1649546921875 0.7627964421875 0.09949973281249999 0.7464766890625001 0.09819180937500001 0.7507547156250001 0.1132616671875 0.8602096296875 0.17240745156249998 0.8775210640625 0.16910115781249999 0.7639078171875 0.1649546921875 0.7627964421875
0 0.237898940625 0.8928885875000001 0.3066119609375 0.9212399937500001 0.307462315625 0.9214999734375 0.3154996171875 0.8147199625000001 0.24777380937500001 0.7924582734375 0.2453244109375 0.798839175 0.237898940625 0.8928885875000001
0 0.3488983875 0.8272407562499999 0.313026925 0.8176290265624999 0.31215368125 0.8204852812500001 0.3165137015625 0.9164748734374999 0.38537345625 0.936469334375 0.383843015625 0.837840753125 0.3488983875 0.8272407562499999
0 0 0.8205211484375001 0.0555275109375 0.8261726546875 0.055605057812500004 0.8259190109375 0.016210940625 0.716964059375 0 0.7161144796875 0 0.8205211484375001
0 0.0521209640625 0.8408874265625 0.0610255953125 0.8422977828124999 0.1152595859375 0.8498046 0.095210978125 0.735391865625 0.089253815625 0.73444834375 0.02379355 0.7268892375 0.022733817187499998 0.73035546875 0.0451586671875 0.8160255703124999 0.0521209640625 0.8408874265625