0 0.7609375 0.39140625 0.1546875 0.153125
0 0.70703125 0.54453125 0.1265625 0.1265625
0 0.7296875 0.4734375 0.134375 0.134375
0 0.67578125 0.62421875 0.1640625 0.1421875
0 0.59453125 0.8515625 0.1671875 0.1421875
0 0.83125 0.16171875 0.1421875 0.1421875
0 0.78046875 0.3078125 0.16875 0.128125
1 0.646875 0.68984375 0.1546875 0.1203125
0 0.803125 0.234375 0.1640625 0.1234375
1 0.61484375 0.76640625 0.1515625 0.1515625
1 0.553125 0.9296875 0.153125 0.13125
0 0.590625 0.4609375 0.16875 0.1265625
0 0.55859375 0.546875 0.1671875 0.140625
1 0.5015625 0.7046875 0.1453125 0.1234375
0 0.6125 0.3796875 0.165625 0.128125
0 0.66640625 0.22109375 0.1546875 0.1546875
1 0.47109375 0.784375 0.1578125 0.1296875
1 0.52578125 0.625 0.153125 0.128125
0 0.69296875 0.1359375 0.159375 0.159375
1 0.6328125 0.3015625 0.1640625 0.1390625
0 0.4109375 0.9359375 0.14375 0.128125
1 0.43515625 0.86015625 0.1578125 0.1359375
0 0.79765625 0.953125 0.1296875 0.09375
0 0.76875 0.9859375 0.140625 0.028125
0 0.98203125 0.2671875 0.0359375 0.14375
0 0.89375 0.675 0.140625 0.1421875
0 0.86796875 0.7484375 0.1609375 0.121875
0 0.4078125 0.11328125 0.1828125 0.1328125
0 0.43046875 0.053125 0.1609375 0.10625
0 0.36796875 0.20234375 0.1671875 0.1671875
1 0.8171875 0.8921875 0.1546875 0.1546875
0 0.915625 0.60390625 0.159375 0.1140625
0 0.9515625 0.39375 0.096875 0.121875
0 0.8390625 0.82109375 0.16875 0.1265625
0 0.33359375 0.2875 0.1671875 0.1671875
1 0.14453125 0.8125 0.2078125 0.1671875
1 0.29453125 0.36640625 0.1796875 0.15
1 0.203125 0.62890625 0.1703125 0.16875
0 0.16796875 0.71875 0.1765625 0.1765625
0 0.22734375 0.5421875 0.178125 0.178125
0 0.2546875 0.446875 0.1671875 0.16875
0 0.92734375 0.5328125 0.1453125 0.125
0 0.93984375 0.46171875 0.1203125 0.1203125
1 0.9671875 0.328125 0.065625 0.1375
0 0.2125 0.08125 0.2078125 0.159375
0 0.24140625 0.0328125 0.2015625 0.065625
0 0.115625 0.35546875 0.2 0.1484375
0 0.17890625 0.16953125 0.2 0.15
0 0.07578125 0.546875 0.1515625 0.1625
0 0.09296875 0.44765625 0.1859375 0.1609375
0 0.14453125 0.25703125 0.18125 0.1828125
0 0.0546875 0.63671875 0.109375 0.1453125
0 0.0375 0.7328125 0.075 0.190625