0 0.2620414390625 0.044353534374999996 0.17219243906249998 0.1033900421875 0.19010923125 0.172246375 0.286498071875 0.10529806562499999 0.269886896875 0.0433902328125 0.2620414390625 0.044353534374999996
0 0.30069822031250004 0.22303359218750002 0.2462754078125 0.12139039062500001 0.1791568703125 0.133354834375 0.235704221875 0.23778122499999998 0.3010789328125 0.2261342453125 0.30069822031250004 0.22303359218750002
1 0.2318620984375 0.4888446390625 0.3333163390625 0.4390796265625 0.32387048125 0.3671051421875 0.3231749515625 0.3627137421875 0.3223584421875 0.36281399687500004 0.21689038906250002 0.4135255921875 0.2313079140625 0.48891268437499996 0.2318620984375 0.4888446390625
0 0.22350957187499998 0.2986236296875 0.198172378125 0.30588895312500003 0.26325994218750004 0.4032391296875 0.33449737343749997 0.382915628125 0.33405179218750003 0.379286659375 0.33366756875000003 0.3779467140625 0.2750272453125 0.287476978125 0.22350957187499998 0.2986236296875
0 0.3147278046875 0.28096240781250004 0.312471503125 0.216350421875 0.31054285 0.2006427953125 0.310495309375 0.20064445625 0.1969016734375 0.24216920625 0.20007938281249998 0.321046153125 0.3147278046875 0.28096240781250004
0 0.273419128125 0.5604374640625001 0.3473091734375 0.5513649078125 0.3466605921875 0.5460826421875 0.3046910234375 0.44212075312500004 0.27083609218750004 0.44627761718750003 0.2265767984375 0.45311274843750005 0.2267331421875 0.454386071875 0.273419128125 0.5604374640625001
0 0.29126114531249997 0.6463647265625 0.36836430625 0.620276346875 0.3681174109375 0.6182655390625 0.3066048984375 0.5181989875 0.29483005625 0.52179891875 0.22850381406250003 0.5437137187500001 0.29126114531249997 0.6463647265625
1 0.3276149796875 0.9790350546875001 0.40298314375000005 0.9731627640625 0.40784779374999997 0.972565459375 0.407460546875 0.968139196875 0.373372759375 0.836234840625 0.2904872140625 0.8440367609375 0.3276149796875 0.9790350546875001
1 0.39197249843750004 0.7543168640625 0.26700145625 0.810032271875 0.2858695203125 0.8918478234375 0.28655050000000004 0.8945790828125 0.28840292968750003 0.8943516328125 0.4160877 0.8354193578125001 0.39836809375 0.761772309375 0.39632732187499997 0.7535872218749999 0.39351297500000004 0.7539327796874999 0.39197249843750004 0.7543168640625
1 0.3700100046875 0.5899497671875 0.2466378953125 0.6599751328125001 0.270309709375 0.73411728125 0.39713592656249996 0.6641319453125 0.3756654140625 0.5892553703125001 0.3700100046875 0.5899497671875
1 0.3207327859375 0.8140064812500001 0.3989725484375 0.792633821875 0.398520984375 0.788956125 0.33468407187500004 0.6669561609375 0.29365257499999997 0.67628473125 0.262478446875 0.6840573140624999 0.3207327859375 0.8140064812500001
0 0.3818336625 0.0395657828125 0.2988584484375 0.054196551562499994 0.2989705609375 0.055109642187499995 0.37564529687500003 0.194233525 0.4496441421875 0.1796322 0.4486274203125 0.171351671875 0.3818336625 0.0395657828125
0 0.4251551046875 0.10839607343749999 0.40560800468749997 0.0078349671875 0.3715558578125 0.0120160453125 0.33204586406250003 0.019696009375 0.393527990625 0.13156867187500002 0.427619540625 0.1284673 0.4251551046875 0.10839607343749999
0 0.34636287656250003 0.4444792265625 0.36050701875 0.516428925 0.360929796875 0.5163619640625 0.49607547343749997 0.45083579374999994 0.49134223749999995 0.4209513171875 0.48358645468750006 0.3760766015625 0.47975722187500003 0.376546771875 0.344557640625 0.43308140625 0.34636287656250003 0.4444792265625
0 0.45619393124999996 0.27462639218749996 0.456105234375 0.2695448734375 0.40540660156249997 0.12985369375 0.3266964 0.1375146 0.3750807171875 0.27624179843749996 0.45619393124999996 0.27462639218749996
0 0.4791012171875 0.38999669375 0.48926254687500004 0.3099816 0.488983984375 0.3077128890625 0.48307851562500004 0.30740339687499996 0.340429103125 0.345560090625 0.3354712359375 0.42234176718749994 0.4791012171875 0.38999669375
0 0.476106340625 0.27191455625 0.452865303125 0.200385996875 0.4509672765625 0.2006190453125 0.4492169953125 0.201187746875 0.3283357515625 0.287718534375 0.3540586703125 0.3648513203125 0.476106340625 0.27191455625
0 0.4870149515625 0.473176678125 0.35740623125000004 0.5070318765625 0.35744803593749996 0.5094268984375 0.3631041171875 0.58863574375 0.5112678703125 0.5478976906249999 0.51117435 0.542539828125 0.5082266578125 0.4713298390625 0.4953700578125 0.47155425156249997 0.4870149515625 0.473176678125
0 0.559003328125 0.9905415968750001 0.5680322359375001 0.9130459171875 0.5675293234375001 0.9089500218750001 0.5583596046875 0.908147775 0.4229431578125 0.909621078125 0.416339615625 0.9971135171875 0.559003328125 0.9905415968750001
1 0.5289703609374999 0.9323500156250001 0.5255834562499999 0.8051841062499999 0.47133716249999996 0.795416425 0.444903334375 0.7917013921875 0.4425222609375 0.7919937515625 0.44308207499999996 0.926814303125 0.528358671875 0.9367024109375001 0.5289703609374999 0.9323500156250001
0 0.39686143125 0.7460232046875 0.3979534953125 0.7460804375000001 0.52781474375 0.7269696875 0.53206909375 0.6457918406250001 0.5314095375 0.6404201828125 0.5313284609375 0.640415934375 0.402252009375 0.6634671640625001 0.39686143125 0.7460232046875
1 0.52510880625 0.7173098 0.407018203125 0.7577871593750001 0.41839832499999996 0.843024896875 0.5468331562500001 0.7960269656250001 0.5341889984375 0.71619489375 0.52510880625 0.7173098
0 0.510727084375 0.6713993359375 0.48049855781249995 0.5457539296875 0.4672802609375 0.5455232031249999 0.40599694375000006 0.544601040625 0.40128724687500006 0.54517931875 0.4277310890625 0.671798784375 0.5106731046874999 0.6744918703125 0.510727084375 0.6713993359375
0 0.6596342953125001 0 0.56711421875 0.0729028859375 0.5884912718749999 0.1412289015625 0.5902470015625 0.141013325 0.7435028421875 0.0354388359375 0.7306041609375 0 0.6596342953125001 0
0 0.7497935140624999 0.884085978125 0.833298096875 0.8554113078125001 0.832727021875 0.85076028125 0.7429047 0.690514971875 0.6695207062499999 0.7178020953125 0.6535798328125 0.7239212234375 0.7497935140624999 0.884085978125
0 0.7202658359375 0.221293521875 0.680643984375 0.0388316125 0.6317118046875 0.0351328578125 0.613958628125 0.034202453125 0.606934628125 0.035064890625 0.64135781875 0.2222171703125 0.7201579171875 0.22335270937499999 0.7202658359375 0.221293521875
0 0.7893114796875 0.5148525078125 0.6237757125 0.602605946875 0.6522394421875 0.6858807875 0.81994351875 0.6019357046875 0.7947802687500001 0.514181025 0.7893114796875 0.5148525078125
1 0.7111292578125 0.9671686484375 0.757918971875 0.9720864453125 0.8070580749999999 0.966052921875 0.7983877828125 0.7940915125 0.7438366484375 0.7883579578125001 0.7070622046875 0.7854106609375 0.7111292578125 0.9671686484375
0 0.6758635468749999 0.32713454999999997 0.7572834796875 0.313248578125 0.7566837890625 0.30836449843749997 0.6836112265625001 0.137900575 0.611073953125 0.148532334375 0.597662025 0.1506565765625 0.6758635468749999 0.32713454999999997
0 0.6868267890624999 0.5967646046875 0.7649667703125 0.6046170296875 0.7652772453125001 0.602088415625 0.7467374999999999 0.42438063281250005 0.6764161093750001 0.4128751765625 0.6609310484375001 0.4109738515625 0.6601147859375 0.411074075 0.67479856875 0.5952877234375 0.6868267890624999 0.5967646046875
1 0.7684735218750001 0.6002653234374999 0.68280799375 0.5987700265625 0.6719947000000001 0.6000977328125 0.671984396875 0.6006880421874999 0.7045663249999999 0.77930165625 0.7965728765625 0.7872407921875 0.7684735218750001 0.6002653234374999
0 0.6841831109375 0.4190351203125 0.772965290625 0.4025033609375 0.7718928 0.393768625 0.699826128125 0.22882121875 0.6653478765624999 0.2342820375 0.6057271562500001 0.2459847078125 0.6841831109375 0.4190351203125
1 0.608044284375 0.355062996875 0.6968216453125 0.48785954531250003 0.7083152765625 0.5044130328125 0.7962087578125 0.47641623437499997 0.7955608437499999 0.47113940000000004 0.687461575 0.32403859218750003 0.6583565140625 0.335210978125 0.608044284375 0.355062996875
0 0.1691296203125 1 0.1949381828125 0.9899679062500001 0.194425553125 0.9857928796875 0.1810493734375 0.916978396875 0.17697184999999999 0.9174790546875 0.17386732656249998 0.9180825125000001 0.0884165328125 0.9482799046875 0.09900714375 1 0.1691296203125 1
0 0.164390825 0.8387378703125 0.0783735703125 0.875820259375 0.0943286421875 0.95099611875 0.18608344062499999 0.9134125 0.170062825 0.8380414359374999 0.164390825 0.8387378703125
0 0.73741518125 0 0.7386826125 0.0429667046875 0.9091055890625 0 0.73741518125 0
1 0.1697321921875 0.86799248125 0.1722700296875 0.8676808734374999 0.172335721875 0.8639173359375001 0.151299328125 0.7666027078125001 0.108081615625 0.765126390625 0.08733836406249999 0.764764315625 0.07727358281249999 0.766000115625 0.0945373140625 0.8643321390625 0.1697321921875 0.86799248125
0 0.1069365953125 0.7956265921875 0.177946 0.7746510328125 0.1773923 0.770141515625 0.12484560156249999 0.686022834375 0.0675696671875 0.7023210078125001 0.054343540625 0.7066184375 0.1069365953125 0.7956265921875
0 0.148919703125 0.69886231875 0.1644715484375 0.62644711875 0.1638887546875 0.6217006328125 0.1603568578125 0.6212042578125 0.062454440624999996 0.6313542671875 0.051651873437499995 0.7082185171875001 0.148919703125 0.69886231875
0 0.7778084046875 0.073905125 0.8451058187499999 0.24763530312499998 0.932227496875 0.24205677812499998 0.8708628031250001 0.0666809078125 0.7913772546875 0.0722390796875 0.7778084046875 0.073905125
0 0.7720615890625 0.194186003125 0.7726858562500001 0.195901159375 0.87682255 0.3442937828125 0.9632641390625001 0.311261303125 0.9630519265625 0.3095329609375 0.8556459343749999 0.1600896265625 0.8313182140625001 0.1689441921875 0.7720615890625 0.194186003125
0 0.8655298484375 0 0.7471601421875 0.0658862140625 0.7629914828125 0.1398710578125 0.766614821875 0.1555654640625 0.76834745625 0.1553527234375 0.9436475703125 0.0541341140625 0.9421618046875 0.04769855625 0.9290338015625 0 0.8655298484375 0
0 0.935854175 0.444909603125 0.9365715890624999 0.43980494062500003 0.912443215625 0.258551821875 0.8291828906250001 0.2439113515625 0.8254321062500001 0.24437188906250001 0.84060214375 0.4296921046875 0.9344907734375001 0.44507700781250004 0.935854175 0.444909603125
0 1 0.762713359375 0.9280845187500001 0.63499166875 0.842997028125 0.6626382703125 0.9295621031250001 0.8356973312499999 1 0.8116313703125 1 0.762713359375
0 0.9636598796875001 0.7334043453125 0.9834852890624999 0.7342923406249999 0.9836002765625 0.73209824375 0.9525023203125 0.5434976421875 0.891006921875 0.5402748046875 0.8626742625 0.5389036078125 0.8576149781250001 0.539524809375 0.8859739734375 0.7293329984375 0.9636598796875001 0.7334043453125
0 0.9729319625 0.63241321875 0.9396568375 0.44724738906250006 0.8647484203125 0.4418836046875 0.85098400625 0.4411622421875 0.8432524812500001 0.442111553125 0.8737874046874999 0.6316792765625 0.9726987609375 0.6368630015625001 0.9729319625 0.63241321875
0 0.9173853921875 0.341075675 0.845973584375 0.34732339843750004 0.820087375 0.350501825 0.882599309375 0.5384074203125 0.975377053125 0.5285699953125 0.9752273390624999 0.5268587734375 0.9173853921875 0.341075675
0 1 0.7771959171875 0.848293728125 0.798524515625 0.8507591578125 0.8961885374999999 1 0.8789861734375 1 0.7771959171875
0 0.016553878124999998 0.411651446875 0.1263974421875 0.3941483078125 0.1301541625 0.3584054921875 0.13271025625 0.3293088171875 0.131886784375 0.32260218125 0.1291980921875 0.322319590625 0.0217501203125 0.34217567031249996 0.016553878124999998 0.411651446875
0 0.159540915625 0.6119325484375 0.10511614531249999 0.5373387015625 0.08919790625 0.542810775 0.0414184671875 0.5602010703125 0.0415596734375 0.5613510984375 0.0931179640625 0.6410794921875 0.1599894515625 0.6155855765625 0.159540915625 0.6119325484375
0 0 0.26375864375 0.0654418859375 0.3516615640625 0.13396737812499998 0.32672614843750003 0.1337070578125 0.324606009375 0.055946465625 0.240747521875 0.0075632203125000005 0.2571109140625 0 0.2600141609375 0 0.26375864375
0 0.038441668750000005 0.41270107031250003 0.029030560937499998 0.48495188437500003 0.0293072453125 0.48720529375000005 0.13403129375 0.4674260390625 0.13800570625 0.396246184375 0.1312082765625 0.39553174375 0.038441668750000005 0.41270107031250003
0 0.1375066828125 0.5662543609374999 0.1245429015625 0.47269747500000003 0.1090439875 0.4699995921875 0.058529270312500006 0.4629002125 0.05120374531250001 0.4637996734375 0.0672985375 0.558950846875 0.13694919218749999 0.570221121875 0.1375066828125 0.5662543609374999
0 0 0.126579334375 0.045348275 0.20880174375 0.084429303125 0.2046941625 0.11423621875000001 0.20103433437499998 0.11396201718750001 0.19842549062499998 0.0597585328125 0.10156676406250001 0.023001104687500003 0.10361444375 0 0.10643862500000001 0 0.126579334375
0 0.0419949 0.278034325 0.115867578125 0.2775019890625 0.1158686515625 0.277471278125 0.0817701796875 0.191648434375 0.0723553046875 0.1690798828125 0.018102171875 0.167185321875 0.008674376562499999 0.16834290937500002 0.0086653265625 0.1686020734375 0.0419949 0.278034325
0 0 0.142860121875 0.08139615 0.1531168625 0.0820591390625 0.1530354578125 0.082525253125 0.149239265625 0.0568412890625 0.0534368390625 0.0455259234375 0.0520474875 0.0100949015625 0.0563978703125 0.006280295312500001 0.0858707609375 0 0.1370196609375 0 0.142860121875