0 0.788389915625 0.94887599375 0.8306107953125 0.9343381796875001 0.75942934375 0.8425136703125 0.6983411703125 0.8623858562500001 0.6990389625 0.8690249046874999 0.7635062296874999 0.9567625109375 0.788389915625 0.94887599375
0 0.75156128125 0.766490796875 0.6872012328125 0.7862925921875 0.6872528499999999 0.7867837015625 0.7552533640625 0.8833023750000001 0.8204135109375 0.8632474203125 0.75156128125 0.766490796875
0 0.7811883484375 0.629174396875 0.7811249218749999 0.6279641296875 0.7424707921875 0.5225006328124999 0.672310640625 0.524309303125 0.66533998125 0.5250419484375 0.7048869203125 0.635617665625 0.7811883484375 0.629174396875
0 0.767876153125 0.7103021109375 0.7939099078125 0.70617876875 0.7411715 0.6016220453125001 0.6689828484375 0.612956240625 0.6698923953125 0.621610009375 0.71538405 0.7150872500000001 0.767876153125 0.7103021109375
0 0.686532759375 0.6803195093750001 0.6860827421875 0.6854632078125 0.7125615171875 0.7994277953125 0.78757945 0.8059910125 0.7911913375 0.8056113874999999 0.7653459921875 0.6867831171875001 0.686532759375 0.6803195093750001
0 0.7739956546875 0.45402789375 0.657082571875 0.4746091703125 0.6526856546875 0.552741234375 0.65520695 0.55296181875 0.767383203125 0.5296085515625 0.7739956546875 0.45402789375
0 0.757530921875 0.4775211625 0.7273791796875 0.361598559375 0.645639103125 0.36343070625 0.645639103125 0.364746109375 0.6753052078125 0.47995236874999997 0.757530921875 0.4775211625
1 0.6063108171875 0.0241059921875 0.606229475 0.0287660796875 0.6263427687500001 0.1635109921875 0.7038485515625 0.1643533171875 0.709481696875 0.1637612484375 0.68677656875 0.026276045312500003 0.6063108171875 0.0241059921875
0 0.737890384375 0.1325134546875 0.7374424234375 0.12825138281249998 0.7369746578124999 0.12821867343749999 0.5967008328125 0.1448843625 0.590794990625 0.220402528125 0.5904842671874999 0.2248460890625 0.59094351875 0.2292155765625 0.5945737046875 0.229469425 0.7306452359375 0.2150990984375 0.737890384375 0.1325134546875
1 0.60564595 0.34428396875 0.6321074203125 0.41698625624999996 0.637905090625 0.416376896875 0.756067340625 0.337932440625 0.7272812953125001 0.26562216250000004 0.60564595 0.34428396875
1 0.7025392390625 0.33085917187499997 0.7344282390625 0.3269436953125 0.6924449390625 0.1908637296875 0.6117138046874999 0.2026104234375 0.6120620999999999 0.2059242328125 0.66067671875 0.33511772500000003 0.7025392390625 0.33085917187499997
0 0.5402357484375 0.8923306640625001 0.5686509984375 0.970400921875 0.571315075 0.9701209171875 0.69361425625 0.87157780625 0.6653211890625 0.798490625 0.5402357484375 0.8923306640625001
0 0.6913563859375 0.8868042656249999 0.54492008125 0.967281615625 0.547007484375 0.99022719375 0.548452578125 0.9976615687500001 0.605212478125 0.9916958625 0.6697741125000001 0.9791463531250001 0.7046278703125 0.9718897265625 0.69158331875 0.8867804140625 0.6913563859375 0.8868042656249999
0 0.500316290625 0.6076458796875001 0.6485534671875001 0.5876229796875 0.6497597140625 0.5761463015625 0.654719475 0.5029874546875 0.6542937734375001 0.5029427125 0.50679365 0.53125785625 0.5036309343750001 0.5613490953125 0.499836875 0.60308454375 0.500316290625 0.6076458796875001
0 0.660894021875 0.8707617578125 0.6272756984375001 0.7277369859375 0.5464379765625 0.7208649 0.5459950234375001 0.7259278546875 0.5818142203125001 0.8701532390625 0.660894021875 0.8707617578125
0 0.5908285390625 0.5669616859375 0.510069509375 0.58085690625 0.510760715625 0.5874332921875001 0.588349215625 0.7117203984375 0.662785665625 0.69316130625 0.5908285390625 0.5669616859375
1 0.52575424375 0.650497715625 0.525930040625 0.653852121875 0.5779220578125 0.7922014796875 0.6316670765625 0.7893848234374999 0.6587182453125 0.78654163125 0.60075434375 0.645130321875 0.52575424375 0.650497715625
0 0.5177285234375 0.413083396875 0.5329913203125 0.544210496875 0.570641153125 0.548833315625 0.6146141375 0.551843125 0.6147129437500001 0.5510384234375 0.5950808296875 0.3993352234375 0.5177819968749999 0.39171564375 0.5169616296874999 0.3983969921875 0.5177285234375 0.413083396875
0 0.4737961125 0 0.4665082890625 0.00076598125 0.48033508437499994 0.11984257812500002 0.5571160625 0.11850236249999999 0.56801915 0.1173564015625 0.5501920625000001 0 0.4737961125 0
1 0.4618744859375 0.189672978125 0.5868488640625 0.16418840625 0.5871543906250001 0.07978453437500001 0.45320945156250003 0.10397653124999999 0.4538924765625 0.1235357890625 0.45761061718749996 0.1863804578125 0.45797100312500005 0.18980929062500002 0.4618744859375 0.189672978125
1 0.6037119093750001 0.3607387171875 0.60700313125 0.360039146875 0.5539374484375 0.23724533593750002 0.4727557671875 0.2557365171875 0.47380227656249996 0.26569339375 0.5256661890625 0.37628296875 0.6037119093750001 0.3607387171875
1 0.45606626562499997 0.21699197187500002 0.48272999531250005 0.29442906875 0.484858984375 0.2942053015625 0.6003973874999999 0.2303722171875 0.5743887765625 0.14840557031249998 0.45606626562499997 0.21699197187500002
1 0.6035193796875 0.4284409203125 0.6178673484375 0.3458880734375 0.48601230156249997 0.35864809062499997 0.474231475 0.43420584843750004 0.4743696078125 0.43552008593749997 0.48100285468750004 0.43657068906249996 0.6035193796875 0.4284409203125
0 0.3999776734375 1 0.3371475765625 0.8604377296875001 0.2665196234375 0.86460071875 0.267194128125 0.8710182124999999 0.315577790625 1 0.3999776734375 1
0 0.358403765625 0.15432328906249998 0.17247291874999998 0.17057035 0.1666220078125 0.2178942546875 0.1632823984375 0.25606617656249997 0.1635992359375 0.25908069375 0.1689918875 0.259552490625 0.3494732453125 0.24923466875 0.3586005046875 0.1561951390625 0.358403765625 0.15432328906249998
0 0.30461281875 0.9588283796875 0.3833010296875 0.9627121140625 0.3496946640625 0.776896953125 0.27680374375 0.7688204468750001 0.276469590625 0.7726398390625 0.304029046875 0.9587773078125 0.30461281875 0.9588283796875
0 0.19745108281249998 0.4598917421875 0.3743014171875 0.4268255265625 0.37480328749999997 0.333405775 0.1861997125 0.373249990625 0.1861997125 0.395490996875 0.1894290609375 0.4598917421875 0.19745108281249998 0.4598917421875
1 0.1646180203125 0.1651855984375 0.33984099843750004 0.1551380046875 0.341656553125 0.05862146875 0.1589367453125 0.07424241718749999 0.154037621875 0.14430314375 0.1532863984375 0.160960596875 0.15364985312499999 0.1644186296875 0.1646180203125 0.1651855984375
1 0.23593641562499998 0.6910535296875 0.31503404218750003 0.85911939375 0.38715608437500004 0.8459625953125001 0.40048570625 0.8433715796874999 0.3161728296875 0.6697303046874999 0.235227596875 0.6864616328124999 0.23544393281249998 0.6885199234375 0.23593641562499998 0.6910535296875
0 0.2955353265625 0.581955684375 0.33393697499999997 0.567214671875 0.38009896875 0.5483184750000001 0.379559115625 0.5469121078125 0.27916700156249996 0.3978276140625 0.1968239640625 0.4257120484375 0.1970303171875 0.42767535624999997 0.2955353265625 0.581955684375
1 0.3519375515625 0.226478359375 0.35131209375 0.2265440984375 0.178525809375 0.28718162187499996 0.18506568750000002 0.37913247499999997 0.1858644046875 0.3790485265625 0.3658860796875 0.3221266984375 0.3519375515625 0.226478359375
0 0.217151865625 0.73856705 0.39785695 0.6988756765625 0.40021070312499996 0.60601631875 0.214940171875 0.6440497703125 0.2132720890625 0.6758786765625 0.212296896875 0.7383126109375 0.217151865625 0.73856705
1 0.2102086796875 0.5540339140625 0.2047167078125 0.6483734515624999 0.20648298281250002 0.64837345 0.386365321875 0.5991265218749999 0.38557335312499996 0.5139984515625 0.3853375296875 0.51399845 0.2297816390625 0.5492359234374999 0.2102086796875 0.5540339140625
0 0.8169826375 0 0.837765678125 0.086815459375 0.9159593781250001 0.07918658125 0.894382971875 0 0.8169826375 0
0 0.8859538421875 0.0560469640625 0.8140054890625 0.07940005312500001 0.814332953125 0.0825156703125 0.8598192171875001 0.16708310937499998 0.9346601375000001 0.142765821875 0.8859538421875 0.0560469640625
0 0.189027978125 1 0.2527031515625 0.9701040359374999 0.2476365484375 0.9334410999999999 0.246540171875 0.9335563328125 0.061604140625000005 0.9628473234375001 0.06297917812500001 0.9759299296874999 0.06464011562500001 0.9864166703125001 0.067698665625 1 0.189027978125 1
1 0.9148374828125 0.235205340625 0.9394042062500001 0.229983521875 0.8955113812500001 0.1366975546875 0.82462403125 0.15053256875 0.8253900609375 0.15782085625 0.8621885109375 0.24469086093749998 0.9148374828125 0.235205340625
0 0.9126551734374999 0.218618275 0.840577378125 0.213431425 0.8403731515624999 0.219279696875 0.8583395203125 0.315486878125 0.9085625734375 0.318596765625 0.9212409953125 0.31903950625 0.933707259375 0.3177292484375 0.9126551734374999 0.218618275
0 0.9377992 0.2845799578125 0.8410296203125001 0.3215694015625 0.8417102875 0.32804551718749997 0.8502021015624999 0.3972057953125 0.8558360578125 0.3966136421875 0.9418176171875 0.364476065625 0.9377992 0.2845799578125
0 0.2090757015625 0.7458189921875 0.20906373125000002 0.74582025 0.04725244375 0.8365693296875 0.0697980875 0.9269949687500001 0.070579096875 0.92691288125 0.22969682812499997 0.8306435921875 0.2090757015625 0.7458189921875
0 0.205450015625 0.820342346875 0.14326852968749998 0.6500535203125 0.050362509374999996 0.6596768375 0.11604802656249999 0.8334619828125 0.1418385296875 0.83120560625 0.2056090953125 0.8221606328125001 0.205450015625 0.820342346875
0 0.0992104359375 1 0.244988634375 0.9320156453124999 0.2291880625 0.8458270328124999 0.2286725109375 0.84588121875 0.0479668375 0.9267182421875001 0.0512683875 0.9533076843750001 0.057830565625 1 0.0992104359375 1
0 0.12023014843749999 0.7441381265625 0.2130822109375 0.7127202265625 0.1033165546875 0.559302884375 0.021972320312499998 0.5857757390625 0.0226187625 0.591926221875 0.0226591984375 0.5920373171875 0.12023014843749999 0.7441381265625
0 0 0.3239076515625 0.169700040625 0.28039198125000003 0.165529425 0.1910219953125 0 0.2249234328125 0 0.3239076515625
0 0.151463503125 0.4486506875 0.106937321875 0.26121442968749997 0.046273528125000005 0.2622733203125 0.012291025 0.2630025109375 0.0123319984375 0.265349865625 0.053534310937499996 0.4512378828125 0.131792675 0.449871878125 0.1423652171875 0.44960695624999997 0.151463503125 0.4486506875
0 0 0.4791122171875 0.00777756875 0.5344524890625 0.01671675625 0.5335129421875 0.1869170796875 0.46753905625 0.17526372031249998 0.3713021546875 0 0.43561448125 0 0.4791122171875
0 0.0300019828125 0.45928425937500006 0.0300319609375 0.46100175625000006 0.0747734359375 0.6503671468750001 0.15972173125 0.64888436875 0.1724397265625 0.647547653125 0.1232399484375 0.45594264687499997 0.0300019828125 0.45928425937500006
0 0 0.231060403125 0.15980913125 0.1834944625 0.1496387203125 0.10651904062499999 0.1451736859375 0.08119656875 0 0.1283743203125 0 0.231060403125
0 0.9791310640625 0.658680159375 0.9715489625 0.5862928046875 0.867013375 0.6274072140625 0.86762591875 0.6344086046874999 0.874029959375 0.695338984375 0.8801786140625 0.694801046875 0.9791310640625 0.658680159375
0 0.9122818968749999 0.46416000625000003 0.9605490359375001 0.4465922046875 0.908361840625 0.3658912890625 0.8420602921875 0.3911679234375 0.842555971875 0.395884 0.896363659375 0.46963208125 0.9122818968749999 0.46416000625000003
0 0.8848555093750001 0.654182615625 0.8843509484375 0.65829194375 0.9007528593749999 0.7658944671875 0.9693507359375 0.7743172265625 0.9736278671875 0.7738676828125 0.944510215625 0.6639667078125 0.8848555093750001 0.654182615625
0 0.9166360656249999 0.6170554921875 0.9737587765625 0.6059519625 0.9246547843749999 0.51240470625 0.8550296921875 0.5295116046875 0.8554708765625 0.5337091859374999 0.9002687375 0.6198175499999999 0.9166360656249999 0.6170554921875
0 0.9266838890625 0.44482715937500006 0.8561425515625001 0.44336006406250006 0.856142553125 0.4473658078125 0.8820007750000001 0.5382079953125001 0.897724328125 0.538722590625 0.9387755765625 0.5387225890625 0.9558995625 0.5369227859375 0.9266838890625 0.44482715937500006
0 0.88852101875 0.8500955890625 0.8993334531249999 0.918362621875 0.9025249125 0.9180271859375001 0.994854421875 0.8598121953125 0.9871497281250001 0.7887568390624999 0.88852101875 0.8500955890625
0 0.89668951875 0.8463696031250001 0.96798464375 0.797060425 0.9889659015625 0.7820147515625 0.9872456375 0.7731647640625 0.9757506218750001 0.7196340015625 0.8750948468749999 0.7776049890625 0.8762456953125 0.7835255937500001 0.8913656124999999 0.84692916875 0.89668951875 0.8463696031250001
0 0.9062193000000001 0.9567558546875 0.9439026703125 0.9560980890625 0.9833812921874999 0.95194871875 0.9452743218749999 0.8622078109375 0.9035545875000001 0.860485365625 0.9050389734375001 0.9455258093750001 0.9062193000000001 0.9567558546875