0 0.1428869953125 0.22366649375 0.2292563625 0.147769225 0.2162822546875 0.1165782890625 0.2021208953125 0.0847713546875 0.19762647656250001 0.086060109375 0.11579759999999999 0.1617880390625 0.14217546875 0.2238705203125 0.1428869953125 0.22366649375
0 0.1354721125 0.1745266734375 0.185896 0.28184849375 0.25354872500000003 0.273413159375 0.2025441234375 0.166170421875 0.1354721125 0.1745266734375
1 0.327477121875 0.462117946875 0.299879003125 0.3932115171875 0.29289460312500004 0.3952142625 0.2083143046875 0.4592485296875 0.231319996875 0.5280982843750001 0.23293473437499998 0.5325347421875 0.327477121875 0.462117946875
0 0.281525121875 0.33159171718749997 0.2715946375 0.310295728125 0.2666053390625 0.3117263859375 0.1845664 0.3876059 0.21666790156250001 0.4566898859375 0.30074413906249997 0.3811191390625 0.281525121875 0.33159171718749997
0 0.2831349265625 0.311167890625 0.268672159375 0.24312592031250002 0.2660929203125 0.23413104375 0.1608328375 0.2931297515625 0.1780497296875 0.3720170171875 0.17809883124999998 0.3720065796875 0.2831349265625 0.311167890625
0 0.334005190625 0.469664915625 0.3315207671875 0.47014783906249996 0.2301270640625 0.5235164078125 0.24460361874999997 0.5979918359374999 0.35131471875 0.5459822296875 0.334005190625 0.469664915625
0 0.3772010578125 0.615942484375 0.352802546875 0.5438336578125 0.3498472921875 0.5446810640625 0.25048924375000003 0.60575805 0.2762455046875 0.6837106625 0.37867646875 0.6210878578125001 0.3772010578125 0.615942484375
1 0.390990790625 1 0.487418175 0.9150550171875 0.44649004999999997 0.8469391765625 0.4426275796875 0.8480467218750001 0.33960573125 0.936004046875 0.3786342984375 1 0.390990790625 1
1 0.3471920859375 0.9189293375 0.3483246828125 0.92187985625 0.3494747046875 0.9214384046875 0.469562740625 0.847051878125 0.44299989531249995 0.776113259375 0.44029530625 0.769067565625 0.43294792343750005 0.77117439375 0.3184938546875 0.8400230671875001 0.3471920859375 0.9189293375
1 0.412188825 0.747868546875 0.4177452796875 0.746275259375 0.4177246515625 0.7461691328125 0.35706497812500004 0.6135486234374999 0.3086465125 0.6229602203125 0.2850358328125 0.628284165625 0.280626090625 0.6295486390625 0.339546440625 0.7625674765625 0.412188825 0.747868546875
1 0.36415968125 0.8378575093749999 0.44162453749999997 0.8122704593750001 0.44070609687499995 0.809067475 0.370395828125 0.6902785625 0.32990878281249997 0.70174176875 0.29918416406250004 0.7111352281250001 0.36415968125 0.8378575093749999
1 0.2476992515625 0.21247460937499998 0.3936882328125 0.14790222343749998 0.3890967953125 0.09542185 0.3864191765625 0.070621215625 0.382790525 0.07093868125 0.24093104375 0.127901146875 0.2476992515625 0.21247460937499998
0 0.38120555 0.043955465625 0.38060982656250003 0.0382875453125 0.37869298125 0.031602709374999996 0.28527692656250003 0.0414211328125 0.2232820625 0.059197873437500007 0.2278108453125 0.1289689828125 0.22925962968750002 0.13402149531250002 0.38128516874999996 0.066995659375 0.38120555 0.043955465625
0 0.3400393671875 0.463223459375 0.3428461953125 0.5204970984374999 0.48758392656250005 0.4798333890625 0.487037746875 0.46419288124999997 0.48212504218749996 0.39601751875 0.47870447031249996 0.396136965625 0.3393595109375 0.44375494218749995 0.3400393671875 0.463223459375
0 0.40422325 0.1520817875 0.2730489359375 0.21388437031250002 0.28333801875 0.2960118234375 0.2836364671875 0.2959751796875 0.42090171875 0.22918195 0.41940983281250005 0.21703150781249997 0.40607924687499997 0.1518538984375 0.40422325 0.1520817875
0 0.4045450625 0.3062342140625 0.33383423749999996 0.3087034890625 0.328315021875 0.3102860984375 0.372022890625 0.44731412031250006 0.45540006093749996 0.45057165781249997 0.45522906250000006 0.4456749234375 0.4045450625 0.3062342140625
0 0.4091392015625 0.2172150203125 0.2960645171875 0.3107463640625 0.3271052859375 0.3858969203125 0.4423727140625 0.2846729296875 0.41449721093749997 0.21567863593749997 0.4091392015625 0.2172150203125
0 0.3615540265625 0.546446996875 0.39156541875 0.6193671140625 0.4100076515625 0.608290653125 0.5195303734375 0.53262540625 0.513177 0.51607430625 0.48792236093749997 0.459575575 0.48496165468749997 0.46042454375 0.4800746765625 0.4623004796875 0.3615540265625 0.546446996875
0 0.5702704187500001 1 0.580776896875 0.996987315625 0.6297541546875001 0.9751812359375001 0.6284730046875 0.9707133296875 0.569449396875 0.866911478125 0.4980094234375 0.898718603125 0.489262325 0.9027388140625 0.549185621875 1 0.5702704187500001 1
1 0.5928061078125 0.7953099578125 0.46941800312500004 0.8482908234375 0.49384345312500005 0.9313568484375001 0.61361505 0.87670904375 0.6039833859375 0.8342897609375 0.5928061078125 0.7953099578125
0 0.49432336718750003 0.7659803968750001 0.569893765625 0.7380798468750001 0.5678017796875 0.7307842250000001 0.56743200625 0.72982093125 0.5004962828124999 0.6242319453125 0.420090309375 0.6564435625 0.49432336718750003 0.7659803968750001
1 0.560708728125 0.7069066187499999 0.4481942140625 0.7716574328125 0.4756293796875 0.8531576843750001 0.5927368734375 0.782516715625 0.5647909953125 0.705736046875 0.560708728125 0.7069066187499999
0 0.4719871203125 0.6833142984375 0.5489117218749999 0.6535694046875 0.5479149 0.650093075 0.47131018437499994 0.5466715046874999 0.459052525 0.5516239203125 0.3977916390625 0.576546609375 0.4719871203125 0.6833142984375
0 0.55110810625 0 0.48636388750000004 0.039771865625 0.4878105234375 0.0445035984375 0.51215075625 0.11927083125 0.6653663140625 0.0110409453125 0.6625369734375 0 0.55110810625 0
0 0.8822031406249999 0.8012009703125 0.774838146875 0.6494063999999999 0.7047084421875 0.6842147562500001 0.6899001203124999 0.691759971875 0.690245034375 0.6929628296875 0.8019229031249999 0.8411969265625 0.8828716828125 0.8035324562499999 0.8822031406249999 0.8012009703125
0 0.537288565625 0.034007478125000004 0.5137586328125 0.0425716734375 0.6192674359375 0.20245049843750001 0.69223386875 0.1727114671875 0.69217788125 0.17251621718750001 0.6915417484375 0.17076845624999998 0.58377609375 0.018292873437500003 0.537288565625 0.034007478125000004
0 0.678766534375 0.662766878125 0.8287246546875 0.5416411906249999 0.8186274484375 0.5218243078125 0.7868574046875 0.46650899843750004 0.7833755359375 0.467507409375 0.779365078125 0.4695508390625 0.6368020249999999 0.5793014249999999 0.678766534375 0.662766878125
1 0.792723725 0.9298378109375 0.8316033109375001 0.9250639984375001 0.8819846765625 0.910617375 0.8389472687499999 0.74155111875 0.829871425 0.7426654921875 0.74374225 0.7577320578125 0.792723725 0.9298378109375
0 0.5774970203125 0.30710396093750003 0.5780790765625 0.306937059375 0.7248918296875 0.18418579375 0.6905396265625 0.1105172609375 0.6841946171875 0.1123366625 0.68311354375 0.112840775 0.5417741578124999 0.228127934375 0.5774970203125 0.30710396093750003
0 0.5938546015624999 0.40091938125000004 0.5972185421875 0.4096827453125 0.625028365625 0.4801629453125 0.6252485265625001 0.48007843437500003 0.7578444765625 0.39143517499999997 0.774397965625 0.37994154375 0.74734369375 0.2950070421875 0.7459271281250001 0.2913167625 0.7411288796875 0.29269263749999996 0.5938546015624999 0.40091938125000004
0 0.6212711703125 0.4103030546875 0.7153260546875 0.569611109375 0.7267843703125 0.5656656953125 0.7989032609375 0.5390431687499999 0.7967028828125 0.5313695390625 0.7050636 0.3844648796875 0.63681549375 0.4049507140625 0.6212711703125 0.4103030546875
1 0.8514815859375 0.6347325859375 0.8111092296875 0.55220656875 0.8099944812500001 0.5525262171875001 0.6646735140625 0.67251846875 0.7133304421875 0.7557947140625 0.714121378125 0.7555679171875 0.8514815859375 0.6347325859375
1 0.5761850859375001 0.37416850625000003 0.7546486703124999 0.31136308281249997 0.7526121390625 0.2822393265625 0.746547371875 0.2198026953125 0.7420416921874999 0.2201177640625 0.566043384375 0.27935065312499996 0.5761850859375001 0.37416850625000003
0 0.25241621406250003 1 0.24124276875 0.9679892578124999 0.17458752187499998 0.9785464109375 0.1668828484375 0.9807556906249999 0.1729368453125 1 0.25241621406250003 1
0 0.22751159843750002 0.8975870515625 0.15954669531250001 0.8999604375000001 0.1511358234375 0.9023722171875 0.17165715937499998 0.9966935296875 0.249211203125 0.9932093109375 0.2490482953125 0.9885442734375 0.22751159843750002 0.8975870515625
0 0.710398353125 0 0.7122079578125 0.051820289062500004 0.7152764859375 0.051713134375000004 0.801389025 0.0431337171875 0.8012763625 0.0399074515625 0.788193728125 0 0.710398353125 0
1 0.20160372031249998 0.80500191875 0.1230372015625 0.869074359375 0.1545351765625 0.936488196875 0.2358841765625 0.8752814531249999 0.20397423906249998 0.8043221828125 0.20160372031249998 0.80500191875
0 0.112589865625 0.84490488125 0.11325435937499999 0.851227115625 0.2106642 0.81578838125 0.2062726171875 0.7511039078125 0.20429098125 0.7441931234375 0.1984448875 0.744807571875 0.10717904062500001 0.7754828296875 0.112589865625 0.84490488125
0 0.16075145468750002 0.671375871875 0.092869603125 0.6785105421875001 0.0840980140625 0.6810257546875 0.1160400125 0.7712553078125 0.1949584203125 0.7686658625 0.194530275 0.7645923296875 0.16075145468750002 0.671375871875
0 0.8364174140625 0.0036687640624999997 0.7075991359375 0.1293120375 0.7524278 0.21172115625000001 0.881907125 0.07682044375 0.8406808343750001 0.002446246875 0.8364174140625 0.0036687640624999997
0 0.89749758125 0.2833639390625 0.8409972968750001 0.10637924531250001 0.81512405 0.10728275937500001 0.7509675031249999 0.11297784375 0.7510312015625 0.11480196406250001 0.8042152421875001 0.2881117421875 0.89749758125 0.2833639390625
0 0.7155648734375 0 0.7729527375 0.11214129531249999 0.8624323890625 0.09623789687499999 0.86138705 0.090860090625 0.813071375 0 0.7155648734375 0
0 0.9404994234374999 0.35905961249999996 0.939038175 0.35319886562499997 0.8579005921875 0.1917323390625 0.765706321875 0.212499115625 0.7623761921875001 0.2134540140625 0.8554009875 0.3773229859375 0.9386933000000001 0.359577509375 0.9404994234374999 0.35905961249999996
0 1 0.63722321875 0.9473237515624999 0.5657286453125 0.8662397625 0.60353873125 0.9732501890625 0.7647582078124999 1 0.7517903328125 1 0.63722321875
0 1 0.5762685656250001 0.92297785 0.4716573984375 0.866721909375 0.49670415625000003 0.8362348687500001 0.5104242906249999 0.8364939687499999 0.5110062359375 0.9480681437499999 0.6674411499999999 1 0.6443195984375001 1 0.5762685656250001
0 1 0.43911863437500004 0.9966780140625 0.418144440625 0.9890859828125 0.3916678828125 0.9881075078125001 0.3918228578125 0.8146759359375 0.462555090625 0.8280070859374999 0.55857395625 1 0.49203349531249996 1 0.43911863437500004
0 0.9071873500000001 0.47701128437499996 0.9905542109375001 0.4308002796875 0.9889426328124999 0.42518004062500003 0.8583276375000001 0.2821439578125 0.828846590625 0.2984855703125 0.7768219968750001 0.3285856734375 0.9071873500000001 0.47701128437499996
0 1 0.6567162390625 0.979211628125 0.6618993625 0.9087053781250001 0.6813810203124999 0.975802909375 0.8601257406249999 1 0.8551910734374999 1 0.6567162390625
0 0.0096230953125 0.489231359375 0.11475850000000001 0.4529199984375 0.1122514734375 0.41706785 0.10947318125000001 0.3851807578125 0.1084065671875 0.3814610359375 0.105043678125 0.381696190625 0.0026760531250000002 0.419908759375 0.0096230953125 0.489231359375
0 0.170024484375 0.6859512421875 0.1442233484375 0.600974815625 0.11052394843749999 0.6033313062500001 0.0713032390625 0.6066721390625001 0.0709397421875 0.6067763703125 0.10394298125000001 0.6968886421875 0.1705475796875 0.6934318625 0.170024484375 0.6859512421875
0 0 0.356099615625 0.0447580171875 0.4158435171875 0.10373408437500001 0.4025681234375 0.10266252499999999 0.39856900781250004 0.047146321875 0.30494595156250004 0.037260178125 0.307594934375 0 0.31827911875 0 0.356099615625
0 0.05614815468749999 0.575257496875 0.0566438234375 0.575115365625 0.1362654359375 0.5041863671875 0.10319899218749999 0.4414812640625 0.10073640625 0.4421874 0.0968173390625 0.44401488906250003 0.026143690625 0.506510209375 0.05614815468749999 0.575257496875
0 0.152765828125 0.586094834375 0.1372304171875 0.5273311828125 0.13429361875 0.517089353125 0.13361902187500002 0.517282790625 0.050686071875 0.5688819140625 0.06732611250000001 0.635004071875 0.0691658109375 0.6414198625 0.0697487 0.641252721875 0.152765828125 0.586094834375
0 0 0.27002418281249996 0.013055140625 0.282685159375 0.07570809687499999 0.25609055625 0.0743952265625 0.2515120296875 0 0.1802492421875 0 0.27002418281249996
0 0 0.32369659687499996 0.01692049375 0.3530758671875 0.0887800703125 0.3359394375 0.08877420625 0.33590927187499997 0.0362437375 0.25995655 0.021993345312500003 0.24008431406250003 0 0.2443593875 0 0.32369659687499996
0 0 0.223896403125 0.0322853796875 0.2228716390625 0.032927471874999996 0.22268752187500002 0.032793992187499996 0.21886515156250003 0 0.14523523437500002 0 0.223896403125