0 0.24921875 0.36953125 0.1671875 0.11875
0 0.28984375 0.5265625 0.1421875 0.109375
0 0.2734375 0.453125 0.128125 0.1265625
0 0.3140625 0.60859375 0.1578125 0.1328125
0 0.375 0.8421875 0.15625 0.125
0 0.19921875 0.134375 0.1328125 0.1328125
0 0.2375 0.284375 0.165625 0.115625
1 0.33671875 0.67578125 0.14375 0.14375
0 0.22109375 0.20859375 0.146875 0.146875
1 0.3625 0.75546875 0.1453125 0.1453125
1 0.41015625 0.9234375 0.1421875 0.1171875
0 0.41328125 0.453125 0.146875 0.146875
0 0.4375 0.54140625 0.1625 0.13125
1 0.48046875 0.70390625 0.125 0.1265625
0 0.3984375 0.3703125 0.14375 0.14375
0 0.35859375 0.2078125 0.14375 0.14375
1 0.5046875 0.7859375 0.1546875 0.121875
1 0.4640625 0.62265625 0.134375 0.134375
0 0.3390625 0.1203125 0.1515625 0.1515625
1 0.38515625 0.29140625 0.146875 0.146875
0 0.5515625 0.946875 0.14375 0.10625
1 0.5328125 0.86484375 0.14375 0.14375
0 0.1625 0.94296875 0.1453125 0.1015625
0 0.184375 0.98046875 0.153125 0.0390625
0 0.03203125 0.22265625 0.0640625 0.1171875
0 0.0921875 0.640625 0.1390625 0.1390625
0 0.11171875 0.715625 0.1578125 0.115625
0 0.62578125 0.12265625 0.159375 0.159375
0 0.609375 0.046875 0.16875 0.09375
0 0.6578125 0.21484375 0.1796875 0.1328125
1 0.15078125 0.86328125 0.1640625 0.11875
0 0.07890625 0.56796875 0.1578125 0.1140625
0 0.046875 0.3515625 0.09375 0.140625
0 0.134375 0.78984375 0.165625 0.1171875
0 0.684375 0.30234375 0.184375 0.1375
1 0.8265625 0.8421875 0.1796875 0.178125
1 0.71640625 0.38515625 0.1515625 0.1515625
1 0.78515625 0.6546875 0.16875 0.1671875
0 0.81171875 0.746875 0.1640625 0.1640625
0 0.76796875 0.56640625 0.1671875 0.16875
0 0.74921875 0.46875 0.18125 0.1234375
0 0.07109375 0.49453125 0.1421875 0.1171875
0 0.0609375 0.42109375 0.121875 0.1078125
1 0.040625 0.28515625 0.08125 0.1359375
0 0.825 0.10703125 0.165625 0.165625
0 0.80234375 0.053125 0.1828125 0.10625
0 0.89609375 0.38828125 0.178125 0.178125
0 0.84921875 0.19765625 0.175 0.175
0 0.92109375 0.58671875 0.1578125 0.1578125
0 0.90859375 0.484375 0.1828125 0.15625
0 0.87265625 0.290625 0.196875 0.153125
0 0.93828125 0.67890625 0.1234375 0.1359375
0 0.94765625 0.778125 0.1046875 0.1625