0 0.145045396875 0.2331772984375 0.20980470312500002 0.220566046875 0.20860278906250002 0.2149114828125 0.15492233125 0.1192832046875 0.1292629984375 0.124078378125 0.098867771875 0.13053908281249998 0.0865697046875 0.13501521249999998 0.145045396875 0.2331772984375
0 0.2250300484375 0.18665614375 0.11778731093749999 0.23766074218750002 0.1261435609375 0.3047327546875 0.2334653828125 0.25430886875000003 0.2250300484375 0.18665614375
1 0.2507178609375 0.419507259375 0.1886333 0.46432836093749996 0.1893110015625 0.4653330953125 0.27676177343749997 0.5358246062500001 0.3380008171875 0.49684601875 0.34165405937500004 0.4943818765625 0.3414520671875 0.49382690625 0.2507178609375 0.419507259375
0 0.3082333515625 0.434538346875 0.3062110859375 0.42898221718749996 0.2419728390625 0.3435812921875 0.20909464375 0.35313866875 0.16737500156250001 0.368323378125 0.2383093578125 0.4598823 0.3082333515625 0.434538346875
0 0.28208520937500003 0.359224878125 0.2804896453125 0.35431424375 0.21158629375000002 0.2597553703125 0.1526391015625 0.27890847343749997 0.136729303125 0.2846991671875 0.2070117125 0.38406988124999997 0.28208520937500003 0.359224878125
0 0.25205309374999996 0.6142857140625 0.2525277859375 0.6141761234375 0.3538329265625 0.5562518359374999 0.33878218125 0.49105990000000005 0.33579203281250003 0.482844534375 0.2319350484375 0.5380290859375 0.25205309374999996 0.6142857140625
0 0.3172154203125 0.6896704296875 0.3941698359375 0.6606016046875001 0.3280769078125 0.561047278125 0.3211955890625 0.5634167062500001 0.299807825 0.571201215625 0.25091385312500003 0.589272153125 0.3172154203125 0.6896704296875
1 0.4642345484375 1 0.5235144046875 0.9666283999999999 0.521477434375 0.9610318718749999 0.4364362578125 0.8574182218749999 0.375299353125 0.8905509625000001 0.3650501765625 0.896232175 0.44756074375 1 0.4642345484375 1
1 0.3958146515625 0.9239108281249999 0.478367753125 0.9152540468750001 0.48144908593749997 0.914132534375 0.48080019218750003 0.9088477203125 0.439271565625 0.7793105406249999 0.35871131875 0.7892020953125 0.35497327031250003 0.790562634375 0.3958146515625 0.9239108281249999
1 0.4378859140625 0.692218990625 0.40859912343750004 0.6197316421875 0.4019173484375 0.622163609375 0.2877778203125 0.7038162796874999 0.31906992343749996 0.775077890625 0.4378859140625 0.692218990625
1 0.3660287109375 0.7046044796875 0.3194788140625 0.7190841406249999 0.38938975937500003 0.842044840625 0.46112690624999997 0.8230796109374999 0.4609239234375 0.822371721875 0.398537134375 0.695282840625 0.3660287109375 0.7046044796875
0 0.3764575 0.20591364687499997 0.3753146375 0.202396278125 0.28808360781250003 0.0772488578125 0.22978769531249998 0.09619034843749999 0.20811801718749998 0.1040774671875 0.30348105937500003 0.2312726390625 0.3764575 0.20591364687499997
0 0.3427692859375 0.0360330515625 0.339933125 0.0367401875 0.20266515625 0.12182333593750001 0.2079412484375 0.15844594843749998 0.2303346265625 0.15286265000000002 0.362395240625 0.1180666703125 0.35430603125000004 0.079052709375 0.3453432515625 0.043104967187499996 0.3427692859375 0.0360330515625
0 0.47266919218750003 0.39894723125 0.33600733437499997 0.4537926984375 0.3377051609375 0.4731989546875 0.3435056125 0.53024720625 0.4859168109375 0.482064234375 0.4845528203125 0.46647374687500004 0.4760788234375 0.3986489265625 0.47266919218750003 0.39894723125
0 0.3357851640625 0.3096348140625 0.4107315515625 0.282147621875 0.40769576562500004 0.273806865625 0.3167995453125 0.161349003125 0.24487173437499998 0.194218065625 0.3357851640625 0.3096348140625
0 0.310657253125 0.3996095109375 0.3371296765625 0.47115272812500003 0.339194303125 0.47040126562499995 0.45541452656250003 0.3838013390625 0.432002540625 0.3060737515625 0.43172926718750004 0.30536184843749997 0.423398803125 0.3083938890625 0.310657253125 0.3996095109375
1 0.3784731375 0.3810929625 0.4444386015625 0.3473463125 0.4426734953125 0.342496725 0.3420250890625 0.23679196249999998 0.2687914640625 0.2725103875 0.3784731375 0.3810929625
0 0.50732104375 0.6052230671875 0.455642071875 0.46606733125 0.40536239218750003 0.47135193906249995 0.377369303125 0.4749728859375 0.3775868875 0.47704305312499995 0.3829329609375 0.49570036249999994 0.42799953906250005 0.6219886875 0.5077430421875 0.6092381203125 0.50732104375 0.6052230671875
0 0.5881634906250001 1 0.617207871875 0.989428709375 0.6637993343749999 0.959171859375 0.6630536390625 0.957123078125 0.584922109375 0.8660861609375001 0.513988865625 0.9093067390625 0.58644885625 1 0.5881634906250001 1
1 0.49600574531249997 0.8629968874999999 0.5340003921875 0.9382376453125 0.5343579468749999 0.9381075062500001 0.6424149531250001 0.8559750375 0.63292665625 0.8388576984375 0.6000736421874999 0.7828295046875 0.59385419375 0.7850931984375 0.49600574531249997 0.8629968874999999
0 0.57828919375 0.7451896765625 0.5764563546875 0.7378385656249999 0.519660778125 0.6269718515625 0.4462098046875 0.6442863625 0.43929935468750003 0.6468015609375 0.496259084375 0.766911440625 0.57828919375 0.7451896765625
1 0.5404832171875 0.8492164046875 0.6161546875 0.8145639375 0.6130137328124999 0.805934234375 0.5358306390625 0.7038761921875001 0.461470246875 0.740144178125 0.5404832171875 0.8492164046875
0 0.550116321875 0.61247641875 0.5143808140624999 0.5396608109375001 0.5077673796875 0.5420679046875 0.41402790156249997 0.6250817609375 0.450221478125 0.6956949796874999 0.550116321875 0.61247641875
0 0.4849852375 0 0.5694839015625 0.1111737765625 0.631856571875 0.092848134375 0.6374386999999999 0.09081640625000001 0.63571299375 0.085804590625 0.57878638125 0 0.4849852375 0
0 0.754163378125 0.8272264874999999 0.8999840656250001 0.7079928296875 0.88323598125 0.67944316875 0.8522428140624999 0.6278618765624999 0.8470619749999999 0.6297475484375 0.7105500671875 0.7483902375 0.754163378125 0.8272264874999999
0 0.6697942015625 0.09273645781249999 0.66431315 0.074808746875 0.644824359375 0.018763960937499997 0.6397371046875 0.020319290625 0.4846568484375 0.11817387343750001 0.50343115625 0.18506747343750002 0.5050383593750001 0.1894832296875 0.6697942015625 0.09273645781249999
0 0.7338654578125 0.4526300046875 0.66466606875 0.4634300484375 0.7183456078125 0.6436038625 0.810179134375 0.6344502875 0.809619428125 0.62912503125 0.7519015765625 0.45073433124999995 0.7338654578125 0.4526300046875
1 0.9303735828124999 0.7974410828125 0.8960067125 0.7267355078125 0.887804709375 0.73021705 0.7382008124999999 0.8232880421875001 0.7760461328125 0.9066487015625 0.9364878515624999 0.8129623078125 0.9336358703125001 0.8051265515624999 0.9303735828124999 0.7974410828125
0 0.6027191281250001 0.2928424578125 0.68828971875 0.2848463953125 0.6879016984375 0.2811546203125 0.6205152703125 0.10468011562499999 0.5850659625 0.1084059875 0.5371486390625 0.11401678125 0.536940290625 0.1140926125 0.6027191281250001 0.2928424578125
0 0.686494909375 0.36874844375000004 0.65087205 0.38931530937500003 0.608234403125 0.41520019062499997 0.608987615625 0.416504790625 0.7314656875 0.548049021875 0.807283828125 0.508230059375 0.8052892875 0.502750103125 0.686494909375 0.36874844375000004
1 0.7114839265625 0.7306400328125 0.71207330625 0.730425515625 0.8632797734375 0.627132503125 0.8331703015624999 0.5400253703125 0.8323951218750001 0.5403075125 0.6732591984375 0.6418705578125 0.7114839265625 0.7306400328125
1 0.7175078421875 0.200050084375 0.550040071875 0.2802902578125 0.5716615703125 0.3731653921875 0.7411408578125 0.2890788703125 0.7355702125 0.2604203890625 0.7219415406249999 0.199188259375 0.7175078421875 0.200050084375
1 0.7191837999999999 0.267248065625 0.718660040625 0.26757534843749997 0.5922080640625 0.40466222968750004 0.6379620609375001 0.47639036093750003 0.6381956703125 0.476305334375 0.7514365453125 0.363995146875 0.765492809375 0.34955413125 0.7202738234375 0.2668513296875 0.7191837999999999 0.267248065625
0 0.2883865734375 1 0.287982540625 0.9982499406249999 0.24948607812499998 0.9130732546875 0.1921718171875 0.9263052937499999 0.17544755781250002 0.9323924265624999 0.2045282625 1 0.2883865734375 1
1 0.149955675 0.8791642546875 0.17196021875 0.9548395562499999 0.260840571875 0.901016203125 0.239031328125 0.8298747625 0.149955675 0.8791642546875
0 0.1245843640625 0.8147662046875 0.150055803125 0.879572871875 0.1525397046875 0.885424575 0.2353319171875 0.8230544640625 0.21076652812500002 0.7586700828125 0.2099999609375 0.756864159375 0.2008934859375 0.7601786453125 0.1245843640625 0.8147662046875
0 0.21222946875 0.79230891875 0.21173029687499997 0.7882434796875 0.1763297703125 0.6956307390625 0.10874021874999999 0.7039296921875 0.100036121875 0.7070977234375 0.1333682734375 0.7962752859375 0.21222946875 0.79230891875
0 0.7471862734375 0 0.6873322015625 0.0194477671875 0.6748752734375 0.02398171875 0.7759728625 0.1779751203125 0.854523834375 0.15313998906249998 0.8647025718749999 0.14943523125 0.8642438 0.148023275 0.75992255 0 0.7471862734375 0
0 0.896812225 0.2328751203125 0.8960772406249999 0.23074056718749997 0.795653921875 0.0821916625 0.7579637921875 0.095169415625 0.7075258421874999 0.113527328125 0.8135616859375 0.26663357187500003 0.896812225 0.2328751203125
0 0.6858372625 0 0.7536894140625 0.09304539687499999 0.838389190625 0.063751790625 0.8351136718750001 0.054752378125 0.7938514750000001 0 0.6858372625 0
0 0.76064630625 0.3490402546875 0.9306379671875 0.2709257359375 0.9189549031249999 0.20905951875 0.9134593203125 0.1832048359375 0.9106677187500001 0.1755349734375 0.7452476124999999 0.2619506328125 0.76064630625 0.3490402546875
0 1 0.5707021484375 0.980793603125 0.5287022953125 0.9053476874999999 0.5503360609375 0.8862551234374999 0.5572851875 0.9751942734375 0.7289960578125 1 0.72203661875 1 0.5707021484375
0 1 0.4692318375 0.8433434546875 0.5186183296875 0.8491049875 0.5734356484375 0.8538864203125 0.6158267015625001 0.855273165625 0.61568095 1 0.56764015 1 0.4692318375
0 1 0.4946345328125 0.8995065109375 0.3464872125 0.806723096875 0.38397414687500003 0.9171169062500001 0.5405394375 1 0.50888225 1 0.4946345328125
0 0.9744277703125 0.3567280984375 0.9666020484375 0.3200763921875 0.9477204640625001 0.26819966562499997 0.7734222015625 0.3432409953125 0.7920049828125 0.4388411078125 0.7922055109375 0.43939205625 0.9744277703125 0.3567280984375
0 1 0.6270199375 0.9327023625 0.6394273046875 0.9839659375 0.82333978125 1 0.8215053796875 1 0.6270199375
0 0 0.464162546875 0.012911235937500001 0.525011903125 0.11257653906250001 0.4731957765625 0.10519696406250001 0.4352311515625 0.0990618578125 0.4080577140625 0.098450740625 0.4063786828125 0.09243884687500001 0.4075472765625 0 0.452740090625 0 0.464162546875
0 0.113822115625 0.6320446015625001 0.0680557296875 0.655363740625 0.12968889687500001 0.729103103125 0.1922357390625 0.6960299609375 0.1899916828125 0.6898644640625 0.1289548234375 0.6246733703125 0.113822115625 0.6320446015625001
0 0 0.40449774843749997 0.046254228125000005 0.446380815625 0.100951590625 0.422386603125 0.0992788625 0.41779081875 0.0274384 0.3370650421875 0 0.35044764375000004 0 0.40449774843749997
0 0.027572915625 0.5343723687499999 0.057113793749999996 0.601337396875 0.0574041640625 0.6012317109375 0.1375885109375 0.5397358921875 0.11438225625000001 0.47448827031249996 0.11312319687500001 0.47120830781249995 0.1059167625 0.4738312359375 0.027572915625 0.5343723687499999
0 0.06645301875000001 0.66109899375 0.1571442140625 0.6246615921875 0.15451712812500001 0.5882392734375 0.15108113125 0.5555479375 0.1494527078125 0.55107388125 0.14841359999999998 0.551183096875 0.0596042703125 0.5899842109375 0.06532620156249999 0.6580030906250001 0.06645301875000001 0.66109899375
0 0 0.31217469375 0.057670318750000005 0.29433539375 0.056891939062499994 0.2921968171875 0 0.2309269203125 0 0.31217469375
0 0 0.356757290625 0.0137069515625 0.36543300625 0.035918645312500004 0.37896750468749996 0.08702958281249999 0.3430202015625 0.0863137015625 0.3410533328125 0.08630299999999999 0.3410374671875 0 0.2758594640625 0 0.356757290625