0 0.8743669125 0.186864775 0.8695070015624999 0.1853789515625 0.86690904375 0.18970267968750001 0.8501048609374999 0.2482291890625 0.9453106124999999 0.3168495171875 0.9644263843750001 0.2483163625 0.8743669125 0.186864775
0 0.7911171359375 0.321909109375 0.7908994765624999 0.322271353125 0.842444421875 0.3656788 0.943629059375 0.30351656875 0.891484921875 0.2595957875 0.7911171359375 0.321909109375
0 0.8062720171875 0.492879571875 0.735696125 0.46317321875 0.6636787203125001 0.556422209375 0.663977784375 0.5566019046874999 0.6680476625 0.5581641859375 0.7364854265624999 0.582367965625 0.8058377015625 0.49401100624999994 0.8062720171875 0.492879571875
0 0.70563440625 0.486420753125 0.7758183390625 0.5118589203125 0.8467329140625001 0.42032553437500003 0.8411081390625 0.416945828125 0.8227694890624999 0.41027110312500004 0.772154859375 0.395557915625 0.70734653125 0.481716728125 0.70563440625 0.486420753125
0 0.7385943015625 0.391119246875 0.8002655546874999 0.4398444875 0.9005696515625001 0.3703150109375 0.9007113953125 0.370079109375 0.8384849203125 0.32146246093749997 0.741395909375 0.3867524015625 0.7406262406249999 0.38773753437499997 0.7385943015625 0.391119246875
0 0.7681945515625 0.569477246875 0.7688552875 0.5683776 0.731202509375 0.54413151875 0.7019652390625 0.5265639953125001 0.6213390203125 0.60446734375 0.6185980203125 0.6090291328124999 0.6824097953125 0.6473711140625 0.7681945515625 0.569477246875
0 0.5753051499999999 0.687930446875 0.6498314093750001 0.7215553390625 0.7228808046874999 0.62662924375 0.6481415828125 0.5922631625 0.5758191187499999 0.6867196109375 0.5753051499999999 0.687930446875
1 0.45281761875 1 0.5569737531250001 0.9167863437499999 0.49450379218749996 0.8617555593749999 0.389394759375 0.9484321250000001 0.38858276406250003 0.9493662171875 0.3867955296875 0.9523406734375 0.4426858953125 1 0.45281761875 1
0 0.5226898421875 0.9358510953125 0.5857685828125 0.8122046140625001 0.58031128125 0.8089255359375 0.5050027125 0.785901396875 0.44161110312499996 0.9062592468749999 0.439822178125 0.9121105546875 0.5226898421875 0.9358510953125
1 0.6296818171874999 0.65321558125 0.509931421875 0.7322393546875 0.5084196609375 0.734755346875 0.5655704203125 0.78887414375 0.68624935625 0.7071401734375 0.66575561875 0.6868549453125 0.6296818171874999 0.65321558125
1 0.5359667953125 0.713011821875 0.52406636875 0.705861325 0.4873965421875 0.7673546578125 0.5863238843749999 0.8684499328124999 0.6315608890625 0.79952724375 0.5359667953125 0.713011821875
0 0.810833771875 0.13629845000000002 0.6725539656249999 0.2102562109375 0.6717633171874999 0.21110407968749997 0.6709662437499999 0.21243063125 0.7325324203125 0.26899504687500003 0.8680291531250001 0.1903792546875 0.8487505109375 0.1716563796875 0.810833771875 0.13629845000000002
0 0.8145707109375 0.2170384453125 0.831316003125 0.23059851562499997 0.8326232125 0.231383965625 0.85276555 0.200600896875 0.7751305484375 0.08199841249999999 0.7556452640625 0.0702904734375 0.7334078921875 0.097751340625 0.710387715625 0.128619746875 0.7096920812499999 0.1297774765625 0.8145707109375 0.2170384453125
0 0.669628803125 0.48856212968749996 0.5488071265625 0.40438011874999996 0.5455519843750001 0.403322459375 0.5220379140625 0.4675027015625 0.517201784375 0.482386775 0.6451241828125001 0.5613703671875 0.6636090343750001 0.5070890765625 0.669628803125 0.48856212968749996
0 0.7382609890625 0.36716871875 0.7882353234374999 0.3011887984375 0.7058775125000001 0.1825704359375 0.7037453671875 0.18128931406249998 0.6599095 0.2307338515625 0.65254226875 0.2405105 0.7380208484375 0.3669877578125 0.7382609890625 0.36716871875
0 0.6572675796875 0.5051755250000001 0.7025375328125001 0.4435603125 0.6180638234375 0.3230303046875 0.612198384375 0.31950599375 0.61167490625 0.320200675 0.5677452328125 0.3884640078125 0.6561913109375 0.5045288390625 0.6572675796875 0.5051755250000001
0 0.6465565718749999 0.2517508578125 0.6457770375 0.2513187546875 0.617886921875 0.2977357015625 0.6050907671875 0.320820575 0.7091895187499999 0.4308878296875 0.74742261875 0.3649147625 0.6465565718749999 0.2517508578125
0 0.5722760265625 0.643809940625 0.6212243390625 0.5819868875 0.5315200203125 0.4697217921875 0.5229294531249999 0.464560059375 0.4838468296875 0.5109978265625 0.47317747499999996 0.5251565390625 0.5576013015625 0.628079196875 0.5722760265625 0.643809940625
0 0.2472226953125 0.9054370296875 0.3482243375 0.9921206796875 0.35650025625000004 0.9970933531249999 0.4042592171875 0.9254377968749999 0.303515015625 0.844947540625 0.2892883234375 0.83639928125 0.2472226953125 0.9054370296875
1 0.4395235859375 0.8404277828125 0.3294231203125 0.76265130625 0.3250966921875 0.7698516921875 0.3150781796875 0.7895141296875 0.29256911093750004 0.83824474375 0.3983614953125 0.9166002765625001 0.4395235859375 0.8404277828125
1 0.52398840625 0.7034231203125 0.43578214531250004 0.610888925 0.4320648859375 0.60865536875 0.3852761953125 0.6754765453125 0.4725562390625 0.7728387921875 0.47342613125 0.7734478984375001 0.52398840625 0.7034231203125
1 0.370612053125 0.6880338984375001 0.3642434359375 0.698633059375 0.33568698124999996 0.762771903125 0.44758154218749996 0.8414097984375 0.48063504687499997 0.762021859375 0.370612053125 0.6880338984375001
0 0.575646228125 0.5928473203125 0.50755139375 0.5519318171875 0.4174949984375 0.6403451375 0.4151826625 0.6441935125 0.4866343640625 0.685679765625 0.575646228125 0.5928473203125
0 0.4599242390625 0 0.590244690625 0.128343403125 0.594374340625 0.12147051093750001 0.6239338625 0.06437920312499999 0.5664469546875 0 0.4599242390625 0
0 0.1481826625 0.7626898718749999 0.2559214953125 0.610366759375 0.24696194375 0.6049833171875 0.2305643265625 0.5966283125 0.1752674203125 0.5708993437500001 0.0627290515625 0.7202756078125 0.1481826625 0.7626898718749999
0 0.5244360421875001 0.003061390625 0.4075001203125 0.1504814390625 0.40587981093750003 0.15395620625 0.47304345000000003 0.18340720625 0.5950549984375 0.0392897390625 0.5249671421875 0.0033090453125000003 0.5244360421875001 0.003061390625
0 0.2266941609375 0.397758684375 0.22108021249999998 0.3943854828125 0.1649742015625 0.46619790156249996 0.28902033125000004 0.6068534796875 0.346606746875 0.5403050921875 0.2266941609375 0.397758684375
1 0.106115153125 0.6473571984375 0.031237126562500002 0.8016555484375001 0.073051834375 0.8267803593749999 0.11881042500000001 0.840770165625 0.19357266875 0.675050178125 0.158570015625 0.6633942609375 0.106115153125 0.6473571984375
0 0.3516618359375 0.2457709 0.428639596875 0.2763706703125 0.5406793765625 0.121589540625 0.53136693125 0.11599405781250001 0.5291468734375 0.1151418578125 0.4604051796875 0.0896610796875 0.35332489218749996 0.24143848750000002 0.3516618359375 0.2457709
0 0.2079619109375 0.4766730828125 0.2789852453125 0.51018730625 0.2900560921875 0.5151163624999999 0.397153653125 0.3652890921875 0.39141800937500004 0.3618427703125 0.382618996875 0.357925196875 0.31641605 0.331569103125 0.2089981140625 0.47434572968750005 0.2079619109375 0.4766730828125
1 0.30239958125 0.607872521875 0.1678074640625 0.47539359687499994 0.16715875 0.4750038109375 0.1195956265625 0.55394903125 0.24607807187500003 0.68648114375 0.24654784687500003 0.6867634140625001 0.30239958125 0.607872521875
0 0.4875669 0.29270763125 0.36241179375 0.156659015625 0.3581131640625 0.1540761390625 0.32353685312499997 0.205135275 0.30670525937500004 0.23314775000000001 0.4362330421875 0.3701236203125 0.4875669 0.29270763125
1 0.384225553125 0.446681590625 0.43370175 0.3774030109375 0.31723354375 0.2370622 0.3123694671875 0.23413956875 0.26353862031249997 0.3133014140625 0.2768198359375 0.3284582859375 0.384032378125 0.4465463265625 0.384225553125 0.446681590625
0 0.7316807546875 1 0.7396117109375 0.99031753125 0.730624278125 0.9849173359375 0.670485065625 0.95294075 0.63335395625 1 0.7316807546875 1
1 0.64919669375 0.9684625546875001 0.7212385625 0.9978815875 0.7788573375000001 0.9154639890625 0.7739400187500001 0.912509365625 0.750889415625 0.9022465765625001 0.7110969468749999 0.8853199796875 0.6509045625 0.9646266203125 0.64919669375 0.9684625546875001
0 0.768459953125 0.820799109375 0.6858686953124999 0.873257709375 0.6827768390625 0.878403421875 0.7346579296875 0.9265872921874999 0.8230415375 0.873464103125 0.804986421875 0.8554089875 0.768459953125 0.820799109375
0 0.768666146875 0.7457437328125 0.765195003125 0.7442703203125001 0.7618525671875 0.7498330671875 0.73847284375 0.8182002546874999 0.8170288484375 0.8763167187500001 0.8473572562499999 0.8048674625000001 0.768666146875 0.7457437328125
0 0.23717208906249998 0 0.2278004390625 0.021049071875 0.3685444296875 0.14415158125 0.40602007812499996 0.058148976562499996 0.3349383 0 0.23717208906249998 0
0 0.35843532968749997 0.1333418390625 0.2159792875 0.0296140515625 0.2098574078125 0.02726408125 0.17541953593749998 0.10434918281250001 0.1738703734375 0.10838488906249999 0.323767809375 0.2201356375 0.35327634531249996 0.1467814515625 0.35843532968749997 0.1333418390625
0 0.2673278984375 0 0.25682011562499996 0.01126734375 0.2544185171875 0.0161913515625 0.3367331203125 0.05471189375 0.3861707 0 0.2673278984375 0
0 0.3046802375 0.21952881875000002 0.15878825000000002 0.10313721406250001 0.154584459375 0.110133496875 0.1442565390625 0.13446455 0.1209834953125 0.19296487812500002 0.272946978125 0.30208015 0.3046802375 0.21952881875000002
0 0 0.6255542375 0.10769925625000001 0.4793799640625 0.09318474375 0.470658765625 0.0190094546875 0.4360702609375 0 0.4647094734375 0 0.6255542375
0 0 0.4505097765625 0.085751271875 0.565818878125 0.0868036265625 0.5667336765625001 0.1150348578125 0.5347514765625 0.15119635 0.4931524359375 0.0364188171875 0.3435842578125 0.0326646140625 0.3413285046875 0 0.37890484375 0 0.4505097765625
0 0.0085786 0.3986343953125 0.0024966375 0.4087564828125 0.0812233109375 0.45969553124999996 0.2217565046875 0.32950373125 0.1387946015625 0.2735452203125 0.0085786 0.3986343953125
0 0.08054095624999999 0.22729506718749998 0.07410390624999999 0.23800811562500002 0.18626034375 0.40059489375 0.2518287 0.32777385625 0.1365330515625 0.16736126093749998 0.08054095624999999 0.22729506718749998
0 1 0.5271960015625 0.9891465125 0.5180954421874999 0.9599350375 0.49444045625 0.875104821875 0.555951734375 0.873545409375 0.5578774484375 0.8715774828124999 0.5611526296875 0.9227119343749999 0.6051704359375 1 0.551992178125 1 0.5271960015625
0 0.8750958046875 0.761082975 0.83184231875 0.6793394687500001 0.8287817593750001 0.6775005000000001 0.8148652359374999 0.6905376109375 0.7770159703124999 0.7270882234375 0.8267417187499999 0.8094860593750001 0.8750958046875 0.761082975
0 1 0.45527137968750003 0.97058654375 0.4218297140625 0.9611011390625 0.416130309375 0.9314528828125 0.4660920125 0.9986121265625 0.5614349109375001 1 0.559213478125 1 0.45527137968750003
0 0.937170865625 0.5779521328125 0.9206999421875001 0.563121646875 0.8328120984374999 0.6165677921875 0.831228175 0.619203884375 0.8872355140625 0.667171809375 0.9727426156250001 0.614743628125 0.9734376015624999 0.613971765625 0.937170865625 0.5779521328125
0 0.8754215546875 0.62884100625 0.7988016171875 0.6832905765625 0.7957812640624999 0.6872987203124999 0.7951834671875 0.6882936203125001 0.8549090890625 0.7303092296875 0.9328196921874999 0.6713623828124999 0.8981980374999999 0.64527309375 0.8754215546875 0.62884100625
0 1 0.3977881859375 0.9379092390625001 0.4386230234375 0.937645925 0.43906125156250003 0.9976706734375 0.4817389203125 1 0.47991505781250005 1 0.3977881859375