0 0.6512167109375 1 0.65509186875 0.917599503125 0.590406446875 0.8922303375 0.588744734375 0.8967958578124999 0.586551359375 1 0.6512167109375 1
0 0.5770726625 0.8753890156249999 0.578380425 0.9430495921875 0.5792484765625 0.9432499968749999 0.6903768359375 0.904037590625 0.6890772968750001 0.836459540625 0.5770726625 0.8753890156249999
1 0.7486151453125001 0.6056833359375 0.7493537 0.6010202828125 0.632526325 0.6167731421875 0.6232576843750001 0.6904198953125 0.630337328125 0.6920543609375 0.7353573515625 0.6770540703125 0.7486151453125001 0.6056833359375
0 0.6383837390625 0.6531131078125 0.6367403390625 0.6568042453125 0.62451333125 0.7687439 0.6868900046874999 0.796515784375 0.6942906062499999 0.798224346875 0.7077167796875 0.68965490625 0.6383837390625 0.6531131078125
0 0.6005608484375 0.76753483125 0.577644159375 0.8304979203125 0.574619925 0.8435973156250001 0.6952751453125 0.8476417078124999 0.72187665 0.7733178859375001 0.6005608484375 0.76753483125
0 0.752854203125 0.5152400874999999 0.7523673203125 0.5152570890625 0.6418709671875 0.5527872125 0.6444964796875 0.6279720515625 0.645699396875 0.628249765625 0.7580521734375 0.593934371875 0.752854203125 0.5152400874999999
0 0.76478793125 0.4481259875 0.68868214375 0.41690279375 0.6691235640625 0.5347874890625001 0.6803719171875 0.5397955796875 0.7448063703125001 0.5667702 0.76478793125 0.4481259875
1 0.7466296734375 0.0885074984375 0.745429425 0.09332143281250001 0.7369015671875 0.228024775 0.7766939359375 0.23834899375 0.8156582890624999 0.2473446234375 0.8266575968750001 0.10790179687499998 0.7466296734375 0.0885074984375
1 0.8421229796875 0.226698815625 0.8436926437500001 0.2198998546875 0.8416722968749999 0.21920419375 0.7049680828125 0.197622271875 0.6774453312500001 0.2731843515625 0.6759906609375 0.2794852234375 0.6778144765625 0.280113215625 0.8161755296875001 0.30011186093750003 0.8418011156249999 0.22763357499999998 0.8421229796875 0.226698815625
1 0.749034965625 0.4807313296875 0.7778682296875 0.480375503125 0.7478362546875 0.337750371875 0.6691313640625001 0.3369799234375 0.668471078125 0.339839934375 0.6997177796875 0.47987049531250003 0.749034965625 0.4807313296875
1 0.70711574375 0.252536775 0.70124434375 0.39386051875 0.7414429453125 0.4062974890625 0.7469763609375 0.40788417031249996 0.7724686984375 0.413769540625 0.7868516703124999 0.27348684843750004 0.70711574375 0.252536775
0 0.504605121875 0.82752655 0.428463134375 0.8237521187500001 0.42740290937500003 0.828344459375 0.4611830640625 0.9761029000000001 0.5455941531249999 0.982005496875 0.504605121875 0.82752655
0 0.5589105203125 0.95331795625 0.5592884796875001 0.9516808359375 0.5384675546875 0.942842878125 0.4120585140625 0.8911561234375001 0.3950396578125 0.9271822640625 0.3808078375 0.9607103296874999 0.37895551875 0.968733603125 0.3810540578125 0.9696243796875 0.54188545 0.98428388125 0.5589105203125 0.95331795625
0 0.47231838593750003 0.61311068125 0.6194728671874999 0.6185922390624999 0.625815059375 0.6001731734375 0.6437196968750001 0.545697746875 0.494022815625 0.5317912265625 0.488927659375 0.5465886328125 0.4690821984375 0.611996371875 0.47231838593750003 0.61311068125
0 0.532931825 0.9023871484375 0.5451559859375 0.755973875 0.4703983328125 0.724457903125 0.4684125234375 0.729136178125 0.4579105078125 0.8773714125 0.532931825 0.9023871484375
0 0.46767969374999996 0.716842184375 0.6023199328125 0.6815422359375 0.6100180421875 0.5975616734375 0.6086794203125 0.597252628125 0.46260812968750004 0.641842053125 0.461321128125 0.7155743015625 0.46674203593749997 0.7168258171875 0.46767969374999996 0.716842184375
0 0.500309765625 0.8093103078125001 0.5770226625 0.8119891812500001 0.5360588703125 0.6652371609375 0.45594037812500005 0.6630593703125001 0.45574494374999996 0.6639058859375 0.455675171875 0.665903909375 0.500309765625 0.8093103078125001
0 0.5367420609375 0.5646085796875 0.5473910578125001 0.56706709375 0.5863930015625 0.5746483046875001 0.6142215875 0.5793699625000001 0.61461876875 0.5773266359375 0.6149611609375001 0.5579215234375 0.6087869109375 0.4239752046875 0.5297116015625 0.41298065 0.52819156875 0.419564634375 0.5367420609375 0.5646085796875
0 0.7248569890625001 0.1296612625 0.7435728609375001 0.043939331250000005 0.601382909375 0.0305923421875 0.5925495171875 0.0643942203125 0.5820166703125 0.110016996875 0.593374259375 0.112639103125 0.7248569890625001 0.1296612625
1 0.6881574171875 0.10579211562499999 0.604721515625 0.085585109375 0.6035839625 0.089830515625 0.59144799375 0.2164613078125 0.644099565625 0.23276714531249998 0.6610254828125 0.23730243125 0.6722565546875 0.23989532812499997 0.6881574171875 0.10579211562499999
0 0.543929278125 0.2738598625 0.5722166984375 0.3951734546875 0.6517887640625 0.3961954984375 0.6551535140625 0.39619550000000003 0.6287777125 0.2650520515625 0.5443374249999999 0.26627778125 0.543929278125 0.26804565937499997 0.543929278125 0.2738598625
1 0.552738153125 0.21348947499999998 0.547081484375 0.29438359531249997 0.55197679375 0.295513765625 0.6803675734375 0.282200721875 0.6884534421875 0.1965876484375 0.552738153125 0.21348947499999998
0 0.5180229015625 0.381641028125 0.508934559375 0.45716190156250003 0.51862078125 0.4593981421875 0.6378941328125001 0.44729040624999994 0.6493523078125001 0.3642871109375 0.5180229015625 0.381641028125
0 0.1601467046875 0.77041605625 0.158603975 0.7770983578124999 0.1762328 0.93840450625 0.1856647921875 0.9405820531250001 0.2473634703125 0.9536965125 0.23985832812500002 0.785970896875 0.2341360140625 0.7847545828125 0.1601467046875 0.77041605625
0 0.47793476874999996 0.12325004843750001 0.2954242171875 0.0844360921875 0.2759927921875 0.12798152812500002 0.2619585921875 0.16271739062499999 0.26108644375 0.166495084375 0.2660794296875 0.1685123828125 0.44169124843749996 0.21141304375 0.47736171406250005 0.125732221875 0.47793476874999996 0.12325004843750001
0 0.11763976093749999 0.8120845203125 0.2988786984375 0.8399745328125 0.3306397546875 0.7728524375 0.1424653171875 0.7377113609375 0.1348402828125 0.7548374703125 0.1127799703125 0.809920803125 0.11763976093749999 0.8120845203125
0 0.3088112625 0.4240768265625 0.3786665546875 0.4291200625 0.36689310937499997 0.24148882343750003 0.2769054296875 0.22994867968750002 0.27497974687500004 0.2382897296875 0.2908109734375 0.42186666875 0.3088112625 0.4240768265625
1 0.3520082484375 0 0.328921553125 0.1294301265625 0.380784775 0.14728806562500002 0.41409892031249995 0.1578445390625 0.4159852703125 0.1582800375 0.448815790625 0 0.3520082484375 0
0 0.14015602031250002 0.7293544421875 0.32625941875 0.732930234375 0.3484571796875 0.6519081640625 0.15802950468750002 0.6459347203125 0.1553768375 0.654798128125 0.1357899625 0.7231056765625 0.134707984375 0.7277922453125 0.14015602031250002 0.7293544421875
0 0.2465626453125 0.4062101734375 0.242955934375 0.4053774984375 0.2426276359375 0.40652240781250004 0.24038566718749999 0.5929164874999999 0.26730604687500004 0.6006357828125 0.322386478125 0.6158767562499999 0.3225078984375 0.6154533140625 0.33150065781250004 0.4564197296875 0.332283571875 0.4362824859375 0.2465626453125 0.4062101734375
0 0.21688581562499998 0.4827459453125 0.394348959375 0.44645533125 0.394348959375 0.42526492187500003 0.3928092359375 0.35534440156249997 0.39217165781249996 0.35534440156249997 0.2161475109375 0.3958402875 0.21309896093749997 0.4720086671875 0.21309895937499998 0.48187168125 0.21688581562499998 0.4827459453125
1 0.3994918765625 0.164653346875 0.3138267546875 0.1301610015625 0.28603196406250003 0.3171819890625 0.3576436265625 0.34045002812499997 0.3783499265625 0.3452304546875 0.378428565625 0.3449884296875 0.3994918765625 0.164653346875
1 0.166216378125 0.6581714812499999 0.34969315624999997 0.6343806328125 0.360131178125 0.542079775 0.1722508234375 0.56382110625 0.1678150171875 0.5953835125 0.16140205937500002 0.6574948734375 0.166216378125 0.6581714812499999
0 1 0.1398331984375 0.9625876484375 0.1321963125 0.9383996171875 0.1986523828125 0.93668975 0.206058634375 0.9379662953125001 0.206523259375 1 0.2171918578125 1 0.1398331984375
0 1 0.2191086859375 0.9437394984375 0.2115230359375 0.9233829 0.270642890625 0.9201970234375001 0.2844424390625 1 0.2966904140625 1 0.2191086859375
0 0 0.87402780625 0.111744790625 0.873734475 0.1201044875 0.8466145796875001 0.1220616078125 0.838137359375 0 0.80313675625 0 0.87402780625
1 0.9673830406249999 0.3845322015625 0.9977656109374999 0.39099021875 0.9996078453124999 0.28973351875 0.924816071875 0.27138109843749997 0.9232221656249999 0.278285065625 0.9252410546875 0.37483668125 0.9673830406249999 0.3845322015625
0 0.972743840625 0.459432784375 0.98659769375 0.46064483906250003 0.9729637890625 0.3581626578125 0.89872878125 0.3496477859375 0.897968753125 0.3529398359375 0.9136528609375001 0.4520558421875 0.972743840625 0.459432784375
0 0.9736623156249999 0.4265431421875 0.9732255437499999 0.42644230624999996 0.87345528125 0.45302451406250005 0.8747778546875 0.5287946796874999 0.8785514265625001 0.5296658765625 0.9693193203125 0.5062012015625 0.9736623156249999 0.4265431421875
0 0.0047075375 0.7811331578125 0.06437174375 0.797120134375 0.095028978125 0.8041979140625 0.087974234375 0.6184230703125 0.003782878125 0.5953336250000001 0.0047075375 0.7811331578125
0 0.0464225625 0.69702421875 0.07229580937499999 0.69792773125 0.13669334375 0.69672185625 0.13675704375 0.694897734375 0.09579203750000001 0.5183002 0.0038722171875 0.5165572 0.0031623531250000005 0.5196319609375 0.0464225625 0.69702421875
0 0 0.8864927578125 0.012448814062499999 0.8893667921875 0.07633231406249999 0.9013356234375 0.0655947921875 0.703131690625 0 0.686871959375 0 0.8864927578125
0 0 0.54749006875 0.1628916796875 0.56869625 0.20023036093750002 0.48852427968749995 0.016176696875 0.45500873437499995 0 0.4908261953125 0 0.54749006875
0 0.1389133265625 0.023104460937499998 0.1388262515625 0.023408128125 0.11383835312499999 0.21513523750000002 0.20124255937500002 0.24019799062499997 0.2090763171875 0.24200655625 0.2247263765625 0.0482436859375 0.1389133265625 0.023104460937499998
0 0.17747012499999998 0.3405473015625 0.215739609375 0.1524866 0.1441312203125 0.122090640625 0.12580514062499998 0.11447550937499999 0.12494666406249999 0.11649795624999999 0.089663978125 0.304360678125 0.14634847499999998 0.3284218203125 0.1725034890625 0.33940066406249997 0.17747012499999998 0.3405473015625
0 0.23166925312500003 0.26621155 0.04027703125 0.2869613921875 0.0283043953125 0.3711313515625 0.027260370312499997 0.37963425625 0.0373653375 0.381967171875 0.2194716453125 0.365553103125 0.23166925312500003 0.26621155
0 0.0809442734375 0.51808165 0.17885076718749998 0.5146626796875 0.1260102296875 0.322840903125 0.033017848437500004 0.3278000046875 0.0328672421875 0.328452353125 0.0329047328125 0.3295259453125 0.0809442734375 0.51808165
0 0.1043946 0 0.10038328593750001 0.008224414062500001 0.09033014375000001 0.051769354687500005 0.094787271875 0.0539432421875 0.2613676265625 0.112686415625 0.298384609375 0.044433975 0.30965649375000004 0.0213231828125 0.24401940781250003 0 0.1043946 0
0 0.8575617078125 0.8275735843750001 0.892271409375 0.8343333203125001 0.883423053125 0.72114615 0.817331896875 0.7091623828125 0.815352278125 0.717737059375 0.8207762453124999 0.8194078578124999 0.839711475 0.8237793999999999 0.8575617078125 0.8275735843750001
0 0.845915034375 0.57613508125 0.9337878375 0.598223990625 0.9661252250000001 0.5323062843749999 0.8718117031249999 0.5141700375 0.8713491265625001 0.51503895625 0.8427975999999999 0.5710744812499999 0.8420803546875 0.5741812140625 0.845915034375 0.57613508125
0 0.7847108625 0.788142884375 0.8276707609375 0.8953372578125001 0.878704528125 0.8973997203125 0.8891281765624999 0.8973997203125 0.8585540640625 0.7883872249999999 0.7849070609375 0.7870961796875 0.7847108625 0.7879460093749999 0.7847108625 0.788142884375
0 0.8173873281249999 0.653392878125 0.8471169281250001 0.747765259375 0.8637152265625 0.7478873203124999 0.9218982234374999 0.7468717328125 0.8897845421874999 0.64621885 0.8179317421875 0.6509965234374999 0.8173867078124999 0.653357328125 0.8173873281249999 0.653392878125
0 0.9114170234375001 0.5795072078125 0.8425749328125001 0.5720389625 0.8412698531249999 0.5776918859375 0.858765265625 0.6686383124999999 0.8743841359375001 0.6705213484375 0.93251985 0.6756075625 0.932712590625 0.6747727109375 0.9114170234375001 0.5795072078125
0 0.8353965328124999 1 0.8329156359375001 0.9363465968750001 0.768226140625 0.9077996640625001 0.7675918375 0.9094520781250001 0.7705610265625 1 0.8353965328124999 1
0 0.834134728125 0.8540205656250001 0.7604234812499999 0.858416440625 0.760407828125 0.8584842390625 0.7989350468749999 0.9423697437499999 0.8095181671875 0.964414628125 0.8725117375 0.9633150734375 0.8730061750000001 0.9611734328124999 0.834134728125 0.8540205656250001