0 0.77421875 0.5703125 0.1640625 0.18125
0 0.63828125 0.66015625 0.146875 0.146875
0 0.69921875 0.6171875 0.1328125 0.146875
0 0.565625 0.7046875 0.1515625 0.1515625
0 0.3640625 0.8375 0.1625 0.1625
0 0.94375 0.42890625 0.1125 0.1609375
0 0.8390625 0.515625 0.165625 0.165625
1 0.503125 0.73984375 0.1625 0.1625
0 0.90234375 0.4703125 0.1609375 0.1609375
1 0.43125 0.78203125 0.15625 0.1734375
1 0.28359375 0.875 0.1515625 0.1515625
0 0.5953125 0.5234375 0.1546875 0.1734375
0 0.51875 0.57265625 0.165625 0.165625
1 0.378125 0.6640625 0.146875 0.15625
0 0.6625 0.47109375 0.16875 0.184375
0 0.80078125 0.37734375 0.153125 0.171875
1 0.30546875 0.709375 0.146875 0.159375
1 0.4453125 0.615625 0.15625 0.15625
0 0.8734375 0.32578125 0.184375 0.184375
1 0.725 0.421875 0.1671875 0.1671875
0 0.1609375 0.79921875 0.1421875 0.1546875
1 0.23125 0.74921875 0.153125 0.153125
0 0.709375 0.87734375 0.153125 0.153125
0 0.64453125 0.91953125 0.15 0.15
0 0.659375 0.13515625 0.175 0.175
0 0.7296875 0.08515625 0.165625 0.1703125
1 0.5734375 0.1828125 0.171875 0.171875
1 0.51640625 0.96015625 0.1515625 0.0796875
0 0.76875 0.8328125 0.1609375 0.1609375
0 0.93984375 0.7078125 0.1203125 0.165625
0 0.57890625 0.93828125 0.1453125 0.1234375
0 0.4953125 0.2296875 0.19375 0.19375
1 0.0609375 0.53515625 0.121875 0.2078125
1 0.41640625 0.26953125 0.1890625 0.1890625
1 0.18515625 0.42421875 0.171875 0.1890625
0 0.103125 0.475 0.1890625 0.1890625
0 0.25703125 0.3703125 0.196875 0.1953125
0 0.3359375 0.31015625 0.1796875 0.178125
0 0.828125 0.78828125 0.1546875 0.1703125
0 0.88984375 0.74609375 0.140625 0.1578125
1 0.96484375 0.665625 0.0703125 0.1625
0 0.521875 0.04921875 0.190625 0.0984375
0 0.28046875 0.1515625 0.1921875 0.1921875
0 0.44296875 0.071875 0.2046875 0.14375
0 0.11171875 0.2671875 0.196875 0.2140625
0 0.1984375 0.20546875 0.20625 0.20625
0 0.36171875 0.096875 0.2046875 0.19375
0 0.06171875 0.31875 0.1234375 0.20625
0 0.0234375 0.371875 0.046875 0.203125