0 0.63046875 0.75078125 0.128125 0.1734375
0 0.4734375 0.71015625 0.10625 0.1390625
0 0.546875 0.7265625 0.125 0.1265625
0 0.39140625 0.6859375 0.125 0.15
0 0.1578125 0.625 0.1421875 0.1421875
0 0.865625 0.80078125 0.109375 0.159375
0 0.715625 0.7625 0.115625 0.165625
1 0.32421875 0.66328125 0.1375 0.1375
0 0.79140625 0.77890625 0.1125 0.1625
1 0.24453125 0.6375 0.1375 0.1375
1 0.0765625 0.58984375 0.115625 0.1421875
0 0.546875 0.58671875 0.121875 0.1703125
0 0.45859375 0.5625 0.115625 0.1515625
1 0.29609375 0.51953125 0.125 0.1234375
0 0.6296875 0.6015625 0.1296875 0.171875
0 0.7921875 0.64140625 0.128125 0.1734375
1 0.2140625 0.4953125 0.1171875 0.1515625
1 0.37734375 0.5359375 0.140625 0.140625
0 0.8796875 0.6609375 0.128125 0.1796875
1 0.70859375 0.61484375 0.121875 0.153125
0 0.0578125 0.4484375 0.115625 0.13125
1 0.13515625 0.4671875 0.1234375 0.15
0 0.059375 0.83671875 0.11875 0.1234375
0 0.01796875 0.81484375 0.0359375 0.1515625
0 0.7765625 0.971875 0.140625 0.05625
0 0.35859375 0.9078125 0.1046875 0.1546875
0 0.28515625 0.88828125 0.1140625 0.1578125
0 0.87734375 0.37421875 0.15625 0.15625
0 0.94296875 0.38984375 0.1140625 0.1578125
1 0.78515625 0.3421875 0.1265625 0.175
1 0.1359375 0.84921875 0.1234375 0.1640625
0 0.4328125 0.92265625 0.128125 0.128125
0 0.64609375 0.946875 0.1140625 0.10625
0 0.21015625 0.86640625 0.1453125 0.1453125
0 0.69765625 0.315625 0.1484375 0.1890625
1 0.1578125 0.1734375 0.1640625 0.165625
1 0.61484375 0.28359375 0.1671875 0.1671875
1 0.3453125 0.21484375 0.165625 0.165625
0 0.253125 0.18828125 0.1375 0.178125
0 0.43359375 0.23203125 0.1546875 0.1953125
0 0.53125 0.25078125 0.1671875 0.1671875
0 0.5046875 0.9296875 0.10625 0.140625
0 0.57734375 0.94296875 0.1328125 0.1140625
1 0.7140625 0.95703125 0.10625 0.0859375
0 0.8921875 0.17734375 0.146875 0.2046875
0 0.946875 0.196875 0.10625 0.18125
0 0.6109375 0.1046875 0.1453125 0.2
0 0.80078125 0.15234375 0.14375 0.2
0 0.4140625 0.07109375 0.178125 0.1421875
0 0.5171875 0.08046875 0.165625 0.1609375
0 0.7109375 0.125 0.178125 0.178125
0 0.32109375 0.05625 0.1703125 0.1125
0 0.22265625 0.04296875 0.1671875 0.0859375