0 0.67578125 0.72109375 0.121875 0.121875
0 0.5140625 0.7109375 0.10625 0.1046875
0 0.5890625 0.71328125 0.1140625 0.115625
0 0.42890625 0.703125 0.1 0.1359375
0 0.18828125 0.6875 0.128125 0.128125
0 0.91640625 0.725 0.0875 0.1515625
0 0.76171875 0.71640625 0.128125 0.128125
1 0.35859375 0.69375 0.09375 0.14375
0 0.8390625 0.71796875 0.0921875 0.1515625
1 0.275 0.68359375 0.0890625 0.15
1 0.1015625 0.66953125 0.11875 0.11875
0 0.5625 0.57578125 0.09375 0.15625
0 0.47109375 0.56875 0.1046875 0.1453125
1 0.30390625 0.5578125 0.1 0.1328125
0 0.646875 0.575 0.1078125 0.1578125
0 0.8140625 0.5828125 0.103125 0.159375
1 0.21875 0.55 0.0921875 0.1390625
1 0.38671875 0.559375 0.1109375 0.1109375
0 0.903125 0.58515625 0.1375 0.1375
1 0.72734375 0.57265625 0.1109375 0.1453125
0 0.05 0.534375 0.1 0.140625
1 0.1359375 0.5375 0.125 0.125
0 0.1296875 0.915625 0.1078125 0.1078125
0 0.0546875 0.909375 0.109375 0.115625
0 0.86953125 0.9484375 0.1109375 0.103125
0 0.4390625 0.92734375 0.078125 0.14375
0 0.3625 0.92265625 0.1171875 0.1171875
0 0.846875 0.3046875 0.0921875 0.16875
0 0.9359375 0.303125 0.128125 0.128125
1 0.74921875 0.290625 0.1046875 0.165625
1 0.21015625 0.9125 0.1234375 0.1234375
0 0.5140625 0.928125 0.121875 0.1203125
0 0.7359375 0.9390625 0.1203125 0.1203125
0 0.2859375 0.91484375 0.128125 0.1265625
0 0.65859375 0.28125 0.1390625 0.1390625
1 0.1015625 0.24453125 0.1453125 0.1453125
1 0.571875 0.265625 0.1140625 0.1578125
1 0.29375 0.25 0.146875 0.1484375
0 0.1984375 0.240625 0.1109375 0.1640625
0 0.384375 0.25 0.115625 0.1703125
0 0.48359375 0.24921875 0.109375 0.1765625
0 0.5875 0.9265625 0.090625 0.146875
0 0.6625 0.928125 0.09375 0.14375
1 0.803125 0.9359375 0.1140625 0.1140625
0 0.82421875 0.10625 0.1546875 0.1546875
0 0.9171875 0.11328125 0.1234375 0.190625
0 0.53203125 0.09140625 0.1140625 0.1828125
0 0.72890625 0.10078125 0.10625 0.1828125
0 0.33125 0.078125 0.1484375 0.1484375
0 0.43671875 0.08359375 0.14375 0.14375
0 0.6359375 0.09140625 0.140625 0.1390625
0 0.23359375 0.08046875 0.1203125 0.1609375
0 0.13203125 0.0765625 0.1171875 0.153125