0 0.944912296875 0.7330343781249999 0.945412684375 0.72827350625 0.9149619609374999 0.7239939359374999 0.880045903125 0.7209269703125 0.8308524359374999 0.8274769 0.9017739046875001 0.83316471875 0.944912296875 0.7330343781249999
0 0.8719406515625 0.748229890625 0.7586456312500001 0.7132330359375 0.7597053234375 0.780815271875 0.87300285 0.8163981937499999 0.8719406515625 0.748229890625
0 0.5829642234375 0.782780915625 0.6313025828125001 0.68843615625 0.632321403125 0.6811868796875 0.55944599375 0.66592671875 0.5065161 0.77126054375 0.5111655546875 0.7720803671875001 0.5829642234375 0.782780915625
0 0.596650196875 0.6799953734375 0.595447590625 0.7546374421875 0.7051213703125 0.7919016375 0.7065056125 0.78205224375 0.706786559375 0.7659568671875 0.7042196421875 0.71330965 0.6016553546875001 0.6800827390624999 0.596650196875 0.6799953734375
0 0.7349687 0.8097456671875 0.8075298734375 0.7143947734375 0.8077377828125 0.7129154265625 0.7341272671875 0.6861233890625 0.65926245625 0.7816701734375 0.6592452875 0.7817173453125 0.7349687 0.8097456671875
0 0.51027340625 0.772771659375 0.5568477984375 0.6680852140625 0.5574033218750001 0.6641324562500001 0.4835918796875 0.652441871875 0.43287538281250004 0.7575408312499999 0.4327991703125 0.7580220140625 0.51027340625 0.772771659375
0 0.35843116875000003 0.6407841828125 0.35374745 0.722410525 0.46854715625 0.7565895406250001 0.47384651718750004 0.6744987640625 0.359745771875 0.640830090625 0.35843116875000003 0.6407841828125
1 0.017642225 0.6669613921875001 0.15289590625 0.7019147421875 0.15571889218749999 0.6818281484375001 0.16044243593750002 0.6212036140625 0.030301525000000003 0.58541174375 0.025359100000000002 0.5849793375 0.017642225 0.6669613921875001
0 0.23166631249999997 0.7198544515624999 0.24316982656250002 0.6546147875 0.24582689531250002 0.6357087625 0.12263028125 0.588971146875 0.11309178906249999 0.5876306 0.0997845703125 0.6717789062499999 0.23166631249999997 0.7198544515624999
1 0.2988057921875 0.7399172468749999 0.33949529375 0.751584775 0.40578907343750004 0.6314483375 0.40692580312500004 0.6233600859374999 0.34596899531249997 0.603898034375 0.3354474328125 0.600881025 0.2625954734375 0.729233084375 0.2988057921875 0.7399172468749999
1 0.19136129375 0.699968859375 0.3331780125 0.710248871875 0.333302759375 0.7093612499999999 0.33003938593750004 0.678312321875 0.3247717734375 0.63656476875 0.1845754984375 0.6178063593750001 0.19136129375 0.699968859375
0 0.9562414718750001 0.644014478125 0.8341327703125 0.5456248453125 0.8330433718749999 0.5452283375 0.8315108328124999 0.545012953125 0.8034988359374999 0.6237863953125 0.9288078453124999 0.7177941578125 0.9385095765625 0.692732465625 0.9562414718750001 0.644014478125
0 0.9554113359375 0.723004403125 0.967448046875 0.68949976875 0.9857524671875 0.636339875 0.99516178125 0.569389121875 0.9730751015625 0.5642095546875 0.872932490625 0.6981120140625 0.872915515625 0.69823279375 0.9554113359375 0.723004403125
0 0.47836772656250004 0.6002496625 0.621870009375 0.6432821484375 0.6228060640625 0.6366217796875 0.626482571875 0.5664698125000001 0.49059478125 0.517368434375 0.485818609375 0.5171181265625 0.47836772656250004 0.6002496625
0 0.7914967140625 0.6864662375 0.8733942812500001 0.56010189375 0.8737258921875 0.557742353125 0.794292490625 0.5379373828125 0.717126609375 0.6603448625 0.716861540625 0.661407996875 0.7914967140625 0.6864662375
0 0.7047052046875 0.57763311875 0.5812903359375 0.5208917453125 0.5704661140625 0.5193705 0.559824521875 0.592267121875 0.6968805828125 0.66202604375 0.6985545875 0.6514567921875 0.7047052046875 0.57763311875
1 0.7835386234375 0.53621423125 0.7837239890625 0.5335633843750001 0.768673559375 0.5314481843750001 0.70840758125 0.5272339765625 0.6477574390624999 0.66813975 0.7288219890625001 0.674438475 0.7835386234375 0.53621423125
0 0.5469061953125001 0.61771005625 0.5462018796875 0.573639815625 0.5435558375 0.5357996375 0.413407234375 0.5136951 0.39878109375 0.512160628125 0.39206596562499996 0.5126301953125 0.395629596875 0.5902218718750001 0.5460974265625 0.6177666125 0.5469061953125001 0.61771005625
0 0 0.557891515625 0.05046188124999999 0.5766125328125 0.1185461234375 0.4569450921875 0.1199725328125 0.45341460468749994 0.120158103125 0.45209420624999996 0.1012521828125 0.4441919875 0.0397628890625 0.4193487 0 0.49533268125 0 0.557891515625
1 0.15058914375000002 0.58129151875 0.19917024218749999 0.46247193593749997 0.2001432453125 0.45554865624999996 0.17220375625 0.44858255781249995 0.11965866562500001 0.4376124 0.0671094875 0.5583194921875 0.15058914375000002 0.58129151875
1 0.239236596875 0.5579883999999999 0.3673208203125 0.590807459375 0.3694880265625 0.57538698125 0.372139846875 0.5083149296875 0.25247295937500003 0.4737172140625 0.2449071859375 0.4733207078125 0.239236596875 0.5579883999999999
1 0.248757875 0.5862174312499999 0.2770020359375 0.4544589796875 0.264708184375 0.4527311921875 0.22318436875 0.452006390625 0.19161627187500002 0.452224240625 0.165941671875 0.5853011828125 0.248757875 0.5862174312499999
1 0.46188421249999995 0.510057209375 0.46251545 0.5084948421875 0.46328612500000005 0.503011203125 0.392511453125 0.4742180359375 0.313663615625 0.5806679765625 0.39181496562499996 0.610887225 0.46188421249999995 0.510057209375
0 1 0.3391650671875 0.873485771875 0.2822091203125 0.8707105875 0.2819174375 0.8613057046874999 0.358156615625 0.860694196875 0.363974721875 1 0.416231134375 1 0.3391650671875
0 0.1174169078125 0.19610578437499998 0.126909121875 0.28569581093749996 0.311232321875 0.305049284375 0.3122246265625 0.2979886671875 0.31153825468749996 0.2881730734375 0.3052553703125 0.210132553125 0.1174471859375 0.1961036671875 0.1174169078125 0.19610578437499998
0 0.778176325 0.3487600546875 0.9568604562499999 0.41529023125000003 0.961791284375 0.3802055625 0.9655978171875 0.341915303125 0.792788175 0.27121121718749996 0.7907415328125 0.270959921875 0.778176325 0.3487600546875
0 0.41313552343750004 0.3741289171875 0.4786521625 0.2028167171875 0.479946840625 0.1936046140625 0.4267608734375 0.18518078437500002 0.38967095937499996 0.1799681375 0.327012546875 0.35602600156249997 0.41313552343750004 0.3741289171875
1 0.16253328125 0.32718475156250004 0.17563740781249998 0.152163815625 0.1751007078125 0.1419229765625 0.167612759375 0.1408706140625 0.1549427859375 0.141220578125 0.0848072296875 0.1448962265625 0.065999759375 0.3273155828125 0.16253328125 0.32718475156250004
1 0.8656749171874999 0.3292658671875 0.69721095625 0.24380198125 0.6958252468749999 0.2435074390625 0.6935484328125 0.243187453125 0.6766831453125 0.32729620000000004 0.8476251640625 0.41142234218749996 0.85826399375 0.364131521875 0.8656749171874999 0.3292658671875
0 0.581346303125 0.31913356875 0.589194990625 0.278755578125 0.4236471125 0.2099888640625 0.418102165625 0.209209571875 0.4050219078125 0.294609428125 0.56927438125 0.367588109375 0.570753128125 0.3678755484375 0.581346303125 0.31913356875
1 0.40343371250000004 0.26454954062499997 0.2505607671875 0.17146246406250001 0.24581224062499998 0.1707951015625 0.21290222499999997 0.25977659218750004 0.3777686953125 0.3532308703125 0.37835214375000004 0.351627859375 0.40343371250000004 0.26454954062499997
0 0.6897146203125 0.4082860390625 0.7610180515625 0.23699772812500003 0.7616685999999999 0.23236883437500003 0.7002985328125 0.222046140625 0.6709315218749999 0.21791887656250003 0.5958351875 0.39155488125 0.6897146203125 0.4082860390625
1 0.51952253125 0.3873449328125 0.6046238140625 0.3896224703125 0.6570026234374999 0.21062700625000003 0.6570196375 0.209652265625 0.6526573515625 0.20903918593749998 0.5626124328125 0.21270568124999997 0.5574735765625001 0.23219192500000002 0.5195266468749999 0.3871091453125 0.51952253125 0.3873449328125
0 0 0.8816349671875001 0.0563109875 0.908449140625 0.07841044999999999 0.836165053125 0 0.7957954 0 0.8816349671875001
0 0.07687978906250001 0.799004490625 0.07575281406249999 0.7985491640625 0.072220553125 0.7980527359375 0.042752665625000005 0.8689411609375 0.1261858953125 0.9216334234374999 0.154985634375 0.8503515687500001 0.07687978906250001 0.799004490625
0 1 0.13251475625 0.915346584375 0.123617325 0.9123022562499999 0.15936165625 1 0.195061915625 1 0.13251475625
1 0.19257084687499998 0.92469008125 0.23838530468750002 0.8346097718750001 0.238487096875 0.8338854828125 0.16686238281250002 0.8146353546875 0.1164988484375 0.90475813125 0.1164087109375 0.9053994968750001 0.19257084687499998 0.92469008125
0 0.2629588921875 0.9324513484375 0.31241414375 0.8467644515625 0.313033484375 0.8423576140625 0.3023898046875 0.8393055890625 0.2412356796875 0.823539375 0.191527075 0.914794946875 0.2629588921875 0.9324513484375
0 0.3911487734375 0.8634195046875 0.39273404375 0.859064009375 0.392804403125 0.8585633781249999 0.3172113546875 0.8370596593749999 0.2632858421875 0.9185495890625001 0.3362244453125 0.945097065625 0.3911487734375 0.8634195046875
0 0.8329630953124999 0.0625549625 0.7778619234375 0.24083624218750002 0.78031450625 0.2411809296875 0.871559103125 0.24045659531250002 0.9199014062499999 0.063566640625 0.9127029437499999 0.0625549640625 0.8329630953124999 0.0625549625
0 0.6727078609375 0.2105695984375 0.759063565625 0.229039728125 0.7611915828125 0.22937677500000003 0.8374561249999999 0.06360442499999999 0.8380773781249999 0.059183981249999996 0.7685817765625 0.0470379609375 0.7683385125 0.046999432812500005 0.74707309375 0.0440107734375 0.6727078609375 0.2105695984375
0 1 0.14636364375 0.8723591234375 0.07266356562500001 0.8639480203125001 0.07148146093749999 0.8452790234374999 0.1587275671875 1 0.2448474015625 1 0.14636364375
0 0.5724249312499999 0.052031985937500004 0.57127890625 0.1466380046875 0.7513105 0.19380028437500002 0.75225575 0.18707448124999998 0.75229425625 0.10560655625 0.5779846265625 0.050370473437499994 0.5726844546875001 0.0501853875 0.5724249312499999 0.052031985937500004
0 0.2408544984375 0 0.21151860937500003 0.1601173640625 0.31036509218749997 0.1598816234375 0.3316253359375 0 0.2408544984375 0
0 0.33393615625 0 0.3112554046875 0.17551628125000002 0.3113723765625 0.1768532671875 0.3116104078125 0.1768867203125 0.353901484375 0.1735103515625 0.4088110078125 0.16870639062499998 0.42802559999999995 0 0.33393615625 0
0 0.56441976875 0.079454475 0.394813934375 0.0102825328125 0.385615034375 0.008989710937500001 0.3703231359375 0.1055389578125 0.5506902171875 0.17531920781250002 0.55409200625 0.15384115625 0.56441976875 0.079454475
0 0.5871305078125 0.0073316078125 0.5747539390624999 0.0055921953125 0.46891503281249997 0.1723604546875 0.5615667484375 0.2042629984375 0.6641777234374999 0.035454599999999996 0.5871305078125 0.0073316078125
0 0.08834752343749999 0 0.07160749375 0.056709360937499995 0.25290049375 0.1336742859375 0.2622247265625 0.09887577656249999 0.276812709375 0.033218098437499996 0.19280726406249998 0 0.08834752343749999 0
0 0.623839434375 0.985973440625 0.6899721328124999 0.8996940703125 0.690638784375 0.8949505984374999 0.6585929625 0.882016546875 0.625040365625 0.8691369109375 0.5595770203125 0.959061984375 0.623839434375 0.985973440625
0 0.429055975 0.944549734375 0.45386281874999995 0.8574051984375 0.45407811093749995 0.853297171875 0.443154025 0.8517618921875 0.3882349765625 0.8488837078125 0.3872511828125 0.84884985 0.355800871875 0.9395958796875 0.429055975 0.944549734375
0 0.7075264296875 0.9891394015625 0.7517698296875001 0.8840900250000001 0.7418586140625 0.8826970953125001 0.682807190625 0.8816663484375 0.6785143671875 0.8816666703125 0.6459154593750001 0.9905529078124999 0.7075264296875 0.9891394015625
0 0.6054167625 0.9611562234375001 0.6016769140625 0.910178740625 0.598975825 0.8881801328125001 0.49635739843750004 0.8706475765624999 0.4945191078125 0.8708732906250001 0.5054568515625 0.9447531484375 0.6043858625 0.9612828015625 0.6054167625 0.9611562234375001
0 0.4954336265625 0.9533664375 0.5311117046875 0.86325706875 0.531160965625 0.8625526046875001 0.510001965625 0.8595789015624999 0.4938650921875 0.8584505015625 0.45737327499999997 0.8570961374999999 0.4238158921875 0.9498530296875 0.4954336265625 0.9533664375
0 0.880854596875 1 0.8832112593750001 0.9912048140625 0.891138575 0.9545039687499999 0.8053024390625 0.8868799765625001 0.8005857531249999 0.8862170890625001 0.7829695734375 0.951961565625 0.8447262703125 1 0.880854596875 1
1 0.8238993453125 0.9245780203124999 0.717915384375 0.8861306171875001 0.715875528125 0.8860950125 0.713545865625 0.9490446718750001 0.73699420625 0.9603015515625 0.8209447921875 0.9988586625 0.8232888609375 0.9595526718749999 0.8238993453125 0.9245780203124999
0 0.9330655125 1 0.9383195046875 0.9626159124999999 0.855567853125 0.9128785875000001 0.8505070984374999 0.91216734375 0.8378054796875001 0.9940446140624999 0.875406303125 1 0.9330655125 1