0 0.39633165 1 0.42412293593749995 0.9108133468749999 0.42412293593749995 0.9095778921875001 0.42316027500000003 0.905048928125 0.3581567484375 0.906161009375 0.32624335000000004 1 0.39633165 1
0 0.4214774078125 0.9304189515625 0.42324227499999995 0.9300438171875 0.41281059999999997 0.8633730343750001 0.2957475375 0.8444843859375 0.306202546875 0.9112614359375 0.4214774078125 0.9304189515625
0 0.3841195734375 0.6714064125 0.355410821875 0.6009632875 0.23871122812499998 0.61595555 0.2389276875 0.616973915625 0.24040737812500002 0.6202973546874999 0.271685528125 0.6858048218749999 0.381503234375 0.6725712828125 0.3841195734375 0.6714064125
0 0.352876253125 0.7759292484375 0.3861031640625 0.6733649609375 0.38614797031250003 0.6707980453125 0.38562777812500004 0.6683507359374999 0.3115484609375 0.6671571984375 0.27387478125000003 0.7780361499999999 0.3002290359375 0.778496165625 0.352876253125 0.7759292484375
0 0.3003756421875 0.8452618140625001 0.42041766249999996 0.8395394796875 0.41874538125000005 0.8316720125 0.3945349375 0.7651543703125 0.273219684375 0.7692208875000001 0.2731725109375 0.7692380562500001 0.3003756421875 0.8452618140625001
0 0.3257516609375 0.62428320625 0.3493926421875 0.5129082406250001 0.348405515625 0.5082641765625 0.274635221875 0.5121303140625 0.24707413281249999 0.624677484375 0.24714127343749998 0.6259586125000001 0.3257516609375 0.62428320625
0 0.22788758125 0.5198907859374999 0.3418767171875 0.53680495625 0.3467525921875 0.5357685562500001 0.3409263640625 0.46514383593749997 0.339933578125 0.45569811250000003 0.2217105421875 0.43786138125 0.22788758125 0.5198907859374999
1 0.29199290312500004 0.2103551734375 0.29699166875 0.20929265312499998 0.2900467265625 0.1299116078125 0.1514408859375 0.116864346875 0.15815041875 0.1998454625 0.29199290312500004 0.2103551734375
0 0.16017839375 0.22155952499999998 0.19165005156249998 0.299401178125 0.32597737968749996 0.2733601234375 0.328610971875 0.27234918124999996 0.32652217656250004 0.26252217031249997 0.29921291875 0.1930929390625 0.16019581562500002 0.21816755625 0.15904579531250002 0.21860900781249998 0.16017839375 0.22155952499999998
1 0.3502318859375 0.45356124375 0.3559506671875 0.4523456796875 0.3477839453125 0.37464452187499997 0.20397575625000003 0.357265184375 0.20980176718750002 0.43487620312499997 0.3502318859375 0.45356124375
1 0.2809249671875 0.3986684984375 0.31873220625 0.2634492953125 0.318513140625 0.2624186703125 0.2367050703125 0.2577322171875 0.20674167968749999 0.3969534421875 0.23885058906249998 0.398074709375 0.2809249671875 0.3986684984375
0 0.5676933140625 0.8259872125 0.49098521406250006 0.8271090593749999 0.4451382203125 0.978386190625 0.4454883515625 0.980033428125 0.5291955781250001 0.9771103078125 0.56836299375 0.8296754312499999 0.568340528125 0.8290321203125 0.5676933140625 0.8259872125
0 0.54487794375 1 0.5502189484375 0.9975094484374999 0.5343848484375 0.872310575 0.5320625453125001 0.8673303765625 0.457045428125 0.9060267015625 0.49935544375 1 0.54487794375 1
0 0.36445601562499996 0.52721335625 0.3719557296875 0.6000551546875 0.373561771875 0.6114827453125 0.5221015687499999 0.6262895546875 0.5232697125 0.6260412578125 0.517479075 0.58016714375 0.5132681156250001 0.5502046125 0.36506240624999997 0.5270844640625 0.36445601562499996 0.52721335625
0 0.4346753859375 0.8583254140625 0.586098078125 0.8449379296874999 0.5850814984375 0.8401553015625 0.553438971875 0.7690850218749999 0.40947250156250004 0.7836390484375 0.408471546875 0.7840847015625 0.4346753859375 0.8583254140625
0 0.48725805624999996 0.5666046703125 0.41445536718750003 0.60408026875 0.432849721875 0.7474946796874999 0.43622308906249996 0.7467776484375 0.5035534109375 0.7181976234375 0.49055852343749995 0.5704014374999999 0.4888071265625 0.5662754062500001 0.48725805624999996 0.5666046703125
0 0.5376636671874999 0.6635001625 0.53752434375 0.6615077375 0.5373449546875 0.6606637765625 0.457305665625 0.6656391687500001 0.42148840156249995 0.81373140625 0.49806107343750006 0.8083769249999999 0.5376636671874999 0.6635001625
0 0.41326659374999997 0.56928794375 0.4511933953125 0.5699499578125 0.48455701875 0.44222314999999995 0.48736040156250005 0.427786403125 0.4873972015625 0.42567807812499997 0.48640529062500004 0.4210115046875 0.409870875 0.4178434109375 0.369316815625 0.5653379843749999 0.36930266718750004 0.56614860625 0.41326659374999997 0.56928794375
0 0.396566653125 0.1299555703125 0.3736056546875 0.01569565 0.3293202609375 0.025108801562499998 0.29014763593750004 0.03859701875 0.31862968125 0.15836854218750002 0.324428103125 0.15713605 0.396566653125 0.1299555703125
1 0.40667630624999995 0.0834921734375 0.3249756375 0.101167528125 0.3260440390625 0.230211871875 0.326580271875 0.23273465 0.38903913437500004 0.2232729109375 0.41162935312500004 0.2184712109375 0.40761232812500003 0.0878958046875 0.40667630624999995 0.0834921734375
1 0.3591002703125 0.2753151671875 0.37026023124999996 0.40617409374999996 0.3807330203125 0.4039480328125 0.45310271562500004 0.3815896609375 0.438672240625 0.2574075921875 0.4360143609375 0.24922748437500003 0.3591002703125 0.2753151671875
1 0.35036071406249997 0.1817440578125 0.339000675 0.3137136828125 0.3394600765625 0.31587499218750004 0.421228421875 0.308721190625 0.43504745624999996 0.179391884375 0.43356510468750004 0.1724179671875 0.35036071406249997 0.1817440578125
0 0.45466538593749994 0.3320916828125 0.37661505 0.3602834515625 0.3905117421875 0.4881294890625 0.40183412812499997 0.4857228421875 0.4532498484375 0.4681573 0.46574989687499996 0.4638531875 0.45567236875 0.335016178125 0.45466538593749994 0.3320916828125
0 0.8275783328124999 0.7754110265625 0.764972196875 0.79292248125 0.7498354468749999 0.958066134375 0.792555653125 0.9489856734375 0.830191975 0.94029664375 0.8345812718750001 0.7793406984375 0.833388896875 0.774175953125 0.8275783328124999 0.7754110265625
0 0.551359128125 0.1884259046875 0.7334170671875 0.1947642640625 0.7339205421874999 0.1946935046875 0.7374687375 0.19393931250000002 0.7289510859375 0.133333075 0.7239999078125 0.100605909375 0.5356397765625001 0.0997118875 0.551359128125 0.1884259046875
0 0.682712303125 0.8070850500000001 0.8584310765625001 0.858307875 0.864154175 0.85709139375 0.867362075 0.799250296875 0.8676892531249999 0.780506290625 0.682294034375 0.7328289703124999 0.682712303125 0.8070850500000001
0 0.59050213125 0.381426859375 0.7704125578125 0.380140921875 0.77493685625 0.3792614875 0.77827875 0.3785511453125 0.7696604125000001 0.3182169828125 0.76428630625 0.2929338 0.5721841515625 0.2898192515625 0.59050213125 0.381426859375
1 0.521029371875 0.010149553125 0.53292370625 0.105947584375 0.708237053125 0.0976243484375 0.71636001875 0.09619205 0.7195590796875 0.09551206875 0.7165766812500001 0.0757503359375 0.7090531125 0.03308205 0.703425046875 0.0066040906250000005 0.521029371875 0.010149553125
0 0.777990934375 0.5838941375 0.70192213125 0.6166883296875 0.73238009375 0.8068278875000001 0.7344931796874999 0.8063787375 0.7448587421874999 0.8017636921875001 0.811484090625 0.7711736046875 0.779878453125 0.588133575 0.777990934375 0.5838941375
0 0.718411621875 0.51219424375 0.75655015625 0.49678527499999997 0.723084496875 0.315204909375 0.7213428609375 0.3155751046875 0.6429461484375001 0.350959359375 0.6711993859375001 0.5284601125 0.6717637015625 0.52985684375 0.718411621875 0.51219424375
1 0.57749360625 0.28161486562500004 0.7508715796875001 0.291727103125 0.7605809984375 0.289663303125 0.7527027687500001 0.2314173484375 0.7477778859375 0.1963749953125 0.55840086875 0.19126165625 0.57749360625 0.28161486562500004
0 0.7989185734375 0.6766320359375 0.7617818 0.49590575000000003 0.7597588171874999 0.4919354171875 0.674362734375 0.531565653125 0.715231253125 0.717459525 0.76923479375 0.691756678125 0.7989185734375 0.6766320359375
1 0.7568891625 0.40850469375 0.676135953125 0.43237427031250003 0.6816551 0.6195313265625 0.68884625625 0.6180028 0.770761446875 0.5876499015625 0.7696272078125 0.5675293875 0.7581539890625 0.41264175 0.7568891625 0.40850469375
0 0 0.2202579890625 0.036516509375 0.2208953875 0.0550492484375 0.1276543671875 0.0543269859375 0.12425638750000001 0 0.122765125 0 0.2202579890625
0 0 0.30596573125000004 0.0081803390625 0.30422694687499996 0.070244084375 0.2804029078125 0.0518197609375 0.18313259843750002 0.0509661453125 0.1833140390625 0 0.20289601249999997 0 0.30596573125000004
0 1 0.8491587921875 0.8787026734375001 0.833942040625 0.88694286875 0.922594028125 0.8872258796875 0.9239254890625 0.9783688093749999 0.90948986875 1 0.9048920171875 1 0.8491587921875
1 0 0.3517126171875 0.005912028125 0.3672869078125 0.106168534375 0.3531212765625 0.10535867031249999 0.3493111703125 0.0813178125 0.2831029703125 0 0.29136597656249996 0 0.3517126171875
0 0.0875371046875 0.3327012875 0.0205898734375 0.3599075390625 0.031195125 0.460673128125 0.043456137500000006 0.45806696875 0.055377220312499996 0.45372804999999994 0.1021811734375 0.43525059375 0.0895385515625 0.338200215625 0.0875371046875 0.3327012875
0 0.046990375 0.42272837812499997 0.0274646203125 0.5239435890624999 0.027610348437499998 0.5246291875 0.10670559375 0.514748328125 0.12394097343749999 0.4217036140625 0.12330863750000001 0.41872870781250005 0.046990375 0.42272837812499997
0 1 0.6761215109375 0.8490207968749999 0.6490247640625 0.8611925109375 0.7420447703125 1 0.762257821875 1 0.6761215109375
0 1 0.5877213703125 0.8358352640625 0.5507099765625 0.8387137109375 0.6297245640625 0.8394671265625 0.644100609375 1 0.6783981421874999 1 0.5877213703125
0 1 0.69293356875 0.9271816562499999 0.7119170359375 0.927173840625 0.9139820656250001 0.9387466281249999 0.91152219375 1 0.8927951593750001 1 0.69293356875
0 0.9611979265624999 0.430233096875 0.9589925421875 0.4198575765625 0.866312434375 0.440075228125 0.8608286749999999 0.62707515 0.94701184375 0.6072210984375 0.9611979265624999 0.430233096875
0 0.8973708203124999 0.0472828640625 0.8966574406250001 0.043926675 0.8084733171874999 0.04289254375 0.766696725 0.23318376093749998 0.86572169375 0.2349122484375 0.8973708203124999 0.0472828640625
0 0.7668135031250001 0.273501171875 0.7725568921875 0.290181184375 0.9618893156249999 0.2681512078125 0.9569880562499999 0.24509259375 0.9328565062499999 0.1750094890625 0.7433872390625 0.199961565625 0.7419846109375 0.20044452812500002 0.7668135031250001 0.273501171875
0 0.8126557359375 0.25717055312500003 0.848251115625 0.44354841875 0.8566087140624999 0.44177195625000004 0.940012015625 0.4046384140625 0.9019159734375 0.22306812968749998 0.89907854375 0.2166951546875 0.8126557359375 0.25717055312500003
0 1 0.45526842500000003 0.9861546890625 0.3836898375 0.786024575 0.37879486562500003 0.8063979187499999 0.4746439140625 1 0.47563572968749995 1 0.45526842500000003
0 0.758821778125 0 0.7701101140625 0.145880390625 0.833008515625 0.13529393437499998 0.866373578125 0.1282019703125 0.8596611749999999 0 0.758821778125 0
0 0.086869925 0.787343846875 0.1885939734375 0.8147030078125 0.19181149687500001 0.8147030093750001 0.1949649859375 0.8140327140625001 0.1958353546875 0.7850934015625 0.19583535624999998 0.7464182015625 0.0881142 0.7145711234375 0.086869925 0.787343846875
0 0.1237753578125 0.487848840625 0.05470008125 0.5104678671875 0.06484910625 0.6052734359375 0.0707764734375 0.604013534375 0.1134961328125 0.589303975 0.1293106140625 0.5835389046875 0.1246105953125 0.49027454062500003 0.1237753578125 0.487848840625
0 0.10585051875 0.8485324640625 0.2133364953125 0.8852058656249999 0.214926921875 0.8848678109374999 0.2113374453125 0.8163764984374999 0.211037671875 0.8120941546875 0.100142690625 0.787170178125 0.10585051875 0.8485324640625
0 0.1679345015625 0.65340199375 0.061085407812500006 0.65957133125 0.061258526562500006 0.6603857890625 0.0884234640625 0.7296266203124999 0.18258814375000001 0.7238436687500001 0.189010821875 0.72150600625 0.1679345015625 0.65340199375
0 0.0584613671875 0.5706325015625 0.059043075 0.5772814484375 0.067204321875 0.6449750578125 0.161223009375 0.66306148125 0.16374598437500001 0.66252520625 0.162890878125 0.6527512875 0.1563354234375 0.5923232984375 0.0590654390625 0.570579653125 0.0584613671875 0.5706325015625
0 0.246861665625 1 0.2369187609375 0.9532223125 0.2360219890625 0.9498309171875 0.124906015625 0.927764903125 0.12388755468749998 0.9279813828125001 0.13848847656250002 0.9966733171875 0.155799275 1 0.246861665625 1
0 0.1311416828125 0.9416149468749999 0.24141909843749998 0.9376465375 0.24661717031250002 0.9356511859375001 0.22930476406250003 0.887775396875 0.2253714234375 0.8775286921875001 0.19964699375 0.8758902656249999 0.1073656171875 0.8715891765625001 0.1293077171875 0.9368373015625 0.1311416828125 0.9416149468749999