0 0.2756349171875 0.0411917328125 0.179096025 0.091859753125 0.17716301406249998 0.0937927640625 0.1752325796875 0.097005546875 0.22188724375 0.1420907203125 0.3268527796875 0.09040141874999999 0.32702889375 0.0901083171875 0.2756349171875 0.0411917328125
0 0.32069564375000004 0.20815374062499997 0.3223282828125 0.2091347296875 0.36565348750000004 0.15769767968749998 0.30310865 0.056956996875 0.2595704734375 0.108657178125 0.32069564375000004 0.20815374062499997
0 0.46727285625 0.24664325625 0.5255329828125 0.3403467546875 0.5282709999999999 0.34199192031250003 0.5795492375 0.286668559375 0.5165214390624999 0.18704785625 0.513424065625 0.190610975 0.46727285625 0.24664325625
0 0.4769427984375 0.1677798296875 0.3777938265625 0.221017978125 0.37548069375000004 0.2248676765625 0.39241367656250004 0.2412196671875 0.43298567187500003 0.27551615625000003 0.5318117625000001 0.22062394218749998 0.4769427984375 0.1677798296875
0 0.39859122812500003 0.1209371953125 0.30092593437500004 0.19119230468749998 0.3004109140625 0.19204944375 0.3632522375 0.23940377812500002 0.46278098749999996 0.1699202875 0.46281119843749996 0.1698801953125 0.39859122812500003 0.1209371953125
0 0.513195809375 0.31421564687500003 0.5109279578125 0.3179899859375 0.5711477546875 0.36637170625 0.664672746875 0.2932599171875 0.60408078125 0.24760059375000001 0.513195809375 0.31421564687500003
0 0.596787121875 0.32645971875 0.6564988015625 0.42815328125 0.6578596953125 0.42897098749999996 0.7171542078125 0.37308215625 0.6559815296875 0.26947899375 0.6054936265624999 0.3177532140625 0.596787121875 0.32645971875
1 1 0.516825040625 0.8849618250000001 0.4569659234375 0.8833647828125001 0.459623846875 0.880713265625 0.467784378125 0.8598547390625001 0.5341200515625 0.9786087296874999 0.5982699140625 0.9833272109375001 0.5998030421875 1 0.549616528125 1 0.516825040625
0 0.8956505359375001 0.5692953640625 0.93571151875 0.49559912500000003 0.8280843453125 0.4060056421875 0.8057958703124999 0.4430998953125 0.8000650265625 0.4534386125 0.7851346046875001 0.481534809375 0.88853079375 0.5653488265625 0.8956505359375001 0.5692953640625
1 0.7345659421875 0.327922371875 0.6403960468750001 0.429293796875 0.6369324671875 0.4352928921875 0.69255588125 0.46965605468750005 0.702035028125 0.47512884218749996 0.8037741453124999 0.368213871875 0.7712241609375 0.3490870046875 0.7345659421875 0.327922371875
1 0.7091811906250001 0.4613071796875 0.7038365078125 0.470202225 0.76259900625 0.5110562359374999 0.8703488406250001 0.4194219265625 0.8047496187500001 0.3694873125 0.7091811906250001 0.4613071796875
0 0.104187521875 0.2456210515625 0.10410475781249999 0.24571968593750002 0.10326618437499999 0.24711530625 0.1674366078125 0.30096068593749997 0.29839914218749997 0.21551400312500002 0.23939645468749998 0.1639299296875 0.104187521875 0.2456210515625
0 0.1366109203125 0.1484365484375 0.10847848125 0.18079921875 0.0919559546875 0.20829731875 0.17699925 0.282224328125 0.182897840625 0.285768559375 0.20275442500000002 0.257617965625 0.1366109203125 0.1484365484375
0 0.41294718125 0.37443893125 0.49247959375 0.495481284375 0.496181134375 0.49770539375 0.5479736109375 0.44370739375 0.47213022968749996 0.31304579062500004 0.44507031250000006 0.3399910921875 0.41294718125 0.37443893125
0 0.296217775 0.2110667296875 0.18185683125000002 0.3106631625 0.24864082187499997 0.3507910328125 0.2525902015625 0.35307120937500003 0.36050688124999997 0.2566753859375 0.36105472031249997 0.25572649687500004 0.296217775 0.2110667296875
0 0.32252372500000004 0.373678 0.3186898453125 0.380058646875 0.3731024015625 0.429051934375 0.5066064765625 0.35189633593749997 0.43935074687500003 0.29979773125000003 0.32252372500000004 0.373678
0 0.412933125 0.342406565625 0.3064087 0.2336413078125 0.3052737703125 0.2355301484375 0.27028756875000004 0.301329625 0.372163853125 0.411687515625 0.37468094375 0.4130258765625 0.412933125 0.342406565625
0 0.56442205 0.37259423125 0.4807771703125 0.47722754062500006 0.475896684375 0.484200409375 0.4704624203125 0.4958542203125 0.5343170484375 0.527510784375 0.5391736609375 0.5297754578125 0.6366533515625 0.41099079375 0.5665930078125 0.373606565625 0.56442205 0.37259423125
0 0.9583505875 0.707978534375 0.97519834375 0.679939159375 0.8977444125 0.592012734375 0.842863021875 0.65436316875 0.920308884375 0.7487732671875 0.9583505875 0.707978534375
1 0.8580887765625 0.7188071734375 0.9094466921875 0.6525792906250001 0.8240911140625 0.5525501421875 0.823959284375 0.55247093125 0.7781305984375 0.60447916875 0.7670299218750001 0.6177084374999999 0.856391978125 0.717787634375 0.8580887765625 0.7188071734375
1 0.7095080359375 0.4773695046875 0.6096646140625 0.5571541812499999 0.607391490625 0.5609372921875 0.6695782390625 0.6131181703124999 0.7741769515625 0.5346559328125 0.7748595546875 0.5338424359375 0.7095080359375 0.4773695046875
1 0.7665892796875 0.6642887984375 0.8390471484375001 0.5487765812500001 0.8373242375000001 0.5477413515625 0.7582542671875 0.5195786328125 0.689699696875 0.6340345890625 0.6931055734375 0.6360810453125 0.7665892796875 0.6642887984375
0 0.553554634375 0.4794799078125 0.6198832125 0.584793153125 0.6246752734375 0.587672515625 0.6790871468749999 0.5335219359375001 0.61192855 0.419384134375 0.6100662625 0.421246421875 0.553554634375 0.4794799078125
0 0 0.48881951875 0.07685716718749999 0.55009055 0.082043146875 0.552399496875 0.10790206093750002 0.4863245515625 0 0.38835793281250003 0 0.48881951875
0 0.683247953125 0.7476776953125001 0.5686207109375 0.8892611109375 0.5670475734375 0.8920991296875 0.5887150437499999 0.9051182609374999 0.6203695359375 0.92266463125 0.6494863046875 0.9384061453125 0.763558259375 0.7885130921875 0.683247953125 0.7476776953125001
0 0.1219802296875 0.40819209843750004 0.00241178125 0.5485752546875 0.000040259375 0.5532296296875 0.0129519921875 0.5609877812499999 0.0467639765625 0.5782158484375 0.064310265625 0.586651734375 0.1912771140625 0.4468802015625 0.1219802296875 0.40819209843750004
0 0.5249965999999999 0.64705575625 0.40323845937499997 0.7795109203125 0.40079607343749996 0.7834195562499999 0.39903641875 0.7863481125 0.4490397234375 0.8211928609375001 0.4711958046875 0.8345055765625 0.6044869953124999 0.696135071875 0.5249965999999999 0.64705575625
1 0.7659617265625001 0.9952130296874999 0.766977203125 0.9958231890624999 0.8157313671875001 0.9453367765625 0.830108371875 0.9214094234375001 0.720351759375 0.7844996937500001 0.6940753875000001 0.8103956078125 0.6559722515625 0.8498525609375 0.7659617265625001 0.9952130296874999
0 0.2496612515625 0.646157853125 0.2767015703125 0.5645791546875001 0.11735845468749999 0.460294821875 0.1171379625 0.46066178124999996 0.10096329374999999 0.5058892578124999 0.08935855625 0.5395918640625 0.246151384375 0.6449493078125 0.2496612515625 0.646157853125
0 0.5238756812500001 0.6573515765625 0.4660739921875 0.6179788109375 0.44830221875 0.6064376859375 0.3233262671875 0.7333593421875 0.3198539484375 0.7391382515625 0.3281555640625 0.7445293828125 0.39369610312500003 0.7834569250000001 0.52352843125 0.6578862953125 0.5238756812500001 0.6573515765625
1 0.588129503125 0.7020119296875 0.4880003109375 0.8485870046875 0.48564873750000004 0.8541269640625 0.48637084531249997 0.85456085 0.5409177828125 0.8780491265625001 0.5734914437499999 0.891875825 0.6754108046875 0.732181603125 0.588129503125 0.7020119296875
0 0.172973784375 0.56886388125 0.2930721796875 0.7089263890625 0.296766378125 0.7114181578125 0.3522423546875 0.635355928125 0.22637480625 0.49258293750000004 0.19160323125 0.5412445906250001 0.172973784375 0.56886388125
1 0.386423796875 0.7528276468749999 0.42793159375 0.6795614171875 0.2950556859375 0.5498440140625 0.2810448390625 0.5731619765625 0.25200019375 0.6335978671875 0.26679297968750004 0.64728344375 0.3826401171875 0.75073031875 0.386423796875 0.7528276468749999
0 1 0.26879535468750004 0.9913427 0.261715878125 0.9690405203125 0.29883293593750004 0.9528816250000001 0.3279843578125 1 0.3679734453125 1 0.26879535468750004
1 0.8844561390625 0.2796440359375 0.9476354046875001 0.349707609375 0.9539170984374999 0.35348203125 0.9964141671875 0.295083203125 0.9304182781250001 0.215878440625 0.9153033578124999 0.2359366171875 0.8844561390625 0.2796440359375
0 0.8211407093749999 0.23953851718750002 0.8866679609375 0.3148975375 0.8899494890625 0.316869278125 0.93119139375 0.2544570859375 0.861449190625 0.17813863125 0.85347259375 0.1895303921875 0.8211407093749999 0.23953851718750002
0 0.7469688140625 0.2346738484375 0.7453565828125 0.23910341875 0.74674378125 0.23993693125 0.8209062328125001 0.26103369375 0.8748317453125001 0.17954376562500002 0.8018931421875 0.1529962859375 0.7469688140625 0.2346738484375
0 0 0.7086119984375 0.097500153125 0.785571925 0.13113879687500002 0.70501295 0 0.5942911234375 0 0.7086119984375
0 0.0712188265625 0.6362670828125 0.04291035625 0.6941214437500001 0.0327947109375 0.7179524109375001 0.17777626562499999 0.8341256109374999 0.215638121875 0.74874050625 0.07289896093750001 0.63698025625 0.0712188265625 0.6362670828125
0 0.22314055000000002 0.8932655171875 0.2280770875 0.8962316875 0.289023509375 0.8228057953125001 0.178216121875 0.67207170625 0.1225262359375 0.7407765687500001 0.22314055000000002 0.8932655171875
0 0.5857108703125 1 0.6379263140625 0.934078665625 0.5505393765625 0.8878811984375 0.47034575624999997 1 0.5857108703125 1
0 0.532283653125 1 0.5526091390625 0.9441561875 0.388772271875 0.8437661500000001 0.38833011875 0.8436052187499999 0.3878712734375 0.844368865625 0.376613625 0.8749181187499999 0.355552096875 0.9327841937500001 0.46161805468750006 1 0.532283653125 1
0 0.43714902499999997 0.9838211250000001 0.43883686875 0.98101208125 0.46845737187500003 0.8898495437499999 0.30198238593750004 0.793151578125 0.3000269578125 0.79640595625 0.29450712968750004 0.8133942390625 0.272669878125 0.885249478125 0.43361233437499996 0.982671984375 0.43714902499999997 0.9838211250000001
0 0.299208340625 0.739177721875 0.1824330171875 0.8925032046875 0.22939478593749998 0.9207206828125001 0.26366717031250003 0.9374753921875 0.3878614265625 0.7807875015625 0.3858535421875 0.7795810421875 0.299208340625 0.739177721875
0 0.6541575796875 1 0.59929869375 0.9308467578125 0.54628625 0.9812486109374999 0.528872925 0.9986619359375 0.529881125 1 0.6541575796875 1
0 0.5577943125 0 0.484649578125 0.079907484375 0.4830011609375 0.0832872421875 0.4872868265625 0.08586233125 0.5147455203125 0.0998408921875 0.5470479046875 0.11559581875 0.620099628125 0.031718443750000005 0.5597429828125 0 0.5577943125 0
0 0.7601813703125 0.2363429875 0.7924858359375 0.1779945234375 0.7259389234375 0.108805703125 0.7164761390625001 0.12455442187500002 0.70551215625 0.1428966203125 0.688621309375 0.172152425 0.7536871421875 0.23259354375000002 0.7601813703125 0.2363429875
0 0.43631866874999997 0 0.42838325 0.024422704687499998 0.518972509375 0.0847626765625 0.5229100609375 0.086042065625 0.5392538296875 0.0278416046875 0.505883809375 0 0.43631866874999997 0
0 0.5779521328125 0.062829134375 0.563121646875 0.0793000578125 0.6165677921875 0.16718790156250002 0.619203884375 0.16877182500000001 0.667171809375 0.11276448593749999 0.614743628125 0.027257384375 0.613971765625 0.026562398437500002 0.5779521328125 0.062829134375
0 0.6893860625 0.085431740625 0.6133226234375 0.14150913125 0.610996728125 0.1453800703125 0.6404184734375 0.16675621875 0.6706475843749999 0.1872425015625 0.7482595234375 0.12636289843749998 0.6893860625 0.085431740625
0 0.3979640703125 0 0.43586251562499995 0.0622549453125 0.4365391234375 0.0626614921875 0.4811910484375 0.0042863890625 0.478069834375 0 0.3979640703125 0