0 0 0.5948671046875 0.0534188328125 0.5775307609375 0.057058221875 0.46058503437500004 0.056882109375 0.4602919328125 0 0.47923036718749995 0 0.5948671046875
0 0.12784995937500002 0.450408453125 0.0127124578125 0.47876154218750006 0.048428215625 0.53614504375 0.1638697125 0.5082930218749999 0.12784995937500002 0.450408453125
1 0.3802940859375 0.3811889421875 0.33620441875 0.318625546875 0.2259697375 0.3594477109375 0.22754657968749997 0.3620720171875 0.22849772499999998 0.36333423125 0.2737101921875 0.42012669062499997 0.3792348609375 0.3819871265625 0.3802940859375 0.3811889421875
0 0.1911318609375 0.36849858593749996 0.20324325937499998 0.4793798265625 0.20600687812500001 0.48397926093750004 0.227558925 0.4743836703125 0.2745566140625 0.4496136625 0.26068234375 0.33742072031250003 0.1911318609375 0.36849858593749996
0 0.1169505796875 0.41236463749999996 0.1349400375 0.5295270140625 0.136329875 0.53184009375 0.2064615109375 0.4976346109375 0.1897363765625 0.377409 0.1897143703125 0.37736388125000003 0.1169505796875 0.41236463749999996
0 0.3357576515625 0.38386982812500003 0.44723929531250006 0.345448803125 0.439689465625 0.3328837765625 0.4055645296875 0.2822914796875 0.294897765625 0.31663309375000004 0.2938342046875 0.3173504734375 0.3357576515625 0.38386982812500003
0 0.4167294859375 0.3508013234375 0.5208154359375 0.29210333125 0.46544551875 0.23126624375 0.360790525 0.29062148125 0.40817625625 0.341944196875 0.4167294859375 0.3508013234375
1 0.7288920796875 0.21481572343750002 0.73676744375 0.210083728125 0.79508290625 0.1645226953125 0.728489921875 0.0419256140625 0.6649227390625 0.092570465625 0.7288920796875 0.21481572343750002
1 0.7366776203125001 0.19737764687499998 0.744536203125 0.192655734375 0.7060090406249999 0.1170864703125 0.5710563734375 0.15571068125 0.6084053671875 0.2322874671875 0.7366776203125001 0.19737764687499998
1 0.4990471546875 0.1882371546875 0.4616726296875 0.20810954218750002 0.4961647828125 0.3358618 0.5028029015625 0.3469094828125 0.55960766875 0.3188435015625 0.5692720390625 0.313704865625 0.5325165203125 0.17076889687500002 0.4990471546875 0.1882371546875
1 0.582987240625 0.301844803125 0.5873074468749999 0.3071798125 0.594392678125 0.3029225765625 0.64379835 0.2611841875 0.5831741125 0.133389134375 0.5179626500000001 0.1838290875 0.582987240625 0.301844803125
0 0.2183540296875 0.658292784375 0.178817840625 0.5852468359375 0.025977009375 0.6152953328125 0.025244617187500002 0.6157353984375 0.0372411078125 0.63944544375 0.0615806734375 0.68522150625 0.21447601718749998 0.660622928125 0.2183540296875 0.658292784375
0 0.1555799390625 0.677782615625 0.1624752578125 0.6736394906250001 0.1245433640625 0.60010430625 0.013025926562500002 0.6503132984375 0.0330606171875 0.693277828125 0.1555799390625 0.677782615625
0 0.4922534203125 0.50830034375 0.47229316250000003 0.4275140859375 0.32237651093749997 0.433554815625 0.322048371875 0.4337519796875 0.3432454671875 0.5076750390625 0.48771574375000004 0.50986056875 0.49142866874999996 0.5087959046874999 0.4922534203125 0.50830034375
0 0.14225743125 0.5518258859375 0.1966724296875 0.6931947796875 0.20500731874999997 0.6881866734375001 0.260776484375 0.6413907875 0.20710371875 0.507012965625 0.20639942968749997 0.506173628125 0.14225743125 0.5518258859375
0 0.42291335781250006 0.5426725984375 0.42960264531250003 0.53865326875 0.391035825 0.466839059375 0.247287934375 0.48783231562499996 0.278490825 0.55791515625 0.42291335781250006 0.5426725984375
0 0.3287075046875 0.5125154453125 0.17797860468749999 0.5294321531249999 0.1774132390625 0.529771859375 0.2085170609375 0.5996321874999999 0.357677453125 0.587338878125 0.36057197812499997 0.5855996718750001 0.3287075046875 0.5125154453125
0 0.503698734375 0.33909181875 0.431455775 0.3706984953125 0.457954715625 0.5119363171875 0.46311644999999996 0.5205268843749999 0.5194255703125 0.49787295 0.5354931640625 0.49038050625 0.509270609375 0.3598706078125 0.503698734375 0.33909181875
0 0.91363613125 0.24599374375 0.918072878125 0.24332787812499998 0.898579265625 0.19254528125 0.8837698859374999 0.1678983328125 0.7676133703125 0.19549036250000001 0.7709557828125 0.2045182140625 0.7989804390625 0.2775249359375 0.91363613125 0.24599374375
1 0.768737578125 0.34662713749999996 0.82587813125 0.3128153265625 0.8424754343749999 0.30244418125 0.78763045 0.17787080156249999 0.7178273171875 0.22532214062499997 0.766584434375 0.3431813875 0.768737578125 0.34662713749999996
0 0.66615794375 0.290830821875 0.545964103125 0.3459316359375 0.5539842890625 0.359279465625 0.594133246875 0.413073084375 0.7089049328125 0.364651746875 0.7150341734375 0.3601985953125 0.66615794375 0.290830821875
1 0.7550180296875 0.2574424 0.6245186203124999 0.2829982203125 0.6230560203125 0.28387703750000004 0.6524935625 0.3605644515625 0.7817399390624999 0.338005025 0.786930725 0.3348860859375 0.7550180296875 0.2574424
0 0.5308808359375 0.46948292187499996 0.5356393171875 0.477402365625 0.608911321875 0.4449943 0.5858792921875 0.3170340171875 0.5127641015625 0.3478620984375 0.5308808359375 0.46948292187499996
0 0.2988308296875 0.835139784375 0.1572867953125 0.9004314578124999 0.182605384375 0.9425686671875001 0.2038109484375 0.9653088500000001 0.345397534375 0.888632121875 0.34954925625 0.884760578125 0.2988308296875 0.835139784375
0 0.989172271875 0.4992507796875 0.9276748296875 0.4334135609375 0.7688874343750001 0.528845471875 0.77351213125 0.5365422609375 0.77873259375 0.542547715625 0.830716284375 0.6010925125 0.9891493656250001 0.49927069218750003 0.989172271875 0.4992507796875
0 0.3350778890625 0.7473295953125 0.2662546859375 0.7741941031249999 0.2814341703125 0.9569370609375 0.2827785875 0.960630815625 0.283512725 0.9618526265625 0.33974161875000003 0.9437717890625 0.3573579046875 0.9373599859375 0.33553170468750004 0.7480848734375 0.3350778890625 0.7473295953125
0 0.6423095937500001 0.6786622171875 0.817616403125 0.62815813125 0.8264536781249999 0.6228481609375 0.783441421875 0.5429917843750001 0.6040533421875 0.59924135 0.6337955078124999 0.66264955 0.6423095937500001 0.6786622171875
1 1 0.43649916875 0.9685506281249999 0.35754321093749997 0.8874061624999999 0.399932403125 0.9479954171875 0.5653787 0.9523152328125001 0.5731718515625001 1 0.5498343828125 1 0.43649916875
0 0.3212816046875 0.8601682921875 0.50380206875 0.82765399375 0.5099075171874999 0.8239854703124999 0.4734025203125 0.74800325 0.2862537796875 0.7836926015625 0.30621755624999997 0.8278633390625 0.3212816046875 0.8601682921875
0 0.7464665734375 0.644339709375 0.6834599796874999 0.5841124140625 0.529467996875 0.6768013125000001 0.5284439578125 0.677790215625 0.528653628125 0.6781391671875 0.5622354609375 0.714482434375 0.5908093562500001 0.744071565625 0.746937215625 0.644827075 0.7464665734375 0.644339709375
1 0.7253392484375001 0.5092849312500001 0.790863959375 0.6742595375 0.7938677890625 0.67888503125 0.8116362718750001 0.66820865 0.844880240625 0.6468639734375 0.8745580531250001 0.627590975 0.799158125 0.45379612031249994 0.7253392484375001 0.5092849312500001
0 0.42748437812500006 0.8392414468749999 0.59006545 0.7513373156250001 0.5930562734375 0.7485483281249999 0.532264884375 0.6797200453125 0.3639002765625 0.767783321875 0.4036771609375 0.8137113328125001 0.42748437812500006 0.8392414468749999
1 0.6150302125 0.6430448953125001 0.5960017718749999 0.6496811609375001 0.4477756765625 0.7043247359375 0.48054520156249997 0.7588623828125 0.4921377765625 0.7767133828125 0.6669901546875 0.7209474296875 0.6705984375 0.718604184375 0.6150302125 0.6430448953125001
1 0.473579415625 0 0.5023630546875 0.0789010703125 0.565495684375 0.03951809375 0.552806196875 0 0.473579415625 0
0 0.42123226249999995 0.097060140625 0.51145615625 0.0738575703125 0.5203794312500001 0.068495925 0.48607024374999996 0.006895 0.3855964703125 0.03010611875 0.39718856874999997 0.052856892187500004 0.42123226249999995 0.097060140625
0 0.40483923749999995 0.0353617 0.31750945625 0.0901032609375 0.3186267265625 0.0919627125 0.3782657859375 0.14179210312499999 0.4588972046875 0.090413103125 0.46032045312500003 0.08893928749999999 0.40483923749999995 0.0353617
0 0.5544072109375 1 0.518481840625 0.9308549578124999 0.33763565624999997 0.9683553249999999 0.3537594234375 1 0.5544072109375 1
0 0.489054384375 1 0.6330515937500001 0.9669139421875 0.6384251734374999 0.96368516875 0.601147421875 0.883476975 0.41823447187499996 0.923341484375 0.4183957171875 0.9236567703125 0.4589881328125 1 0.489054384375 1
0 0.68452645 0.8417707046875 0.49882304218750007 0.8725715828125 0.4984934703125 0.8727696093749999 0.5418684781249999 0.9605092421875 0.716168034375 0.922441140625 0.723377459375 0.9181092812499999 0.68452645 0.8417707046875
0 1 0.7019296453125 0.9743866499999999 0.585680509375 0.9734465609375 0.5841159390625 0.8906548781250001 0.61644189375 0.9221067703125 0.80204780625 0.9254168437500001 0.8075566937499999 1 0.778926903125 1 0.7019296453125
0 0.856218875 0.6500464546875 0.80476060625 0.669799434375 0.8358851453125 0.8557450859375001 0.8381409 0.8594992890625001 0.9254616406249999 0.8259799984375 0.8966600093749999 0.636363378125 0.8961603078125 0.6350616078125 0.856218875 0.6500464546875
0 0.74224251875 0.903159253125 0.7453496890625 0.908330453125 0.8383432718750001 0.8798994625000001 0.822036875 0.6877067593749999 0.7298916984375 0.7178166984375001 0.74224251875 0.903159253125
0 0.660695875 0.9616032499999999 0.6624094375 0.964455096875 0.7395135046875 0.939402465625 0.7537711328125 0.93083561875 0.7345720765625 0.7387056796875 0.7343958500000001 0.738412390625 0.6449355703124999 0.765673396875 0.660695875 0.9616032499999999
0 0.2051867734375 0.25230335 0.163999321875 0.1981926578125 0.0601690296875 0.24126432343749998 0.06472931875 0.2488539171875 0.080912590625 0.26955233125 0.1045675765625 0.29876380468749997 0.20033296250000002 0.2562338890625 0.2051867734375 0.25230335
0 0.25991160468749996 0.11404490625000001 0.28277800625 0.1536506734375 0.29436189375 0.1729295 0.3830659796875 0.15100217031250002 0.3868502359375 0.148728359375 0.3517628640625 0.0857697015625 0.25991160468749996 0.11404490625000001
0 0.0445184546875 0.239349921875 0.038952679687500005 0.3515746875 0.0403884140625 0.3539641515625 0.10450489062499999 0.33188707968750003 0.10853871562499999 0.33041854375 0.10193038125000001 0.21694946874999999 0.0445184546875 0.239349921875
0 0.1591947828125 0.17066845 0.1649777359375 0.2648331296875 0.16701625 0.2704339 0.1674795734375 0.27120500000000003 0.2354194109375 0.25017948749999996 0.22925725937500002 0.14345485625 0.22912417812500002 0.14323337187500002 0.1591947828125 0.17066845
0 0.23018995625 0.21206653125 0.32078719843750003 0.19753736093750002 0.326448896875 0.19413546875 0.2959378328125 0.13210542812499998 0.1982513 0.1447914984375 0.22307851250000002 0.1980336296875 0.23018995625 0.21206653125
0 0 0.3876883640625 0.00359243125 0.3992000625 0.0054456093749999995 0.4013318984375 0.057598296874999996 0.3597181390625 0.062150265625 0.3557611734375 0.018522934375 0.248109528125 0 0.26358642187500003 0 0.3876883640625