0 1 0.3429256078125 0.9100848718749999 0.3752660046875 0.9101071953125001 0.43960749374999997 0.9160466796875 0.441088375 1 0.4133113421875 1 0.3429256078125
0 0.8238676390625 0.40965567187499996 0.9424080328125 0.40253886562499996 0.9597858703125001 0.3372204734375 0.8413896890625001 0.343769225 0.8238676390625 0.40965567187499996
0 0.6803970500000001 0.26557016718750004 0.6046416812500001 0.2546899359375 0.6043760453125 0.25575534218749996 0.618330653125 0.36733348593750004 0.6894591359375 0.38183485 0.6935366671875001 0.3825538296875 0.6939177765625 0.38102528125 0.6803970500000001 0.26557016718750004
0 0.78381318125 0.361605559375 0.7877999890625 0.285532759375 0.6801597984375001 0.3122714078125 0.6709460015625 0.3896399140625 0.6732703484375 0.3902194390625 0.6749267453125001 0.390306246875 0.78381318125 0.361605559375
0 0.7332428734375 0.386389446875 0.7379224546875001 0.388571571875 0.854070409375 0.402667846875 0.8858954609374999 0.334418803125 0.88677406875 0.3308949 0.766272390625 0.31453991718749996 0.7332428734375 0.386389446875
0 0.5501966578124999 0.22806914687500002 0.54998309375 0.2285070203125 0.531245328125 0.34368883437500003 0.5913970953125001 0.37302681249999997 0.599792090625 0.3751199203125 0.6221198859375 0.2604243390625 0.5501966578124999 0.22806914687500002
0 0.5321713156250001 0.3534201859375 0.53747329375 0.234825678125 0.4581296359375 0.21311017968749998 0.4530806375 0.332564534375 0.46216338281249997 0.3353414078125 0.531715090625 0.35491243125 0.5321713156250001 0.3534201859375
1 0.14111716093749999 0.2805448234375 0.22423615625 0.2819956703125 0.224353675 0.281524325 0.2017657578125 0.1447488734375 0.12051991875000001 0.1425577828125 0.14111716093749999 0.2805448234375
0 0.302083584375 0.3056188875 0.2907202375 0.1695975328125 0.2143350625 0.16093279375 0.20645029531249998 0.160104071875 0.206150703125 0.162954509375 0.2158736828125 0.30100988125 0.2986882234375 0.31119827031249997 0.30064130625 0.3114035484375 0.302083584375 0.3056188875
1 0.39180038906250003 0.187993725 0.365185715625 0.33270717968749997 0.375184996875 0.33715914687500004 0.43567999999999996 0.3619612734375 0.4384975296875 0.355633 0.46515705937499996 0.219863325 0.4264873515625 0.2026464609375 0.394335425 0.18862578125 0.39180038906250003 0.187993725
1 0.30604965625 0.1743497375 0.288973290625 0.316417596875 0.3672698890625 0.3384572484375 0.368607390625 0.33408247812499997 0.3766683890625 0.19755631406250002 0.30604965625 0.1743497375
0 0.9491956015625 0.4604485171875 0.8792648859375 0.42506591250000003 0.84909953125 0.57850115 0.9192580937500001 0.6158051203125 0.9238218484375 0.6169429921875 0.9241030703125 0.6164140890625001 0.9491956015625 0.4604485171875
0 1 0.4963130359375 0.8850104015625 0.4898057734375 0.8758701390624999 0.5727806109375 0.8810782296875 0.574079134375 0.88124965625 0.574091121875 1 0.5449408640625 1 0.4963130359375
0 0.63179770625 0.5203774375 0.631935653125 0.5190649640625 0.6041741625 0.3744489609375 0.5848004953125 0.3724127078125 0.527693603125 0.36722126875 0.547817978125 0.5162097171875 0.5633822859375 0.517845590625 0.6312812671875 0.5224487625 0.63179770625 0.5203774375
0 0.8867366171875 0.53224428125 0.895196428125 0.44980460781250003 0.745135465625 0.4843042203125 0.7432153515625 0.5606403984375 0.748245271875 0.5618944984375001 0.7493701546875 0.562012728125 0.8867366171875 0.53224428125
0 0.5909135359375 0.44563014843750004 0.5862573640625001 0.5279477109374999 0.5899647921875 0.5288720765625 0.5911003359375 0.52885225625 0.731404365625 0.48060955156249996 0.7300738124999999 0.4043821328125 0.7292023046875 0.40416484218750004 0.5909135359375 0.44563014843750004
0 0.66871670625 0.45966740625 0.6535008312499999 0.5318307203125 0.6607969296875 0.5336498421875 0.8036578046875 0.522164715625 0.8055048906250001 0.514756459375 0.822126128125 0.4427619640625 0.66871670625 0.45966740625
0 0.515880334375 0.5200522015625 0.521314596875 0.5083983890625 0.52351900625 0.5001776453125 0.5499068796875 0.36884495624999997 0.5477359234375 0.3678326234375 0.474064021875 0.338193403125 0.44572842343749997 0.4892204890625 0.45058503749999995 0.4914851640625 0.515880334375 0.5200522015625
0 0.052201279687500005 0.246641865625 0.023637142187499998 0.3886026671875 0.087057684375 0.4079922734375 0.09447651562500001 0.41016397656250003 0.10718778281250001 0.4133332515625 0.10852339062500001 0.4089646796875 0.13092115625 0.2731188109375 0.0531640484375 0.2468819109375 0.052201279687500005 0.246641865625
1 0.2272757453125 0.3828350515625 0.23766564843750002 0.31424918281249997 0.10602055625 0.31315925 0.088492515625 0.39417899375 0.09529145781250001 0.39587415937500003 0.22384303437500003 0.3998289234375 0.22533294218750002 0.39385323125 0.2272757453125 0.3828350515625
1 0.308092365625 0.3164184734375 0.30764356875 0.3173809203125 0.2807379578125 0.44533912343750004 0.3549202484375 0.47993089375000003 0.3557717078125 0.48014318593749994 0.3868929671875 0.3517805703125 0.308092365625 0.3164184734375
1 0.1647180125 0.4000174296875 0.1689198828125 0.40188822343749997 0.29819566875 0.4314987046875 0.327197696875 0.36635908281249996 0.329921365625 0.3554350484375 0.20120869843750003 0.3231522609375 0.1647180125 0.4000174296875
0 0.4553880125 0.365895365625 0.379864203125 0.3415570015625 0.3680722890625 0.47103773281250005 0.4301880953125 0.49225594062500005 0.44632091406249996 0.496278303125 0.4477415140625 0.49190614843749997 0.4553880125 0.365895365625
0 0.8066632125 0.7103302609375 0.8558412609375001 0.8908748109375001 0.9163640765625001 0.8968376484375 0.9225950031249999 0.8718467640625001 0.8900654625 0.712840996875 0.8851243109375 0.7125820421875 0.8067728734375 0.7098904359375 0.8066632125 0.7103302609375
0 0.0699595671875 0.5577910046875 0.0342398140625 0.643590215625 0.0336537609375 0.645940753125 0.2162266 0.6847679515625 0.2410799828125 0.6290720171874999 0.2486600703125 0.6103106406250001 0.2507433328125 0.6019551328125 0.0699595671875 0.5577910046875
0 0.8705094203125 0.8306634203125001 0.8919946078125 0.7548656328125001 0.703382090625 0.745811353125 0.6791156968750001 0.8150172640625 0.6827620296875 0.8162020312499999 0.870328334375 0.8312207421875 0.8705094203125 0.8306634203125001
0 0.3446277078125 0.77392471875 0.39845817499999997 0.6022514937500001 0.3162090421875 0.5579504515625 0.26284538281250003 0.74318325 0.2824830265625 0.7536247703125001 0.3408615953125 0.78100774375 0.3446277078125 0.77392471875
1 0 0.6846612484375 0.0545985953125 0.7013537140625 0.0793460078125 0.7075239375 0.082467509375 0.6973139671874999 0.112094028125 0.5243217234374999 0.018459615625000002 0.50084120625 0 0.630325025 0 0.6846612484375
0 0.5857826984375001 0.8048067765625 0.770388221875 0.8041517359375 0.79135218125 0.7200698859375 0.599653246875 0.7230788359375 0.5806068171875001 0.8035162843749999 0.5857826984375001 0.8048067765625
0 0.4399682234375 0.8022681546875001 0.441526403125 0.8026566531249999 0.441536 0.8026329000000001 0.47502127656250004 0.6209460859375 0.4553738734375 0.61300801875 0.38996790312499996 0.5882429390625 0.3897290625 0.588834090625 0.3613363875 0.7672108625 0.43081647187499994 0.7985706078125 0.4399682234375 0.8022681546875001
1 0.3343201765625 0.5941221 0.3322215703125 0.5939384953125 0.15177025 0.6139816015624999 0.1375711453125 0.704327421875 0.14022210625 0.70498838125 0.32591251875 0.690222065625 0.3343201765625 0.5941221
0 0.5376243296875 0.641959121875 0.5619526375 0.8295808296875 0.5908633890625 0.8336439703125 0.6518137421875 0.8405366609374999 0.6535286984375 0.83365835 0.6324787640625 0.6517527796875 0.5376243296875 0.641959121875
1 0.5955669328125001 0.7443454515625 0.5977416437499999 0.7132456546875 0.6010124718750001 0.6592574625000001 0.44313899218749997 0.6835948296875001 0.4232790203125 0.6870157921875 0.41143722968749996 0.7790512406250001 0.4161625390625 0.78022939375 0.5955669328125001 0.7443454515625
0 0.1388389578125 0 0.13900362500000002 0.042837389062499995 0.1425746328125 0.0437277421875 0.2372133421875 0.029646598437499998 0.236917175 0 0.1388389578125 0
0 0.22421247187499999 0 0.2276720078125 0.059617765625 0.30281351875 0.0701782171875 0.3036627 0.06677233906249999 0.3010106546875 0 0.22421247187499999 0
0 0.8906428140625 1 0.912823146875 0.91103954375 0.8393995953125 0.8867422703125 0.8277962328124999 1 0.8906428140625 1
1 0.2968490578125 0 0.307054640625 0.0836282625 0.3844621390625 0.091473078125 0.3850587296875 0.0890802828125 0.3706342609375 0 0.2968490578125 0
0 0.3504135390625 0.0900612875 0.3528002578125 0.09070080625 0.45405468125 0.0924824875 0.4678228890625 0.0477726953125 0.4742245828125 0.0220969078125 0.371887178125 0.017768246874999997 0.3504135390625 0.0900612875
0 0.4473075203125 0.014925329687499999 0.44896908281250003 0.1185101234375 0.4552874421875 0.12008546875 0.5231812171875 0.13575998125 0.5245517015625001 0.13026326562499999 0.523759684375 0.0384753296875 0.4473075203125 0.014925329687499999
0 0.6748355578125 1 0.7781123812499999 0.9833195187499999 0.7902490484375 0.896962646875 0.6070466953125 0.9203831109375 0.5952120375 1 0.6748355578125 1
0 0.6414276296875 1 0.6539210578125 0.8554615515625 0.640393453125 0.8505379062499999 0.5656730046875 0.824683603125 0.5525065062500001 1 0.6414276296875 1
0 0.8604276421874999 1 0.8818256921875 0.9934570546874999 0.8818256906249999 0.9738954812499999 0.8789727546874999 0.9054962281250001 0.6882641953124999 0.9605447312500001 0.6876292687500001 1 0.8604276421874999 1
0 0.41877189374999996 0.8837047046875 0.416612790625 0.9784127109374999 0.42280171875 0.9799557828125 0.598244996875 0.9310285015625 0.6012897500000001 0.8426404296875001 0.41877189374999996 0.8837047046875
0 0.039293934375 0.774808675 0.020264885937499998 0.8618784078124999 0.022053334375 0.8623243171875 0.21351410468749998 0.8737848156249999 0.2341056890625 0.7769090249999999 0.039293934375 0.774808675
0 0.26624655 0.7560303765625 0.2489295390625 0.7526642906250001 0.173276525 0.7382727359375 0.172847840625 0.73999209375 0.174505090625 0.9307987687500001 0.2703884984375 0.949436615625 0.270808671875 0.94775139375 0.26624655 0.7560303765625
0 0.2239462 0.9142721953124999 0.4017203359375 0.9200129890625 0.4259278390625 0.82292199375 0.2347450234375 0.8202109265624999 0.21029134531250002 0.9108676578124999 0.2239462 0.9142721953124999
0 0.5100933203125 0.8855467171875 0.5100381640625 0.8254420453125 0.3163151359375 0.864128946875 0.3146516109375 0.95943226875 0.32032466875 0.9608467203125001 0.5095050484375 0.9192488578125 0.5100933203125 0.8855467171875
0 0 0.8468713421875 0.11535072187499999 0.8537744921874999 0.1298776546875 0.7881032765625 0.136133515625 0.7526245265625 0 0.7478773999999999 0 0.8468713421875
0 0.7256392953125 0.18749175468749998 0.8231349046875 0.185698490625 0.8408153296875 0.11478618125 0.7283323625 0.11963824999999999 0.7141874125000001 0.18463648125 0.7256392953125 0.18749175468749998
0 0.5260196515625 0.0411812640625 0.5295580890625 0.1369928859375 0.5945211171875 0.15318998749999999 0.5957719125 0.1481733234375 0.5975222203125 0.057861589062499996 0.5260196515625 0.0411812640625
0 0.8847851500000001 0.1231428125 0.8137539453124999 0.1014205640625 0.825618790625 0.21743719062500003 0.8627687999999999 0.22973365 0.8829415015625001 0.23476326875 0.8841609640625 0.2305105046875 0.8847851500000001 0.1231428125
0 0.7308125249999999 0.196050671875 0.74361279375 0.0961914671875 0.67528371875 0.0696940484375 0.6620274359375 0.17019165625 0.724573771875 0.1999193921875 0.7255404296875 0.20034977656250003 0.7285629218749999 0.2011033671875 0.7308125249999999 0.196050671875
0 0.66284738125 0.176007903125 0.6669046171875 0.0791773171875 0.600049528125 0.053257418749999993 0.592978096875 0.151644075 0.6268659000000001 0.16524935937500002 0.64820554375 0.1730163546875 0.66262745625 0.176612140625 0.66284738125 0.176007903125
0 1 0.1537367375 0.9397026 0.1398159859375 0.9394683781250001 0.1408305140625 0.959591790625 0.25231466875 0.9895251437500001 0.26079142499999997 1 0.26320973593749997 1 0.1537367375
0 0.9419387734375 0.13997024375 0.874502928125 0.1261434421875 0.8900182265625001 0.21721279531249998 0.894779459375 0.24254580468750003 0.9054291421875 0.24520106875 0.953697928125 0.256238846875 0.9560349125000001 0.24686571562499998 0.946904309375 0.141208290625 0.9419387734375 0.13997024375