0 0.347524278125 0.87433981875 0.28203742656249997 0.8823575328125 0.25655703750000003 0.994668746875 0.2749446984375 0.993705090625 0.30074089375 0.9909938015625 0.3266261578125 0.9876251109374999 0.3481285453125 0.8800890390625 0.347524278125 0.87433981875
0 0.24778452812500001 0.8853061140625 0.36515941406249997 0.9021488546875001 0.353540578125 0.8355644390625001 0.23607153749999998 0.8181432390625 0.24778452812500001 0.8853061140625
0 0.35350548593750003 0.6589691625 0.34532561875 0.583341678125 0.2287909609375 0.5655523 0.22944802343749998 0.5702275328125 0.2414582046875 0.6418187765625001 0.3506694171875 0.659367746875 0.35350548593750003 0.6589691625
0 0.3095815234375 0.7499942484375001 0.3611404078125 0.656789146875 0.36080211093750003 0.6503340734374999 0.28976772500000003 0.6353349328125 0.23162951562499998 0.7369882484375 0.2574117921875 0.742468440625 0.3095815234375 0.7499942484375001
0 0.3694567796875 0.8154749656250001 0.3527869484375 0.7432700015625 0.23220599375 0.7342652515625 0.23236560625 0.7373108390625001 0.2490160671875 0.811237003125 0.3694864890625 0.8219466359375 0.3697922453125 0.821876046875 0.3694567796875 0.8154749656250001
0 0.3308010015625 0.6006404453124999 0.332842453125 0.60107436875 0.3333051984375 0.6010501171875 0.3519154328125 0.5251630546875 0.2461282765625 0.4712990046875 0.23035415 0.545510440625 0.3308010015625 0.6006404453124999
0 0.32647512968750003 0.382703684375 0.24739651718750003 0.40347313125 0.2503654015625 0.5232160359375 0.3300759625 0.5028885828125 0.3268377046875 0.38396813125 0.32647512968750003 0.382703684375
1 0.23924310000000001 0.062722171875 0.24319083125000002 0.202094584375 0.247011396875 0.20189435625000002 0.32475222187499997 0.1859044140625 0.318785434375 0.049797346874999995 0.3178164015625 0.0452383984375 0.23924310000000001 0.062722171875
0 0.20796676406249998 0.16734086718750002 0.2085698015625 0.170443234375 0.226046275 0.25256729375 0.36285485156249997 0.25024755625 0.36639733125 0.24955896875 0.3660990484375 0.24386739687499998 0.3655004234375 0.24078773281250002 0.3504352515625 0.1665522109375 0.20917596875000002 0.167105821875 0.20796676406249998 0.16734086718750002
1 0.3364050953125 0.290463325 0.258152375 0.30647059374999996 0.2558930734375 0.45177197500000005 0.25924048437499997 0.45159654375 0.2842577421875 0.4470533125 0.332504578125 0.43679813125000005 0.3365231390625 0.2910186859375 0.3364050953125 0.290463325
1 0.35300319999999996 0.34498077031249996 0.36407295781250004 0.344400628125 0.3613214859375 0.2724979375 0.2232936015625 0.24159199843749998 0.22289264375 0.32403326718750003 0.35300319999999996 0.34498077031249996
0 0.5015991359374999 0.8176211562500001 0.4180474390625 0.825555178125 0.385878896875 0.9785034093749999 0.40936992656250004 0.977272296875 0.412619084375 0.9770543296875 0.4642663984375 0.9725357765625 0.5018323203125 0.820286453125 0.5015991359374999 0.8176211562500001
1 0.4754256109375 1 0.5054996390625 0.9930568624999999 0.5051411421875 0.986216321875 0.4785054421875 0.8708444312499999 0.4447576046875 0.8823344484375 0.4348935390625 1 0.4754256109375 1
0 0.3580912140625 0.5678545484375 0.3587710703125 0.5873230656249999 0.496204696875 0.623805803125 0.5045222546875 0.6233698984375 0.504658784375 0.559039696875 0.503708553125 0.5409082125 0.356895996875 0.510524628125 0.3580912140625 0.5678545484375
0 0.372776346875 0.8229893234375 0.5123775312500001 0.8764305953125 0.5157979265625 0.8762513390625 0.518640765625 0.7948431203124999 0.3828644921875 0.7448134468750001 0.3817694796875 0.74477520625 0.372776346875 0.8229893234375
0 0.4109340171875 0.579275634375 0.3898854921875 0.729514990625 0.40381047499999995 0.7287852125 0.471939275 0.7114986453125 0.485934540625 0.5710643953125001 0.484918725 0.5653034124999999 0.4109340171875 0.579275634375
1 0.36854820781250003 0.7440505703125 0.5061588078125 0.798524290625 0.510532046875 0.7982950984375 0.5157527078124999 0.7236361625 0.3749244 0.6630193640625001 0.3748440171875 0.6630235765625 0.36854820781250003 0.7440505703125
0 0.35861095781249996 0.4224390234375 0.353975096875 0.5011571015625 0.493434 0.5421326484375 0.49866547343749995 0.5423153359375 0.5017412734375 0.5421541390625 0.507225815625 0.480511434375 0.5078445375 0.46279360468749997 0.379654575 0.4269078171875 0.35861095781249996 0.4224390234375
0 0.3920947890625 0.1359927453125 0.46726620937499996 0.1144376890625 0.446697028125 0.0021073171875 0.40324061093749997 0.004384771875 0.36471398593750004 0.015432103124999999 0.3827975296875 0.1384509125 0.38319538125 0.1384300625 0.3920947890625 0.1359927453125
1 0.3652798828125 0.1912298875 0.49875860312500003 0.1777608265625 0.49842296406250003 0.17135644375 0.49260238437500004 0.14801137656250002 0.477620034375 0.0964666375 0.34637165468750003 0.1067370140625 0.3652798828125 0.1912298875
1 0.39332100625 0.2550922625 0.3855445484375 0.38708539062499997 0.40109523124999996 0.3862704125 0.467440971875 0.3760755609375 0.4785695125 0.2520057359375 0.477515115625 0.24450331093750002 0.39332100625 0.2550922625
1 0.3578157203125 0.24793793125 0.4844617234375 0.2942812796875 0.4858990046875 0.29420595625 0.49427977187499994 0.2412918703125 0.498457471875 0.210000671875 0.370248840625 0.16605520468749999 0.3578157203125 0.24793793125
1 0.48510618125000005 0.4628846390625 0.4867402546875 0.46314345156250003 0.49225659843749997 0.4628543515625 0.504421321875 0.387227840625 0.38296278125 0.3343468921875 0.37109827968750003 0.4172930828125 0.48510618125000005 0.4628846390625
0 0.70403606875 0.828828134375 0.698242846875 0.82964231875 0.679650153125 0.9912711078124999 0.7373041703125 0.9882495890625 0.7510485421875 0.9863179421874999 0.7806742234375 0.8222730374999999 0.7802858640625 0.8195097265625 0.70403606875 0.828828134375
0 0.7253105265625 0.0664602859375 0.639177721875 0.092872684375 0.6553503515625 0.27750216562499996 0.6624705859375 0.27712900937499996 0.6719748734375 0.27458234375 0.7473827375 0.25352406250000004 0.7253183828124999 0.06648960468750001 0.7253105265625 0.0664602859375
0 0.6323730578125 0.853572334375 0.807573871875 0.895382184375 0.8180127921875 0.8948351046875 0.818012790625 0.8434013390624999 0.817563371875 0.82393766875 0.63538428125 0.7742643265625 0.6323730578125 0.853572334375
0 0.66141419375 0.274586509375 0.6549393718750001 0.46684566250000004 0.661028434375 0.4665265484375 0.7468039546874999 0.451402009375 0.7486440562500001 0.2728574078125 0.747060078125 0.2638742203125 0.66141419375 0.274586509375
1 0.593499565625 0.1143296 0.7675948234375001 0.13657565625 0.776841846875 0.13657565625 0.7791117546875 0.1364566953125 0.7796061359374999 0.1164821203125 0.7796061359374999 0.0462503140625 0.5984210859375 0.017921528125 0.593499565625 0.1143296
1 0.7648784640625 0.627271034375 0.68136661875 0.64756966875 0.6773984203125 0.8364893312499999 0.6867497484375 0.8359992484375001 0.7247218625 0.8277050859375 0.7594528687500001 0.8196868015625001 0.7657135078125 0.630888003125 0.7648784640625 0.627271034375
0 0.608733065625 0.411951809375 0.6248263359374999 0.49254951562500005 0.8021879578125001 0.50481485625 0.8053318765625 0.5043169078124999 0.8051840796875 0.5014967875 0.7976884484375 0.44633699218749995 0.7926728765625 0.41466992343750003 0.60785611875 0.4064149890625 0.608733065625 0.411951809375
1 0.6214863734375 0.3194272421875 0.7986347953124999 0.30808949375 0.8043555640625 0.30655661875 0.8043017078125001 0.305528971875 0.789272015625 0.2482512640625 0.7801132546875 0.21407030312500003 0.5915246671875 0.23207433125 0.6214863734375 0.3194272421875
0 0.8155761453125001 0.700910296875 0.81133475 0.6386129640625 0.8080031562500001 0.6069149781250001 0.6209960156250001 0.5786299609375 0.6282064265625 0.671238871875 0.810741146875 0.701418475 0.8155761453125001 0.700910296875
1 0.6275244484375 0.5695656312499999 0.646715040625 0.5757172734375 0.7957901875 0.6206223468750001 0.7997740875 0.620413559375 0.8063974828125 0.5368709328125 0.629605771875 0.4749216890625 0.628629209375 0.47485340000000004 0.6275244484375 0.5695656312499999
0 0.1226887390625 0.13006203593750001 0.12385706875 0.129748984375 0.12358640000000001 0.12458433437500001 0.10463909687499999 0.053872034375 0.006772534375 0.065086784375 0.026037767187499998 0.138107221875 0.1226887390625 0.13006203593750001
0 0.1076511703125 0.22484435937499997 0.1155613625 0.2244298046875 0.1195539453125 0.14824677343749998 0.023049428125 0.1254794859375 0.019050884375 0.20222572656249999 0.1076511703125 0.22484435937499997
0 0.8676181171874999 0.8374728484375 0.8628320781250001 0.9745270937500001 0.8629878265625001 0.9774989515625 0.9106679578125 0.9791639765625 0.9140471171875 0.9789868828125 0.9564278296875001 0.8497081578125 0.9562113109375 0.84557675 0.8723713078124999 0.8372237453125001 0.8676181171874999 0.8374728484375
1 0.1080000734375 0.191319121875 0.0339026109375 0.21509045468750002 0.042656675 0.3143060125 0.0499458421875 0.3139240046875 0.0726617390625 0.307410325 0.1140247453125 0.2947987453125 0.1091574625 0.1953554140625 0.1080000734375 0.191319121875
0 0.1000579140625 0.38130126249999996 0.133751384375 0.2886885921875 0.13348274843750002 0.283562721875 0.059752357812500004 0.2778161 0.026814424999999996 0.375813925 0.040645015625 0.377267578125 0.1000579140625 0.38130126249999996
0 0.13760118906250002 0.4517128125 0.1336357453125 0.37604763281250003 0.0330400390625 0.356641390625 0.0429564828125 0.43602148906249993 0.129856734375 0.4521186828125 0.13760118906250002 0.4517128125
0 0.9842582656250001 0.6940751125 0.9840118078125 0.6893724296875 0.8922340171875 0.685292825 0.8342871953125 0.8606604000000001 0.921373234375 0.8652243859375 0.9842582656250001 0.6940751125
0 0.8604988296875 0.600342821875 0.864695371875 0.7859927625 0.8707162359374999 0.785677221875 0.9544233796875 0.7600853812499999 0.9483526937500001 0.580879446875 0.9476926515624999 0.5787205453125 0.8604988296875 0.600342821875
0 0.9488024640624999 0.9633573484375001 0.969528503125 0.7662356015625 0.9684831656249999 0.760857796875 0.8795615578125 0.7796320890625 0.861913359375 0.9773405453124999 0.9296002921875001 0.9670898734375 0.9488024640624999 0.9633573484375001
0 0.97129225 0.5063791906249999 0.9707797171875001 0.49659948125 0.885256878125 0.4980518546875 0.8314192140625 0.678847003125 0.9294412296875001 0.6783235375000001 0.97129225 0.5063791906249999
0 0.986487428125 0.229071809375 0.9848577625000001 0.19797593125 0.967864378125 0.142393075 0.7752504625000001 0.1613391328125 0.8027228531249999 0.256291490625 0.986487428125 0.229071809375
0 0.8100172499999999 0.376565365625 0.8295199015625 0.3794575765625 0.907028465625 0.390350696875 0.96997609375 0.21256870156250002 0.9697565046875001 0.2083786734375 0.9372641140625 0.20367951406249998 0.8771815453125 0.195235459375 0.8101018984374999 0.37596305937499996 0.8100172499999999 0.376565365625
0 0.9715685890625 0.30266569374999996 0.8741025421874999 0.29413851874999997 0.8179368765625 0.4761379296875 0.8180880546875 0.4790225765625 0.838737071875 0.48082912968749997 0.9136629781250001 0.4859427828125 0.9718862093749999 0.3087262671875 0.9715685890625 0.30266569374999996
0 0.9967768921875001 0.5615502609374999 0.9996746015625 0.480698078125 0.998990603125 0.46764658593749997 0.8065082453124999 0.41822152343749996 0.80623070625 0.41823606875 0.804522028125 0.5161260875 0.9967768921875001 0.5615502609374999
0 0.7938857500000001 0.14843780625 0.9704657203125 0.1440458859375 0.9819468453125 0.1424323203125 0.9798942609375001 0.1032666921875 0.9719350328124999 0.0466338359375 0.7761930984375 0.046624128125 0.7797716718750001 0.072087 0.7938857500000001 0.14843780625
0 0.04677238125 0.7181788421874999 0.14220014375 0.7627865515625001 0.14241635 0.762824675 0.14874425468750002 0.7624930421875 0.154473165625 0.7348842343750001 0.16118904375 0.6967965984375 0.060634603125 0.646727765625 0.04677238125 0.7181788421874999
0 0.14006541875 0.43902273750000004 0.06876620624999999 0.43420115 0.04287714375 0.52514743125 0.042956425 0.526660209375 0.0937484296875 0.52932210625 0.1105709953125 0.5299010328125 0.140328353125 0.444039821875 0.14006541875 0.43902273750000004
0 0.14848871875 0.7136845921875 0.076528309375 0.7303036515625 0.069385703125 0.841754975 0.0788443140625 0.8412592703125 0.07948315156249999 0.84112348125 0.12897289843749998 0.8284955703125 0.14870705625 0.7147117875 0.14848871875 0.7136845921875
0 0.16041362812499999 0.5884481625 0.08729909531249999 0.5774184796874999 0.042567665625 0.667191959375 0.0425140859375 0.667495825 0.0425537484375 0.66825265 0.092230740625 0.6795427609375 0.11405783437499999 0.6833914671875 0.16054447656249998 0.5909448984375001 0.16041362812499999 0.5884481625
0 0.05098951875 0.5022866578125 0.0507565859375 0.5089569375 0.050607225 0.5771405734374999 0.14131183281249998 0.60641813125 0.144292671875 0.6062619109375 0.14463286250000001 0.5965200984375 0.14549059375 0.5357436203125 0.051595528125 0.5023078203125 0.05098951875 0.5022866578125
0 0.16766502656249999 0.8966566453124999 0.054844904687499994 0.8729266828125001 0.055060635937500005 0.8770430625 0.0710675859375 0.9421554328124999 0.1801904484375 0.9658123937499999 0.1798519140625 0.95935274375 0.16766502656249999 0.8966566453124999
1 0.17129523124999999 0.7960815390625 0.1711563234375 0.7934310171875001 0.10846450468749999 0.793300309375 0.09803281875 0.8171272265624999 0.0626223984375 0.901909321875 0.06264694374999999 0.9023776703124999 0.10179288125 0.903343178125 0.12650695625 0.9029117921875001 0.1368856453125 0.9023678687500001 0.17129523124999999 0.7960815390625
0 0.1772882125 1 0.17376709375 0.93281305625 0.1175392453125 0.935759834375 0.0679431578125 0.9386843718750001 0.0726438953125 0.98083024375 0.128292646875 1 0.1772882125 1