0 0 0.615375928125 0.031413046875 0.69814755625 0.0987671203125 0.6969485140625 0.09890939374999999 0.6961416390624999 0.06091743125 0.5876988828124999 0.0271375125 0.5880439359375 0 0.5889915984375 0 0.615375928125
0 0.1732089109375 0.6026249265625 0.0618015421875 0.6376142140625001 0.06074185 0.7051964500000001 0.174036871875 0.6701995968750001 0.175084665625 0.602955671875 0.1732089109375 0.6026249265625
0 0.40886346093750003 0.7553442546875 0.39476830937499996 0.64264236875 0.3236398265625 0.628141003125 0.318990371875 0.6273211796875 0.3327019140625 0.7444056875 0.40886346093750003 0.7553442546875
0 0.3165342140625 0.7497699250000001 0.3205774296875 0.636794690625 0.27159973437499996 0.61621505625 0.2561974703125 0.61091163125 0.24734822968749998 0.6093512718749999 0.24700601249999998 0.6103451421874999 0.2445397765625 0.7248720453125 0.3165342140625 0.7497699250000001
0 0.2588466734375 0.67393708125 0.27402167187500004 0.6263674 0.27109944375 0.6254179109375 0.1518862734375 0.623900628125 0.1315098015625 0.6866129609375 0.12977696562500002 0.6920464421875 0.1282270390625 0.7008365125 0.25016194375 0.7006659375 0.2588466734375 0.67393708125
0 0.461069496875 0.64534436875 0.383269528125 0.6491209109375 0.382938321875 0.6509992687499999 0.3829500140625 0.6516691031249999 0.4179009640625 0.7607897640625 0.4937587703125 0.7594656609375 0.461069496875 0.64534436875
0 0.5594034828125001 0.7846768796875 0.560280509375 0.6651190875 0.5511063859374999 0.6626608875 0.484549965625 0.6464165265624999 0.48085100625 0.6457643 0.48051015937499997 0.6470363640625 0.4793503 0.7657436640624999 0.5594034828125001 0.7846768796875
1 0.8970060156249999 0.830915640625 0.8793379968749999 0.696529253125 0.796061146875 0.6936211609375 0.8163286703124999 0.83124605625 0.896320871875 0.8348012812500001 0.8970060156249999 0.830915640625
0 0.7093373281249999 0.79906504375 0.779851509375 0.8296840375000001 0.78714945625 0.8327818312499999 0.7882693453125 0.8301435375 0.8193346984375 0.69527780625 0.7451292359374999 0.6622182046875 0.739455940625 0.6612178484375 0.7389388375 0.6624360671875 0.7093373281249999 0.79906504375
1 0.5567554640625 0.6460238734375 0.5703989859374999 0.7856979390625 0.647759403125 0.7942289875 0.6354094859375 0.649901871875 0.5579902062500001 0.6390213015625 0.5567554640625 0.6460238734375
1 0.6436754390625 0.6518904578125 0.642646365625 0.65634786875 0.6441285859375 0.7931037703125 0.7161941046875 0.811327703125 0.7233187203125 0.6684147265625 0.6436754390625 0.6518904578125
0 0.03198078125 0.46502320781249995 0.007240456250000001 0.5411661015625 0.006478165625 0.545489265625 0.16563903124999999 0.5430993156249999 0.1880176515625 0.46915449374999996 0.1845002828125 0.4680116296875 0.03198078125 0.46502320781249995
0 0 0.5078675921875 0.114921765625 0.50427213125 0.1281622609375 0.4711718859375 0.0109911203125 0.43757360156249997 0.007763520312499999 0.43700448906249995 0 0.4640791 0 0.5078675921875
0 0.5134158453125 0.5324846859375 0.3684615625 0.50872823125 0.35005755 0.5520853703124999 0.3374194578125 0.5852187359375 0.3369606859375 0.5878205624999999 0.48666165 0.6039069890625 0.5154483296875 0.533347425 0.5134158453125 0.5324846859375
0 0.2180606890625 0.4491475109375 0.16191247656250002 0.43721283906249997 0.1370577765625 0.43283028593750006 0.1554627515625 0.5838699484375 0.2335292109375 0.5940656578125 0.2337570140625 0.592993921875 0.2180606890625 0.4491475109375
0 0.3940400796875 0.624030390625 0.3703383984375 0.473963953125 0.3513087921875 0.4706085203125 0.2972602109375 0.462048065625 0.2956541265625 0.471156628125 0.3115251390625 0.60644069375 0.3937318015625 0.6257787171875 0.3940400796875 0.624030390625
1 0.1964773234375 0.49670748906249995 0.190827346875 0.5257741 0.1818736734375 0.57655290625 0.3336562109375 0.5544412921874999 0.34659241875 0.4803705265625 0.3432951203125 0.47972959531250003 0.1964773234375 0.49670748906249995
0 0.5821831046875 0.6033890468750001 0.587658803125 0.5233896328125 0.5825104328124999 0.5224818359375 0.43647621875000003 0.5413803171875 0.430314915625 0.5915601109375 0.4276174609375 0.6189251437500001 0.43235596875000004 0.6197606703125 0.44899376562500004 0.6188918796875 0.5821831046875 0.6033890468750001
0 0.9305251671875 0.5618846546875 0.9145160015625 0.5556377109375 0.9108628218750001 0.55499355625 0.909225896875 0.5590450890625001 0.8750736124999999 0.6924219296875 0.9503341781250001 0.7253736421875 0.95122406875 0.725530553125 0.9920144593750001 0.586727940625 0.9305251671875 0.5618846546875
1 0.8336861203125 0.551119071875 0.8043661640625 0.546475246875 0.8034596203125 0.5516165140625 0.8017289562500001 0.6817238156250001 0.88754826875 0.693196053125 0.8863405140625 0.5615519890625 0.8336861203125 0.551119071875
1 0.70219451875 0.52588196875 0.6210278484375 0.5244651984375001 0.6202614515625 0.5288116515625 0.64327078125 0.654529090625 0.7296417749999999 0.65478288125 0.729660309375 0.6537210984375 0.70219451875 0.52588196875
1 0.7214036625 0.5279332109375 0.7142665546875 0.6605707187500001 0.797560678125 0.6819498703125 0.8020974890625 0.545261434375 0.7452647890625 0.5321405718750001 0.7214036625 0.5279332109375
1 0.52047191875 0.6178480265624999 0.6509161671875 0.6075188984375 0.664295815625 0.5305563890625 0.6589521265625 0.529614153125 0.5349620453124999 0.535670434375 0.52047191875 0.6178480265624999
0 0.0526423625 0.17774039218749998 0.044296190624999995 0.20503948749999998 0.035216296875000004 0.2565341203125 0.19510802656249998 0.2530815984375 0.21894112031250001 0.18624923124999998 0.2135124078125 0.18458950624999998 0.0526423625 0.17774039218749998
0 0.9343072781249999 0.390566634375 0.948256396875 0.3029705875 0.94133593125 0.301750321875 0.7601601203125 0.3057730140625 0.7498015234375 0.3833777609375 0.7477206046875 0.4003254765625 0.9343072781249999 0.390566634375
0 0.2157660421875 0.342188625 0.24122453125 0.1550829671875 0.22348373124999998 0.14706421249999999 0.1769159078125 0.1272973453125 0.17450515 0.12687226406250002 0.1722686765625 0.13214106718750002 0.1415860578125 0.313972365625 0.2157660421875 0.342188625
0 0.7445140484375 0.3674265765625 0.76575724375 0.2776161578125 0.7605398953125 0.2764116375 0.5730770796875 0.27290660624999996 0.5689974875 0.2905772625 0.5566800109375001 0.3595227203125 0.7445140484375 0.3674265765625
1 0.9797338015625 0.46872703125 0.9982890296875 0.2834217046875 0.9820943812499999 0.2796828765625 0.90469203125 0.2659265625 0.9026876421875001 0.27460852187499996 0.890048690625 0.4503463734375 0.9797338015625 0.46872703125
0 0.1940062390625 0.30078989375 0.385028309375 0.28441603125000003 0.3984173109375 0.2028459125 0.39316401875 0.201919615625 0.20905387812499998 0.21545049062500002 0.1940062390625 0.30078989375
0 0.6533782484375 0.33843660781249996 0.6733577859375 0.26248704843750004 0.670908871875 0.261784834375 0.49248871093749996 0.25229670312499997 0.4701242171875 0.31995247187500003 0.4694632046875 0.32225769375 0.46706301562499997 0.3358698421875 0.650037925 0.3500857046875 0.6533782484375 0.33843660781249996
1 0.6650624609375 0.40118308437500005 0.6652111390625 0.40288248125 0.8486476671875 0.3552831625 0.8398182140625 0.2600509484375 0.8386581359375 0.2598463953125 0.8355013046875 0.26012258125 0.6633730531250001 0.3105803 0.6650624609375 0.40118308437500005
0 0.473230534375 0.3100594796875 0.49102440156249993 0.217612603125 0.4866826015625 0.21661021875 0.302340459375 0.22429821562500002 0.294846240625 0.256759240625 0.2829715171875 0.3153767265625 0.473230534375 0.3100594796875
1 0.5750699765625 0.2320788828125 0.419831553125 0.23685868281250003 0.3997027015625 0.2378338234375 0.3810164015625 0.3109739484375 0.37770483125 0.329754796875 0.564018775 0.3157102234375 0.57931658125 0.2329043390625 0.5750699765625 0.2320788828125
0 0.8896162390625 1 0.9074372593750001 0.9545906078125 0.8110134640625001 0.9345198453125001 0.7847896828125001 0.9994259828125 0.78468846875 1 0.8896162390625 1
0 0.8157608640625 1 0.7977524984375 0.9172289421875 0.721067453125 0.91990684375 0.7202240734375 0.9246898874999999 0.7380558765624999 1 0.8157608640625 1
0 0.10586729531250001 0 0.09047614375 0.1281305875 0.1243056328125 0.143285853125 0.18512686875 0 0.10586729531250001 0
1 0.726270265625 1 0.7306662453125 0.9101858796875 0.6594917437500001 0.888484775 0.6505441109375 0.9898941703125 0.682044925 1 0.726270265625 1
0 0.644606171875 1 0.6611940578125 0.9000394437500001 0.6032973015625 0.8748131499999999 0.5980283578125001 0.8726843578124999 0.5917577296875 0.8715786781249999 0.5909320671875 0.873622265625 0.577023028125 0.9724891046874999 0.638478315625 1 0.644606171875 1
0 0.49725311093749996 0.8755015343749999 0.5121542796874999 0.9704526 0.589478553125 0.9772175984375 0.575044571875 0.8805727359375 0.49852506406249997 0.8682879359375001 0.49725311093749996 0.8755015343749999
0 0.213506625 0 0.25975365625 0.14963347031250002 0.3470522453125 0.1501458359375 0.30601885 0 0.213506625 0
0 0.3280817078125 0 0.31750697968749997 0.1535290140625 0.33111845156249997 0.1582158203125 0.4062787390625 0.18276213125000002 0.416800503125 0 0.3280817078125 0
0 0.14187210781249998 0 0.1290379625 0.1242128875 0.1987232828125 0.1536805734375 0.211229534375 0.15873342968749998 0.21430205 0.159275196875 0.2144025609375 0.159026425 0.228309371875 0 0.14187210781249998 0
0 0.391424584375 0 0.39132800156249997 0.00054775 0.44450389062499995 0.179120559375 0.5325170921875 0.1806152265625 0.5326905234375 0.1796316421875 0.48896842500000004 0 0.391424584375 0
0 0.9515079453125 0.1052184125 0.7597141203125 0.107141459375 0.745930409375 0.2052176609375 0.940414125 0.193723515625 0.9533231421874999 0.10553848125000001 0.9515079453125 0.1052184125
0 0.6589457578125 0.172267859375 0.659079525 0.20569963906250002 0.6597165453125 0.20569963750000003 0.84800825625 0.16739936875 0.84800825625 0.08960685 0.8478674515625 0.07107775625 0.8433179796875001 0.07027556093750001 0.65894575625 0.11068806875 0.6589457578125 0.172267859375
0 0.7629435421874999 0.0808196296875 0.575227946875 0.068310675 0.5519015031250001 0.139696371875 0.549389846875 0.1479116328125 0.5471475984375 0.1606280484375 0.7382461609375001 0.1768416140625 0.7672047296875 0.0821224046875 0.7629435421874999 0.0808196296875
0 0.5816851921875 0.006689996875 0.56937686875 0.0045197078125 0.48741012968749997 0.007457364062500001 0.5328343015625 0.19971222500000002 0.6308097484374999 0.1980020578125 0.5816851921875 0.006689996875
0 1 0.1638531375 0.9854992109375 0.0778933046875 0.967800671875 0.0747725734375 0.9415259515625 0.075014084375 0.883790753125 0.0780398578125 0.8829269015625 0.0829390046875 0.8829570375 0.083514021875 0.9193036953125 0.27045185625 1 0.2641773453125 1 0.1638531375
0 0.28964617656249997 0.9281391093750001 0.2898146921875 0.92718340625 0.27822284375 0.8178806218749999 0.260926134375 0.8148307453125 0.2426921515625 0.811942765625 0.20787061406250001 0.8070362453125 0.20684639374999997 0.812844884375 0.220811140625 0.9193488406249999 0.28964617656249997 0.9281391093750001
0 0.49422974531249997 0.9662944078125 0.5040770125 0.8707591000000001 0.503171084375 0.8703740156249999 0.44682944375 0.8476105140625 0.44157645468749995 0.8466842703124999 0.440090721875 0.850361584375 0.42574448593750003 0.93982518125 0.49422974531249997 0.9662944078125
0 0.122964765625 0.898983821875 0.12351029843750001 0.9093931843749999 0.2307732703125 0.8731556984375001 0.228208159375 0.799542059375 0.22734922656249998 0.79939060625 0.2271526203125 0.799400909375 0.1223535 0.8479120531250001 0.122964765625 0.898983821875
0 0.38320814531249997 0.8483867171874999 0.28472163125 0.83887873125 0.2781238015625 0.854109853125 0.256979934375 0.9064427609375001 0.256688046875 0.9080981359375 0.3615240296875 0.9178318203125 0.385394240625 0.84926995625 0.38320814531249997 0.8483867171874999
0 0.45304913906250005 0.8578332921875 0.358616109375 0.8560019453125 0.353526878125 0.8708880015625 0.33890783125 0.9187047500000001 0.33743529843750003 0.927055896875 0.43485256874999995 0.9260345359375 0.45687985 0.8590044562499999 0.45304913906250005 0.8578332921875
0 0 0.8827741937500001 0.09265942031249999 0.8358098421875001 0.08795016562499999 0.768464375 0.08321843437500001 0.7676300421875 0 0.8104572421875 0 0.8827741937500001
0 0.0792377421875 0.8621821375 0.08222506874999999 0.8878270468749999 0.0907994421875 0.8906130296875 0.143191396875 0.9065114921875 0.1412877171875 0.7903710734375 0.1355514984375 0.7885072625 0.0712849046875 0.7705792734375 0.070412021875 0.7732657359374999 0.0792377421875 0.8621821375
0 0 0.8677140921875001 0.0218743921875 0.868999946875 0.022199264062499998 0.81931876875 0.022199264062499998 0.7632171328124999 0.01511845 0.76196859375 0 0.7619205703125 0 0.8677140921875001