0 0 0.44213625156249997 0.0586717375 0.46852593281250005 0.1044859390625 0.4210509875 0.10025806562499999 0.41710843124999997 0.00143548125 0.3695641765625 0 0.3710292859375 0 0.44213625156249997
0 0.081438128125 0.5400067609375 0.1422152703125 0.43818986249999997 0.0973911375 0.386820190625 0.0370042890625 0.489074296875 0.081438128125 0.5400067609375
0 0.28567731093750004 0.53458345 0.2374116078125 0.6341097125 0.2891669625 0.685010928125 0.2916942640625 0.687367675 0.29267950468750004 0.68811010625 0.3448891421875 0.58256759375 0.2876305140625 0.5324888953125 0.28567731093750004 0.53458345
0 0.200978890625 0.505637953125 0.1506963828125 0.555920459375 0.14774350625 0.5598390578125 0.244997375 0.6116580234375 0.3039588234375 0.5600254640625 0.30110179062500003 0.5571684328125001 0.200978890625 0.505637953125
0 0.1730030328125 0.5906313296875 0.2102763921875 0.4753673359375 0.199723071875 0.4674148390625 0.1466613203125 0.4288632203125 0.1459743578125 0.4297748484375 0.107393 0.543567628125 0.1729735265625 0.5906719421875 0.1730030328125 0.5906313296875
0 0.3992853265625 0.6134672515624999 0.3341133421875 0.5773418296874999 0.3320964015625 0.5800183999999999 0.304177584375 0.6918616296875 0.3743089046875 0.727936653125 0.37454509375 0.7275105546875 0.3992853265625 0.6134672515624999
0 0.455774559375 0.755160603125 0.4966226765625 0.685275353125 0.493570015625 0.6829750078125 0.3832703484375 0.648366284375 0.376745528125 0.6588081796874999 0.34106588125 0.7188614171875 0.455774559375 0.755160603125
1 0.662399728125 0.8209270156249999 0.605671346875 0.8764356171875001 0.6033689171875001 0.8794910437500001 0.7167063406249999 0.9606999265624999 0.775138678125 0.9053365078125 0.771901015625 0.9019838124999999 0.662399728125 0.8209270156249999
0 0.5787468859375 0.7783382234375 0.5349992515625 0.8511465140625001 0.5357366375 0.851702175 0.665938721875 0.9016075656250001 0.711136246875 0.8293147640624999 0.705417971875 0.8250057359375 0.5787468859375 0.7783382234375
1 0.54170481875 0.7978816734375 0.5818335640625001 0.7299217437500001 0.5793111390625 0.728020959375 0.44268442031250005 0.6851497875 0.41728032343750004 0.7274293078125 0.40317184531250005 0.7525775593749999 0.54170481875 0.7978816734375
1 0.6410050359375 0.8052737437499999 0.5323201625 0.7145472640625 0.50641369375 0.7362853734375 0.4700785890625 0.7681825734375 0.46984315312499997 0.76849500625 0.5836571015625001 0.8523415968749999 0.6414783953125001 0.8058378703125 0.6410050359375 0.8052737437499999
0 0.11737754375000001 0.2288633328125 0.0897350046875 0.383427040625 0.159037559375 0.420024715625 0.191876134375 0.2671393046875 0.1189823828125 0.22673363906250002 0.11737754375000001 0.2288633328125
0 0.1316855703125 0.2048470125 0.1269475109375 0.20127662812499997 0.055340834375 0.259262571875 0.014852590625 0.3129922859375 0.05692814375000001 0.369412584375 0.148574809375 0.2294045765625 0.13595944531249998 0.21012480781249998 0.1316855703125 0.2048470125
0 0.49770262968749995 0.513920503125 0.36449872031249997 0.45653337812499994 0.316117996875 0.5207367671875 0.3131599921875 0.5249803749999999 0.45500661718749996 0.5769823765625001 0.499925596875 0.515595628125 0.49770262968749995 0.513920503125
0 0.1777940109375 0.3037041875 0.1164905171875 0.35725978125 0.1156466609375 0.3583796171875 0.24865949375000002 0.43533708125 0.3026316765625 0.3803011125 0.29855951406250003 0.3756166265625 0.1777940109375 0.3037041875
0 0.40687724375 0.4397529203125 0.35928006875 0.37830823125 0.355067959375 0.375134178125 0.35128733749999996 0.378538265625 0.2773998296875 0.506387490625 0.32818693125 0.5641860765625 0.40687724375 0.4397529203125
0 0.36613951718750004 0.399128890625 0.22415771874999998 0.36529446875 0.1821924828125 0.43513634999999995 0.333317584375 0.466464440625 0.3702611328125 0.40223475156250005 0.36613951718750004 0.399128890625
0 0.5684854921875 0.5613898296875 0.562031803125 0.5565266265625 0.5498247125 0.5510889109375 0.4260604484375 0.505157703125 0.40484881875 0.5366052359375 0.3825332515625 0.5738687984374999 0.3847536859375 0.5755420171875001 0.5269572124999999 0.6262518609375001 0.5684854921875 0.5613898296875
0 0.7354185734375001 0.8383175218750001 0.8465232234375 0.8709682203125 0.8655144234375 0.8457660468749999 0.8866919765624999 0.7933497671875 0.8848471390625001 0.79195958125 0.76873338125 0.7622276593749999 0.7354185734375001 0.8383175218750001
1 0.8326074796875 0.765643603125 0.72528823125 0.697341196875 0.6868563109375 0.7368513953125 0.678059421875 0.74662133125 0.6685419609375 0.7592514296874999 0.779990046875 0.8337526875 0.8358737265625 0.7685845437500001 0.8326074796875 0.765643603125
1 0.6634298624999999 0.6094675921875 0.5873943406250001 0.578747246875 0.5864124578125 0.58005025 0.5623168093750001 0.708453646875 0.6428601281249999 0.7396431781249999 0.6432579390625001 0.7386585609375 0.6634298624999999 0.6094675921875
1 0.6980977453125 0.6277562765625 0.69480645 0.6252761078125 0.615313409375 0.7350874000000001 0.66974555 0.7942117140625 0.6716756453125 0.7956661453125 0.7531249515625 0.68789294375 0.732163665625 0.6642875046875 0.6980977453125 0.6277562765625
0 0.6116041812499999 0.5814643421875 0.5577202406249999 0.527843625 0.552723721875 0.5240784781250001 0.54914606875 0.5277832453125 0.4870339515625 0.6376889828125 0.5442450640625001 0.6926716171875 0.6116041812499999 0.5814643421875
0 0.38895424218749997 0.0602449421875 0.385636809375 0.0577450765625 0.2218330765625 0.038319903125 0.2206473109375 0.0398934671875 0.1906804078125 0.10415770312499999 0.355795515625 0.13457497031250001 0.358267896875 0.129272928125 0.38895424218749997 0.0602449421875
0 0.93199161875 0.60734523125 0.9883403812499999 0.5314794140625 0.9846449421875001 0.5286947015625 0.8207878484375 0.4487548421875 0.7831986515625 0.49678379375 0.766190184375 0.5201939375 0.93199161875 0.60734523125
0 0.454778675 0.10593428593750001 0.45438670156249994 0.10563891249999999 0.452936009375 0.10499302343750001 0.2683939390625 0.0765947078125 0.24740513125 0.12095131875000001 0.23732663125000003 0.143588 0.2377824453125 0.14393148125 0.42552020625000003 0.178991009375 0.454778675 0.10593428593750001
0 0.64110108125 0.3660986890625 0.6158544984375001 0.43142713906249996 0.7987293703125 0.475026203125 0.8364253296875 0.39156920624999997 0.8338933718750001 0.3896612390625 0.83182724375 0.388741340625 0.648477440625 0.349531115625 0.64110108125 0.3660986890625
1 1 0.4986976140625 0.9742784296875 0.47627691875 0.96808879375 0.48268647343750004 0.8667434140625 0.6268136734375 0.93415181875 0.6887602187499999 1 0.600476496875 1 0.4986976140625
0 0.48285136562500003 0.10763030625 0.408573596875 0.0761012640625 0.404532703125 0.0814637109375 0.4040649140625 0.082565753125 0.3761714484375 0.2628153203125 0.455797221875 0.29770488125 0.48285136562500003 0.10763030625
0 0.7179650765625001 0.289629409375 0.6786390890625 0.24635234687500002 0.6760606625000001 0.2485937390625 0.5714506046875 0.3923446328125 0.6228474765625001 0.45648 0.6256103234375 0.4596582921875 0.6267015171875 0.460480565625 0.7389995125000001 0.31382675937500004 0.7179650765625001 0.289629409375
1 0.767729153125 0.3793208125 0.696769425 0.4310052953125 0.6940950703125 0.434554284375 0.8373798640624999 0.5567294 0.9105577 0.4946765953125 0.90779040625 0.4913786625 0.767729153125 0.3793208125
0 0.5818845359375 0.297795746875 0.6164758515625001 0.2140866140625 0.612589328125 0.21115790781250002 0.43087753281249996 0.18107849375 0.41667915781250003 0.2129685625 0.3940220734375 0.2693444359375 0.5818845359375 0.297795746875
1 0.5254075171875 0.36982290624999997 0.6028459890625 0.4050597671875 0.6029956015625 0.404861225 0.636798878125 0.248994575 0.6407223125 0.2292277296875 0.55775530625 0.18449535 0.5570572140625 0.18542175 0.5567962015625 0.18598149218749999 0.5254075171875 0.36982290624999997
1 0.5164986218750001 1 0.53107835 0.9655796203125 0.5267184281249999 0.962294184375 0.43211228124999995 0.9438321046875 0.4105352046875 0.9927843171875 0.4076198796875 1 0.5164986218750001 1
0 0.4081282625 1 0.46243909062500005 0.93153093125 0.4240313953125 0.8813986140625 0.41914081718749996 0.875359253125 0.41573345 0.87279161875 0.41379387031250003 0.874362259375 0.35369715468749996 0.9540899078124999 0.38814736562499996 1 0.4081282625 1
0 0.3237079859375 0.8484924984375001 0.2767504015625 0.912838565625 0.27754410625000003 0.9134366640625 0.37523993437500003 0.9453327625 0.41569611718750005 0.880589334375 0.41257326875 0.8782360984375 0.3237079859375 0.8484924984375001
0 0.45480656875000003 0 0.440240715625 0.0769781421875 0.5242301375 0.1187710734375 0.54267048125 0 0.45480656875000003 0
0 0.55330524375 0 0.5008914296875 0.11805491406249999 0.51207905 0.12711446875000001 0.5743112828125 0.1758867890625 0.648250896875 0.004159085937499999 0.644891428125 0.0014386421874999999 0.6429060093750001 0 0.55330524375 0
0 0.7672553093750001 0.124569725 0.7631294828125 0.12110774375 0.5966320281249999 0.04552024375 0.544277425 0.10372121875 0.5382783734375 0.11168222812499999 0.703697253125 0.1971354640625 0.7660155203125 0.1262149796875 0.7672553093750001 0.124569725
0 1 0.2582928484375 0.9712263359375 0.2381453125 0.9646792078124999 0.24683364531250002 0.8911160765625 0.41507126093749996 0.9641082734375 0.46680642812500006 1 0.394583853125 1 0.2582928484375
0 1 0.3050679125 0.8411018328125 0.207172109375 0.7983249140625001 0.2514689046875 0.7822146421875 0.26828572031250003 0.7761325359375 0.2763569484375 0.9377070328125001 0.3793006546875 0.9917462578125 0.3233414 1 0.3146633890625 1 0.3050679125
0 0.79982624375 0.12288763750000001 0.7405122468750001 0.29699755625 0.8217246265625 0.349930453125 0.8872185281249999 0.1685069625 0.8044316890625 0.1167760046875 0.79982624375 0.12288763750000001
0 0.79203925625 0.093999534375 0.74783071875 0.0606860125 0.6447770921875 0.22116861562499998 0.71406675 0.290458271875 0.8189601546875 0.1199490421875 0.79203925625 0.093999534375
0 0.1436315453125 0.7591193484375001 0.17938381406249998 0.702515240625 0.172562703125 0.697375165625 0.0756606015625 0.664110725 0.0546415796875 0.695272709375 0.035371575 0.7249227406250001 0.1436315453125 0.7591193484375001
0 0.316888234375 0.8880389796875001 0.35079106250000003 0.8316798671875001 0.3447592578125 0.8271345765625 0.25989656562499996 0.801010709375 0.24300571875000002 0.8302665125 0.2236531453125 0.8649916031249999 0.316888234375 0.8880389796875001
0 0.0420797296875 0.7431868109375 0.106185071875 0.649328371875 0.10348376249999999 0.64599201875 0.06176823125000001 0.596277384375 0.058384253124999994 0.5937273750000001 0.058241224999999994 0.5938473890625 0.004405190625 0.694416546875 0.0420797296875 0.7431868109375
0 0.161493565625 0.6887668703125 0.1593342109375 0.6872548734375 0.1533800890625 0.6951562609375 0.123012125 0.786956203125 0.1850298546875 0.8260045921874999 0.2172184296875 0.7298828265624999 0.161493565625 0.6887668703125
0 0.22604700000000003 0.8721422499999999 0.2799306109375 0.789519640625 0.25688764375 0.7611910578125001 0.23647925937499997 0.737713896875 0.2312671703125 0.7337863062500001 0.2306333765625 0.7343372546875 0.1801404390625 0.8170602046875001 0.22604700000000003 0.8721422499999999
0 0 0.684311484375 0.0252071 0.6949492937499999 0.035453825 0.5792461171875 0.029943851562500002 0.57679291875 0 0.564945090625 0 0.684311484375