0 0.8702112625 0.13294825937500002 0.8002728484375 0.14601823125 0.8603343296875 0.2468423515625 0.9043418296875 0.238272315625 0.92475699375 0.233559103125 0.9235798093750001 0.2280208859375 0.8702112625 0.13294825937500002
0 0.797568375 0.26711139687499996 0.8607463546874999 0.24272380624999998 0.8605281109374999 0.2417784859375 0.785736921875 0.1508419125 0.72267879375 0.175176134375 0.797568375 0.26711139687499996
0 0.610272609375 0.26238556874999996 0.573351803125 0.195301459375 0.5722719671875 0.1958516625 0.4916483203125 0.2740598359375 0.5228732046875 0.3395927078125 0.5248737625000001 0.34351902343749996 0.5254492125 0.34338617031249996 0.610272609375 0.26238556874999996
0 0.6769022828125 0.1896248734375 0.5724651140625 0.240036184375 0.5812650734375 0.303267221875 0.583706375 0.3138416625 0.5877125390625 0.3132786328125 0.685462984375 0.2677999484375 0.6815946859374999 0.21523232499999997 0.6796971921875 0.20173096250000003 0.6769022828125 0.1896248734375
0 0.7603890062499999 0.17616401406249999 0.757659940625 0.16434312812500002 0.6503281359375 0.22403455156250002 0.6556907062499999 0.25162257656250003 0.6644715999999999 0.295538646875 0.6656299265625 0.300555915625 0.6684967515625 0.29999865937500003 0.7734985328125 0.2435300140625 0.7609166546874999 0.1788018609375 0.7603890062499999 0.17616401406249999
0 0.5133784953125 0.2204879640625 0.512151665625 0.22086304375000002 0.41581836718750004 0.2852553953125 0.43735722031249996 0.3557058078125 0.44372257656249997 0.35423625 0.5386904640625 0.29493058906249997 0.5133784953125 0.2204879640625
0 0.335426009375 0.290034921875 0.3478598859375 0.3713514484375 0.45898020624999997 0.3274013171875 0.457479646875 0.3151802390625 0.4474152125 0.2460561765625 0.335426009375 0.290034921875
1 0.006271465625 0.370633553125 0.0154179484375 0.45246844218750004 0.020352075 0.45194984531250004 0.1498485109375 0.41389215312500005 0.14323775625 0.34466934375 0.1430862359375 0.34322772968750004 0.1408056984375 0.33334963906250004 0.006271465625 0.370633553125
0 0.090432371875 0.34856682499999997 0.0933796578125 0.433546925 0.093646890625 0.434704440625 0.0995304953125 0.4343960953125 0.23164902031249998 0.40200468593750005 0.227771171875 0.3280109375 0.2253114390625 0.3173566625 0.090432371875 0.34856682499999997
1 0.2550142375 0.399449803125 0.2569429078125 0.39934872499999996 0.3932487703125 0.36054457812499996 0.3892494484375 0.2842329671875 0.3884357515625 0.2807084546875 0.248663525 0.3223206390625 0.2550142375 0.399449803125
1 0.315507334375 0.39805217656249997 0.2478382609375 0.28153263906250003 0.1710282046875 0.311446675 0.1710361125 0.3114809265625 0.249334346875 0.4292357078125 0.3179104546875 0.40587907031250003 0.317137490625 0.4025309984375 0.315507334375 0.39805217656249997
0 0.7980177359375 0.405294225 0.8017071078125 0.40503623906249997 0.944240209375 0.3506722453125 0.9390322765624999 0.2761953515625 0.9368806031249999 0.2668754296875 0.7910666125 0.3283506 0.7980177359375 0.405294225
0 0.973657890625 0.3730078578125 0.973657890625 0.328931984375 0.967314084375 0.3014539421875 0.8521093000000001 0.338424365625 0.8485053828125 0.3738919390625 0.969828509375 0.373891940625 0.973657890625 0.3730078578125
0 0.49684047812500004 0.49271143281249996 0.5030772406249999 0.4912715625 0.6202926828125 0.4096021828125 0.596569084375 0.3365884546875 0.5956235249999999 0.3368067546875 0.4684818609375 0.41530829531249996 0.49684047812500004 0.49271143281249996
0 0.70900916875 0.364134853125 0.7310365937500001 0.44024659843749997 0.7400130734375 0.438174215625 0.858258134375 0.35553937812499997 0.8304865687499999 0.28149395 0.70900916875 0.364134853125
0 0.5915394265625 0.48365334843749996 0.6969269109375 0.389785759375 0.6694610937500001 0.320986096875 0.6647700828125 0.311368103125 0.55409825625 0.41815020625 0.5857160890625 0.4850216828125 0.59144634375 0.48369874843750005 0.5915394265625 0.48365334843749996
0 0.6222469984375001 0.3349143796875 0.6222919234375001 0.3351089703125 0.714593625 0.45498101562500004 0.7895921203125 0.42768379375 0.7887894359375001 0.42420698593750006 0.6933079156249999 0.30750365625 0.6222469984375001 0.3349143796875
0 0.4607276953125 0.5148133734375 0.522724878125 0.5103863296875 0.5225802234375 0.5020990953125 0.4840448109375 0.361946309375 0.4052578140625 0.36520764687499996 0.40935866875000004 0.3863260484375 0.44300176562500004 0.5151227796875 0.4607276953125 0.5148133734375
0 0 0.48201199062500005 0.0170849109375 0.6094210734375001 0.093004103125 0.6116020078125 0.09910909375 0.6101925609375 0.09910909375 0.60159870625 0.0858390765625 0.466825965625 0 0.46785039375000004 0 0.48201199062500005
1 0.14268064375 0.4520112765625 0.063424625 0.477446309375 0.064406953125 0.48170124062499997 0.1267125953125 0.5977164015625 0.14510349218750002 0.5910226640625 0.20601257187500002 0.5671699453125 0.20471214999999998 0.5615372015625 0.14268064375 0.4520112765625
1 0.3131568953125 0.41649660937500005 0.23362453749999998 0.4367161171875 0.2344710203125 0.44038263437499997 0.29111791249999996 0.5546386296875 0.31857046875 0.5483007078125001 0.37458704531250003 0.5332911109375 0.37382746093749997 0.5300009921875 0.3131568953125 0.41649660937500005
1 0.27342991250000004 0.45850252031250005 0.2611943796875 0.42967741562499995 0.147862165625 0.5064062046875 0.178786065625 0.58057248125 0.18572591249999998 0.5789702906249999 0.2935041125 0.509192246875 0.27342991250000004 0.45850252031250005
0 0.342112625 0.534847571875 0.45387971718750003 0.4808259515625 0.43510860625000003 0.3995193359375 0.3190699546875 0.459995975 0.336825571875 0.536068184375 0.342112625 0.534847571875
0 1 0.58328659375 0.9538163203125001 0.5109657765625 0.9491105578125 0.5124947718749999 0.8747795078125 0.538136165625 0.9856668890625 0.6894395171875 1 0.6854987171875 1 0.58328659375
0 0.144953771875 0.7540198593749999 0.1511326984375 0.8434598 0.15123071875 0.8438843734375 0.3337119625 0.7974656390625 0.3263478 0.71951971875 0.3251511265625 0.70813413125 0.3239029 0.7027274671875 0.144953771875 0.7540198593749999
0 0.9731833421875 0.6811202187500001 0.9727255109374999 0.6799870453125 0.8617271593750001 0.534025503125 0.7928806500000001 0.560009221875 0.7932631234375 0.5616659 0.9032035609375001 0.7162413375 0.920585346875 0.7092186390624999 0.9741222234375 0.68518695625 0.9731833421875 0.6811202187500001
0 0.42952588125 0.6331286609375 0.3440871484375 0.654226196875 0.4130964203125 0.8286084046875001 0.4830730859375 0.8150063187500001 0.5038291703125 0.8102143984374999 0.503314146875 0.8075648359375001 0.42952588125 0.6331286609375
1 0.2163319515625 0.866619084375 0.16712528124999998 0.698147275 0.072674046875 0.7180897515625 0.12899764687499998 0.8926125125000001 0.1983647828125 0.8816258390625 0.213555871875 0.8788328703125 0.21810025624999999 0.8777837171874999 0.2163319515625 0.866619084375
0 0.8051330921875 0.5570971015625 0.7182047421875 0.5560933593749999 0.767569325 0.7416288234375 0.8425816656249999 0.741628825 0.8498861375000001 0.7399424546875 0.8498861375000001 0.733916546875 0.8051330921875 0.5570971015625
0 0.50358939375 0.62163610625 0.4262150296875 0.6493523671875 0.42101738749999995 0.6514523515625 0.5232809140625 0.8056196265625 0.5530081 0.7936090640625 0.60583905625 0.7708985203125 0.6048064421875 0.7664257796875 0.50358939375 0.62163610625
1 0.2651635375 0.662857146875 0.26517504999999997 0.6631868546875 0.3074894703125 0.8416608625 0.3963179796875 0.8446569140625 0.39960642968750004 0.8438977156249999 0.36182759531249997 0.658979728125 0.2651635375 0.662857146875
0 0.7782412921875 0.62920485625 0.7553774625 0.5729125109375001 0.600476575 0.6829465828125 0.6338158734375 0.767375803125 0.6392712515625 0.7661163296875 0.7901805390625001 0.6620076703125 0.7782412921875 0.62920485625
1 0.5889478312499999 0.7810461828124999 0.6832534796874999 0.7750001203125 0.6830382234375 0.7732470109375 0.61223623125 0.600707178125 0.527839209375 0.6118677453125 0.5278679484375 0.6121018109375 0.5818002609375 0.7622038437499999 0.5889478312499999 0.7810461828124999
0 0 0.24155195 0.035249848437499995 0.23846798749999998 0.0440297125 0.236440996875 0.04350619375 0.230457146875 0.022406265624999998 0.1423179765625 0 0.1445040171875 0 0.24155195
0 0.05078069375000001 0.22942395625 0.086149046875 0.22190618125 0.12570742031249998 0.2127734109375 0.08857099375000001 0.1221103625 0.011889862499999999 0.139211790625 0.05078069375000001 0.22942395625
0 1 0.772843384375 0.9410054000000001 0.8057473640625 0.9483482171875 0.8406879046875 1 0.8287631515625 1 0.772843384375
1 0.107479875 0.21698157187499997 0.11660024375 0.21487596875 0.20089185 0.1774214828125 0.200095771875 0.17340583437499998 0.1834194484375 0.10117274375 0.0923334265625 0.14598843125 0.107479875 0.21698157187499997
0 0.258057371875 0.0941602265625 0.2535297703125 0.0810111140625 0.165453046875 0.1351495640625 0.187871496875 0.2064397046875 0.19144920468749999 0.205613725 0.275352665625 0.15114299375 0.258057371875 0.0941602265625
0 0.31272665625 0.0736637625 0.2362862328125 0.0871422703125 0.27524191875000004 0.17675824843750002 0.3496038609375 0.169100846875 0.3534404703125 0.1682150953125 0.3526334 0.1636379703125 0.31272665625 0.0736637625
0 0.8586845406249999 0.9069420703125 0.9453747968749999 0.9039147796875 0.95174241875 0.9024446984375001 0.8908206156249999 0.727252503125 0.8035573250000001 0.729787125 0.8586845406249999 0.9069420703125
0 0.87748608125 0.8324285421875001 0.8699168640625 0.80767075 0.8478109 0.74717428125 0.8460654203125 0.7477079265625 0.692426071875 0.8439356359374999 0.720798975 0.931708190625 0.7240361531249999 0.9309608296875 0.87748608125 0.8324285421875001
0 1 0.755665503125 0.9712440828125001 0.69947373125 0.8967518046875 0.7127133953125 0.8805155296875 0.7158694078125001 0.8806904953125001 0.716769534375 0.9761317125 0.8962516078125 0.9826152031250001 0.8949913453124999 1 0.8908534140625 1 0.755665503125
0 0.6090941578125 0.938727521875 0.6152410984375 0.9381897328125 0.7874124203124999 0.8833100187499999 0.7812149171875 0.7873176 0.7808172875 0.7855952796875 0.604497725 0.8518084140625 0.6090941578125 0.938727521875
0 0.393523978125 1 0.3126000078125 0.8514174140625 0.22023438281250002 0.88662074375 0.2893932921875 1 0.393523978125 1
0 0.387142234375 1 0.5064083375 0.9273049562500001 0.48635991875 0.86908011875 0.475388834375 0.8376271703124999 0.4745940625 0.8378106578125 0.3091828390625 0.935236096875 0.3314828390625 1 0.387142234375 1
0 0.43194060937499995 1 0.4436861671875 0.9972883234375001 0.6036809296875 0.9152371531249999 0.577780871875 0.8185768234375 0.408928975 0.909067265625 0.43143987812500006 1 0.43194060937499995 1
0 0.49591998593750003 0.83623203125 0.6183376218750001 0.9858316609375001 0.6338880109375 0.9822415703124999 0.7069712359375 0.9450038093750001 0.7063448718750001 0.9422907296874999 0.5785859375 0.79218040625 0.49591998593750003 0.83623203125
0 0.28356370625 1 0.3190780546875 0.9834372421875001 0.3118780625 0.9598871296875 0.2887330890625 0.8904970984375 0.113744946875 0.96685745 0.12233263125 1 0.28356370625 1
0 0.6379477046875001 0.11265672499999999 0.6069690265625 0.007872889062500001 0.5373306906249999 0.0099673078125 0.5662197234375 0.11737956093749999 0.6021594218749999 0.11737956093749999 0.6313638859374999 0.1168802203125 0.6379477062500001 0.11536022500000001 0.6379477046875001 0.11265672499999999
0 0.3077324015625 0.090317196875 0.36683729375 0.1662689296875 0.41452419375 0.1440321625 0.43190824375 0.1356026453125 0.4311429515625 0.132287803125 0.370249128125 0.062520884375 0.3077324015625 0.090317196875
0 0.679594359375 0 0.6035556953125 0.0333262796875 0.6125507984375 0.106631 0.613590721875 0.10648484843749999 0.7137630234375 0.0490244609375 0.70917696875 0.0029619953125 0.7084931375 0 0.679594359375 0
0 0.465327653125 0.0586470671875 0.46634652968749996 0.13123823750000002 0.46870287031249996 0.131320521875 0.5645018453125 0.106570734375 0.565492428125 0.09000157187499999 0.5674164859374999 0.034903742187499996 0.56675676875 0.032046190625 0.465327653125 0.0586470671875
0 0.3945311375 0.07762522499999999 0.3959678953125 0.1507562046875 0.4021364671875 0.1504329234375 0.49012253125000005 0.117359928125 0.48923616093750005 0.0892886625 0.4870780484375 0.048109415625 0.486617971875 0.04611660625 0.3945311375 0.07762522499999999
0 0.750529509375 0 0.7915767312499999 0.07144639375 0.8548811953125 0.06367358281249999 0.8612975875 0.0621922421875 0.8612870484374999 0.062106401562500003 0.8250938375000001 0 0.750529509375 0
0 0.6776742328124999 0 0.7147660328125001 0.0920872875 0.720789184375 0.091771628125 0.787212034375 0.08547776093750001 0.7870642 0.0826569203125 0.746959890625 0.0028091624999999998 0.7454885265625 0 0.6776742328124999 0
0 0.8327508703125 0 0.8069320703124999 0.022450025000000002 0.8181501796875 0.0625320046875 0.8193881046874999 0.062246207812499996 0.9052621328124999 0.032677407812499996 0.8977179578125 0 0.8327508703125 0