0 0.65625 0.040954135937500004 0.6622206890625 0.0716706734375 0.6694833078125 0.104662434375 0.784375 0.11736173593749999 0.784375 0.11662594062500001 0.7704641484375 0.0510687015625 0.6598981187499999 0.0359574640625 0.65625 0.0366665875 0.65625 0.040954135937500004
0 0.659375 0.198181584375 0.659375 0.1999475859375 0.726234834375 0.20828405625 0.776658721875 0.1009622359375 0.709586709375 0.0926059859375 0.659375 0.198181584375
1 0.7599439875 0.3369548609375 0.6839702953125 0.3465163515625 0.6682174359374999 0.4633437265625 0.6728804890625 0.46260517187500005 0.7442512234375 0.449347378125 0.760133575 0.3381518671875 0.7599439875 0.3369548609375
0 0.65625 0.2837159453125 0.6591497453125 0.3390463765625 0.771875 0.3687589140625 0.771875 0.3656618265625 0.7628310546875 0.2897195859375 0.6582903640625 0.26375087812500003 0.65625 0.26385780937500003 0.65625 0.2837159453125
0 0.7734437390625 0.2210093046875 0.66756930625 0.16875 0.664397196875 0.16875 0.652253303125 0.2454235203125 0.7603295015625 0.3006816671875 0.760379084375 0.3006895203125 0.7734437390625 0.2210093046875
1 0.6757669578125001 0.42391299374999997 0.6696015656250001 0.5421875 0.6708826328125 0.5421875 0.743798646875 0.5266887234375 0.7534141562500001 0.411215690625 0.7531474296875 0.40996083906249997 0.6757669578125001 0.42391299374999997
0 0.6493872546875 0.5032769609375001 0.6502901046875 0.5755241046874999 0.650621571875 0.5850160734375 0.7673123937499999 0.611056175 0.7668724828125 0.528795703125 0.6509467328125 0.503222503125 0.6493872546875 0.5032769609375001
1 0.7375141890625 0.9503255156250001 0.74086605625 0.8109375 0.737040246875 0.8109375 0.6585691140625001 0.8228368890625 0.65740443125 0.9590697031250001 0.6581335390625 0.9636731187500001 0.7375141890625 0.9503255156250001
1 0.6582497484375 0.878125 0.736365384375 0.8671275703125 0.7437197328125 0.728125 0.7342325468750001 0.728125 0.6592173515625 0.7373357078125 0.65026018125 0.873071765625 0.650880640625 0.878125 0.6582497484375 0.878125
1 0.76633238125 0.607515665625 0.6292801359375 0.5885204640625 0.6223793390625 0.5891242046875 0.6261349640625 0.6543981375000001 0.627088934375 0.6653020640625 0.7730237109375 0.6873179625 0.77002161875 0.6496838546875 0.76633238125 0.607515665625
1 0.68943984375 0.6449192859374999 0.63125 0.7718941125 0.63125 0.77366591875 0.7110680281249999 0.7910379234375 0.76244151875 0.6582180515625 0.7309033281249999 0.652087646875 0.68943984375 0.6449192859374999
1 0.5723922421875 0.028282173437500002 0.5046875 0.167960909375 0.5046875 0.17216728750000002 0.587042221875 0.1816603546875 0.6504521765625 0.038415862499999995 0.6238504 0.034600440625 0.5723922421875 0.028282173437500002
0 0.501091678125 0 0.4985684328125 0.0199791640625 0.6407132203125 0.1046875 0.642496025 0.1046875 0.658339753125 0.0209475828125 0.6237604812499999 0.0124789984375 0.5697080015625 0 0.501091678125 0
0 0.6411700703125 0.40641616249999996 0.4949698015625 0.3888102 0.491599140625 0.38940453750000004 0.5009682453125001 0.457111515625 0.5036858468750001 0.472523796875 0.653715171875 0.48220624218749997 0.6445528031250001 0.42560059531250005 0.6411700703125 0.40641616249999996
0 0.49893688281250004 0.1817905078125 0.49681113593750004 0.19384621875000002 0.6294084843750001 0.2671875 0.6307954015624999 0.2671875 0.6452619046875 0.1863076203125 0.5175018578125 0.1177246015625 0.51566033125 0.1173998921875 0.49893688281250004 0.1817905078125
0 0.512512490625 0.4296875 0.5952329296875 0.42064654375000005 0.6291913046875 0.28125 0.5795498609374999 0.28125 0.55294874375 0.28217893125 0.5121151 0.42481550781250005 0.5122852328125 0.4296875 0.512512490625 0.4296875
0 0.588988665625 0.3445547015625 0.6297752578125 0.1984375 0.6117736734375 0.1984375 0.5532395625000001 0.20048155625000003 0.5086049671875 0.343887953125 0.5087044578125 0.3467369953125 0.588988665625 0.3445547015625
0 0.63528471875 0.4539005734375 0.6073590890625 0.44979163125 0.55717929375 0.4436303265625 0.503125 0.581746921875 0.503125 0.5859655984375001 0.5820964156249999 0.6000103640625001 0.6293601640625 0.4745277921875 0.6350310390625 0.455966628125 0.63528471875 0.4539005734375
0 0.63413130625 1 0.6332057062499999 0.9178438515625 0.5054529578125 0.8984375 0.49195045000000004 0.8984375 0.49137886093749994 0.9178823015625 0.490625 0.9610709859375 0.490625 0.9842373984374999 0.626372784375 1 0.63413130625 1
1 0.6214749671875001 0.8248938046875001 0.49452134843750006 0.81261221875 0.490625 0.8128846781249999 0.490625 0.8163323984374999 0.49349628437500004 0.8792214484375 0.4948615 0.8987449546875 0.6306014265625 0.9088033671875 0.6214749671875001 0.8248938046875001
0 0.5892557828125 0.7524424484375001 0.6131527828125 0.621875 0.578376175 0.621875 0.5304324515625 0.6233279890625 0.504266553125 0.7451167875 0.5043987750000001 0.7526917906249999 0.5892557828125 0.7524424484375001
1 0.49648064375 0.8131266 0.6328125 0.815741925 0.6328125 0.8137319203125 0.6162286171875 0.7314508546875 0.4828125 0.73163729375 0.4828125 0.735610703125 0.49648064375 0.8131266
0 0.5302288265625 0.5398312203125 0.5015625 0.6565714093749999 0.5015625 0.6661431875 0.5785564546875 0.6676725 0.6140080375 0.54007586875 0.6113747671875001 0.5400299046875 0.5302288265625 0.5398312203125
0 0.381787553125 0.140625 0.382254715625 0.0689151671875 0.21296177656249998 0.003125 0.20725495624999998 0.003125 0.20584445625 0.023133046875 0.2026200078125 0.0846591609375 0.3794526671875 0.140625 0.381787553125 0.140625
0 0.37670060312500003 0.7726082125 0.19453236406250002 0.7726274453124999 0.1921875 0.7730409078125 0.1921875 0.7830957984375 0.20113954218750002 0.8338653515625 0.207229865625 0.8663997875 0.3955064546875 0.860719590625 0.37670060312500003 0.7726082125
0 0.2829436875 0.0578399390625 0.223480490625 0.23636391093750003 0.2234375 0.23685529375 0.2234375 0.240202015625 0.2963323484375 0.24488687343749999 0.3616946234375 0.067730346875 0.2835274609375 0.057891012500000005 0.2829436875 0.0578399390625
0 0.1884508828125 0.5884720671875 0.1859375 0.5891455265625 0.1859375 0.5923931203125 0.2090858984375 0.678784115625 0.3960712609375 0.6643651109375 0.3775797265625 0.5783247375 0.1884508828125 0.5884720671875
1 0.29206450156249997 1 0.3248895796875 0.9994270359374999 0.34944187968749996 0.8221793 0.262054046875 0.819246225 0.2529114390625 0.819405809375 0.2330315671875 1 0.29206450156249997 1
0 0.383118525 0.237194915625 0.2117518046875 0.190625 0.199371575 0.190625 0.1984375 0.2441380828125 0.1984375 0.2716686421875 0.38260500468749997 0.32412754375 0.383118525 0.237194915625
0 0.351202925 0.4522487578125 0.28043433125 0.44392530937499997 0.2140625 0.6085656046875 0.2140625 0.6123054546875 0.290508740625 0.6261450484375 0.3024780921875 0.62804080625 0.36744051875 0.454820540625 0.351202925 0.4522487578125
1 0.38413010625 0.6876345078125 0.1984375 0.65640475 0.1984375 0.6752884828125 0.203456628125 0.7483150109375 0.3832986671875 0.784375 0.3836285765625 0.784375 0.38413010625 0.6876345078125
1 0.2885744890625 0.25282754375 0.2000985515625 0.41509814843750004 0.2 0.41549341718750005 0.2 0.419313946875 0.2875797453125 0.4436810015625 0.38081948906249996 0.2781269859375 0.3224455984375 0.261272559375 0.2885744890625 0.25282754375
0 0.265231571875 0.353846446875 0.25941578593750003 0.37314147656249996 0.21875 0.5172007468750001 0.21875 0.527040771875 0.3010430546875 0.5321216359375 0.3601051875 0.3536478609375 0.35407937968750003 0.3533320625 0.265231571875 0.353846446875
0 0.9292599359375 0.9706458625 0.9519293796875001 0.9649937359375 0.945504578125 0.8671875 0.9404801609375 0.8671875 0.8690096828125 0.884250609375 0.8782528968750001 0.9795972203125001 0.8790889015625 0.98295025625 0.9292599359375 0.9706458625
0 0.9473559046875 0.8916298359375 0.9528664546875 0.7953125 0.9350688703125 0.7953125 0.8766854578125001 0.8024810812500001 0.8696427578125 0.8956875500000001 0.8702116296875 0.9003206390624999 0.9473559046875 0.8916298359375
0 0.1071866609375 0 0.0125 0.01499689375 0.0125 0.02075405 0.017389456249999997 0.0516248625 0.20739814375 0.0754614546875 0.20038400781250001 0 0.1071866609375 0
1 0.86625800625 0.8224408640625 0.9436785999999999 0.8145947187499999 0.955756378125 0.715625 0.9336668515625 0.715625 0.92496083125 0.716233784375 0.8818796109375 0.7199699171875 0.8659651015625001 0.8182521390625 0.86625800625 0.8224408640625
0 0.94921196875 0.7455754812500001 0.9642318187500001 0.67758208125 0.8781233343749999 0.634503603125 0.8776075359375 0.634375 0.8706553328125001 0.634375 0.8703353312500001 0.6356584562500001 0.8561443203125 0.7030930328125 0.9476740578125 0.751743709375 0.94921196875 0.7455754812500001
0 0.9377966609374999 0.6648170171875 0.957233540625 0.5640625 0.9480007296874999 0.5640625 0.878081440625 0.572797065625 0.8606671671875 0.6668075453125 0.8607743953125 0.6688535828125 0.9377966609374999 0.6648170171875
0 0.025 0.27996125781250003 0.025 0.284152459375 0.1164122859375 0.2946405875 0.1864509765625 0.123742365625 0.09989544375000001 0.11311468281249999 0.025 0.27996125781250003
0 0.1761893625 0.20932264687500002 0.1758354359375 0.209310821875 0.089996615625 0.2078125 0.08237519843749999 0.2078125 0.034375 0.3745518546875 0.034375 0.3823625453125 0.12237769218750001 0.388628615625 0.1761893625 0.20932264687500002
0 0.0203125 0.1848292453125 0.0203125 0.191054971875 0.10409024062500001 0.2064135703125 0.1899494421875 0.0223065125 0.098749275 0.0094891640625 0.0203125 0.1848292453125
0 0.034375 0.4723538875 0.034375 0.482961203125 0.12923331093749998 0.48245463437499997 0.17347670625 0.30068124687500003 0.0850489578125 0.30218295156249997 0.034375 0.4723538875
0 0.1381871890625 0.8752594468750001 0.14965330625 0.68125 0.146306728125 0.68125 0.05160513437499999 0.6945594421875 0.0496665953125 0.8878983187499999 0.049710560937499995 0.8882111484375 0.1381871890625 0.8752594468750001
0 0.1922422296875 0.75625 0.1938960109375 0.6791787874999999 0.19420389062500001 0.6615403484375 0.007497290625 0.6171875 0.005886771875 0.6171875 0.0046875 0.6858938125 0.0046875 0.7150530234375 0.190551440625 0.75625 0.1922422296875 0.75625
0 0.042071290625 0.69058160625 0.1403801046875 0.6785108015625 0.15759677656249999 0.4875 0.1446841890625 0.4875 0.1361575921875 0.48854693437499996 0.061805809375 0.499123 0.0415282546875 0.6861589312499999 0.042071290625 0.69058160625
0 0 0.49391752968749997 0.005922526562500001 0.531310890625 0.2028514703125 0.542643403125 0.1899001546875 0.44987235 0 0.4352566109375 0 0.49391752968749997
0 0.057297946875000005 0.9907168625 0.1522563171875 0.973024896875 0.1386373015625 0.778125 0.131118915625 0.778125 0.10328845625000001 0.784040546875 0.0381642296875 0.8008505234375001 0.055303781249999996 0.9813350546875 0.057297946875000005 0.9907168625
0 0.8631308828125 0.374123921875 0.930845375 0.3678692796875 0.9494639234375001 0.25625 0.9460546734375 0.25625 0.9143582015625 0.2595928703125 0.877050234375 0.2641737125 0.862369725 0.36792478906250004 0.8631308828125 0.374123921875
0 0.9579133984375 0.5252872578125001 0.8778308156250001 0.48290413593750003 0.877488825 0.4828125 0.8726012187500001 0.4828125 0.8558507421874999 0.5453261328125001 0.8556130828124999 0.5462813890625 0.93783720625 0.595911596875 0.9579133984375 0.5252872578125001
0 0.9098712515624999 0.294274496875 0.959375 0.1920498609375 0.959375 0.1909753875 0.8863665749999999 0.1858701421875 0.85 0.28762315781250003 0.85 0.2925124890625 0.9098712515624999 0.294274496875
0 0.8648581734375 0.44848700781249995 0.93631005 0.4356361171875 0.9430521265625 0.33125 0.9385891890625 0.33125 0.8864192765625001 0.34329437343749997 0.8703435468749999 0.34742829999999997 0.8643277890625001 0.446189659375 0.8648581734375 0.44848700781249995
0 0.890148309375 0.415549265625 0.8484375 0.49780489843750003 0.8484375 0.5040266250000001 0.9161925656250001 0.515740371875 0.9633480234375 0.42925362187499994 0.905681165625 0.4180443203125 0.890148309375 0.415549265625
0 0.9460233562499999 0.167988415625 0.9582180703125 0.0988287625 0.8633388546875 0.0375 0.8607192593749999 0.0375 0.854132096875 0.074857653125 0.8502390984374999 0.10572358281250001 0.9449979609374999 0.16780761093750002 0.9460233562499999 0.167988415625
0 0.840625 0.2182955734375 0.9132448734375 0.2290358171875 0.9609375 0.1264740046875 0.9609375 0.12349525937500001 0.8983434609375 0.11691636093749999 0.885879275 0.13795497968749998 0.840625 0.2173955109375 0.840625 0.2182955734375
0 0.8557279796874999 0 0.840625 0.066379459375 0.840625 0.0720625046875 0.8952548765625 0.08467480625 0.9437358078125 0.09553409375000001 0.9508341453125 0.05372518281250001 0.874128546875 0 0.8557279796874999 0