0 0.265517665625 0.8269978703125 0.19963104843749999 0.830427921875 0.1663644421875 0.9407340671875 0.1711174890625 0.9414868765625 0.2107108734375 0.9401042453124999 0.2367680703125 0.9385494265625001 0.265719415625 0.8327752390625 0.265517665625 0.8269978703125
0 0.27105049531250003 0.8734699421875 0.273299809375 0.8738261984375001 0.28841635 0.8088753234375 0.1870925328125 0.7469402125 0.1716317734375 0.813340596875 0.27105049531250003 0.8734699421875
0 0.254767384375 0.5092129187500001 0.2173919640625 0.6197648671875 0.2257341296875 0.6210861359375001 0.29431969687500004 0.6216567937499999 0.3310885140625 0.5156467171875 0.3311348015625 0.5143212312500001 0.254767384375 0.5092129187500001
0 0.31718492187499997 0.5960211 0.24170206562500002 0.595746225 0.20251776562499998 0.698089840625 0.21686025625 0.7003614671875 0.2780363171875 0.7046393140625 0.31979299375000003 0.600062234375 0.32004391249999997 0.5964739203125 0.31718492187499997 0.5960211
0 0.3137254921875 0.6872583453125001 0.314509296875 0.6823095984374999 0.2660609703125 0.6734989125 0.23838355781249998 0.6686186375000001 0.1809910703125 0.7761948890625 0.1808032390625 0.777380809375 0.1950877921875 0.77997973125 0.23845318437500002 0.7876262203125 0.2602101375 0.7910721828125 0.3137254921875 0.6872583453125001
0 0.357752778125 0.45922205 0.28501838125 0.430161209375 0.21730866875000002 0.5269181828125 0.21721392499999997 0.5275163734375 0.2882496859375 0.553371275 0.35731539218749997 0.4609149828125 0.3576150359375 0.4600917203125 0.357752778125 0.45922205
0 0.237603384375 0.4587770796875 0.2916120671875 0.4685765703125 0.31863394375 0.472856415625 0.36422878125 0.368393128125 0.3650174671875 0.363413565625 0.28546370468750004 0.3483909328125 0.237603384375 0.4587770796875
1 0.3655031703125 0.1614954046875 0.435780221875 0.04626150625 0.4358396265625 0.046106753125 0.4366076484375 0.04125765 0.36087904531250004 0.011614478125 0.2894099546875 0.132994209375 0.3003500609375 0.1371937234375 0.3655031703125 0.1614954046875
0 0.403580634375 0.0971443671875 0.31800680468750003 0.103148775 0.30104986562499997 0.24068474062499998 0.3094410546875 0.242013775 0.3859130859375 0.23800604375 0.40431690781249996 0.1032254546875 0.40400170625 0.0972110578125 0.403580634375 0.0971443671875
1 0.253129 0.3495703921875 0.384038753125 0.3943673984375 0.3909279625 0.395091484375 0.3996961921875 0.330300209375 0.4008403171875 0.31941459375000003 0.2617876046875 0.269957521875 0.25755361250000003 0.307473009375 0.253129 0.3495703921875
1 0.32982674843750004 0.1846944828125 0.2777468515625 0.31609274374999996 0.34496304218749996 0.3267387421875 0.359310425 0.3287551359375 0.4034027171875 0.19422051093749998 0.4035052046875 0.19349126249999998 0.32982674843750004 0.1846944828125
0 0.4041784328125 0.9657442890624999 0.40682420312499995 0.9661633374999999 0.43928639374999995 0.8896872124999999 0.31928358437500004 0.7894293109375 0.28720420625 0.8609355843750001 0.4041784328125 0.9657442890624999
0 0.31447577656250003 0.9732677640625 0.353847965625 0.9830843546875 0.38745480625 0.9884071546875 0.4145345734375 0.879796140625 0.4161301203125 0.8697222515625 0.38172860625 0.8647661453125 0.31447577656250003 0.9732677640625
0 0.4161923640625 0.6277499718749999 0.49862751406249994 0.5086655390625 0.49930304999999997 0.5044003640625 0.4298351734375 0.47660722343749995 0.33709927500000003 0.59587468125 0.372219346875 0.6108703125 0.4161923640625 0.6277499718749999
0 0.44576255624999994 0.8604351156250001 0.4545141078125 0.79448638125 0.45515478906249995 0.78226146875 0.31356465 0.7252060859375 0.3132643734375 0.7251903468750001 0.3087292734375 0.807835471875 0.443895184375 0.86033725 0.44576255624999994 0.8604351156250001
0 0.3464763453125 0.5595290109375 0.337996934375 0.64355278125 0.460743434375 0.702603303125 0.4698786390625 0.7040501781249999 0.47938106875 0.6501592296875 0.48240387812499996 0.6310739609375 0.3482297859375 0.559806728125 0.3464763453125 0.5595290109375
1 0.4698942078125 0.6601158625 0.4707103390625 0.6549630125 0.3929792984375 0.6392290203125001 0.320053384375 0.7730049484375 0.3954027484375 0.78765138125 0.4698942078125 0.6601158625
0 0.501429578125 0.5343483 0.512312840625 0.4731534953125 0.514473415625 0.4555570109375 0.38989890781250003 0.40863529062500004 0.3693248515625 0.40234942812499996 0.357845896875 0.4803639171875 0.4932028625 0.5333381859374999 0.501429578125 0.5343483
0 0.43933062187500005 0 0.4362821125 0.0741419984375 0.5711318000000001 0.1019146859375 0.5756562234375 0.10223106562499999 0.5768246984375 0.09485360468750001 0.5779166015625 0.081526246875 0.582542734375 0.0153694546875 0.491897653125 0 0.43933062187500005 0
1 0.4243379046875 0.146659784375 0.544524484375 0.20331244843750002 0.54701533125 0.203706959375 0.5557337718750001 0.1751902265625 0.5694388921875 0.1232912796875 0.45164743906249993 0.0644967984375 0.4243379046875 0.146659784375
1 0.48566426875 0.37427500468749997 0.5337569515625 0.266890578125 0.5360003046874999 0.2527266078125 0.45497077499999994 0.2357519484375 0.4040562203125 0.3594531828125 0.40735915 0.36009520781250004 0.48566426875 0.37427500468749997
1 0.538275121875 0.153281365625 0.45509595 0.1553075265625 0.432107759375 0.2867539 0.4398364234375 0.28797799999999996 0.514627196875 0.28797799999999996 0.540157875 0.15783502656249998 0.540157875 0.153579565625 0.538275121875 0.153281365625
1 0.4682071296875 0.45690656093750004 0.5259575234375 0.34609885937499996 0.527088065625 0.33896089687500003 0.4475000890625 0.3218401703125 0.390920225 0.43890010312500005 0.45532565468749997 0.4539326375 0.4682071296875 0.45690656093750004
0 0.72476233125 1 0.7277873984375 0.9422782749999999 0.5486246578125 0.8855749890625001 0.5481526921875 0.95802226875 0.6561708609375 1 0.72476233125 1
0 0.727793996875 0.1246450984375 0.6849615328125 0.30623630625 0.6952853578125 0.30787143906250003 0.7136188031249999 0.3094754078125 0.77452744375 0.3126163078125 0.8229138671875 0.1319594328125 0.727793996875 0.1246450984375
0 0.7428951484375 0.8682089749999999 0.7412612515625 0.84953345 0.551908225 0.8214979 0.5519023125 0.821535221875 0.5600758625 0.8953019640625 0.74052074375 0.9279370671875 0.745820203125 0.9274734234374999 0.7428951484375 0.8682089749999999
0 0.803102646875 0.3421857578125 0.8043605250000001 0.33626790624999997 0.8048429734375 0.333221846875 0.7215767953125 0.3111120703125 0.6432438453125 0.48764035312500004 0.7345125484375 0.507040115625 0.803102646875 0.3421857578125
1 0.8589591921874999 0.07145115468749999 0.8595391890625 0.0677891984375 0.7953642046875 0.04054853125 0.7732140046875 0.037040284374999996 0.6815919359375 0.18431515781250002 0.760231703125 0.2225384875 0.7686488015624999 0.226111334375 0.8589591921874999 0.07145115468749999
1 0.5759906734375 0.755024153125 0.719320571875 0.8678270421875001 0.7217853953125 0.8689244515625001 0.7269125562500001 0.8697365140625 0.75984735 0.7957637562500001 0.6111789734374999 0.6758066953124999 0.6102346671875 0.67565713125 0.5759906734375 0.755024153125
0 0.6382118546875 0.420942625 0.6215337546875 0.5014213453125 0.77635195 0.5801553140625 0.783731784375 0.581324165625 0.7987108390625 0.526425103125 0.8064672906249999 0.495315671875 0.6395680296874999 0.4155033046875 0.6382118546875 0.420942625
1 0.6530018296875 0.3380110640625 0.8241901609375001 0.3849648984375 0.8298069828125 0.385357665625 0.8307624296875 0.37932521874999997 0.8348188999999999 0.3253385171875 0.8372873546875 0.29003798281250004 0.6531118015625 0.2456626875 0.6530018296875 0.3380110640625
0 0.5891808578125 0.687540615625 0.7561873593749999 0.76679876875 0.7611405421875 0.767583275 0.7740720515625 0.7072895546875 0.779184375 0.6750116140625 0.6077762421874999 0.596531759375 0.5891808578125 0.687540615625
1 0.6933377171874999 0.681404834375 0.7051185 0.6650544593750001 0.79287774375 0.53861404375 0.7937939578125001 0.53282929375 0.7175180203125 0.5011832515625 0.6035682984374999 0.650704771875 0.6091629984375 0.652965178125 0.6933377171874999 0.681404834375
0 0.112160421875 0 0.107767865625 0.045022396874999995 0.1959070359375 0.06612232343749999 0.20162167812499998 0.066622290625 0.20504003593750003 0.045039621875000005 0.20898049218749998 0 0.112160421875 0
0 0.0924106265625 0.132326253125 0.1459353984375 0.141764115625 0.1682689390625 0.1453014 0.2007647703125 0.06204438125 0.2020634328125 0.053844946875 0.12660469375 0.0397609015625 0.0924106265625 0.132326253125
0 0.8385063953125 1 0.8606327421875 0.9235938062500001 0.8606327421875 0.9203655734374999 0.77427324375 0.9147966671875001 0.7712637124999999 0.9147966671875001 0.77120284375 0.9151809734375 0.77120284375 1 0.8385063953125 1
1 0.18465520625 0.22233451406250002 0.1848679921875 0.22234194375 0.1859926515625 0.21524112187500002 0.186258125 0.143881265625 0.0870470890625 0.12105374218750001 0.085691934375 0.1954507265625 0.18465520625 0.22233451406250002
0 0.1338809078125 0.30276921875 0.18657887812500001 0.22029779375 0.1869238453125 0.21935000312500003 0.18769016875 0.21451162968749998 0.119807928125 0.19260721249999999 0.0621560046875 0.2781056984375 0.08614991718750001 0.2868387703125 0.1338809078125 0.30276921875
0 0.1408688828125 0.3830041015625 0.146355778125 0.383873140625 0.170885015625 0.3126350640625 0.0838223375 0.256270771875 0.063280396875 0.3335854828125 0.1408688828125 0.3830041015625
0 0.774993221875 0.94537674375 0.7814344734375 0.9463969390625 0.8681480875 0.9433688312499999 0.9108448453125 0.7625393328125 0.8236173156250001 0.7660980625 0.774993221875 0.94537674375
0 0.8253123718750001 0.844955078125 0.849934290625 0.852955225 0.9504722109375001 0.70223388125 0.9511797859375 0.6977664359375 0.8646693750000001 0.6681242296875001 0.7657749468749999 0.8200607734375 0.76521091875 0.8217966734375001 0.8253123718750001 0.844955078125
0 0.86154031875 1 0.8957352203125 0.8519117515625 0.8953530609374999 0.8464466375 0.8048062515625001 0.8542441703125 0.7735564703125 1 0.86154031875 1
0 0.9596670765624999 0.6042269578125 0.961199059375 0.5945543984375 0.8772431328125 0.578193834375 0.7869925249999999 0.7438446953125 0.8829813609375 0.7637125921875 0.9596670765624999 0.6042269578125
0 0.9046211546875 0.1895589171875 0.886448284375 0.382444021875 0.8905027796875 0.383086190625 0.9848441250000001 0.373170515625 0.9935289140625001 0.1800170703125 0.9934958921874999 0.1797028953125 0.9046211546875 0.1895589171875
0 1 0.3502866140625 0.8385939171875 0.3024832171875 0.837116115625 0.30235392656250004 0.830083621875 0.37919331093749997 0.828546096875 0.39676730781249997 1 0.45037656875 1 0.3502866140625
0 0.917674965625 0.5719100578125 0.992890490625 0.4044507796875 0.9942823687500001 0.3956628125 0.8983802484375 0.377021328125 0.8223477859375 0.5548432375 0.8436940328125001 0.558992528125 0.917674965625 0.5719100578125
0 0.9953896578125001 0.56389568125 0.8090030453124999 0.49084738281250007 0.7953654218749999 0.58788411875 0.9806514328124999 0.6563996796875 0.9953896578125001 0.56389568125
0 1 0.13686804218749998 0.854856546875 0.1292541765625 0.8570975921875 0.15486944062500002 0.8671964359375 0.231854284375 1 0.23550635625 1 0.13686804218749998
0 0.0161436984375 0.640102796875 0.12240523125 0.6655550578125 0.12577171250000002 0.6653786265625 0.1263770546875 0.66155664375 0.125248578125 0.6295686453125 0.12336764062500001 0.593678203125 0.0145906578125 0.570450284375 0.0161436984375 0.640102796875
0 0.152342603125 0.3529903484375 0.0796969109375 0.3506201453125 0.056979375 0.44248824062500003 0.0671459296875 0.44409846406250003 0.10798358906250001 0.4448112875 0.12481611249999999 0.44480276406249997 0.15229782812499998 0.3555554265625 0.152342603125 0.3529903484375
0 0.0076271765625 0.700790759375 0.1134461078125 0.743199428125 0.1146524515625 0.7355828703125 0.11465245312500001 0.6741996218749999 0.1145772109375 0.6699074578124999 0.005138628125 0.63921384375 0.0076271765625 0.700790759375
0 0.024324939062500002 0.58151706875 0.024144581249999998 0.5825399328125 0.0739880140625 0.593867871875 0.07510758749999999 0.5940652828124999 0.09598815625 0.5973724390624999 0.1413336328125 0.507195271875 0.14203720312499998 0.502753103125 0.06905636875 0.49174359062499995 0.024324939062500002 0.58151706875
0 0.060326051562500004 0.40888216093749996 0.05871138125000001 0.41535824843749997 0.0443891078125 0.48202085625 0.12702445625 0.529517175 0.1299726359375 0.529984121875 0.1323308296875 0.5205259203125 0.1458059578125 0.4612558875 0.06091441875 0.4090288578125 0.060326051562500004 0.40888216093749996
0 0 0.8875854984375 0.057740259375000005 0.8825338796875 0.0928994984375 0.77353656875 0.0927452359375 0.77177333125 0.0226931015625 0.7813835609375 0 0.8502753984375 0 0.8875854984375
0 0 0.8083920859375 0.028538243749999997 0.8129120999999999 0.053376045312499995 0.8164028249999999 0.0665668765625 0.7958120156249999 0.1150502953125 0.7172141515625 0.1150545734375 0.7171837203125 0.042396623437499996 0.703831615625 0 0.787258909375 0 0.8083920859375
0 0 0.9270403421875001 0.0273733375 0.931375853125 0.0373890328125 0.931375853125 0.0745569296875 0.8394176124999999 0.07455693125 0.8360205109375001 0.0708972921875 0.8354408812499999 0 0.83566608125 0 0.9270403421875001