0 0.12068691406250001 0.27899768125 0.1822925046875 0.248167746875 0.17944752656250001 0.24258416249999998 0.0987877640625 0.1667932015625 0.042228332812500005 0.1956363921875 0.0389272453125 0.19739161249999998 0.0396661859375 0.198841865625 0.12068691406250001 0.27899768125
0 0.14522470781250002 0.229098909375 0.08056381093750001 0.2490002046875 0.0801171609375 0.249227784375 0.14891679375 0.3459104875 0.21351878281249997 0.32603425625 0.14522470781250002 0.229098909375
0 0.300800125 0.4369237015625 0.20385781875000003 0.503998121875 0.2299553171875 0.576380121875 0.3228479046875 0.5110245124999999 0.30225905000000003 0.441413809375 0.300800125 0.4369237015625
0 0.20176280625 0.5081468234375001 0.2838131046875 0.42676293125000003 0.24946373125000001 0.3593484890625 0.2478948671875 0.3601478640625 0.1703550125 0.434897471875 0.20176280625 0.5081468234375001
0 0.2490823421875 0.3436782921875 0.20387352343749998 0.279113409375 0.199898084375 0.281138996875 0.12913674375 0.3753162875 0.17476125781250001 0.43973735625000004 0.2490823421875 0.3436782921875
0 0.36833305312500003 0.610696871875 0.36785476250000004 0.609028878125 0.3054067203125 0.5119800234375 0.240137809375 0.530695584375 0.2332611984375 0.5341993921875 0.2935885875 0.634664553125 0.36833305312500003 0.610696871875
0 0.2964471453125 0.714139734375 0.4032258296875 0.65869585 0.3823601734375 0.579124478125 0.276191325 0.6345803453125 0.2964471453125 0.714139734375
1 0.479298209375 1 0.57061093125 0.927684721875 0.5582725171875 0.9034692218749999 0.5340563609375 0.8579252531250001 0.5220537609375 0.8640408828125 0.4222826890625 0.9405697625 0.45438613125 1 0.479298209375 1
0 0.5439789015625001 0.8712202906250001 0.4419758609375 0.7857162515625 0.41724472968750004 0.8057333640625 0.37483859218750004 0.8413163390625 0.48451320625000005 0.93084304375 0.548728525 0.8778546781250001 0.5474649874999999 0.875374846875 0.5439789015625001 0.8712202906250001
1 0.40373333593750005 0.627963878125 0.401416934375 0.6298396640624999 0.3160249765625 0.73870815625 0.342663646875 0.771604175 0.36664697031250004 0.8007613140625001 0.4563301359375 0.6835495875 0.4494418609375 0.675043278125 0.40735117499999995 0.6261204984375001 0.40373333593750005 0.627963878125
1 0.386942225 0.8627382593749999 0.38726060156250003 0.8625760375 0.49950595781249996 0.7744188046875 0.4602416546875 0.7043895375 0.4528051890625 0.70817860625 0.3534485421875 0.796456625 0.386942225 0.8627382593749999
0 0.27279602187499996 0.25750596875 0.34503306718750004 0.21651048125 0.3429791140625 0.212479371875 0.22635176875 0.11059640781249999 0.1814530296875 0.13651870625 0.15871501875 0.15026879375 0.159102921875 0.15103009843749998 0.27279602187499996 0.25750596875
0 0.295732371875 0.1576111421875 0.2429701828125 0.0698001140625 0.2124016453125 0.0853755625 0.177901096875 0.1061055828125 0.273938103125 0.190203371875 0.3049129484375 0.1756290375 0.295732371875 0.1576111421875
0 0.48175421875 0.5298613375000001 0.48059717187500006 0.5252206796875 0.40646931249999996 0.401198515625 0.3358156 0.41881446406249995 0.33211486875 0.42070008124999997 0.4015717375 0.5530375734375 0.48175421875 0.5298613375000001
0 0.260058659375 0.341971503125 0.26107455625 0.3415610546875 0.37155136093749996 0.24811031875 0.3442881015625 0.1806313828125 0.3397976625 0.17181839999999998 0.224857075 0.2715501078125 0.260058659375 0.341971503125
0 0.4421909421875 0.3780456171875 0.4056881234375 0.3148208796875 0.3958196796875 0.31984910312500003 0.3019874484375 0.4159728140625 0.338964321875 0.4925907546875 0.4421909421875 0.3780456171875
1 0.2706182703125 0.36707616875000004 0.3217324578125 0.42365845625 0.4006721296875 0.2943530890625 0.347984771875 0.23374321718750002 0.347233853125 0.2341258296875 0.34575205468750003 0.2354139375 0.2706182703125 0.36707616875000004
0 0.5229492171875 0.5306155578125 0.50058939375 0.4726216984375 0.492706565625 0.4751829859375 0.369944453125 0.5530112921875 0.3960983734375 0.62740215 0.415095028125 0.6173060625 0.528427665625 0.5474764875 0.5229492171875 0.5306155578125
0 0.6371704234375 0.9892352359375 0.6688370375 0.9751363515625 0.71213689375 0.9530739734375 0.6520904234375 0.847473259375 0.5884035390625 0.8758284859375 0.572341853125 0.8840123234374999 0.6371704234375 0.9892352359375
1 0.6816520109375 0.8977932703124999 0.6235929296875 0.7746230296875 0.6070779453124999 0.7796721671875 0.5418069046875 0.8013671109375 0.5412897875 0.8016305953125 0.600045053125 0.9193434828125 0.6816520109375 0.8977932703124999
1 0.50885104375 0.7750683640625 0.5097516234375 0.77450561875 0.6020076000000001 0.6818446875 0.5593402609375 0.6135626750000001 0.5524309703125 0.6170831359375 0.462022878125 0.702493328125 0.50885104375 0.7750683640625
1 0.6512089796875 0.8081076875000001 0.6499302124999999 0.8053653640625 0.5741083625 0.69675783125 0.532226296875 0.7150596671875 0.49673313124999996 0.7331443390625 0.5764068499999999 0.8424082875 0.6512089796875 0.8081076875000001
1 0.5616665234375 0.599962890625 0.5181334859375 0.538108665625 0.50904731875 0.5427382984375 0.42865683125 0.63138540625 0.47568179062500004 0.7007358906250001 0.5616665234375 0.599962890625
0 0.4026904296875 0 0.5210762984375 0.112100465625 0.5260375125000001 0.1090003546875 0.589983675 0.06742165624999999 0.588383115625 0.06428038281250001 0.5111300484375 0 0.4026904296875 0
0 0.745582875 0.6263720078125 0.7305065546875 0.6343882296875 0.8455222484375 0.781633640625 0.92533293125 0.742790140625 0.9216331156249999 0.7355288421874999 0.8150944109375 0.59034501875 0.745582875 0.6263720078125
0 0.5544528875 0 0.44298457031250005 0.1397440171875 0.49418433124999994 0.20038568437499998 0.6071614515625 0.0490819078125 0.595532565625 0.0334676375 0.5693847812499999 0 0.5544528875 0
0 0.6445550124999999 0.5176042109375001 0.6700951515625 0.601821690625 0.8406267078124999 0.5237805343749999 0.819337771875 0.4383952703125 0.8172055437499999 0.4342105390625 0.8148903484375 0.4347877828125 0.6445550124999999 0.5176042109375001
1 0.9393762406249999 0.6981922734375 0.7747622062499999 0.7610075203125 0.7960062390625 0.8500578359375 0.9717916765625001 0.7885611671875 0.968336053125 0.772303734375 0.9480918609375 0.6963397109375 0.9393762406249999 0.6981922734375
0 0.6178837296874999 0.2715618609375 0.684636378125 0.21877102656249997 0.682867759375 0.2152999171875 0.5303282734375 0.10406316874999999 0.5026272390625001 0.126495025 0.46562226406249996 0.157193734375 0.4660139 0.157962365625 0.6178837296874999 0.2715618609375
0 0.6722210796875 0.3459001671875 0.6385262953125 0.369493509375 0.598306915625 0.398996003125 0.5991709640625 0.40022999531250003 0.7326478062499999 0.520598990625 0.8057405375 0.47365983125 0.8044519671874999 0.4711308703125 0.6722210796875 0.3459001671875
1 0.743289865625 0.7047578031249999 0.8828598640624999 0.5766562171875 0.8635868656250001 0.546978403125 0.8312846031250001 0.49779736406249997 0.8236227140624999 0.5017012921874999 0.6984222984375 0.624041409375 0.743289865625 0.7047578031249999
0 0.5708486515625 0.37406498906249996 0.712125578125 0.24862970624999997 0.6951492406249999 0.215311765625 0.667496525 0.1656401234375 0.6627758484374999 0.1680454296875 0.5264573828125 0.2924695515625 0.5708486515625 0.37406498906249996
1 0.7511079734375 0.327081565625 0.7131763203125 0.25111211875 0.7120934328125 0.2516402796875 0.5885008953125 0.350881959375 0.5730121328125 0.36377458906250004 0.609516275 0.4511763875 0.610396146875 0.4507472453125 0.7511079734375 0.327081565625
0 0.34068996875 1 0.32704096250000003 0.9452568250000001 0.3238455953125 0.9389855640625001 0.23534421874999997 0.9788979875000001 0.24083001249999997 1 0.34068996875 1
1 0.2002155625 0.9167039453125 0.22326307500000003 0.9874539265625 0.3114649390625 0.936617359375 0.28869179218749996 0.8631089375000001 0.287984121875 0.8617200546875001 0.28699455 0.862060790625 0.2002155625 0.9167039453125
0 0.2109455921875 0.9097876093749999 0.28166090625 0.8949061953124999 0.2802452203125 0.8892281843750001 0.2364565453125 0.801700109375 0.187321846875 0.8125540421874999 0.16452667031249998 0.81823751875 0.16276201562499998 0.8191366546875001 0.2109455921875 0.9097876093749999
0 0.24489200000000003 0.779896765625 0.19954953125 0.7197252796875 0.19459973125000002 0.7222473296875 0.1360798890625 0.7932233906249999 0.1795079953125 0.8604062421875 0.24489200000000003 0.779896765625
0 0.7229558234375 0 0.62656325625 0.07048346718750001 0.6545004453125001 0.1531927171875 0.8077969250000001 0.0486792046875 0.7910353296875 0 0.7229558234375 0
0 0.7806098515625 0.0325997109375 0.776642796875 0.035928465625 0.6757184296875 0.1803841671875 0.684971853125 0.19141196875 0.7367545093750001 0.2511626765625 0.8421028343750001 0.096698434375 0.8393241734375 0.0933869578125 0.7818865078125 0.031949221875 0.7806098515625 0.0325997109375
0 0.644214996875 0 0.6902120015625 0.0681876734375 0.7717094984374999 0.039506378125000005 0.7702821375 0.0348376859375 0.747570940625 0 0.644214996875 0
0 0.8981995734374999 0.20695371406250002 0.87491815625 0.15856559374999998 0.8549278015624999 0.11933231250000001 0.7168033125 0.246266984375 0.7542177624999999 0.32640362343749996 0.8981995734374999 0.20695371406250002
0 1 0.504570315625 0.977143378125 0.47013504843750004 0.9119948921875001 0.5005142874999999 0.8879524078125 0.51276454375 1 0.664840575 1 0.504570315625
0 1 0.39458550468750003 0.8437504578125001 0.489822684375 0.8494938453125 0.5065026968749999 0.8738805546874999 0.576416828125 0.8753087546874999 0.5792198281250001 0.8763092 0.5788753468750001 1 0.5060227890625 1 0.39458550468750003
0 1 0.43531874375 0.87173251875 0.3033611375 0.8066312375000001 0.3408026140625 0.787991465625 0.3520025171875 0.9202572890624999 0.493095821875 1 0.445181565625 1 0.43531874375
0 0.9671193812500001 0.33607898281250004 0.9660189125 0.3339191921875 0.8125881406250001 0.2153067015625 0.73769043125 0.2781533421875 0.7378832656250001 0.2785318 0.8972778890625 0.3969038828125 0.9671193812500001 0.33607898281250004
0 1 0.5699173765625 0.9721333859374999 0.5798000437499999 0.9441129968749999 0.5911210140625001 0.9389839406249999 0.5937344 1 0.699405209375 1 0.5699173765625
0 0 0.5019347390625 0.05612786875 0.5778703734375 0.1193014703125 0.5527015640624999 0.1171653203125 0.5468325375 0.0569828875 0.4610544640625 0.0216615859375 0.473910365625 0 0.4822166015625 0 0.5019347390625
0 0.1432691828125 0.7830445140625 0.20613239375 0.71043473125 0.20561117499999998 0.7095996703125 0.1705390328125 0.6555933046875 0.1631611 0.6593525484375 0.10235146718749999 0.7220806609375 0.1432691828125 0.7830445140625
0 0 0.4832568421875 0.024149675000000002 0.5123794687500001 0.0921353078125 0.4835273015625 0.0917081765625 0.48256794999999997 0.0088624765625 0.4021143828125 0 0.4056386328125 0 0.4832568421875
0 0.143977053125 0.5744495656249999 0.10106497343750001 0.5191359 0.0942149421875 0.522626165625 0.035931835937500003 0.5958605421875001 0.0775484125 0.6585491671875 0.143977053125 0.5744495656249999
0 0.148642565625 0.5896554609375 0.0729018078125 0.6501200078125 0.0972006984375 0.7175811671875 0.1760933265625 0.6583705906249999 0.16412896562499998 0.6238692703125001 0.155990725 0.602668428125 0.1492428734375 0.5894250249999999 0.148642565625 0.5896554609375
0 0 0.44180773437500004 0.0058125015625 0.446871328125 0.067253003125 0.40786063125 0.0662076296875 0.40580897031249996 0 0.357118628125 0 0.44180773437500004