0 0.8536515124999999 0.8336238234375 0.830434896875 0.825629703125 0.7982318828125 0.815423434375 0.7298482265625 0.9084911078125 0.732032590625 0.90946365 0.7941549984375 0.9296722718750001 0.8625247281249999 0.8414749015625 0.8636892421875 0.838092909375 0.8536515124999999 0.8336238234375
0 0.7703584953125 0.906934628125 0.7705984453125 0.9063956921875 0.7891747921875 0.842043478125 0.69123126875 0.7748903687500001 0.67231656875 0.8403905984375 0.7703584953125 0.906934628125
0 0.5633596203125 0.747479825 0.494114171875 0.661574903125 0.49119606875 0.6602756796875 0.4470422734375 0.7214359124999999 0.5217409828124999 0.812632903125 0.5243810328125 0.80871886875 0.5633596203125 0.747479825
0 0.5470439421875 0.697820190625 0.546651065625 0.69870260625 0.52154124375 0.7679806375 0.6126555421875 0.8385705296875001 0.622900040625 0.8155610093749999 0.623129059375 0.8149317859374999 0.63784225 0.7643171578125 0.5516834359375 0.6995088296875001 0.5470439421875 0.697820190625
0 0.64659025 0.7260408875000001 0.6407385765625 0.7234355546875 0.5969991625 0.7875273375 0.673535096875 0.882960121875 0.717758865625 0.817395690625 0.64659025 0.7260408875000001
0 0.422498084375 0.629689365625 0.419399109375 0.6283096125000001 0.37628724999999996 0.692760303125 0.45727206875000004 0.7795572921875 0.49747670624999996 0.7152164234375 0.422498084375 0.629689365625
0 0.3901768375 0.7419437265625 0.4234759765625 0.6757173234375 0.4268240453125 0.6681974359375 0.338946075 0.5959103531250001 0.33348928125 0.5934808312500001 0.2978579578125 0.665625959375 0.3901768375 0.7419437265625
1 0 0.5793838546875001 0.0784923 0.599504165625 0.1338607859375 0.472103484375 0.1313442125 0.470983034375 0.055309779687500005 0.4520255203125 0 0.5740824828125 0 0.5793838546875001
0 0.0682974203125 0.549569934375 0.17506888125 0.6392526296875001 0.17591236562499998 0.6396281734375 0.21838265625000003 0.56606746875 0.1161549703125 0.4779033015625 0.10961393281250001 0.47499104374999995 0.0682974203125 0.549569934375
1 0.296103759375 0.69953476875 0.365056478125 0.5795778687500001 0.36708178281250003 0.57295339375 0.3051539640625 0.5519835046875 0.2946866578125 0.5487833281250001 0.219605740625 0.6758443953125 0.25562408125 0.6871588890625 0.296103759375 0.69953476875
1 0.2973674359375 0.5796688375 0.168178703125 0.521755390625 0.1674641640625 0.5215772359375 0.15101407656250002 0.5939325609375 0.276339728125 0.6595096515625001 0.28918600156249996 0.6124827765624999 0.2973674359375 0.5796688375
0 0.79943373125 0.636737225 0.7558114359375 0.7077122625000001 0.858767309375 0.8256393078125001 0.85886146875 0.8256812312499999 0.8735371734375 0.8032220062500001 0.901010625 0.75925529375 0.8023633015625 0.638041553125 0.79943373125 0.636737225
0 0.9023755796874999 0.8051904265625 0.9272639171874999 0.7696461984375 0.94014285 0.7407196421875 0.845111478125 0.6741779593749999 0.8422834203124999 0.672918828125 0.8251818515625 0.703520996875 0.9023755796874999 0.8051904265625
0 0.45236761875 0.60239328125 0.588575034375 0.6621631125 0.5913103296875 0.6560195359375001 0.6034951703125 0.5869158796875 0.47460421718749995 0.5216199406250001 0.469894153125 0.520789428125 0.45236761875 0.60239328125
0 0.71824633125 0.6057213734375 0.680722734375 0.6718847218749999 0.7913477734375001 0.7785185046875001 0.7916285265624999 0.7786435046875 0.8236242328125 0.71046678125 0.8266750890625 0.7036144484375 0.7263838828125 0.60934444375 0.71824633125 0.6057213734375
0 0.67334143125 0.6421519906250001 0.582434525 0.5349918453125 0.5764826000000001 0.532341878125 0.53585034375 0.594185678125 0.630583925 0.715331128125 0.636567846875 0.706459596875 0.67334143125 0.6421519906250001
0 0.7642594828125 0.6152102015625001 0.7645933640625 0.6143838171875 0.7151234515625 0.59235839375 0.690651190625 0.5824709578125 0.5940908078125 0.699207596875 0.6642315640625001 0.7291156187500001 0.7642594828125 0.6152102015625001
0 0.52827169375 0.499292353125 0.46953281718750006 0.4789701046875 0.4524909640625 0.4740834328125 0.386659178125 0.5897840484375 0.377232215625 0.609121478125 0.4524905125 0.6326632625 0.525987075 0.5072597671875 0.52827169375 0.499292353125
0 0 0.42331629218750005 0.06275534375 0.45172332812500005 0.13622267187499998 0.341303025 0.14034028125 0.33205472343750003 0.1226591140625 0.3231683046875 0.0889326421875 0.30671880625000003 0.06252098125 0.2949595765625 0 0.396493275 0 0.42331629218750005
1 0.220431528125 0.3974018265625 0.09960051875 0.3352020328125 0.09874721875 0.337118575 0.074977425 0.4158846875 0.190645228125 0.4787542171875 0.21480910312499998 0.4137305390625 0.220431528125 0.3974018265625
1 0.29399691093749997 0.398582434375 0.2923212 0.39727322656249997 0.286244775 0.3945678265625 0.2380425453125 0.4579245671875 0.3210894953125 0.5609394640625001 0.37540204843749997 0.49346461562500005 0.29399691093749997 0.398582434375
1 0.29419174375 0.38955419999999996 0.287490978125 0.38657082656249997 0.21412041093749998 0.369631896875 0.1582778046875 0.49447545625 0.2425140703125 0.51177374375 0.29419174375 0.38955419999999996
1 0.31453002812499997 0.5118478468750001 0.42556839531249996 0.5826619734375 0.42810902500000003 0.5769556265625 0.45091488281250003 0.5030090796875 0.3425038984375 0.43839243906250003 0.3389689984375 0.43724387968749995 0.31453002812499997 0.5118478468750001
0 1 0.3993545671875 0.99489613125 0.397082178125 0.8785547703125 0.5430184765625 0.9460209953125001 0.569421878125 1 0.50996850625 1 0.3993545671875
0 0.1965624625 0.1759321421875 0.3537865234375 0.27521734375 0.3808105171875 0.2145204609375 0.3895076546875 0.19294223906250002 0.23845672968749998 0.091080303125 0.2341129359375 0.089146321875 0.1965624625 0.1759321421875
0 0.8945766734375 0.545976859375 0.9823449656250001 0.38380173281249996 0.98377906875 0.37844958906250004 0.97949535 0.3765423546875 0.9327993453125 0.364030196875 0.913882565625 0.359426734375 0.8187503828124999 0.522541815625 0.8945766734375 0.545976859375
0 0.3730685078125 0.24709064375 0.5350954625 0.3520263640625 0.5357658546875 0.3505206375 0.5686079515625 0.2649640484375 0.4165130796875 0.1714295046875 0.4079971765625 0.16816055624999998 0.3730685078125 0.24709064375
1 0.11700767187500001 0.1966566625 0.202303134375 0.241860890625 0.29604074375 0.09347858906249999 0.298721546875 0.0877295890625 0.3008258765625 0.08300318749999999 0.282906015625 0.0741007484375 0.2421796390625 0.0551097265625 0.21900453749999998 0.04479150625 0.11700767187500001 0.1966566625
0 0.8848559921874999 0.327564721875 0.807109765625 0.3138559640625 0.7263310640625 0.487884715625 0.7267755078125 0.4880825953125 0.8120592578125001 0.5021071140625 0.8868367781250001 0.33574523749999996 0.8880300421875 0.3289779 0.8848559921874999 0.327564721875
0 0.60644508125 0.3900309671875 0.6078103640625 0.390667609375 0.629880628125 0.345936196875 0.63621384375 0.3323545734375 0.646888946875 0.308377896875 0.5041435671875 0.20253022656250003 0.49806274687499996 0.199822871875 0.4647267484375 0.2794837953125 0.60644508125 0.3900309671875
1 0.3929810109375 0.31775025156250003 0.4680776171875 0.145423771875 0.46197684843750003 0.142707534375 0.37781184687499997 0.1277636046875 0.2993152671875 0.293539865625 0.29923545625000003 0.293859975 0.3929810109375 0.31775025156250003
0 0.8127636765625 0.4029471578125 0.6926652828125001 0.26288465 0.6910763249999999 0.261812884375 0.68870533125 0.26075725156249996 0.6334951078125 0.336455109375 0.7593626578125 0.47922810312499997 0.7941342296875 0.43056644843749997 0.8127636765625 0.4029471578125
1 0.551339796875 0.32217445625 0.5674820765625 0.3342387953125 0.6965936921875 0.4272323375 0.7224870937500001 0.36907480625 0.730876571875 0.34931043281249996 0.5868682921875 0.235535165625 0.5829079296875 0.2338540921875 0.551339796875 0.32217445625
0 0 0.783261696875 0.0160547203125 0.7931279531250001 0.0807667109375 0.719401590625 0.0810070640625 0.7188617500000001 0.015261179687500001 0.6793576375 0 0.69611706875 0 0.783261696875
1 0.14520033906250002 0.7695692734375 0.077294346875 0.7017634921875 0.072007896875 0.6994098125 0.032587721874999996 0.7600106953125 0.1026384234375 0.8356529500000001 0.116682865625 0.8148312109375 0.14520033906250002 0.7695692734375
0 0.150084665625 0.8500450171875 0.223940440625 0.785824890625 0.226193715625 0.7807639515625 0.21769261874999998 0.7748114187499999 0.165003234375 0.7399943359375001 0.088292915625 0.8100946359375 0.150084665625 0.8500450171875
0 0.1710940359375 0.8299578859375 0.2528883875 0.8936765812499999 0.25359773125 0.89208336875 0.2801945546875 0.8185274203124999 0.2087339734375 0.7637049234375 0.2019387609375 0.7606795 0.1710940359375 0.8299578859375
0 1 0.270913665625 0.8913405046875 0.157704525 0.8865803859374999 0.1555851828125 0.8427377999999999 0.23618157968750003 0.9749549171874999 0.365139921875 1 0.31995739843750004 1 0.270913665625
0 0.93511191875 0.2453206625 0.8096979640624999 0.11964455468749999 0.806018725 0.1180064515625 0.7574756890625001 0.1925487390625 0.8882118078125 0.326542746875 0.8883937375000001 0.326238928125 0.93511191875 0.2453206625
0 1 0.250539740625 0.9154632859375 0.35455874375 0.9153638890625 0.35479290625000004 0.9946103765625001 0.3924022859375 1 0.3859796875 1 0.250539740625
0 0.7162988671875 0.08661244375 0.7053876203125 0.08175444375 0.6719347421874999 0.160461040625 0.8152015765625 0.28318020625 0.8545925140625 0.193419725 0.7162988671875 0.08661244375
0 0.3229515984375 0 0.44654247343750003 0.12525124375000002 0.50192496875 0.0431433203125 0.45496497343750003 0 0.3229515984375 0
0 0.4094529234375 0 0.39353563125 0.0638407734375 0.5667587375 0.146455159375 0.5688319875000001 0.1417985640625 0.5758043734375 0.1143030078125 0.5907018734375 0.0545523984375 0.4806289921875 0 0.4094529234375 0
0 0.686623359375 0.05778775781249999 0.689332325 0.051703323437500004 0.6055758703125 0.0013773703125 0.47365996718750003 0.1420974046875 0.557693171875 0.1904271328125 0.686623359375 0.05778775781249999
0 0.5814925093750001 0.09947381562499999 0.7104183203125001 0.24990006562499997 0.7111911937500001 0.2502441703125 0.7685549859374999 0.171289684375 0.63992744375 0.02695415625 0.637170978125 0.025726900000000004 0.5814925093750001 0.09947381562499999
0 0.2506491859375 0 0.2331339515625 0.05884660781249999 0.328886121875 0.0782337609375 0.3543101015625 0 0.2506491859375 0
0 0.51092496875 1 0.5654357171875 0.9162329171874999 0.5673982390625001 0.9101928984375001 0.5395130171875 0.9001960828125 0.5027307171875 0.8882447890625 0.43915467656249996 0.98085240625 0.49482785937499996 1 0.51092496875 1
0 0.352616153125 0.862520484375 0.2965953125 0.7936121593750001 0.29346768125 0.791168584375 0.2901590859375 0.789695503125 0.250575490625 0.8422800921875 0.30687112499999997 0.9200924625000001 0.331818065625 0.8891408203125 0.352616153125 0.862520484375
0 0.59802350625 1 0.6408408953125 0.9673427968749999 0.6435871578125 0.961174590625 0.5957121640625 0.9280420171875001 0.495916725 0.9883868781249999 0.5119033390625 1 0.59802350625 1
0 0.40618606875 0.8503032171875 0.38040099375 0.9181681265625 0.4667822484375 0.9779712593750001 0.46897832343749996 0.97303879375 0.48524896718750005 0.9229629015624999 0.4899851125 0.9070541828125 0.4084284484375 0.8510318109374999 0.40618606875 0.8503032171875
0 0.42815713125 0.8511361921875 0.425863675 0.8501150796875001 0.41801160625 0.847863534375 0.35924795625 0.8323281234375 0.30409006875 0.9153452515625 0.3040192328125 0.91559228125 0.3063126890625 0.91661339375 0.31033871875 0.9177678390624999 0.3764608765625 0.9344078781249999 0.42806 0.8514749296874999 0.42815713125 0.8511361921875
0 0.6867678125000001 1 0.7042071234375 0.982523553125 0.708108728125 0.9737604031249999 0.6643114953125 0.9513294562500001 0.6544465953125 0.946518021875 0.634515534375 0.9628637703124999 0.5907747156250001 1 0.6867678125000001 1