0 0.2757690421875 0.15274389375 0.2796876359375 0.1553870171875 0.324463271875 0.10311914062500001 0.2661726078125 0.00491735 0.26499260156250004 0.004121425 0.26255901718749997 0.006824193750000001 0.2208896265625 0.05472576875 0.2756489484375 0.152635759375 0.2757690421875 0.15274389375
0 0.3389025625 0.1990974203125 0.34036664375000003 0.20008495625 0.3846654359375 0.14931733593750002 0.3238882953125 0.0475004390625 0.27945445625 0.0984329015625 0.3389025625 0.1990974203125
1 0.5948393546874999 0.276987746875 0.515168009375 0.1925035203125 0.504729528125 0.20797920468750003 0.4769886203125 0.2591211640625 0.553328046875 0.34135481875 0.55447665 0.34201796562500003 0.5948393546874999 0.276987746875
0 0.3922068921875 0.2358396453125 0.39172478593750004 0.236611175 0.4180785671875 0.254387025 0.45906204375000004 0.27637013593750004 0.5443158125 0.20213034687500003 0.479658959375 0.1618489046875 0.3922068921875 0.2358396453125
0 0.380001096875 0.103893128125 0.33850393125 0.155137859375 0.40301978125 0.2517686078125 0.40799439687500005 0.255124028125 0.438722840625 0.2175905953125 0.4564095 0.1957493890625 0.389460571875 0.0923406671875 0.380001096875 0.103893128125
1 0.5963353312499999 0.385931025 0.5990050984375 0.3877318046875 0.6545532296875 0.333674078125 0.5933842312500001 0.23193612031250002 0.5406809421875 0.2865119734375 0.5963353312499999 0.385931025
0 0.5869698078125001 0.38070606093750003 0.648717296875 0.4182255546875 0.6569425921875001 0.42297443125 0.74086256875 0.33781415312499996 0.6708686125 0.29459580937499996 0.587750021875 0.379354690625 0.5869698078125001 0.38070606093750003
1 1 0.5553939296875 0.8979561140625 0.47164114375 0.893489096875 0.47826376875000004 0.8566107921875 0.5437727812500001 0.9632466640624999 0.628563859375 0.9673230890625 0.6308234578125 1 0.570527653125 1 0.5553939296875
1 0.864532221875 0.5902337078125 0.867296271875 0.5931977890625 0.8690467937499999 0.5943785312500001 0.930698884375 0.5348133859375 0.854306028125 0.417050134375 0.791995071875 0.47515604062500005 0.864532221875 0.5902337078125
1 0.6382317734375 0.4208022234375 0.6353266671875 0.425109221875 0.68939690625 0.481100590625 0.81341909375 0.4062585328125 0.76104601875 0.34868706562499996 0.6382317734375 0.4208022234375
1 0.7210155578124999 0.4355384171875 0.8122634609375 0.5391152484374999 0.8150258656249999 0.5409785140625 0.8632985515625 0.4752118921875 0.7628570406249999 0.3742571640625 0.7444289015625001 0.400575275 0.7210155578124999 0.4355384171875
1 0.228840590625 0.13903327031249998 0.12679458125 0.25285526875 0.125746925 0.255101975 0.132819 0.25987214999999997 0.1476443640625 0.2671549609375 0.1953894203125 0.2894188453125 0.3059987859375 0.174319134375 0.228840590625 0.13903327031249998
0 0.128502571875 0.2552180140625 0.2327037671875 0.1255807140625 0.2297151203125 0.1235648453125 0.165477403125 0.10180431875 0.12816379375 0.1571240203125 0.09491833281249999 0.24373140468750001 0.09866761562500001 0.24626032968749997 0.10626806250000001 0.2491778671875 0.128502571875 0.2552180140625
0 0.5052198515625 0.331464840625 0.403173584375 0.437630034375 0.40161973125 0.4406796453125 0.4613313953125 0.47394422187499996 0.475275684375 0.48104919218750003 0.5732983296875 0.3670574875 0.522577 0.34030875 0.5052198515625 0.331464840625
0 0.3030859515625 0.1979925859375 0.1954136703125 0.3058622203125 0.1992276734375 0.308434796875 0.26947038437500004 0.34269445625 0.3703999515625 0.2390055609375 0.3708802640625 0.2380207703125 0.3030859515625 0.1979925859375
0 0.45662413281249997 0.444156521875 0.48846543750000004 0.371834790625 0.3841514828125 0.2721810734375 0.37895900781249997 0.2798792359375 0.347406875 0.339220165625 0.4505169515625 0.445901425 0.45414574218750003 0.4478308875 0.45662413281249997 0.444156521875
0 0.2562992 0.3195909875 0.2555415765625 0.3203486109375 0.254567628125 0.3217925484375 0.3112637484375 0.37848866718749996 0.4457606875 0.308761175 0.3928817765625 0.25382451875 0.2562992 0.3195909875
0 0.5137498625 0.37132295625 0.49300019375000004 0.4102091171875 0.47696919375 0.44458770937500003 0.5800832312499999 0.52701806875 0.5921316171875 0.5354510390625 0.5982324515624999 0.53829590625 0.632732821875 0.4687050140625 0.514484646875 0.37166559062500004 0.5137498625 0.37132295625
0 0.8324787859375 0.7037590328125 0.9320012171875 0.75367768125 0.9550664921875001 0.71948200625 0.9699883968749999 0.6761456453125 0.858547871875 0.6250692609375 0.855794315625 0.6291515765625 0.8324787859375 0.7037590328125
1 0.8497405796875 0.734018284375 0.9050458171875 0.669002440625 0.8137312921875001 0.5702607625 0.8129435218750001 0.5697294046875 0.7947682171875 0.5921740390625 0.7617565296875 0.6363135546875001 0.845728225 0.7313119171875 0.8497405796875 0.734018284375
0 0.6876137328125 0.48709799687500005 0.6121721578125 0.5943391171875 0.6121184640624999 0.5944720140624999 0.615618003125 0.5968324828125 0.6921014609375 0.62773380625 0.7643034156249999 0.5181160984375001 0.7647130718749999 0.5171021625 0.6876137328125 0.48709799687500005
1 0.8310497937499999 0.5986585125 0.7157026671875 0.5322775640625 0.7120597859375 0.5376783578125 0.6860194421875 0.6092236125 0.7995818296875 0.6777261203125 0.8039039656250001 0.6792992484375 0.8310497937499999 0.5986585125
0 0.5470861390625 0.546551740625 0.5448996453125 0.5529017796875 0.5459951984375 0.5536407390625 0.6182395015625 0.57871110625 0.6914081234375 0.468280475 0.611782321875 0.44219276562500004 0.5470861390625 0.546551740625
0 0 0.5125572 0.1252491265625 0.3746057328125 0.0540055234375 0.3413350953125 0.049485362500000005 0.3393225890625 0 0.4013960484375 0 0.5125572
0 0.554468278125 0.8139103765625 0.674210684375 0.9529859578125001 0.6781734515625 0.9556588781249999 0.7340094109375 0.8865889265625 0.6164107890625 0.7413980687499999 0.6052085890625001 0.754284725 0.554468278125 0.8139103765625
0 0.11940162968750001 0.38620411250000003 0.0048053203125 0.5306746312499999 0.002463615625 0.5356964328125 0.006351065625000001 0.5383185515625 0.050164940625 0.5587492984375 0.06799495 0.5665676890625 0.19000649687499999 0.422450221875 0.11940162968750001 0.38620411250000003
0 0.3874630296875 0.7877211828124999 0.38579925937500004 0.790490159375 0.38916070625 0.792757484375 0.4650426375 0.838351946875 0.5895323703125 0.6980888359375 0.51646200625 0.6490418703125 0.3874630296875 0.7877211828124999
1 0.7665471968750001 0.8120949468750001 0.6258601374999999 0.9170292015625 0.6203069218749999 0.9223918796874999 0.6181264125 0.9256246171875 0.631178065625 0.9398270406250001 0.679965178125 0.990347575 0.829977625 0.8848638875000001 0.7665471968750001 0.8120949468750001
0 0.27002780312499997 0.5690658953125001 0.1339858203125 0.43350149218749995 0.1264551078125 0.4446662328125 0.09058615 0.508483584375 0.223743878125 0.6379887531249999 0.2277627921875 0.6403090734375 0.27002780312499997 0.5690658953125001
0 0.23913115468749999 0.6992427 0.238699384375 0.7003675015625 0.2963265828125 0.7231058328125 0.31781685312499997 0.731355175 0.42861695624999996 0.5805790890625 0.4287898140625 0.5801287796875 0.42768844531249994 0.5793858968750001 0.4257255640625 0.5786324171875 0.3387170234375 0.5509175015625 0.32722339218749996 0.5674709890625 0.23913115468749999 0.6992427
0 0.36894080625000003 0.599994028125 0.32735165781250003 0.657854346875 0.43689107031249996 0.79291185625 0.44290641875 0.796969259375 0.491608803125 0.7373849515625001 0.499069728125 0.7278354046875 0.3790622796875 0.5870391328125 0.36894080625000003 0.599994028125
1 0.6004081140624999 0.7126666359375 0.46129447968750004 0.8200386296875 0.4568530453125 0.8266233265625 0.501108615625 0.8654987359374999 0.5278153234375 0.888714521875 0.6740946234375 0.76833110625 0.6004081140624999 0.7126666359375
1 0.30139385625 0.505717875 0.1487834125 0.6071575609375001 0.14505946875 0.612678534375 0.189713096875 0.654472171875 0.21376764218750002 0.6753824703125 0.36982634375 0.5685302578125 0.30139385625 0.505717875
0 1 0.3036899609375 0.963382365625 0.3366606265625 1 0.3958905625 1 0.3036899609375
1 1 0.3166306578125 0.9496102843750001 0.2384474859375 0.9321635515625 0.2565141046875 0.8962196703125 0.2961364046875 0.9513196671875 0.374703815625 0.9561170921875 0.37793971875 1 0.3309526953125 1 0.3166306578125
0 0.9044692 0.2157498 0.82014905625 0.2684554015625 0.817923684375 0.2717546515625 0.825924484375 0.279480934375 0.872518584375 0.32211179687499997 0.9592505734375001 0.2648746859375 0.9044692 0.2157498
0 0.820837871875 0.2942315953125 0.8241127390624999 0.2964405203125 0.8786898484375 0.24373601875 0.8266548281249999 0.153902321875 0.7732516796875 0.2134643890625 0.820837871875 0.2942315953125
0 0 0.69063319375 0.07207239531250001 0.7686966640625 0.117899090625 0.6943917468749999 0 0.5579259890625 0 0.69063319375
0 0.027977331249999998 0.6737925406249999 0.1275312125 0.82172015625 0.130254059375 0.8235567406250001 0.1922805265625 0.7594894859375 0.08951366093749999 0.6030116984375 0.0892771015625 0.6032752218749999 0.027977331249999998 0.6737925406249999
0 0 0.6305756406249999 0.072724484375 0.588591890625 0.073449534375 0.5875169609374999 0.061582492187500004 0.5764507625 0.005425409375000001 0.5257479984375 0 0.5289949203125001 0 0.6305756406249999
0 0.19271655468749999 0.8783558125 0.19382070468749998 0.8796259921875 0.19763695312500001 0.8822000843750001 0.26045019687500004 0.8236812656250001 0.1794838125 0.6532998562500001 0.106989525 0.7192783984375 0.19271655468749999 0.8783558125
0 0.5980827546875 1 0.45331687968749995 0.8933384328124999 0.44866007343750003 0.9002424328125 0.4103908921875 0.9823109531249999 0.437040809375 1 0.5980827546875 1
0 0.506497759375 1 0.5281296109375 0.94903855 0.370921646875 0.8374688421875 0.3705002515625 0.8372899703125001 0.3700414265625 0.83797020625 0.36252045 0.8553207437499999 0.331937815625 0.9273689203125001 0.437626059375 1 0.506497759375 1
0 0.44408502031249997 0.8885444921874999 0.285341046875 0.7847145171875 0.281095875 0.79100824375 0.2495364125 0.8777171484374999 0.4066108796875 0.97644246875 0.41316625937499996 0.97882843125 0.44408502031249997 0.8885444921874999
0 0.363931015625 0.84487090625 0.20697405156249998 0.72486340625 0.20262585 0.7313098796874999 0.16602494375000001 0.8135168625 0.3228548171875 0.9286925593750001 0.32442406875 0.9293912359375 0.363931015625 0.84487090625
0 0.557830315625 0 0.5509119874999999 0.0062901890625 0.52241436875 0.03381001875 0.5723956593749999 0.1297004828125 0.5744015046875 0.1317775984375 0.575361053125 0.1324248203125 0.6275340390624999 0.0837379046875 0.5812199796875 0 0.557830315625 0
0 0.7614489812499999 0.131574609375 0.6975039171875 0.19576633906250002 0.6949314875 0.19988308906250002 0.7001750703125 0.20341992968749997 0.7507720203125 0.2350364125 0.75161605 0.23554297656249998 0.8231176609374999 0.171422125 0.7614489812499999 0.131574609375
0 0.4873574546875 0 0.43967199843750004 0.019421976562500002 0.4381131765625 0.021733025 0.48521859375 0.0705121125 0.48825430625 0.07354736875 0.5882994109374999 0.01960408125 0.5677746765625 0 0.4873574546875 0
0 0.6007250578125001 0.0675079609375 0.5850528749999999 0.08318014375 0.6338260796874999 0.1737446953125 0.6363756625 0.1754644109375 0.687209046875 0.122044275 0.6393278125 0.0339104796875 0.63859338125 0.03317605 0.6007250578125001 0.0675079609375
0 0.7656844859375 0.125609546875 0.7597376031249999 0.12257945781249999 0.698005365625 0.0936284390625 0.6318354703125 0.16486315 0.639546990625 0.1700646359375 0.6407045984375 0.1706544671875 0.6954243015625 0.197117084375 0.7654091968750001 0.1261498359375 0.7656844859375 0.125609546875
0 0.38977403125 0 0.42370963437500003 0.0332471390625 0.42819185312499997 0.037282945312499996 0.4952836859375 0 0.38977403125 0