0 0.6001913203125 0 0.5610002265625 0.025049528124999998 0.6544576421875 0.096032596875 0.7039640390625 0.0638583453125 0.7087522984375 0.0588999578125 0.706047184375 0.054889464062500004 0.6375156515625 0 0.6001913203125 0
0 0.6603841078125 0.08361078281249999 0.54700125 0.053581596875000005 0.5099767578125001 0.11082871875 0.624914584375 0.14069123125 0.6612797296874999 0.084475675 0.6603841078125 0.08361078281249999
0 0.49216052968749996 0.2728769125 0.49492970625000005 0.269202090625 0.49472415312500007 0.269003590625 0.3844538359375 0.2281682296875 0.3401308828125 0.2910626578125 0.4469480625 0.32966937343749997 0.49216052968749996 0.2728769125
0 0.42682854687500005 0.25595484218750003 0.48750801875 0.29700234375 0.49178593125000003 0.29257243593750004 0.523071378125 0.19055864375 0.481417625 0.15825874374999999 0.45956562968750003 0.1435193859375 0.42682854687500005 0.25595484218750003
0 0.55143434375 0.23755261718749998 0.5522345843750001 0.23632035624999997 0.582358346875 0.12326456562500002 0.5163766265625 0.0804155359375 0.5158012750000001 0.08101133125 0.48286895 0.1979431046875 0.5488174515625001 0.240262490625 0.55143434375 0.23755261718749998
0 0.3795589828125 0.4087868421875 0.4170389515625 0.30140005 0.3556593484375 0.25680515625 0.3130862546875 0.3676193703125 0.377202528125 0.4112270234375 0.3795589828125 0.4087868421875
0 0.34400395625 0.44712981718749994 0.389070984375 0.39287709375 0.384109259375 0.3880856125 0.2828095671875 0.337447359375 0.2306994984375 0.40109890937500003 0.33777286875 0.4542978625 0.34400395625 0.44712981718749994
1 0.090097690625 0.5588947375 0.080159890625 0.552684909375 0.026232898437500003 0.682810809375 0.0954816 0.7254506546874999 0.098892059375 0.721919021875 0.0989799 0.7217784468749999 0.14871599687499998 0.5963032078125 0.090097690625 0.5588947375
0 0.14162159375 0.6636812875 0.21980197812500002 0.5559622609375 0.19810846875000002 0.532687696875 0.18989704062499999 0.5241845140625 0.1587673265625 0.4941228984375 0.0779959609375 0.6085195203125 0.1357658890625 0.6693360765625 0.14162159375 0.6636812875
1 0.26157537343750004 0.5467075968749999 0.328039075 0.42734088124999997 0.3131363328125 0.4129494703125 0.26885146875 0.3730752 0.1991342859375 0.5019016515625 0.25725614218750004 0.5511802921875 0.26157537343750004 0.5467075968749999
1 0.188630615625 0.6052811234375 0.28124008906250003 0.49819619687500005 0.259957421875 0.47191429218750003 0.23170220000000002 0.43857171250000004 0.22813292812500002 0.43512490625 0.142570790625 0.5471204765625 0.1880583125 0.605744565625 0.188630615625 0.6052811234375
0 0.8135347390625001 0.144621403125 0.6610677625 0.11182475781250001 0.62207375625 0.1798078546875 0.773719984375 0.2179620484375 0.8162259374999999 0.1472202625 0.8135347390625001 0.144621403125
0 0.692267803125 0.1291875984375 0.810253234375 0.19796408125 0.8321203328125 0.164657109375 0.8469547437499999 0.1399685046875 0.824315421875 0.118105965625 0.6946506421875001 0.08767421875 0.6726082234375 0.1171367796875 0.673261003125 0.11776716093749999 0.692267803125 0.1291875984375
0 0.4597053375 0.3374266265625 0.40201899062499996 0.3826936296875 0.40227058906249996 0.3830399265625 0.5220096890625 0.4737073484375 0.546488109375 0.4559227359375 0.579324534375 0.43135288281250006 0.583124109375 0.42741830625 0.46904130781250003 0.3306436453125 0.4597053375 0.3374266265625
0 0.7538425156249999 0.23992620625 0.6319191562500001 0.16143445781250002 0.567723509375 0.21368101562500003 0.5679127390625001 0.21391469375 0.6972961093750001 0.294927209375 0.7068096890625 0.2872232640625 0.755019303125 0.24137941718749997 0.7538425156249999 0.23992620625
0 0.5312793499999999 0.4362857765625 0.618765825 0.3255439015625 0.5797703390625 0.26255885 0.5785907046875 0.26093522343750003 0.5725838640625 0.25513448437499997 0.48303249375 0.378279365625 0.526546715625 0.43972423593750004 0.5312793499999999 0.4362857765625
0 0.676634534375 0.258358425 0.6336053734375 0.20328360937499998 0.6255817125 0.19553525 0.5430648328125 0.3240118609375 0.590479834375 0.3823697359375 0.593126771875 0.380301721875 0.676634534375 0.258358425
0 0.4576300125 0.3771217734375 0.44464070624999996 0.3915423703125 0.361423778125 0.4966836109375 0.4144944921875 0.5575531671875 0.417675825 0.5550676375 0.5083008999999999 0.43750008124999995 0.47717512656250005 0.39766090625 0.4597227484375 0.3763916171875 0.45920478593749997 0.375891425 0.4576300125 0.3771217734375
0 0.162447109375 0.8531151546875 0.22369999687500003 0.8063607921875 0.22719816406249999 0.802738334375 0.2212690953125 0.7954165421875 0.12614112187499998 0.6990295453125001 0.058617121875 0.755056709375 0.162447109375 0.8531151546875
1 0.14590132656250002 0.756574675 0.215335934375 0.803775496875 0.21621596406250002 0.8028641999999999 0.2705720375 0.6794013234375 0.2559266 0.6702498390625 0.196227015625 0.6349237671875 0.14590132656250002 0.756574675
1 0.3500911671875 0.6605678828125 0.39919441875 0.617883078125 0.41131227187499997 0.6053346734375 0.3077983109375 0.525536765625 0.24344233437499999 0.5831416375 0.24413903124999997 0.5839430937500001 0.3500911671875 0.6605678828125
1 0.3205161390625 0.6991313875 0.354214796875 0.658970890625 0.34954496874999996 0.6544612890625 0.2360035109375 0.59178045 0.1823626953125 0.6548837468750001 0.29964118906250004 0.722813209375 0.3205161390625 0.6991313875
0 0.4551487515625 0.5238208656250001 0.41383188125 0.4580588953125 0.4095814578125 0.4539543109375 0.32112345468750003 0.5505822703125001 0.36403861718749997 0.616318896875 0.3671557984375 0.614294575 0.4551487515625 0.5238208656250001
0 1 0.287762590625 0.9623094140624999 0.251365215625 0.8634048890624999 0.37598215156250003 0.8669255984375001 0.3806542921875 0.9142532390625 0.4411601515625 0.91648180625 0.4394808046875 1 0.3191481859375 1 0.287762590625
0 0.323915015625 0.8338845812500001 0.45773791093750005 0.9664431390624999 0.4843805234375 0.9468025484375 0.5286586859375 0.9134365593749999 0.5328874671875 0.9090575281250001 0.530976859375 0.9065220640625 0.397760559375 0.7822695578125 0.323915015625 0.8338845812500001
0 0.9618575999999999 0.4529200828125 0.9975110296875 0.40699833593749996 0.9919098937499999 0.40158938125 0.827640709375 0.325865971875 0.778608665625 0.38163333593750004 0.94980735 0.4672810125 0.9618575999999999 0.4529200828125
0 0.4670985265625 0.7608518609375 0.51694596875 0.8385204953125 0.5214367046875 0.8356041781249999 0.6541806265625 0.7031895125000001 0.64430334375 0.6879798312500001 0.6032645703124999 0.631225840625 0.4670985265625 0.7608518609375
1 0.37721002656249997 1 0.4532108 0.8995584984375 0.415107665625 0.8601015437499999 0.3888312953125 0.8342056296875 0.27511505468749997 0.9760545765625 0.29823888125 1 0.37721002656249997 1
0 0.747630075 0.5298728046875001 0.8134530375000001 0.5825344609374999 0.8184009640625 0.5774107328125 0.89114009375 0.4068823828125 0.8630517875000001 0.3849373921875 0.8245040171875001 0.35554903125 0.747630075 0.5298728046875001
0 0.6332670031250001 0.5602597984375 0.6323189796875 0.5614305093749999 0.553404078125 0.7229148765625 0.6184105140625 0.7800082921875 0.6215501640625 0.7767570890625 0.704679503125 0.6166754578125 0.6727125875 0.590789159375 0.6332670031250001 0.5602597984375
1 0.5739533515625 0.8590728078125001 0.60993835 0.8125186390625 0.6037526468750001 0.8065451749999999 0.447316525 0.7279959015624999 0.385605125 0.79669770625 0.5521671031250001 0.8869579359375 0.5739533515625 0.8590728078125001
0 0.74308098125 0.6509881875 0.7462318531250001 0.6478373140625 0.8373985156250001 0.4874322953125 0.823912796875 0.47394657812499996 0.7949738265625 0.4460005390625 0.770423534375 0.42274224218749995 0.6741108953125 0.5869087515625 0.74308098125 0.6509881875
1 0.6615770203125 0.7081551578124999 0.765976390625 0.593165653125 0.779257609375 0.5780087796875 0.7336554734375 0.5040811453125 0.7280981046874999 0.49871445625 0.6090944781250001 0.6421103765625 0.658033296875 0.7106365 0.6615770203125 0.7081551578124999
1 0 0.43937490468749996 0.026150132812499997 0.46275756562500003 0.08681500625 0.421771490625 0.0876284125 0.420929184375 0.01462765 0.3503289203125 0 0.35990578125 0 0.43937490468749996
0 0.019249368750000002 0.37260503906250003 0.0735745609375 0.42423583750000005 0.0762189265625 0.42149751718750006 0.1231235109375 0.333312815625 0.0803709125 0.2918594875 0.07003616562500001 0.282554040625 0.019249368750000002 0.37260503906250003
0 0.1941509140625 0.3128712109375 0.1936068171875 0.3120333734375 0.1250769625 0.2469881953125 0.0557833859375 0.2852076421875 0.05521379375 0.2857974703125 0.13078077500000002 0.3564648625 0.1878301203125 0.319416584375 0.1941509140625 0.3128712109375
0 1 0.5155591265624999 0.925978540625 0.49333069375000005 0.87563526875 0.5724914609375 1 0.6054086921875 1 0.5155591265624999
0 0.9204882968750001 0.51793170625 0.91938984375 0.5193894015625 0.8516542296875 0.687546196875 0.926521746875 0.7421131578125 0.9278445890624999 0.740743315625 0.9946072203125 0.56946121875 0.97393133125 0.55388081875 0.9204882968750001 0.51793170625
0 0.9442448062500001 0.7504732656249999 0.969164396875 0.7316950062500001 0.9716087921875 0.7291637609375 0.822897303125 0.6153937453125 0.7504750687499999 0.6661553671875 0.8931124468749999 0.7872075109375001 0.9442448062500001 0.7504732656249999
0 0.688111090625 1 0.5515737515625 0.8877450203125001 0.4791212359375 0.95498575 0.539693859375 1 0.688111090625 1
0 0.7029329453125001 1 0.7575910390625 0.950785634375 0.7714268671875 0.9364582140625 0.77137805625 0.9364040015624999 0.617490921875 0.8225236578124999 0.5765293218750001 0.8594056468750001 0.5450446953125 0.8881907453125001 0.5459777203125 0.8892269734375 0.7004936921875 1 0.7029329453125001 1
0 0.78744873125 0.9207017328125 0.8436042718750001 0.8405033109375 0.839580634375 0.8366177296874999 0.6668122453125 0.7674718281249999 0.6100997593749999 0.84525646875 0.6114114015625 0.8465231078125001 0.78744873125 0.9207017328125
0 0.8906091046875 0.7339376328125 0.8350218015624999 0.662789128125 0.82962554375 0.657578021875 0.7061669187499999 0.812238140625 0.7649476578125001 0.8846902578125 0.7663012703125001 0.8836327 0.8906091046875 0.7339376328125
0 0.2635754359375 0.09474160000000001 0.36944292343749996 0.1322936765625 0.39217563437499997 0.101004784375 0.408468115625 0.077100571875 0.404879953125 0.07363552500000001 0.40372132499999996 0.07279373125000001 0.305343528125 0.0351358625 0.2635754359375 0.09474160000000001
0 0.130672825 0.265016115625 0.18601932031249999 0.3100451875 0.1900576640625 0.3058633609375 0.226514075 0.22353644843749998 0.2138160015625 0.21248688906250002 0.1744682703125 0.179470221875 0.130672825 0.265016115625
0 0.3439144390625 0 0.31253589375 0.0448060484375 0.42654070156249996 0.06937301875 0.4614690828125 0.0218486109375 0.45754770625 0.01806178125 0.45706468593749994 0.017735981249999998 0.40353973906249996 0 0.3439144390625 0
0 0.2726468734375 0.087163246875 0.2129176484375 0.131487578125 0.2123392390625 0.1320865390625 0.29968315625 0.1939398265625 0.3536465203125 0.147353096875 0.349438553125 0.14196714531250001 0.2726468734375 0.087163246875
0 0.1870301421875 0.2176267109375 0.24040823906250003 0.26272104218750003 0.2438114125 0.259196953125 0.280521909375 0.1731761671875 0.268626259375 0.1628810984375 0.22297189374999998 0.12591092343750002 0.1870301421875 0.2176267109375
0 0.38889040625 0 0.3849508359375 0.006289735937500001 0.43381743281249996 0.0616929109375 0.43384131562499995 0.061673571875 0.4657163265625 0 0.38889040625 0