0 0.5407942609374999 1 0.5336290906250001 0.9127091828125 0.5307708484375 0.907333609375 0.47069896875 0.9328080171875 0.474476184375 1 0.5407942609374999 1
0 0.53824519375 0.945080175 0.5405680765625 0.9438450765624999 0.52115306875 0.8799135140625 0.40260046406249994 0.8775007203125 0.4222472953125 0.9421728453125 0.53824519375 0.945080175
1 0.3199905796875 0.73333391875 0.42472967031250003 0.7169860156250001 0.43119330468749995 0.7135492390625 0.40070394374999996 0.6456220984375001 0.28437567656249996 0.6647145828125 0.2864453078125 0.6689579515624999 0.3199905796875 0.73333391875
0 0.356862996875 0.8060515703125001 0.4674185484375 0.7880788921875 0.4717296828125 0.785786621875 0.4606965265625 0.76413283125 0.43350079375000006 0.7184959125 0.3221877328125 0.7382228937499999 0.356862996875 0.8060515703125001
0 0.48035282500000004 0.7659161578125 0.40381568593750006 0.7831483109375 0.39475560781249996 0.9044701156249999 0.39506775781250003 0.9050571843749999 0.47176357500000005 0.887350559375 0.48212385312499995 0.770809934375 0.4814861078125 0.768047553125 0.48035282500000004 0.7659161578125
0 0.38193066875000004 0.64678629375 0.3265394421875 0.542680675 0.3239478984375 0.5440586234375 0.270682715625 0.593729209375 0.3219136234375 0.69766126875 0.32278855 0.6985995125 0.38193066875000004 0.64678629375
0 0.33028948593749996 0.596763046875 0.3252502109375 0.4775387765625 0.3251725875 0.4773927875 0.24589956562499998 0.49908895312499996 0.251273096875 0.6192839484375 0.3185146421875 0.6003629765625 0.33028948593749996 0.596763046875
1 0.1411115953125 0.1684991953125 0.13819434218749999 0.1650225515625 0.13769696874999998 0.16528700937500002 0.07694771875 0.217254003125 0.1461526328125 0.33896550625 0.21027835156250002 0.285873365625 0.1411115953125 0.1684991953125
1 0.10204324843749998 0.29042287031249997 0.1027728515625 0.2931457875 0.1259354375 0.37385069843749996 0.2622489375 0.36199332968750003 0.2650722890625 0.3612368140625 0.2664125515625 0.360524184375 0.26422818124999997 0.352372003125 0.2440213015625 0.2793682078125 0.10328229375 0.289764059375 0.10204324843749998 0.29042287031249997
1 0.22087224062500002 0.5346776906249999 0.3451156828125 0.473786784375 0.3504990953125 0.46942738281249996 0.3108848203125 0.417412959375 0.30399654531250003 0.40890664687499995 0.17069999687499998 0.4722603328125 0.1942335703125 0.501781671875 0.22087224062500002 0.5346776906249999
1 0.2717696796875 0.45568284531250003 0.246983853125 0.32035653750000004 0.24520224375000002 0.317005815625 0.1702426984375 0.34839488125 0.20434234999999998 0.48666117499999995 0.233693178125 0.47359334375 0.2717696796875 0.45568284531250003
0 0.6792028796875 0.9305834093750001 0.6150711875 0.7874814156250001 0.613246515625 0.78552469375 0.55229155 0.8432163484374999 0.6212640656249999 0.9838669781249999 0.641286140625 0.9659413390625 0.6792028796875 0.9305834093750001
0 0.587269715625 0.9995142093749999 0.6214505359375 0.9895585828125 0.6752168609375 0.9731205671875 0.7349118140625001 0.9413801984375001 0.726119946875 0.920467225 0.55892823125 0.9181560421875 0.5588205421875 0.9182133015625 0.587269715625 0.9995142093749999
0 0.40009803125000004 0.550206609375 0.4686637359375 0.6830080140625 0.4723309953125 0.681058096875 0.527286440625 0.6332860578124999 0.4682114234375 0.501427878125 0.4650736734375 0.49781830937500005 0.40009803125000004 0.550206609375
0 0.5297756796875001 0.7526455515625 0.56945055 0.9001737406249999 0.5793226265625 0.8949246656250001 0.6385819546875 0.8551654515625 0.600376284375 0.7199026234375 0.5969053703125 0.714756784375 0.5297756796875001 0.7526455515625
0 0.534214878125 0.57766166875 0.530539621875 0.5707495171875 0.4583775375 0.6095031609375 0.4793707921875 0.75325105 0.5494536328125 0.722048159375 0.534214878125 0.57766166875
1 0.4966485984375 0.6775025140625 0.53040339375 0.8271445249999999 0.541589078125 0.821196990625 0.599708265625 0.78488009375 0.5629436984375 0.6417295375000001 0.5611636953125 0.6388809359375001 0.4966485984375 0.6775025140625
0 0.4649629328125 0.42818446093749996 0.38624959531249997 0.44623478125 0.39177303281250003 0.580209515625 0.3938053890625 0.5995109453125 0.3939951875 0.600172853125 0.3946671828125 0.60143669375 0.42169031874999996 0.5943827671874999 0.470288475 0.5804474703125 0.46607572656249996 0.4320652359375 0.4649629328125 0.42818446093749996
0 0.31142815625 0.1269844484375 0.2918179171875 0.08849718749999999 0.2809419453125 0.068042459375 0.1536836734375 0.1178546328125 0.1468333046875 0.1214970375 0.18622053593750001 0.19360206875 0.30813024843750003 0.1507605765625 0.3200522546875 0.144421534375 0.31142815625 0.1269844484375
1 0.2951085296875 0.1279680296875 0.21846541562500002 0.1647124515625 0.26119662187500003 0.29050729531249997 0.2624023546875 0.292774946875 0.28796009218749996 0.27975262968750003 0.336070925 0.2528562390625 0.2991452765625 0.135560046875 0.2951085296875 0.1279680296875
0 0.29914298281249996 0.324181428125 0.3502885203125 0.446879953125 0.3567816703125 0.443427484375 0.41879715468749995 0.4004284421875 0.3744107875 0.2840367921875 0.37017425625 0.27775587343749997 0.29914298281249996 0.324181428125
1 0.3561033734375 0.22187338437499998 0.23450166718749998 0.28356811875 0.2354453078125 0.2853428484375 0.288716628125 0.35020705625000004 0.4064285390625 0.28740736718750004 0.4045631375 0.2838990546875 0.3561033734375 0.22187338437499998
0 0.47018016406249996 0.4680751890625 0.47918415000000003 0.463287684375 0.4534856578125 0.3921493828125 0.3216184328125 0.4047829328125 0.351454615625 0.4830813296875 0.47018016406249996 0.4680751890625
0 0.834344934375 0.709346721875 0.8679344499999999 0.8706508078124999 0.9129689265625001 0.8467055515625 0.939802953125 0.83121291875 0.8969414953125 0.6760066765625 0.8941031140625 0.6710904578125 0.834344934375 0.709346721875
0 0.6007965203125 0.19117809218749998 0.5474737515625 0.016833001562499998 0.5453014171875 0.012747434375 0.46155474375 0.0565344203125 0.521696003125 0.23392803125 0.5474786390624999 0.2207911203125 0.6007965203125 0.19117809218749998
0 0.8470444546874999 0.8094007375000001 0.8921065421875 0.7899727390625 0.87016595 0.604552 0.86939350625 0.602640134375 0.79525624375 0.6293686093749999 0.8238277390625001 0.8187808984375 0.8470444546874999 0.8094007375000001
0 0.7341179828125 0.3026480609375 0.7360402234375 0.3015825453125 0.7025554484375001 0.238606840625 0.6922474546874999 0.22001072812500003 0.5143046265625 0.27923728125 0.5530619359375 0.35824838125 0.7341179828125 0.3026480609375
1 0.422676396875 0 0.490810709375 0.1453614015625 0.565697778125 0.10022646093750001 0.5732785 0.0951132 0.5254037796875 0 0.422676396875 0
0 0.7878681859375 0.503828434375 0.7236612328125 0.5609575 0.809162409375 0.7302453078125 0.8126497546874999 0.728391053125 0.8465100968750001 0.6996535796875001 0.8734113984375 0.6762686343750001 0.7903035484375 0.5066299984375 0.7878681859375 0.503828434375
0 0.6694744546875 0.5583165828125 0.6756052968749999 0.5567879921875 0.75993726875 0.530470296875 0.7598576125000001 0.5103179953125 0.7564690640625 0.35331644687499997 0.7551891984375 0.3509093703125 0.6778370328125 0.3694328375 0.6735669890625 0.3704974796875 0.669286378125 0.5575622499999999 0.6694744546875 0.5583165828125
0 0.6485298859374999 0.47137605625 0.7161856546875 0.4490115640625 0.706697521875 0.2705914015625 0.706139240625 0.268644446875 0.705887434375 0.2681708671875 0.6300457500000001 0.288122025 0.61839665 0.29146234843749996 0.6327267453125 0.47590753281250003 0.6485298859374999 0.47137605625
1 0.5259539734375 0.279540075 0.6897598875 0.21114613906250002 0.6936409734375 0.2085283125 0.6867912453125 0.1956458484375 0.66142578125 0.15761620468749998 0.6416377703125 0.1282792703125 0.469185296875 0.206700853125 0.5259539734375 0.279540075
1 0.8166501687500001 0.609667646875 0.787037759375 0.4307770609375 0.783501971875 0.4241272109375 0.6999329171875 0.45866064531250006 0.728384225 0.64652310625 0.7847601 0.6238660203124999 0.8166501687500001 0.609667646875
1 0 0.49489108281250005 0.0722667125 0.484989046875 0.07682713125 0.4825642296875 0.0470188484375 0.4116075421875 0 0.4199340359375 0 0.49489108281250005
0 0 0.538049003125 0.013299675 0.5671741031249999 0.10629421406249999 0.5500694171875 0.1142394953125 0.545844834375 0.1135190125 0.5441474828125 0.0842693140625 0.4817514703125 0 0.4951105953125 0 0.538049003125
0 0.148716159375 0.6117055312499999 0.15291085468750001 0.6093803734375001 0.151121465625 0.606015021875 0.11020849375 0.5433041937499999 0.016048190625 0.569427103125 0.0536789390625 0.63731476875 0.148716159375 0.6117055312499999
0 1 0.53239898125 0.8828151375 0.53181579375 0.882332528125 0.5320724015625 0.9053508421875 0.6160043921875 1 0.619598665625 1 0.53239898125
0 1 0.527010359375 0.9542084328125 0.3799447125 0.8750727843749999 0.42956009218749996 0.930913375 0.6020322640625 0.9319074671875001 0.60356303125 0.9877280015625001 0.5714294875 1 0.5634599578125 1 0.527010359375
0 0.9292747765625 0.305557190625 0.9250084062499999 0.2975333171875 0.8392691921875001 0.3380729953125 0.8759918109375 0.521513696875 0.95549991875 0.482781509375 0.9292747765625 0.305557190625
0 0.644678475 0 0.7125168390625001 0.1728762671875 0.7575942734375001 0.1489081703125 0.7906551234375 0.1298204796875 0.7469210375 0 0.644678475 0
0 0.7500984749999999 0.0478296359375 0.69703264375 0.0772445078125 0.752104171875 0.2615450328125 0.8113178640625 0.2300605546875 0.838292734375 0.21510813906249998 0.781030975 0.0335232390625 0.77989278125 0.0314698828125 0.7500984749999999 0.0478296359375
0 0.8189470421875 0.116908865625 0.735879159375 0.17085377968749998 0.8043265796875 0.350574171875 0.8150363374999999 0.34487969375 0.82294900625 0.3397411453125 0.8851397046875 0.2976417640625 0.82137389375 0.1206458890625 0.8189470421875 0.116908865625
0 0.8472805625 0.20209064375 0.8456681749999999 0.202947965625 0.7750485640625 0.26653415156250004 0.8728767843749999 0.43800023125000004 0.8734082703125001 0.43771763437500005 0.9183426859375 0.39872908125 0.9433920734375001 0.3761745140625 0.8503281906250001 0.2054753765625 0.8472805625 0.20209064375
0 0.6264202171875 0 0.636786890625 0.0795496390625 0.7081862984375 0.06365024531249999 0.73208095625 0.057692639062499995 0.7260201093750001 0 0.6264202171875 0
0 0.157998484375 0.8327708578124999 0.1899279515625 0.8981767171874999 0.290316296875 0.8769369078125001 0.29827428125 0.872705571875 0.2859951796875 0.8467022859375 0.281848575 0.8385641156249999 0.2679056078125 0.812341209375 0.157998484375 0.8327708578124999
0 0.1603051875 0.6910303984375 0.1492020984375 0.59907700625 0.1476447765625 0.596148109375 0.080779225 0.6233419265625 0.09764981874999999 0.7179544203125 0.1449313796875 0.6978845890625001 0.1603051875 0.6910303984375
0 0.2362316359375 0.873077059375 0.23654941406250002 0.9863434921875 0.23719275 0.98755343125 0.304878840625 0.960206475 0.29295855 0.8528025203125 0.290662490625 0.848484259375 0.2362316359375 0.873077059375
0 0.20444322499999998 0.7171010359375 0.1458561640625 0.75997378125 0.1854866796875 0.8565812546875 0.1909452171875 0.8536788984375001 0.23117764843750002 0.8210993156249999 0.24381422343749998 0.81033663125 0.205927021875 0.718933375 0.20444322499999998 0.7171010359375
0 0.1764508515625 0.652327715625 0.115019096875 0.6920309125 0.14015648593750002 0.785123146875 0.16078073125 0.7741570421875 0.177646903125 0.7640228234374999 0.2014146890625 0.7490604046875 0.1796322609375 0.65762246875 0.1764508515625 0.652327715625
0 0.3552978765625 1 0.3712237734375 0.9957145093750001 0.3758397625 0.992600984375 0.3482013609375 0.9498466953125 0.3420638234375 0.940747421875 0.3166301421875 0.944937725 0.2257464 0.9615056671875 0.24941635 1 0.3552978765625 1