0 0 0.347912034375 0.0872673140625 0.376633625 0.1267837609375 0.32601869375 0.1219963171875 0.3207016984375 0.0200002828125 0.28419681093750004 0.0037808546875000002 0.30464980937499997 0 0.3096671734375 0 0.347912034375
0 0.1255080796875 0.3122804140625 0.047973959375 0.4019966453125 0.0831968640625 0.46036952343750004 0.16042253906249998 0.3701549515625 0.1255080796875 0.3122804140625
0 0.2572786078125 0.5110192546875 0.20543886093750002 0.5507638234375001 0.196698096875 0.5586340437499999 0.29336114062499996 0.624624103125 0.35127661250000003 0.5745853640624999 0.3504419484375 0.5735546390625 0.2572786078125 0.5110192546875
0 0.29138790625 0.49948964062499995 0.1927436234375 0.45300043749999996 0.14079090156250001 0.5087129125 0.24043534218749998 0.5574197 0.2962992015625 0.504944184375 0.29138790625 0.49948964062499995
0 0.180328478125 0.36447005 0.18006236250000002 0.3646363390625 0.1024497625 0.4573946453125 0.14294980156249998 0.521441990625 0.14499049375 0.523708409375 0.223886784375 0.43207747812499997 0.184617515625 0.369233509375 0.180328478125 0.36447005
0 0.375385403125 0.5859363906249999 0.31229165625 0.5449628343749999 0.3113742 0.545788915625 0.275040821875 0.6575054234375 0.3424848375 0.6983846828125 0.342750175 0.6979761 0.375385403125 0.5859363906249999
0 0.44161824375 0.6555315328125 0.37805404375 0.603492978125 0.3778316921875 0.603693184375 0.32467043281249997 0.7106906890625 0.387678790625 0.7630309093750001 0.38804625625 0.7627000421875 0.44161824375 0.6555315328125
1 0.59768878125 1 0.68008084375 0.8968722328125001 0.6619163125 0.8759763296875 0.626238140625 0.83635170625 0.5381517640625 0.9431703593749999 0.5882139015625001 1 0.59768878125 1
0 0.6426788484375 0.8782462125 0.6389390046875 0.87345943125 0.5366254421875001 0.783813221875 0.4895013375 0.82063060625 0.47081186875 0.8374586796875001 0.5738502515625 0.930141825 0.6423034546874999 0.87858421875 0.6426788484375 0.8782462125
1 0.4036117109375 0.7950365671874999 0.42859799374999996 0.8233389375 0.5141358968749999 0.703068715625 0.5069549515625 0.694807984375 0.462609690625 0.6467633312500001 0.4573816984375 0.6513079562499999 0.3758412140625 0.7630902640625 0.4036117109375 0.7950365671874999
1 0.4481267171875 0.739712 0.4223306328125 0.7528557609375001 0.41999832187499997 0.754955784375 0.5054935171875 0.8678122296874999 0.5780965984375 0.8287543703125 0.4860081078125 0.72139244375 0.4481267171875 0.739712
0 0.2761470359375 0.251386096875 0.27332851874999997 0.2492621921875 0.1300914328125 0.196781090625 0.079399046875 0.2640521578125 0.0798883140625 0.26459554375 0.2310486953125 0.3141183703125 0.27626283749999997 0.2515147078125 0.2761470359375 0.251386096875
1 0.2228288296875 0.2427269515625 0.118464346875 0.1717795671875 0.1095682796875 0.1787299359375 0.0826876640625 0.20293334999999998 0.157676178125 0.2963300796875 0.2210077671875 0.2507985640625 0.22577878281250002 0.246502721875 0.2228288296875 0.2427269515625
0 0.43170396875000006 0.5715183265625 0.49427600156249996 0.528020446875 0.4930412984375 0.526189921875 0.38441110156249997 0.42731832187499996 0.34536220625 0.4536571359375 0.31451554531250003 0.47616872656250003 0.43170396875000006 0.5715183265625
0 0.33637001875 0.332245478125 0.333035734375 0.328409821875 0.20440656875 0.25398862499999997 0.1490353921875 0.310451159375 0.2752720546875 0.38562151875 0.33637001875 0.332245478125
0 0.4161614375 0.411242096875 0.3765692015625 0.3582459703125 0.36538181875000003 0.34582112343750004 0.361648340625 0.3490665859375 0.285540809375 0.47560682343750005 0.33531145 0.5342829640625 0.4161614375 0.411242096875
1 0.38551005625 0.3821865140625 0.2606506234375 0.311821328125 0.254976675 0.31693017343749996 0.2009382328125 0.36732183749999997 0.3375738109375 0.4390920515625 0.39054155625 0.38777456093749996 0.38551005625 0.3821865140625
0 0.48653196718749997 0.477916284375 0.38809632031249996 0.5848658296875 0.4326128390625 0.649952746875 0.4483491375 0.635283978125 0.5397468359375 0.53850114375 0.5300911312500001 0.5236326640625 0.493483284375 0.47340204531249996 0.48653196718749997 0.477916284375
0 0.8293702625 0.8653260796875 0.7910512921875 0.7998940109375 0.786819196875 0.7951937921875001 0.7792703249999999 0.7999108515625 0.6720085984375 0.882583134375 0.7193890374999999 0.9564318140625 0.8293702625 0.8653260796875
1 0.6808809046875 0.8921486906249999 0.7697511546875 0.789053696875 0.7569113046875 0.7742831390625 0.7121531390625 0.7252424609375 0.7090866375 0.72790813125 0.628001265625 0.8263622875 0.6808809046875 0.8921486906249999
1 0.64089784375 0.6406744046874999 0.5748962265625 0.5944595734375 0.5710595765625001 0.5979141078125 0.5201092968750001 0.714377965625 0.5915721765625 0.7628864156249999 0.5921812828124999 0.762016521875 0.64089784375 0.6406744046874999
1 0.7099613953125 0.7202480890625 0.6907714734375 0.69786246875 0.653339303125 0.65628983125 0.6522756281250001 0.65724756875 0.5713471859375 0.7650302140624999 0.6263710062500001 0.8269312843750001 0.7099613953125 0.7202480890625
1 0.5591222640625 0.67453969375 0.6111667890625 0.6164578671875 0.608409909375 0.6133960421875 0.49858443281250003 0.5520075578125 0.44338834374999997 0.6114894453125 0.44162607343750004 0.6134466453125 0.5591222640625 0.67453969375
0 0.3468044953125 0 0.3042912140625 0.10649011093750001 0.35737346875 0.1553474984375 0.3579373203125 0.1548398046875 0.43158628906249996 0 0.3468044953125 0
0 0.9245271984375 0.6759864890625 0.9767140296875001 0.5974474390625 0.9749953609374999 0.595538665625 0.8051758484375 0.5234333984374999 0.77015180625 0.57336379375 0.7543918406250001 0.5976320109375 0.9245271984375 0.6759864890625
0 0.3701461296875 0.20302225312500002 0.5114572468749999 0.07388789375 0.5023685890625 0.0574915203125 0.471653309375 0.006723393749999999 0.46700059375 0.0093024359375 0.3356543234375 0.1372616609375 0.3701461296875 0.20302225312500002
0 0.7887056765625 0.537735375 0.8464967218749999 0.47384254531250003 0.8444331046875 0.471550665625 0.8401550656250001 0.4672726265625 0.6928444500000001 0.36637097343749997 0.62686594375 0.43234948125 0.7887056765625 0.537735375
1 1 0.602383328125 0.9375767906249999 0.560155134375 0.9359202375000001 0.5616467015625 0.9318616640625 0.567032609375 0.848836384375 0.7224364015625 0.9232917234375 0.7757061890625 1 0.6413212140625 1 0.602383328125
1 0.5668211671875001 0.12138753124999999 0.506641815625 0.0672018 0.49977972656249997 0.0733804546875 0.41543002500000004 0.23338625781250003 0.4789258765625 0.291899703125 0.48010720312500005 0.29083603125 0.5668211671875001 0.12138753124999999
0 0.7453220578125 0.3238623359375 0.7075303749999999 0.2792391796875 0.7048752953124999 0.2813892203125 0.59531213125 0.4214017046875 0.6444393984375 0.48729172812500005 0.64705940625 0.490527165625 0.6480157734375 0.49158931875 0.7654992046875 0.3487790359375 0.7453220578125 0.3238623359375
1 0.8056714671874999 0.63576754375 0.8810713937499999 0.46197268906250005 0.8513935796875 0.44269969218750005 0.8020090515625 0.410991778125 0.7975992125 0.4149624140625 0.7973773015625001 0.415304128125 0.7318525890625 0.58027873125 0.8056714671874999 0.63576754375
0 0.619394853125 0.31820134218749996 0.66913685625 0.23827150156250002 0.6654426578125 0.23577973281250003 0.49058931093749997 0.1768947796875 0.47195986406249996 0.20451406875 0.439867225 0.25498268749999997 0.619394853125 0.31820134218749996
1 0.5085118671875 0.3065563578125 0.5047969171875 0.3113112765625 0.67824103125 0.38382584999999997 0.7289725015624999 0.317632359375 0.7259525578125 0.314278371875 0.5855671265625 0.2481089828125 0.5671894843749999 0.23983953281249998 0.5085118671875 0.3065563578125
1 0.4208931015625 1 0.44363561718750005 0.980887296875 0.4418638828125 0.97884915 0.36386141250000004 0.9178141296875 0.328573321875 0.9466078828125 0.304141825 0.9686061015625 0.347667140625 1 0.4208931015625 1
0 0.3416196921875 0.96779884375 0.3939013140625 0.9192429828125 0.3885264453125 0.9132735859375 0.30781766875 0.862010659375 0.2712912 0.8966205390624999 0.253236084375 0.914675653125 0.3416196921875 0.96779884375
0 0.276078171875 0.8067759578125001 0.20512787656249998 0.8411958937499999 0.2043229359375 0.8419206656249999 0.2761144328125 0.916473621875 0.3429092109375 0.8779096390625 0.34188478906249997 0.8761352859375 0.276078171875 0.8067759578125001
0 0.5541875046875 0 0.5138304578125 0.0580116015625 0.5671730875 0.1271192734375 0.6619761750000001 0 0.5541875046875 0
0 0.7676433734375 0.11615365312499999 0.6218339312500001 0.0010212515625 0.600889275 0.016238434375 0.5508857375 0.056835759374999996 0.5519585828125 0.0583124046875 0.6929637468750001 0.172252584375 0.7676433734375 0.11615365312499999
0 0.6959101890625 0.0627910484375 0.6149579375 0.1147495546875 0.6136443375 0.11593232656250001 0.7570370703125 0.2380441265625 0.8308298390625 0.1918847765625 0.8273793828124999 0.186769265625 0.6959101890625 0.0627910484375
0 1 0.3598022625 0.890398096875 0.47559960468750007 0.952421 0.55256610625 1 0.49708944062500005 1 0.3598022625
0 1 0.35516590625 0.8667663546875 0.28873117812500004 0.8185783546875 0.350409003125 0.8065584203125 0.36603716875000003 0.8070377078125001 0.3664116296875 0.980834709375 0.44981874531250005 1 0.42528829218749997 1 0.35516590625
0 0.8121985671875 0.405394028125 0.9498061609375 0.2716345578125 0.919060421875 0.21817547343750002 0.8961801703125 0.19276438125 0.8955915140625 0.19311808125000002 0.760212990625 0.3200266625 0.8101194109375 0.4030848921875 0.8121985671875 0.405394028125
0 0.8335006281249999 0.3147464875 0.9076537 0.2525246734375 0.9044420828125 0.24869721562499997 0.7483561671875 0.132782296875 0.7225348968749999 0.1544489140625 0.6772095109375 0.19392275625 0.8335006281249999 0.3147464875
0 0.1421566734375 0.645500528125 0.0630103234375 0.5768298781250001 0.031848339062499995 0.5978489015624999 0.010320570312500001 0.6129113625 0.0037405609375000004 0.6188360281249999 0.0904410265625 0.6903827046875 0.14564921875 0.6506784390625 0.1421566734375 0.645500528125
0 0.1589298 0.8021266265625 0.2438197453125 0.8470450078124999 0.290821415625 0.8000909171874999 0.28835198906250004 0.7973483421875 0.2856093234375 0.7946997796875 0.20962169843749998 0.7488424890625 0.20905545625 0.7493523375 0.18610828125 0.7731148328125 0.1589298 0.8021266265625
0 0 0.6060505484375 0.0519847796875 0.6317803921875 0.101746115625 0.5784259234375 0.10000268125 0.57648964375 0 0.5397735859374999 0 0.6060505484375
0 0.19453520625 0.694379053125 0.11501276093749999 0.6355048125 0.10151270937500001 0.6451622984375 0.067273353125 0.6709635046875 0.0561374390625 0.6809903265624999 0.1401814203125 0.7427369781250001 0.195954153125 0.696262059375 0.19453520625 0.694379053125
0 0.177146778125 0.811333128125 0.182033990625 0.8157335968750001 0.1825476375 0.81527110625 0.2236858203125 0.7245795937499999 0.17937105 0.6829777046875 0.17152595312500002 0.6759139453125 0.17095517968750001 0.676427871875 0.1279958171875 0.7640762375000001 0.177146778125 0.811333128125
1 0 0.55108149375 0.0193917515625 0.5226877578125 0.0335645953125 0.5011572859375 0.027748354687499997 0.4918493578125 0 0.44931504687499996 0 0.55108149375