0 0.285452765625 0.0701093921875 0.3997900015625 0.0835258390625 0.41428801093749995 0.053013387499999995 0.4266297984375 0.025293278125000002 0.427552678125 0.0200593671875 0.424584778125 0.0187379734375 0.313453259375 0.008589965625 0.2858549828125 0.06782830625 0.285452765625 0.0701093921875
0 0.4159351015625 0.0849355328125 0.2971846984375 0.0858386578125 0.27641217500000004 0.15015805 0.3949888328125 0.14981465 0.4159351015625 0.0849355328125
0 0.38106786718749996 0.3348078 0.2638998015625 0.32182963125 0.23610896874999998 0.393578521875 0.34909303125 0.4051970359375 0.3792231546875 0.33915366874999997 0.38106786718749996 0.3348078
0 0.27088453281249997 0.250468390625 0.254946153125 0.32496048125 0.3675720328125 0.315205340625 0.380228221875 0.27045354375 0.3857482203125 0.23914807656249998 0.384858328125 0.23895892500000002 0.27088453281249997 0.250468390625
0 0.3729817609375 0.2740440671875 0.37466278124999997 0.2691620265625 0.3765410703125 0.1521768796875 0.30575151875 0.1278020828125 0.30174462343749997 0.127095559375 0.29807330468750004 0.248705809375 0.3729817609375 0.2740440671875
0 0.24168357343750002 0.41199621718749996 0.235071125 0.4875768734375 0.3519842078125 0.46699559687500003 0.356373546875 0.3889981609375 0.35485064843749997 0.3887296328125 0.3538598296875 0.38864294843749997 0.24168357343750002 0.41199621718749996
0 0.3025445171875 0.462276865625 0.23283846874999997 0.4577496671875 0.2525723078125 0.5764353328125 0.3333851796875 0.5811040328125 0.334048921875 0.5773397578125 0.3148105203125 0.46335000312499997 0.3025445171875 0.462276865625
1 0.282388775 0.9152062671875001 0.27208655937500004 0.7806270015625 0.2030019796875 0.7727010640625 0.1913477359375 0.771476153125 0.199921915625 0.912072575 0.281542628125 0.9201081468750001 0.28236193906249996 0.9154616015625001 0.282388775 0.9152062671875001
0 0.21295518281249998 0.827544890625 0.297097134375 0.84089223125 0.2987697546875 0.831406334375 0.2923894890625 0.6997966734375 0.2735877109375 0.6964814125000001 0.207986321875 0.6872617390625 0.21295518281249998 0.827544890625
1 0.21022763437499997 0.577398490625 0.21022763437499997 0.61972775625 0.21051699531249998 0.6574803015625 0.35397763437499996 0.622829128125 0.35397763437499996 0.6118835515625001 0.35208835 0.5484895765625 0.3433081984375 0.5469414 0.21022763437499997 0.577398490625
1 0.2139474109375 0.62711309375 0.186127615625 0.7047196812500001 0.3264018546875 0.7228859140624999 0.3533544265625 0.6568124546874999 0.353620453125 0.6553037484375 0.3462807296875 0.652486290625 0.2139474109375 0.62711309375
0 0.4220222171875 0.167320990625 0.56911590625 0.1053063 0.5654410765625 0.0527537875 0.56327981875 0.028830298437500002 0.559543975 0.028171568749999997 0.4167310515625 0.0826422890625 0.4220222171875 0.167320990625
0 0.43259324687499995 0 0.4218590546875 0.07370458125 0.4226157171875 0.0738380015625 0.5856198765625 0.0398084703125 0.590332321875 0.0172552078125 0.591265225 0.008379215625 0.54374433125 0 0.43259324687499995 0
0 0.44922865781250004 0.3502156265625 0.41379150468750003 0.33598549843750003 0.395030859375 0.485894509375 0.46507727968749996 0.515908240625 0.46597536093749997 0.5138911203125 0.4922579984375 0.3693735234375 0.44922865781250004 0.3502156265625
0 0.45782971874999995 0.2549727140625 0.53701235 0.26309829375 0.5383927359375 0.2552697390625 0.5057697796875 0.1133715609375 0.4267126421875 0.1113830046875 0.45782971874999995 0.2549727140625
0 0.41350855312499996 0.4057943828125 0.4819154125 0.4372500890625 0.4842947625 0.431905978125 0.5046893359375 0.292257465625 0.4394257265625 0.257208553125 0.43525977656250003 0.2553537515625 0.4294935765625 0.254337015625 0.41350855312499996 0.4057943828125
1 0.4504626671875 0.33527366875000003 0.524521496875 0.342935525 0.5253719484375 0.3381123734375 0.49848672031249996 0.19440163593749998 0.417614184375 0.1844717390625 0.4504626671875 0.33527366875000003
0 0.49990315625 0.53826185625 0.5169473828125 0.478489421875 0.50911045625 0.475790953125 0.36423002968749996 0.46406731875 0.34034794375 0.539218321875 0.3615953234375 0.5425876984375 0.4941312796875 0.5550246046875 0.49990315625 0.53826185625
0 0.4387393140625 0.893782128125 0.42544193906250005 0.8914374421875 0.2962601640625 0.8883649359374999 0.2810823609375 0.9691122203125 0.2887230140625 0.9704594734375 0.42514563125000004 0.9785086953125001 0.4291684359375 0.9556942328125 0.43592566406250005 0.913030775 0.4387393140625 0.893782128125
1 0.29914233437500004 0.870218775 0.42768405468750004 0.8986554437500001 0.4496942375 0.8496974749999999 0.4605132109375 0.8229195812500001 0.46079762031250004 0.8213066093749999 0.329625684375 0.789179696875 0.29914233437500004 0.870218775
1 0.4504960984375 0.7488139687500001 0.45207126875 0.7414033703125 0.4496245109375 0.6168594859375001 0.377709384375 0.6006053796875 0.36870815156250003 0.59901821875 0.3672457296875 0.732377728125 0.4504960984375 0.7488139687500001
1 0.42649118281250004 0.8404283015624999 0.4279125140625 0.836053896875 0.4438477859375 0.704391159375 0.37910448125 0.683354784375 0.3648766328125 0.68084603125 0.3462327765625 0.8121721125000001 0.42649118281250004 0.8404283015624999
1 0.3601674203125 0.5731906296875 0.36589299999999997 0.652332396875 0.49036277031250003 0.6147613328125 0.4859325640625 0.534011425 0.48041101875000003 0.533037828125 0.4798670125 0.53307586875 0.3601674203125 0.5731906296875
0 0.8651657437500001 0.1162183453125 0.8658158437499999 0.056789896875 0.8384289703125001 0.051960853125 0.6848265671875 0.0976410453125 0.68499925 0.1025859640625 0.6891589234375 0.18110528125 0.8651657437500001 0.1162183453125
0 0.6876605359375 0.9530577734375001 0.6876673640625001 0.9530281984375 0.7031908687499999 0.7653376421875 0.6390359390625 0.7498135671874999 0.6103686515625 0.74475875 0.6006584203124999 0.92966745625 0.6876605359375 0.9530577734375001
0 0.80996685 0.11030204218749999 0.7341690640625 0.0888168546875 0.725114784375 0.277429371875 0.7943206953125 0.301695765625 0.7955054625 0.29804943281249996 0.8105241718749999 0.11048312812500001 0.80996685 0.11030204218749999
0 0.7666485234375 0.5980049328125 0.5892480375 0.6279796484375 0.5871158453125 0.7213764140625 0.776386071875 0.6848298546875 0.77677423125 0.662592234375 0.774704078125 0.599209071875 0.7680098281250001 0.59802869375 0.7666485234375 0.5980049328125
1 0.5834299625 1 0.7286212109375 0.9667830125 0.7237220875 0.8967222874999999 0.721857875 0.8770661984375 0.7204115843750001 0.8768111781249999 0.7103383796875 0.877515565625 0.5382190140625001 0.9118517031250001 0.5489210156250001 1 0.5834299625 1
0 0.6505077140625 0.3544689640625 0.83857648125 0.32399734375 0.8394891937500001 0.314790628125 0.84598765 0.24051293281250002 0.8379431390625 0.23909446875 0.656837896875 0.2706999625 0.6505077140625 0.3544689640625
0 0.8069353078124999 0.5409029859375 0.62431643125 0.51379756875 0.617068884375 0.5337100390625 0.5946015250000001 0.5999404546875 0.5952006515625 0.60015851875 0.774459653125 0.6223086359375001 0.8033754734375 0.5517764374999999 0.8065615171875 0.5430228546875 0.8069353078124999 0.5409029859375
1 0.7135688484375 0.8562476546875001 0.7143903093749999 0.8520216062499999 0.7133322140625 0.6726532796875 0.6411419078125 0.6534020578125 0.6240631828125001 0.6503906171875 0.619292459375 0.8384288906249999 0.7135688484375 0.8562476546875001
0 0.744738921875 0.29564383906249997 0.7367219578124999 0.2943740765625 0.677418921875 0.2866172265625 0.6959950171875 0.47604187187499997 0.7894080625 0.4873375953125 0.7899075468750001 0.484504878125 0.79015500625 0.4829424765625 0.7696776843750001 0.30004121562499997 0.744738921875 0.29564383906249997
1 0.6530753640625 0.44612392187500005 0.6335024015624999 0.45092191093749995 0.6279976781250001 0.5454804906249999 0.6289766265625001 0.5454804906249999 0.8096590421875 0.49601451875 0.8088743515625 0.4116685140625 0.8067963375 0.41130210468749995 0.6530753640625 0.44612392187500005
0 0 0.8874742109374999 0.0671012078125 0.88105699375 0.0711402109375 0.80398821875 0.07115743906250001 0.8035818609375 0.067572915625 0.8029498125 0 0.8115362171875 0 0.8874742109374999
0 0 0.8024669281250001 0.06849585625 0.8142065625000001 0.0932632375 0.74615874375 0.094222959375 0.7407158875000001 0.0912062671875 0.739617903125 0 0.72569570625 0 0.8024669281250001
0 1 0.080450184375 0.9691645578125 0.0750130640625 0.9329840656249999 0.07121034062500001 0.9585521890625 0.21402120937500002 0.9938951703125 0.2184433890625 0.994530271875 0.214841546875 1 0.162800559375 1 0.080450184375
1 0 0.7237455046875 0.085910884375 0.7358841890625001 0.1119127171875 0.6673865203125 0.1128322546875 0.6621715640625 0.112529559375 0.6620673375 0.0105050984375 0.65170025 0 0.6806311546875 0 0.7237455046875
0 0.10115601874999999 0.6774300281250001 0.102272603125 0.6716857078125 0.09957755 0.5738524390624999 0.0635438375 0.5658353703125 0.025450389062500002 0.5591184671875 0.030777023437500002 0.6610315859375 0.10115601874999999 0.6774300281250001
0 0.0260781046875 0.5182172515625 0.0287869890625 0.59578960625 0.122952415625 0.56968516875 0.1258607015625 0.49114689375 0.1253628296875 0.49105910625 0.1207306328125 0.491220865625 0.0260781046875 0.5182172515625
0 0.9856136375 0.1963372125 0.904575971875 0.1731000359375 0.8957051312500001 0.1715358671875 0.8995199406250001 0.3575693140625 0.98329550625 0.38212458437499996 0.9856136375 0.1963372125
0 1 0.31618470625 0.8380906203125 0.33521921875 0.8377535765624999 0.3373472359375 0.8286343328125 0.4251839765625 1 0.40699180625000003 1 0.31618470625
0 1 0.13138540781250002 0.8652883625 0.1505599125 0.853554396875 0.2253041578125 0.8512856531249999 0.2414471140625 0.8527866359375 0.241711778125 1 0.2183896359375 1 0.13138540781250002
0 1 0.41081279375 0.825847165625 0.42783529375 0.8075002390625 0.5143518375 0.994375978125 0.505605315625 1 0.47747509375 1 0.41081279375
0 0.9503681374999999 0.8252206125000001 0.952251190625 0.8145412828125 0.7616219125 0.789696465625 0.7358108515625 0.885113821875 0.9287260843749999 0.90069541875 0.9503681374999999 0.8252206125000001
0 0.789848390625 0.6648019453125 0.8375886734375 0.8494314328125 0.9152745812499999 0.8453600874999999 0.9343258296875 0.8442164249999999 0.9348178671875 0.8414259484375 0.8843274875 0.657659996875 0.8228320890624999 0.6608828328125 0.79021494375 0.662723121875 0.789848390625 0.6648019453125
0 0.8260461875 0.7401459874999999 0.921718334375 0.7657812625 0.922871603125 0.7614772046875 0.928821759375 0.5734394046875 0.856665465625 0.552618496875 0.8475521718750001 0.550176596875 0.835606896875 0.548070321875 0.8260461875 0.7401459874999999
0 0.92687933125 0.673059403125 0.9275228156249999 0.671466721875 0.9603290234375 0.479673075 0.8765054718749999 0.4458061625 0.8692613046875 0.4445288203125 0.839747659375 0.639704396875 0.92687933125 0.673059403125
0 0.9124353140625001 1 0.9250591828125 0.9687548265625001 0.9328376640625 0.924640865625 0.9275537796875 0.9225060390625 0.7572814906249999 0.875526015625 0.7251157296875 0.9461943734375 0.7154834296875 0.9700351546875 0.8356912609375 1 0.9124353140625001 1
0 0.1915184609375 0.21299683906250003 0.08619382187499999 0.2112572046875 0.0673310140625 0.28155380625 0.1796574796875 0.2806324015625 0.190317809375 0.2434554140625 0.19762329218750002 0.21474737031250002 0.1915184609375 0.21299683906250003
0 0.0841509234375 0.42165739375 0.0444878453125 0.42433959843749997 0.07593815937500001 0.515085625 0.14074734687499998 0.512855296875 0.142125459375 0.5050396296875 0.11788632031249999 0.4198893953125 0.0841509234375 0.42165739375
0 0.091345896875 0.1531886703125 0.090043984375 0.22745570937499998 0.1982959296875 0.184071971875 0.20067755781250002 0.1251407484375 0.19530902187500002 0.12419413125 0.1947263953125 0.12419413125 0.091345896875 0.1531886703125
0 0.0562235265625 0.356963625 0.16339247343750002 0.3575332234375 0.18087562031249999 0.2884194953125 0.1743394015625 0.286421171875 0.080001115625 0.28557434375 0.0562235265625 0.356963625
0 0.11637692968749999 0.349137453125 0.0576396859375 0.34811218906249997 0.085783078125 0.44251316875 0.1542750203125 0.44513412499999994 0.155522040625 0.43806191875 0.1320891078125 0.3499263828125 0.11637692968749999 0.349137453125
0 0.1372250359375 0 0.144703996875 0.08167485937499999 0.21079886874999998 0.10679708125000001 0.211345821875 0.1051137375 0.20237480468750002 0 0.1372250359375 0
0 0.2287738046875 0.07011725468749999 0.22607251874999998 0.0692913890625 0.13732368749999999 0.0796675703125 0.1117348203125 0.0831020078125 0.10909890625 0.0917236984375 0.09411723125 0.1443851390625 0.2102067359375 0.14045481875000002 0.211970153125 0.13468694375 0.2287738046875 0.07011725468749999