0 0.8158477359375 0.15368309375 0.8615430546875 0.2597484234375 0.8952166171875 0.25704784375 0.919636478125 0.2544812140625 0.9304222671875 0.25238466875 0.93004838125 0.24882739687500002 0.8832710562500001 0.1475106765625 0.8181948890624999 0.153226853125 0.8158477359375 0.15368309375
0 0.7432659359375 0.22313478125000002 0.765077275 0.2861162234375 0.7670650125 0.28572984687499997 0.8598775046875 0.21536828125000002 0.837560709375 0.1509477359375 0.7432659359375 0.22313478125000002
1 0.6144833953125 0.293074728125 0.6133783390625 0.21650970468750003 0.6121665968750001 0.21648855312499998 0.5042636265625 0.2476917625 0.5010677453125 0.3202130484375 0.5009856421875 0.32491670781250004 0.5009887234375 0.3249325625 0.6144833953125 0.293074728125
0 0.5720574953125 0.21559829375 0.572357959375 0.21714404531249998 0.6347470703125 0.31407787656249997 0.706826653125 0.2947642109375 0.7060331453125 0.2906819671875 0.64962035 0.200228275 0.5720574953125 0.21559829375
0 0.6994174921874999 0.2979354078125 0.7697833890625 0.29793540625000003 0.7796724984375001 0.296013159375 0.7422991359375 0.18153491718749998 0.6633593390625 0.18195792500000002 0.6994174921874999 0.2979354078125
0 0.423960778125 0.275797871875 0.4412977265625 0.3522360828125 0.4433745 0.35183239843749997 0.5451484375 0.2982636953125 0.5306718796875 0.223788265625 0.423960778125 0.275797871875
0 0.468034709375 0.352441465625 0.420811684375 0.2435251953125 0.3399786296875 0.2587894046875 0.3878059609375 0.36836760156250004 0.39718678125 0.3668818265625 0.4682788140625 0.3539826828125 0.468034709375 0.352441465625
1 0.012456775 0.3497849234375 0.014436073437499999 0.432105575 0.019396621875 0.43201898906249997 0.1517172328125 0.4053924765625 0.151164796875 0.33585691406249996 0.150990809375 0.32588919375000003 0.1506616015625 0.32419556250000003 0.012456775 0.3497849234375
1 0.10450925156249999 0.42965153125000005 0.11055258593749999 0.42869436250000004 0.23856152812500003 0.38267025 0.23212906875 0.3420573015625 0.22376468124999999 0.2990262546875 0.0925327015625 0.3442862859375 0.10450925156249999 0.42965153125000005
1 0.3447932875 0.2605681890625 0.26722640000000003 0.26695494375 0.30688832499999996 0.4062738890625 0.37937144218749996 0.40247520937500003 0.38566898906249997 0.4012510890625 0.385453721875 0.3971435640625 0.3447932875 0.2605681890625
1 0.1801839375 0.3335858640625 0.1838197390625 0.407698475 0.1845543609375 0.4076471046875 0.321836990625 0.37304688124999996 0.31947793125 0.33931076718750003 0.315457128125 0.295791596875 0.31451035781250003 0.2909208890625 0.1801839375 0.3335858640625
0 0.81502168125 0.427623775 0.8199957484375 0.4266569140625 0.9510429406249999 0.3513698765625 0.9321549625 0.26955705937499996 0.9304531125000001 0.269887865625 0.796263290625 0.353284678125 0.81502168125 0.427623775
0 0.98406385625 0.41545798749999996 0.9838579296875001 0.413498728125 0.9187068109375 0.26572535625000004 0.88170631875 0.26585321875 0.8841187234375001 0.2888057109375 0.9001967859375 0.42442378593749996 0.939956865625 0.4218429921875 0.96447099375 0.419266453125 0.98406385625 0.41545798749999996
0 0.6179164125 0.4802628609375 0.562603840625 0.341216071875 0.5511762484375 0.342822115625 0.47899065937499996 0.3557084078125 0.47905023125 0.3561322890625 0.5422078046875 0.4924009734375 0.572170334375 0.48819001406250007 0.5966183671875 0.48440278125 0.6179164125 0.4802628609375
0 0.78150683125 0.29741596718749996 0.703798840625 0.3259159984375 0.7039016828125 0.32619855468750003 0.79986096875 0.44492049843750003 0.8113643937499999 0.4407335953125 0.87152193125 0.413243225 0.8711216859375 0.41118414062499997 0.78150683125 0.29741596718749996
0 0.6557111078125 0.3377765046875 0.571314846875 0.3270588 0.6111592359375 0.4760176828125 0.6852819328125 0.47990228906250004 0.6859656046875 0.479769396875 0.6862906765625 0.473566675 0.6557111078125 0.3377765046875
0 0.720613915625 0.3144490328125 0.64447401875 0.318563828125 0.6952848171875 0.46128598125 0.7698912640625 0.4586806671875 0.7757161296875 0.45754842812499996 0.7756514640625001 0.455696675 0.720613915625 0.3144490328125
0 0.537488278125 0.47995122031250004 0.5340173734375 0.47283139375000005 0.4677705578125 0.356401353125 0.465467965625 0.3570616109375 0.39042199843750003 0.38302572343749997 0.4681195359375 0.5155971359375 0.473270628125 0.5141200828125 0.5400684124999999 0.493224859375 0.537488278125 0.47995122031250004
0 0 0.529258659375 0.044614590625 0.60462771875 0.10471941874999999 0.5766003765625001 0.1231858578125 0.5677195296875001 0.1229314390625 0.5664106515625 0.1213222125 0.56295965625 0.0470683671875 0.44701946875000004 0 0.467343421875 0 0.529258659375
1 0.059459785937499995 0.4689437390625 0.1300465328125 0.5853224765625 0.1480619 0.57767540625 0.20743524062500002 0.5507600796875 0.2064648734375 0.5457679734374999 0.138367078125 0.43898133125000005 0.059459785937499995 0.4689437390625
0 0.3557908203125 0.41139793750000003 0.3549768125 0.408133134375 0.2341097703125 0.465451934375 0.25542550625 0.5459487203125 0.26698350625 0.5437020734375 0.374049359375 0.48885362812500005 0.3557908203125 0.41139793750000003
1 0.1499511328125 0.4791440984375 0.16543585624999999 0.5618491921875 0.173903328125 0.5602032828125 0.2918162953125 0.5099115703125 0.2885109796875 0.492907190625 0.2749565046875 0.4291383953125 0.27353040625 0.4294156015625 0.1499511328125 0.4791440984375
0 0.45228128593749994 0.4558336734375 0.4338986328125 0.39230325 0.3199602875 0.45493201875 0.341359553125 0.5340200687500001 0.34662170937500003 0.5329972093750001 0.455925296875 0.4685418515625 0.45228128593749994 0.4558336734375
0 1 0.6169671046875 0.9395957562499999 0.534546865625 0.8701604406250001 0.5536376703125 0.8703771250000001 0.554752421875 0.9708811078125 0.7121355125 1 0.7026742125000001 1 0.6169671046875
0 0.14658585156249998 0.8355007703125 0.1474379578125 0.8398844765625 0.323070803125 0.7759803453125 0.31552429375 0.7219556390624999 0.30879728281249996 0.687348165625 0.13174179375 0.745807503125 0.14658585156249998 0.8355007703125
0 0.7858699062500001 0.6315084671875 0.7984351140625 0.7093086 0.80048175625 0.7090573046875 0.9732913984374999 0.6383532171875 0.968436975 0.5895221484375 0.9666878765625 0.5752768765625 0.964677125 0.5649324609375 0.7858699062500001 0.6315084671875
0 0.480839521875 0.809608428125 0.4446918796875 0.6333621140625 0.35127759531249997 0.63449071875 0.394407328125 0.8223701906249999 0.41664494999999996 0.8219820328124999 0.4809795265625 0.8176292265624999 0.480839521875 0.809608428125
1 0.2323542125 0.7746845625 0.1955091578125 0.69538968125 0.046004682812499996 0.7848181015625 0.0506783171875 0.8088618609375 0.076217115625 0.8720726078125001 0.0777618671875 0.8717723390625001 0.235779615625 0.7831627328125 0.2323542125 0.7746845625
0 0.858359634375 0.5862862375 0.8553049984375001 0.573055159375 0.6847119796875 0.66337666875 0.7042436921874999 0.743629628125 0.70907404375 0.742690703125 0.8740254406249999 0.6579051796875001 0.858359634375 0.5862862375
0 0.5637102625 0.8059649468750001 0.5395114203125 0.6235698109375 0.5183726296875 0.6220916437499999 0.44851502656250003 0.618750209375 0.44847055156250004 0.6193862328125 0.4765889671875 0.7978064421875 0.5523591484375 0.80616080625 0.55996610625 0.8066927375 0.5637102625 0.8059649468750001
1 0.2425807828125 0.8256413031250001 0.246832925 0.8249678296875 0.41502212812500006 0.7626259656250001 0.4077321171875 0.6804282749999999 0.405892540625 0.670964471875 0.2270805203125 0.7309561 0.2425807828125 0.8256413031250001
1 0.769058453125 0.6301420671875 0.7423235625 0.57558175 0.5954755953124999 0.6961531234375 0.6345374968749999 0.7778718234374999 0.639314540625 0.7769432593750001 0.7832568265625001 0.6620321359375 0.769058453125 0.6301420671875
0 0.6792294437499999 0.77555156875 0.678992540625 0.7740558203125001 0.602212125 0.60409205 0.5182560140625 0.6181912296875 0.51829290625 0.61842415 0.577430846875 0.7665525359375 0.5852316515625 0.78513395 0.676573040625 0.7760679203125 0.6792294437499999 0.77555156875
0 0 0.2301104234375 0.06393310156250001 0.20556880312499998 0.06298772500000001 0.2007052640625 0.014053818749999999 0.12003831406250001 0 0.1254951453125 0 0.2301104234375
0 0.024861634375 0.150572471875 0.05189295625 0.22259361875 0.056319356249999994 0.2217332140625 0.0565272140625 0.221657559375 0.136377465625 0.17306761406249999 0.1102964921875 0.10141072656250001 0.10846975625 0.10176580937499999 0.024861634375 0.150572471875
0 1 0.7507585406249999 0.9154781609375 0.7765994593750001 0.916375859375 0.7795356984375 0.9469182843749999 0.860408184375 0.9477729921875 0.8602420468749999 0.9500376781250001 0.8595496624999999 1 0.8269169703125 1 0.7507585406249999
1 0.1521224359375 0.20461371874999998 0.22361410781250002 0.1754193640625 0.2229516265625 0.1720111921875 0.16226405 0.0920521109375 0.09379201718749999 0.1211781890625 0.1521224359375 0.20461371874999998
0 0.27925665781250003 0.1815824359375 0.2632361875 0.08664155625 0.193822396875 0.0811257625 0.18747405 0.08079306093750001 0.20723821718750002 0.1825474640625 0.27557179375 0.188665325 0.2789195640625 0.18801458437500002 0.27925665781250003 0.1815824359375
0 0.29737015 0.1770376171875 0.3692792625 0.1550527953125 0.367930634375 0.14811470625 0.322063153125 0.0702297078125 0.2440786375 0.08806088906250001 0.29737015 0.1770376171875
0 0.8489970625 0.920274265625 0.9313753765625 0.915957 0.94187504375 0.9139160703125 0.8779922296875 0.7400512124999999 0.7907864625000001 0.744108403125 0.8489970625 0.920274265625
0 0.846233409375 0.926524178125 0.794536009375 0.75805888125 0.780149003125 0.7585612859374999 0.70118421875 0.76258036875 0.7580447968749999 0.9406936625 0.7623649890624999 0.9405427984375001 0.8464622593750001 0.9330776046875 0.846233409375 0.926524178125
0 1 0.755155253125 0.8622970421874999 0.8052810640624999 0.87041035 0.89129636875 0.875285671875 0.8910408656250001 1 0.847852421875 1 0.755155253125
0 0.5876486 0.9342650359375 0.5938152624999999 0.9344803796875001 0.7713914 0.9009921343749999 0.7770322375000001 0.8033393390624999 0.7769942515625 0.8031439234375 0.593679203125 0.8474336453125 0.5876486 0.9342650359375
0 0.38596105 1 0.28588440937500004 0.8481237 0.2031801546875 0.8809887015625 0.203445896875 0.8823558296874999 0.272949715625 1 0.38596105 1
0 0.3599646609375 1 0.4915077484375 0.9289842703125 0.47453405625 0.869789975 0.46523424375 0.8378407046874999 0.46426378125 0.83802934375 0.29413745625 0.92658255625 0.31518956875000004 1 0.3599646609375 1
0 0.40142690312499996 0.9860722640624999 0.408385996875 0.9855856375000001 0.5865880515625 0.9339803609375 0.580686640625 0.849586240625 0.577795840625 0.8347143656249999 0.3965915078125 0.8907634078125 0.40142690312499996 0.9860722640624999
0 0.61334956875 0.9873254234375001 0.665967021875 0.9770976265625 0.6051404890625001 0.7931053984374999 0.5076869187499999 0.80334818125 0.5741859203125 0.9921706 0.61334956875 0.9873254234375001
0 0.25299771875 1 0.2299484546875 0.8693190375000001 0.13242996875 0.875191390625 0.1512503 1 0.25299771875 1
0 0.650841675 0.0349867875 0.639340928125 0.0015474359375 0.5457421421875 0.065803921875 0.568251128125 0.12859073593749998 0.5758070656250001 0.1271220109375 0.66245705 0.0707352375 0.650841675 0.0349867875
0 0.3352855765625 0.09737778124999999 0.34568549531250004 0.16325618125000002 0.3530704578125 0.1619540140625 0.434884421875 0.127411765625 0.42901829375 0.0941432921875 0.4249889203125 0.0731573609375 0.42148319062499995 0.055121942187499995 0.3352855765625 0.09737778124999999
0 0.6275536984375 0 0.6516047375 0.1070109875 0.6558870812500001 0.1073107609375 0.7182380859374999 0.1105784390625 0.72471944375 0.109318590625 0.6880430468750001 0.0018238328125 0.6684358375 0 0.6275536984375 0
0 0.47651122187499995 0.06931658125 0.49136242656249995 0.140379634375 0.4936911765625 0.140010796875 0.583007571875 0.0974364265625 0.5808184078124999 0.0809826734375 0.573414884375 0.034238654687499995 0.57136195 0.023677225 0.47651122187499995 0.06931658125
0 0.5182424078125 0.1270864671875 0.465238803125 0.0451208609375 0.399417125 0.062912359375 0.39312808593750004 0.064835109375 0.39325997031250004 0.0655135921875 0.44981004062499996 0.14748547812499999 0.5082936124999999 0.1309268640625 0.518388959375 0.12784040937500002 0.5182424078125 0.1270864671875
0 0.76827790625 0 0.799047603125 0.0791978703125 0.8300484375 0.0818073328125 0.860738984375 0.0828790703125 0.8687883125000001 0.0813144390625 0.8377729031250001 0 0.76827790625 0
0 0.7422537609375001 0 0.6872359765625 0.04772359375 0.717769015625 0.11499312343750001 0.717797509375 0.1149816140625 0.7823314796874999 0.0489238140625 0.7991195015625 0.0311434390625 0.7865367359375 0 0.7422537609375001 0
0 0.8326847953125001 0 0.8867023515625 0.0691201953125 0.9239793859375001 0.0607633171875 0.9168001531250001 0.023829365625 0.9099671921875 0 0.8326847953125001 0