0 0.1319076671875 0.2475842609375 0.018753615625 0.22700546406250002 0.018674828125 0.2315191875 0.027434301562500003 0.294003375 0.1372532578125 0.31691072343750004 0.14207556875 0.3163186171875 0.1319076671875 0.2475842609375
0 0.205876978125 0.3323413109375 0.20675802812500002 0.3323566890625 0.21161683281250002 0.2646935828125 0.10180311093750001 0.219955590625 0.09696859062499999 0.28737301406250004 0.205876978125 0.3323413109375
0 0.46241481406249996 0.2359654140625 0.38642473593750004 0.22686797812499998 0.343482734375 0.3348896328125 0.343455240625 0.336464734375 0.34757991875 0.336825596875 0.42003798750000004 0.34122776093749996 0.4623956515625 0.23706326875 0.46241481406249996 0.2359654140625
0 0.3869494046875 0.3264116390625 0.371330375 0.25341211406249997 0.256032096875 0.2417688984375 0.2559419765625 0.24693184218750003 0.2602987015625 0.26742862343749996 0.274642878125 0.318149065625 0.38205287499999996 0.3274524296875 0.3869494046875 0.3264116390625
0 0.1717330125 0.32621253437500003 0.17165514531249998 0.33067359375 0.24950391875000003 0.3430036296875 0.3032610140625 0.23409475937500002 0.22535927031249997 0.22132805625000002 0.1717330125 0.32621253437500003
0 0.41515776562499995 0.2442107421875 0.42640088125000003 0.3220309984375 0.54466285 0.3323443109375 0.531488275 0.2576275734375 0.4164211625 0.243987971875 0.41515776562499995 0.2442107421875
0 0.5022109546875 0.318600753125 0.6183665328125 0.3466582078125 0.619362334375 0.264402584375 0.5023423421875 0.2364377234375 0.501996065625 0.30628977343749997 0.5022109546875 0.318600753125
1 0.816722728125 0.320983690625 0.9399585593750001 0.3717212984375 0.9467271125 0.37183944375 0.9640349984375 0.2929699515625 0.8329694234374999 0.24136873749999999 0.8305330234375001 0.2528311015625 0.816722728125 0.320983690625
0 0.8532741968750001 0.2381191109375 0.7764017546875001 0.2387519578125 0.75026489375 0.376085825 0.75026489375 0.3777866109375 0.7792235390625 0.37829208593749997 0.8371019625 0.3772680109375 0.86120239375 0.24098524999999998 0.86120239375 0.2381191109375 0.8532741968750001 0.2381191109375
1 0.6985359421874999 0.36750725 0.7047197749999999 0.367615190625 0.714897578125 0.2924081328125 0.5768858921875 0.24332132343750001 0.56850999375 0.3230126796875 0.6985359421874999 0.36750725
1 0.7022095187499999 0.238322390625 0.6664208484375 0.366322090625 0.6662751874999999 0.3746669609375 0.7464294140625001 0.379258671875 0.7764594859375 0.2397276265625 0.776465721875 0.2393703578125 0.7022095187499999 0.238322390625
0 0.19457778125 0.46216444687499997 0.1750928234375 0.380530071875 0.0193835265625 0.3699762875 0.0193392703125 0.3725117046875 0.024312567187500002 0.3962391515625 0.035975065625000004 0.44675497656249996 0.191970875 0.4627663 0.19457778125 0.46216444687499997
0 0.014946014062499999 0.33613720156250004 0.009523437499999999 0.371322975 0.00112708125 0.4310661578125 0.000031717187500000004 0.49381949531249997 0.0048828921875 0.49450128437499996 0.0279062703125 0.49538494687499995 0.100715034375 0.34471896874999997 0.014946014062499999 0.33613720156250004
0 0.5016300171875 0.49534023749999995 0.5131899203125 0.42071664999999997 0.3761278984375 0.3571913828125 0.376117475 0.3571912015625 0.3694072453125 0.3947801359375 0.3628519859375 0.44142322500000003 0.49824189375000005 0.49528109843749996 0.5016300171875 0.49534023749999995
0 0.24364493125000003 0.5010279796875 0.246872034375 0.5018325875 0.2486753796875 0.5018640640625 0.2683967625 0.423586596875 0.1441092375 0.34523553749999997 0.1189387390625 0.420205071875 0.24364493125000003 0.5010279796875
0 0.30939203125 0.50498636875 0.3105137546875 0.510757146875 0.31264793750000003 0.5107944 0.390628003125 0.48955301249999994 0.4026688671875 0.3428192625 0.327324428125 0.358414825 0.30939203125 0.50498636875
0 0.3315671296875 0.49989085468749994 0.333657653125 0.5002219593749999 0.33491547499999996 0.500243915625 0.348062421875 0.42638812187499997 0.21215657187499998 0.3532454875 0.19941030937499998 0.43372220937500006 0.3315671296875 0.49989085468749994
0 0.5840798015625001 0.49990487968749997 0.5847375015625 0.49991636093749997 0.6016248546875 0.42103910468750005 0.47786820468749996 0.36942486875 0.46020649375 0.3633471953125 0.4573663296875 0.36329761875 0.4523792859375 0.3905492640625 0.44447048593750005 0.44048346250000003 0.5807308421874999 0.4993744578125 0.5840798015625001 0.49990487968749997
0 1 0.40935880312500006 0.8812869328125 0.389230240625 0.8778744828124999 0.47222360781250006 0.993898659375 0.49611912968749994 0.997522509375 0.49618238437500006 1 0.4607526375 1 0.40935880312500006
1 0.9138078921874999 0.515036734375 0.9323255250000001 0.43348231249999997 0.812643625 0.3788754359375 0.8125424125 0.37887366875 0.7929847375 0.445385378125 0.788515040625 0.4620665171875 0.9117965828125 0.5150016265625 0.9138078921874999 0.515036734375
1 0.758175965625 0.4929883109375 0.750531796875 0.4084759421875 0.617458584375 0.39596308593749996 0.6174432359375001 0.39684236875 0.6177014562500001 0.3992991703125 0.6270354484375 0.47832850000000005 0.7506413125 0.49378023437499996 0.758175965625 0.4929883109375
1 0.75037516875 0.3786302734375 0.7155214734374999 0.5078127765625 0.7154787406249999 0.5102609484375 0.7688895640625 0.513995796875 0.8004258015625 0.515430390625 0.8330299234374999 0.38387953124999996 0.75037516875 0.3786302734375
0 0.5580813859375 0.5100384078125 0.5587914609375 0.5150908515625 0.564067984375 0.515182953125 0.6401640171875 0.5033214453125 0.65103534375 0.37376017500000003 0.5724326 0.3846142125 0.5580813859375 0.5100384078125
0 0.028768689062500002 0.801196753125 0.04750461875 0.7968824125 0.107285071875 0.781977471875 0.10912180625000001 0.5947551671875 0.10694419687500001 0.59471715625 0.039708909375000004 0.6147950453125001 0.026061603125 0.7990077796875 0.0265979296875 0.8011588625 0.028768689062500002 0.801196753125
0 0.912653021875 0.7634207875000001 0.9001013140625 0.6746506546875 0.7143983656249999 0.6616847390625 0.714301525 0.6672327765625 0.7154981984375001 0.6786183640625 0.7245008296875 0.756392075 0.9126454171875 0.7638564640625 0.912653021875 0.7634207875000001
0 0.11268610937500001 0.8035852468750001 0.17076333593749998 0.7914252015625001 0.188953334375 0.786889925 0.187022278125 0.595472096875 0.11540466875 0.6150950015625 0.11139915625 0.7984235625 0.11268610937500001 0.8035852468750001
0 0.6154258578125 0.6113229734375001 0.54055788125 0.7749206546875 0.5388374625 0.7818208828125 0.5388209625 0.7827661890625001 0.600323696875 0.8014177609375001 0.6219040515625001 0.8067983484375001 0.706192059375 0.63343629375 0.6154258578125 0.6113229734375001
1 0.9830205968750001 0.785035784375 0.9884675015625 0.7851308609375 0.9961981796874999 0.7221695312499999 0.9966850765625 0.6942752265625 0.8274182124999999 0.646101703125 0.8123516453124999 0.732230878125 0.8112372734375001 0.741306721875 0.9830205968750001 0.785035784375
0 0.353301628125 0.757186825 0.35333888281250003 0.755052515625 0.3407135625 0.6721737609375 0.1519876546875 0.651660559375 0.1519074734375 0.656254159375 0.15748495625 0.699664190625 0.162445721875 0.7349618734375001 0.3499804328125 0.7576535890625 0.353301628125 0.757186825
0 0.4881235140625 0.811397175 0.545376525 0.79950053125 0.5766165859375 0.7922881953124999 0.5719636921875 0.607522315625 0.5712487562499999 0.6075098359375 0.5664970859375 0.6086068453125 0.487218321875 0.6302831265625 0.4873549796875 0.8080682890625001 0.4881235140625 0.811397175
1 0.62470073125 0.7235273296875 0.78836258125 0.7941399203125 0.7938791640625 0.7942362125 0.81404224375 0.7017369718750001 0.637773921875 0.6321371609375 0.6374192484375001 0.6338057734375 0.62470073125 0.7235273296875
0 0.2876692171875 0.8073786187499999 0.34978057812499996 0.8009656609375 0.38134298437499997 0.7965298546875 0.40308431562499997 0.6086495000000001 0.3107834578125 0.6190875218749999 0.28699260937500004 0.8025643 0.2876692171875 0.8073786187499999
1 0.3503967859375 0.6806820859375 0.344448175 0.711285040625 0.508452065625 0.7923795390625 0.513321290625 0.7924645328125 0.5257035265625001 0.700500234375 0.5074056765625 0.6920556999999999 0.3612105796875 0.62768694375 0.3503967859375 0.6806820859375
0 0.8925349484374999 0.14743887656250002 0.8927527359375 0.1489885203125 0.8973541984375 0.14906883906249999 0.9703567390625001 0.13880900000000002 0.9711525171875 0.040305184375000004 0.8963285203125 0.050527864062500004 0.8925349484374999 0.14743887656250002
0 0.885991140625 0.14887049531250002 0.8923107734375 0.1489808046875 0.9076020765624999 0.0743045125 0.815647590625 0.038500165625 0.8009782031249999 0.11396762187500001 0.885991140625 0.14887049531250002
0 0.09801063125000001 0.9666027484375 0.06845743125 0.780011190625 0.067865403125 0.78000085625 0.0319485453125 0.78641925 0.0081035671875 0.976494803125 0.0745489828125 0.9703187078125 0.09801063125000001 0.9666027484375
1 0.7197540765625 0.1084596765625 0.805671128125 0.15215671875 0.8111295109375 0.1522519953125 0.8298088015625 0.0827512109375 0.739811884375 0.0324580078125 0.7328890984374999 0.05660063125 0.7197540765625 0.1084596765625
0 0.7519324328125 0.1405239734375 0.7467455843749999 0.068446178125 0.6469863515625 0.047256396875 0.6466190468749999 0.06829927031250001 0.6467670937500001 0.07253877812500001 0.64987698125 0.1227618328125 0.7460841625 0.1407282 0.7519324328125 0.1405239734375
0 0.5689526500000001 0.13087335625000002 0.5688248125 0.1381971203125 0.64628249375 0.1407386359375 0.678891990625 0.0486235453125 0.601697559375 0.040510084375 0.5689526500000001 0.13087335625000002
0 0.2869342453125 0.8820654578125 0.11619048437499999 0.8089736578125001 0.11491753281249999 0.8089514390625 0.10519117656250002 0.901491534375 0.2760023296875 0.9680369859375 0.278403953125 0.96807890625 0.2869342453125 0.8820654578125
0 0.3638521703125 0.808320825 0.27588920625 0.80051248125 0.273735975 0.8004372875 0.21824246406249997 0.9742683046874999 0.2181645578125 0.9787315109374999 0.288622378125 0.9823176124999999 0.2888685234375 0.9823262078124999 0.31033965937499997 0.9827009890625 0.3638521703125 0.808320825
0 0.00302334375 0.8829702140625001 0.175873078125 0.978791128125 0.181992053125 0.9788979343750001 0.1991979140625 0.8910208015625001 0.0241020203125 0.7975247015625 0.0070904234375 0.863836109375 0.00302334375 0.8829702140625001
0 0.38186731093750004 0.801472103125 0.2934486953125 0.9631078515624999 0.2934161296875 0.9649735500000001 0.31941276093750004 0.9724279640625 0.3778883734375 0.9870369296874999 0.4766847890625 0.8263364390625 0.38186731093750004 0.801472103125
0 0.8514846921875 0.9843330203124999 0.8587390953125 0.9844596453125 0.8785067359375001 0.8903572078125 0.696188003125 0.8255279718749999 0.67911703125 0.9133505062499999 0.8514846921875 0.9843330203124999
0 0.6030072765625001 0.816517371875 0.5953564234375001 0.8490622046875 0.5815039828125 0.9090637109375 0.7531463859375 0.9904302078124999 0.75659359375 0.9904903796875001 0.7609785812500001 0.9721344265624999 0.778478090625 0.8963357249999999 0.6036279703125 0.8166606703125 0.6030072765625001 0.816517371875
0 0.6639586484375 0.9841852171875001 0.6792639390625 0.8875514171875001 0.5016257875 0.8188269328125 0.49873762343749994 0.8187765203125 0.4954950671875 0.8392492171875 0.485167303125 0.9136358984375 0.6578906812499999 0.9840793 0.6639586484375 0.9841852171875001
0 0.4375948828125 0.8110572484375 0.4300733890625 0.998855590625 0.4845683765625 0.9998068046874999 0.5222201296875 0.9938787671875 0.5340758703125 0.7943895421875 0.532298115625 0.7943585125 0.4375948828125 0.8110572484375
0 0.78084165625 0.945602659375 0.9730444 0.9692118671875001 0.976146803125 0.9691577140625001 0.9757056609375001 0.9438846906249999 0.9710016078124999 0.86638291875 0.780981346875 0.8478342187499999 0.7804118703125 0.9209802500000001 0.78084165625 0.945602659375
0 0.2756895203125 0.147140034375 0.30530515468749997 0.1464796953125 0.34392735 0.14445559218749998 0.37009309375 0.0352153171875 0.29735498437499996 0.037781378125 0.275357140625 0.14079788437500002 0.2756895203125 0.147140034375
0 0.514704765625 0.05530558437500001 0.5112205359375 0.1496493671875 0.5113440359375 0.15014469531250002 0.515707365625 0.1502208578125 0.5315932875 0.1465149453125 0.5826470203125 0.1337858203125 0.580782175 0.0375643265625 0.514704765625 0.05530558437500001
0 0.24442509218750003 0.037810835937499995 0.1937726109375 0.1379152421875 0.1937221 0.14080899375 0.2615871765625 0.14674641718749998 0.26586956562499997 0.1470455484375 0.30598458281249996 0.0406985375 0.24442509218750003 0.037810835937499995
0 0.3424518015625 0.125364146875 0.342317628125 0.13305094687500002 0.4108446375 0.14737215312500002 0.4573124609375 0.0507996484375 0.3827247921875 0.0408758015625 0.3424518015625 0.125364146875
0 0.5075475109375 0.1547666421875 0.50843770625 0.15478217968750002 0.523760025 0.0834648875 0.43909812812500004 0.0348037640625 0.4390513859375 0.034802948437499995 0.42856950937500005 0.0768434640625 0.42234317499999996 0.10422985468749998 0.5024020609375001 0.1534837375 0.5075475109375 0.1547666421875
0 0.17433308593750002 0.04593836875 0.1049711390625 0.034952515625 0.0454388515625 0.1306765515625 0.0453893484375 0.1335125203125 0.0828202328125 0.1394409875 0.113749403125 0.142794709375 0.1741702046875 0.0469667640625 0.17433308593750002 0.04593836875
0 0.1240796203125 0.09792254218749999 0.1455404171875 0.1096448984375 0.2251796046875 0.1514006296875 0.2274818859375 0.151440815625 0.235610725 0.0791172953125 0.13026184375 0.0345315203125 0.128520865625 0.034409778125 0.1240796203125 0.09792254218749999
0 0.104065390625 0.050206823437500006 0.062529678125 0.0416536984375 0.0066298171875 0.1158146078125 0.0062943703125 0.1350323171875 0.0697245875 0.15181262812500002 0.077141840625 0.151942096875 0.09152075937500001 0.0982792375 0.104065390625 0.050206823437500006