0 0 0.521689675 0.0843211234375 0.5236141734374999 0.084652415625 0.5235191765625 0.089598934375 0.5211065984375 0.070610490625 0.458921046875 0 0.45548925 0 0.521689675
0 0.15414798125 0.49831612812500004 0.1554629421875 0.4976747796875 0.1427400546875 0.4315604640625 0.025089099999999996 0.4167687640625 0.037868225 0.4831402625 0.15414798125 0.49831612812500004
1 0.2400601703125 0.3352002921875 0.2796963109375 0.4007167046875 0.39283069375 0.3675896828125 0.39025935624999997 0.3636301703125 0.349118665625 0.303822190625 0.241076578125 0.3345402296875 0.2400601703125 0.3352002921875
0 0.2326112875 0.4635238984375 0.28998424375 0.421840003125 0.2534125921875 0.3108263 0.2531088390625 0.31097445 0.1921464296875 0.3617508359375 0.22730417812499998 0.4635696078125 0.228668225 0.4654470578125 0.2326112875 0.4635238984375
0 0.1160841875 0.3907243359375 0.1524185375 0.5043749562500001 0.163573365625 0.4989343828125 0.2178322546875 0.4609419 0.182505603125 0.3448128546875 0.182476809375 0.34477173125 0.1160841875 0.3907243359375
0 0.45435171875 0.3553738640625 0.43114846250000005 0.2805131578125 0.3127827421875 0.28882330624999997 0.3127357328125 0.2888462328125 0.3374297828125 0.36056296250000003 0.452746275 0.35605246562500004 0.45347445000000003 0.3558017359375 0.45435171875 0.3553738640625
0 0.4985032859375 0.235209365625 0.382119534375 0.265437890625 0.3831133203125 0.26747545625 0.414539865625 0.32729368281250004 0.42050925625 0.3380627484375 0.5362407218749999 0.3083042671875 0.4985032859375 0.235209365625
1 0.84696321875 0.1505220234375 0.7966953578125 0.085301246875 0.6729851546875001 0.1524988609375 0.673141225 0.15281885312500001 0.6801338 0.16176893750000002 0.7234646234375 0.216155878125 0.8430536578125001 0.15357650625000002 0.84696321875 0.1505220234375
1 0.6846282343750001 0.279567753125 0.6873732343750001 0.2782289265625 0.6877072453124999 0.27796796874999996 0.752538934375 0.225442703125 0.6876262875 0.103212715625 0.68625265 0.10145453906249999 0.6835076546875001 0.1027933625 0.6796142125 0.105835253125 0.6194275218749999 0.15366134375 0.6833825640625 0.2779733671875 0.6846282343750001 0.279567753125
1 0.5814219359374999 0.2022020125 0.44993430156249997 0.261905515625 0.45418449843750003 0.27061971093750004 0.497379225 0.32590644062499996 0.625708378125 0.2657676109375 0.6272302765625 0.264578571875 0.5814219359374999 0.2022020125
1 0.576581709375 0.3035741140625 0.5770510546875001 0.3051092734375 0.579961990625 0.3110775765625 0.6481965234375 0.2886544921875 0.639859578125 0.14745474218750002 0.5605014234375 0.169793209375 0.576581709375 0.3035741140625
0 0.088954934375 0.6994637046875 0.0893840609375 0.700270775 0.11057499062500001 0.6899352671875 0.163958475 0.661550765625 0.13379312031249999 0.508115528125 0.063862403125 0.5434981328124999 0.088954934375 0.6994637046875
0 0 0.609050646875 0.00215756875 0.6138427484375 0.028172518749999997 0.6696319875000001 0.0547471625 0.72411808125 0.07209586875 0.7156565515625 0.0851437 0.7078778640625 0.064476425 0.5444634734375 0.06339745 0.542251246875 0 0.5749537625000001 0 0.609050646875
0 0.386865671875 0.3940140390625 0.3686791671875 0.400995184375 0.379031746875 0.54425349375 0.3820913328125 0.5505265734375 0.44519487343749997 0.5289479765625 0.45980544375 0.523339503125 0.4406830515625 0.37421914375 0.386865671875 0.3940140390625
0 0.2535967046875 0.5280706656249999 0.1071117375 0.5351647609375 0.10687611875 0.53527968125 0.12922829687499998 0.6110262828125 0.2760196296875 0.6057656437500001 0.28207634375 0.6028115875 0.2535967046875 0.5280706656249999
0 0.300093703125 0.44114063750000004 0.295985953125 0.5802708171875001 0.296212828125 0.5811807609375 0.29865170625 0.5861812015625001 0.370204690625 0.5683410390625 0.3807924 0.41598310781250003 0.38019015 0.4147483140625 0.300093703125 0.44114063750000004
0 0.3156500515625 0.4829386140625 0.171311690625 0.53182669375 0.17518273125 0.539763503125 0.2196333671875 0.596657721875 0.358156784375 0.5451312484375 0.36080372031249996 0.5430632359375 0.3156500515625 0.4829386140625
0 0.3952903734375 0.42864355156249995 0.42051804375 0.464785590625 0.4438716703125 0.49467687031249996 0.564130453125 0.44022418906249994 0.5771141390625 0.4333174875 0.582418653125 0.429173146875 0.5360755546875 0.3668394890625 0.39592924687500003 0.4281444078125 0.3952903734375 0.42864355156249995
0 0.9415626406250001 0.27072798593749997 0.9220029921874999 0.22464833906249998 0.9059535015625 0.1917420078125 0.7894407265625001 0.22820277656250001 0.8240784109374999 0.303699628125 0.93830505 0.27231681874999997 0.9415626406250001 0.27072798593749997
1 0.748020028125 0.34059657187500003 0.8691914468749999 0.318194859375 0.876750046875 0.314508284375 0.8498393109375 0.2346097015625 0.7172343234375 0.262220778125 0.7271873531249999 0.289566503125 0.748020028125 0.34059657187500003
0 0.7240356734375 0.3872536203125 0.68969083125 0.3107198625 0.5597076859375 0.3422340171875 0.5596894781249999 0.342242896875 0.5611096125 0.345288384375 0.5956645078125 0.41697323124999996 0.7142067640625 0.39204749843750003 0.7240356734375 0.3872536203125
1 0.668890403125 0.379978359375 0.794304384375 0.3599350421875 0.801894725 0.3562329859375 0.775259234375 0.2804544453125 0.6396954046875 0.29926789375 0.64989039375 0.3288762890625 0.668890403125 0.379978359375
0 0.5098266890625001 0.43977516406249995 0.636926571875 0.4453855328125 0.6415668578125 0.44312231406249997 0.6234872375 0.363926690625 0.49348322343750006 0.36211958125 0.5070780312500001 0.4268437484375 0.5098266890625001 0.43977516406249995
0 0.26889885156250004 0.8081588156249999 0.2652172296875 0.8036123906249999 0.12324635312500001 0.8681265671875 0.14578902656249998 0.914345896875 0.15811695312500001 0.9295696171875001 0.3139892328125 0.8704744109375 0.3161578359375 0.8687183125000001 0.26889885156250004 0.8081588156249999
0 0.8051386468749999 0.47861235312500006 0.85684671875 0.650658196875 0.8599629890625 0.6570474984375 0.8971278125 0.6397172578125 0.93959660625 0.6180334703125 0.8911720390625 0.43738681718750005 0.8051386468749999 0.47861235312500006
0 0.261038090625 0.9367816171875001 0.2663762625 0.9477264921874999 0.318486875 0.9223104484375 0.330053628125 0.9163345890624999 0.2948376765625 0.730817746875 0.2222360765625 0.7628776187499999 0.261038090625 0.9367816171875001
0 0.6428942328125 0.7073504484375001 0.8127244125 0.6279004484375 0.817000775 0.624677978125 0.7610649625 0.5512724625 0.59268481875 0.63489198125 0.6319800375 0.6928668203125 0.6428942328125 0.7073504484375001
1 1 0.459455096875 0.862059309375 0.46937570156249997 0.8773592812500001 0.5554637203125 0.8794162343749999 0.5643733609375 1 0.552298915625 1 0.459455096875
0 0.3509013109375 0.89647565 0.35553625625 0.9059786984375 0.42798264531249997 0.870644234375 0.43089098750000004 0.8691839343750001 0.3919408765625 0.6826865609375 0.3160043125 0.7186164234375 0.3509013109375 0.89647565
0 0.4330389078125 0.676173515625 0.4326176484375 0.6763023078125 0.44881758749999995 0.7311083593750001 0.4570055328125 0.75788991875 0.641823065625 0.7524397671874999 0.644475384375 0.7511461453125 0.6440166140625 0.7496455765625 0.6120118390625 0.6632723703125001 0.5918913265625 0.6644066078125 0.4330389078125 0.676173515625
0 0.6307893328125 0.782848725 0.676401175 0.746256415625 0.7009619421875 0.7256474859375001 0.612934228125 0.563132253125 0.61229155 0.5634457078125 0.6085558140625 0.5665803625 0.54775874375 0.621885875 0.6285932812499999 0.780231575 0.6307893328125 0.782848725
1 0.8544066562499999 0.51789888125 0.67813165 0.5836418343750001 0.6827540328125 0.5931191234375001 0.7282790859375 0.6607864734375 0.8982196515625 0.6033903078125 0.9019480171875 0.6012377359375 0.8544066562499999 0.51789888125
1 0.4056487546875 0.674856903125 0.417192875 0.8577412671875001 0.42011220781249997 0.863726784375 0.4786333734375 0.8459524265624999 0.5087694968750001 0.835575728125 0.49426211562500005 0.6469988234375 0.4056487546875 0.674856903125
0 0.59891215625 0 0.6169678859375 0.043109628125 0.6218603468749999 0.040723415624999995 0.6817050625000001 0.0018598046875 0.6809657484375 0 0.59891215625 0
0 0.27057235 1 0.2606135921875 0.94803878125 0.1793088015625 0.98307161875 0.187565325 1 0.27057235 1
1 0.5047333921875 0 0.5072141359375 0.0092582625 0.5191019109375 0.050835071875000006 0.618215109375 0.0477166375 0.6223885124999999 0.045681132812500004 0.60860800625 0 0.5047333921875 0
0 0.47510966874999994 0 0.4451895546875 0.017654778125 0.47240979375 0.11000998749999999 0.4755000625 0.1155849765625 0.485714584375 0.110603021875 0.5375625796875 0.0793065421875 0.5163004734375 0 0.47510966874999994 0
0 0.38502305 0.1359463890625 0.38724666874999997 0.1405054859375 0.46099805937499994 0.12616966875 0.466279628125 0.02258903125 0.38905215625 0.0434565421875 0.38502305 0.1359463890625
0 0.50543965 1 0.4859697921875 0.9412533671875 0.2990789296875 0.9439454203125001 0.298950753125 0.9440079359375 0.317143678125 1 0.50543965 1
0 0.55007221875 1 0.5071944984375001 0.8317217593749999 0.43809877343750003 0.870158346875 0.4256316671875 0.8773562343749999 0.45835676249999996 1 0.55007221875 1
0 0.6776390078125 0.9314149453124999 0.6883740671874999 0.9261791078125 0.6495844125 0.849961090625 0.46348592968749996 0.88082749375 0.5069264421875 0.9686996265625 0.6776390078125 0.9314149453124999
0 1 0.67238365625 0.8208282296875 0.7085941296875 0.8204859875 0.7087610515625 0.85105211875 0.7927408 1 0.7701674656249999 1 0.67238365625
0 0.8052580375 0.6882935796874999 0.7618234625 0.7222283890625001 0.8445972234375001 0.888229675 0.8761162984374999 0.8728567937499999 0.9229132124999999 0.8362950375 0.8399315406250001 0.6633845453125 0.8390730718749999 0.6622857546875001 0.8052580375 0.6882935796874999
0 0.8164901703125 0.7487552984375 0.6386504015625001 0.8163544343750001 0.6426892750000001 0.82463535 0.693377865625 0.899784275 0.8655743796875001 0.8307376484375 0.87135781875 0.8268366703125001 0.8164901703125 0.7487552984375
0 0.582185090625 0.9196368515625 0.775979003125 0.904048359375 0.77760204375 0.9035210015624999 0.7805879765625 0.9020646640625 0.7508180203125 0.81044215625 0.5542488140625 0.83008481875 0.5717689703125 0.8875793296875001 0.582185090625 0.9196368515625
0 1 0.64649475625 0.9078531140624999 0.694309725 0.9472136921875001 0.755965309375 0.9609844671875001 0.7763813203125001 1 0.7573545687500001 1 0.64649475625
0 0.10883451875000001 0.1823259953125 0.1453626359375 0.285306709375 0.147222034375 0.28786595312499996 0.15265302187500002 0.28521708281249997 0.17709197968749998 0.2680917390625 0.20616780625 0.246966915625 0.1664041859375 0.1430880296875 0.10883451875000001 0.1823259953125
0 0.38011190781250004 0.055137717187500004 0.31863371875 0.0851611828125 0.33262286093750004 0.1746476640625 0.3349368015625 0.17939194687499999 0.3526155171875 0.1714722890625 0.379248190625 0.1590532703125 0.4002147984375 0.148827171875 0.38011190781250004 0.055137717187500004
0 0.1665702046875 0.25466972656250003 0.1190931703125 0.198097425 0.0162666625 0.242451928125 0.018581953125 0.247198978125 0.021693453125 0.251041359375 0.055412876562500005 0.2894040953125 0.165754090625 0.2553306015625 0.1665702046875 0.25466972656250003
0 0.182311765625 0.2197918703125 0.281222909375 0.22235724218750003 0.2819150328125 0.2221717875 0.283432221875 0.22143180468749998 0.26816365000000003 0.15078714531249998 0.162558159375 0.1476611859375 0.1776193203125 0.20387020625000002 0.182311765625 0.2197918703125
0 0.3598633515625 0.16561233125000002 0.319200859375 0.1079513 0.2264800875 0.1352392953125 0.23204638437499997 0.1466518953125 0.257552 0.184465525 0.26677111875000004 0.197213184375 0.3565424390625 0.1678523125 0.3598633515625 0.16561233125000002
0 0 0.31967409375 0.09635731875 0.317889653125 0.09912805 0.316538278125 0.0789605875 0.25756860625 0.0530355703125 0.2554625390625 0 0.25206212968749997 0 0.31967409375