0 0.453125 0.77890625 0.1640625 0.1640625
0 0.35234375 0.6515625 0.140625 0.140625
0 0.40078125 0.709375 0.1453125 0.1375
0 0.3015625 0.5828125 0.1625 0.1625
0 0.1515625 0.39375 0.175 0.16875
0 0.61015625 0.940625 0.1671875 0.11875
0 0.5140625 0.8390625 0.1734375 0.1734375
1 0.26171875 0.52421875 0.15625 0.1484375
0 0.56484375 0.89765625 0.1671875 0.1671875
1 0.21328125 0.45625 0.175 0.165625
1 0.1078125 0.3171875 0.1578125 0.1578125
0 0.48515625 0.59765625 0.159375 0.159375
0 0.4296875 0.525 0.15625 0.15625
1 0.32578125 0.39296875 0.1421875 0.1421875
0 0.54296875 0.659375 0.1734375 0.1734375
0 0.6484375 0.7890625 0.1609375 0.1609375
1 0.27421875 0.325 0.15625 0.1484375
1 0.38046875 0.45546875 0.1640625 0.1578125
0 0.70625 0.85625 0.1890625 0.1796875
1 0.59765625 0.7171875 0.1609375 0.1609375
0 0.171875 0.18828125 0.1625 0.15625
1 0.22890625 0.25390625 0.153125 0.153125
0 0.1421875 0.74140625 0.1546875 0.1546875
0 0.09453125 0.68046875 0.1515625 0.1515625
0 0.87734375 0.6265625 0.196875 0.1875
0 0.92578125 0.6921875 0.1484375 0.171875
1 0.82265625 0.5453125 0.1859375 0.1859375
1 0.0421875 0.559375 0.084375 0.1625
0 0.19140625 0.796875 0.153125 0.153125
0 0.33203125 0.94375 0.1609375 0.1125
0 0.065625 0.61796875 0.13125 0.1671875
0 0.76875 0.471875 0.184375 0.175
1 0.42265625 0.06484375 0.1953125 0.1296875
1 0.721875 0.396875 0.1875 0.1875
1 0.5484375 0.1796875 0.2015625 0.19375
0 0.490625 0.10234375 0.1890625 0.1890625
0 0.60859375 0.24609375 0.203125 0.203125
0 0.675 0.3203125 0.178125 0.178125
0 0.24140625 0.85234375 0.1609375 0.1609375
0 0.2890625 0.91015625 0.1484375 0.1484375
1 0.37890625 0.971875 0.1546875 0.05625
0 0.95078125 0.478125 0.0984375 0.2
0 0.8265625 0.25078125 0.1984375 0.1859375
0 0.92421875 0.403125 0.1515625 0.20625
0 0.70078125 0.09609375 0.2015625 0.1921875
0 0.765625 0.17421875 0.2 0.1890625
0 0.8921875 0.328125 0.2078125 0.1984375
0 0.64140625 0.05546875 0.1921875 0.1109375