0 0.49191263906250005 1 0.5347780656250001 0.9858920453125 0.53737265 0.9839368875 0.53529605 0.9790447234374999 0.5170349125 0.9548113765625 0.49604467812499997 0.9283423000000001 0.38765594375 0.967135165625 0.38856098437500003 0.9692673078125 0.4125548296875 1 0.49191263906250005 1
0 0.47439280625 0.9509470234374999 0.4582301828125 0.8334765531249999 0.3974277203125 0.8629984468749999 0.4130602453125 0.980718871875 0.47439280625 0.9509470234374999
0 0.27966786718750003 0.635577834375 0.292925659375 0.7069485671875 0.402426509375 0.722588865625 0.4041345734375 0.7223183343749999 0.4052195671875 0.7218577828125 0.3957566875 0.6466676390625 0.279408109375 0.6309793406249999 0.2789690546875 0.6311657078125 0.27966786718750003 0.635577834375
0 0.395492384375 0.675549859375 0.3308922546875 0.7129625328125 0.3554367765625 0.8261637890625 0.3645922921875 0.822277503125 0.37853342031250004 0.8142285906250001 0.42233883437499997 0.784912990625 0.3979953421875 0.6798851124999999 0.395492384375 0.675549859375
0 0.3611183765625 0.8693941015625001 0.4797952421875 0.863340971875 0.48296080156250004 0.8619972718750001 0.45789762500000003 0.7967054625000001 0.4540622015625 0.78766976875 0.3332237953125 0.7955458609375 0.3611183765625 0.8693941015625001
0 0.3560271875 0.652548903125 0.35002173124999997 0.5385668671875 0.3482899578125 0.534487065625 0.27762519375 0.5574474390625 0.28013257812500003 0.6732929921874999 0.2805290109375 0.6745130890625 0.3560271875 0.652548903125
0 0.23184377343749998 0.565229296875 0.34890772812500004 0.57431949375 0.3515888453125 0.5731814265625 0.34078824375 0.5027305203125 0.3391389765625 0.49337705937500004 0.2199596984375 0.48383060312500004 0.23184377343749998 0.565229296875
1 0.23537747343749998 0.264350790625 0.24069934843750002 0.2620917875 0.22836940625 0.1842436 0.0891910703125 0.180896775 0.1016727296875 0.2632077203125 0.23537747343749998 0.264350790625
0 0.251099240625 0.3549947171875 0.23504647968749998 0.22371409999999997 0.231526259375 0.2154209796875 0.15255316875 0.24027818124999997 0.16790350625 0.381018790625 0.2208419375 0.3648338875 0.251099240625 0.3549947171875
1 0.1914599625 0.46011848125 0.20731678437499998 0.49936549374999994 0.33947170781249997 0.4781759984375 0.3499382109375 0.47373323125000005 0.3288674859375 0.41675014375 0.3232204640625 0.40344659375 0.1775859015625 0.4250065328125 0.1914599625 0.46011848125
1 0.18859843125 0.322783840625 0.21406264218749999 0.4618140265625 0.27670672500000004 0.4352231921875 0.28994252187499997 0.42933023437499995 0.25604241562499996 0.29187304687500004 0.25574288749999996 0.2912002984375 0.18859843125 0.322783840625
0 0.6771839953125001 0.9225661281249999 0.6775937937500001 0.9223836734375 0.6487506125 0.8544333984374999 0.6445953921875 0.8451006187500001 0.4894296859375 0.8644893921874999 0.51984798125 0.9367179265625 0.6771839953125001 0.9225661281249999
0 0.5871984890624999 1 0.624356828125 0.990043453125 0.6303536109375 0.8670775656249999 0.627060034375 0.8593183859375 0.5484846343750001 0.883771121875 0.5779790734375 1 0.5871984890624999 1
0 0.3953318328125 0.5424005000000001 0.454184703125 0.6790066203125 0.4603750796875 0.6763789609375 0.5164150875 0.6341497875 0.4666819359375 0.49849194218750004 0.463803621875 0.4946722875 0.3953318328125 0.5424005000000001
0 0.5867563031249999 0.7283785218750001 0.5832881546875 0.720208078125 0.509729615625 0.7512185328125 0.5219537765625 0.8976318078125001 0.59697509375 0.8726160703125 0.5867563031249999 0.7283785218750001
0 0.4301463609375 0.6954771109375 0.5686510828125 0.709280084375 0.5723506109375001 0.7086277578125 0.5748287234375 0.7075758609375 0.5619276015625 0.634409959375 0.4095839328125 0.61306661875 0.409269875 0.6131999296874999 0.4301463609375 0.6954771109375
0 0.4771359765625 0.6797321375 0.5081302203125 0.8292467921875 0.518397715625 0.8248884984375 0.5783059484375 0.7888920015625 0.5440453046875 0.64512161875 0.5423152859375 0.642242384375 0.4771359765625 0.6797321375
0 0.467017546875 0.42326553906250003 0.3877222125 0.43855780937500005 0.388566634375 0.5726436953125 0.3899241421875 0.5920042953125 0.3902731765625 0.5934041953125 0.3905268546875 0.594001821875 0.41797105468750007 0.5878524109375001 0.46702594218750004 0.5756216546874999 0.4679942265625 0.42718278749999994 0.467017546875 0.42326553906250003
0 0.35117599374999997 0.1094034765625 0.3433900203125 0.0970950125 0.3072704625 0.041475775 0.17907866562500002 0.10785784843749999 0.18009123437500002 0.110243309375 0.22583173437499998 0.176435453125 0.35024150625 0.11746114218749999 0.353655246875 0.11524423125000001 0.35117599374999997 0.1094034765625
1 0.254609034375 0.24272225937499997 0.3745686578125 0.22054458124999998 0.38339439375 0.21679827812500002 0.36265531093750003 0.1552234703125 0.355961571875 0.1368325765625 0.22270750781249998 0.1645788046875 0.254609034375 0.24272225937499997
1 0.315115825 0.388492803125 0.44354874375 0.39325940312499996 0.4468899046875 0.391841165625 0.43061874843750003 0.308133325 0.2993615984375 0.307281753125 0.29828812656250003 0.30749041718750003 0.315115825 0.388492803125
1 0.295294603125 0.21370629531250002 0.30243970781249996 0.3464923765625 0.3031064203125 0.3480630484375 0.38314443125 0.3295848171875 0.37879216875 0.198456590625 0.3764260015625 0.19288225 0.295294603125 0.21370629531250002
0 0.4531644640625 0.47850276249999996 0.4419363484375 0.35521278125 0.439556896875 0.34960714375 0.36584874375 0.37336039374999996 0.3738700140625 0.5055472859375 0.3763747859375 0.5047334359375 0.4531644640625 0.47850276249999996
0 0.7828279296875 0.8715404687499999 0.9622918578125 0.8352305718749999 0.967190815625 0.8328411890625 0.9665354859375 0.831297328125 0.93333645625 0.7704735734375 0.7474690859375 0.79581200625 0.7806588984375 0.867093296875 0.7828279296875 0.8715404687499999
0 0.4996242890625 0.194282040625 0.6738270187500001 0.1410028109375 0.6763681296875 0.13970805 0.6692258640625 0.12288192499999999 0.6496043125 0.0843724609375 0.634267959375 0.0550402640625 0.45587889062500003 0.11551901093750001 0.4996242890625 0.194282040625
0 0.7442170031249999 0.781415684375 0.9239028359375 0.7664901390625001 0.9315779578125 0.76323224375 0.9137946921875001 0.707928753125 0.9073828875000001 0.6903124671875001 0.7172155171875 0.71224155625 0.7442170031249999 0.781415684375
0 0.7435359484374999 0.3355173515625 0.7504668328124999 0.332575365625 0.72232715625 0.24597034375 0.5363526828125 0.27015564687500004 0.5593218796875 0.355110334375 0.7435359484374999 0.3355173515625
1 0.49273869843749996 0 0.4280663359375 0.01153573125 0.45480034375 0.104293646875 0.626653253125 0.06864783437500001 0.6361332328125 0.065383615625 0.6375084515625 0.0647998703125 0.6314683578125 0.045738521875 0.6157193203125 0 0.49273869843749996 0
0 0.7331710734375 0.5653812859375 0.7666737968749999 0.7534503156250001 0.8079469843749999 0.7359308875 0.8454124859375 0.7179309125 0.8106171734375 0.5354703546875 0.8086559531249999 0.5312645046875 0.7331710734375 0.5653812859375
0 0.569658353125 0.3909127484375 0.611492403125 0.4469588203125 0.624538521875 0.46365709062500005 0.7892827625 0.3817247734375 0.7877924234375 0.378213753125 0.7830976765625 0.3722047515625 0.733801446875 0.314060125 0.5701607703125 0.3905202171875 0.569658353125 0.3909127484375
1 0.5985988359375 0.3268093984375 0.5989029140625 0.32731547031249997 0.608931353125 0.32305865 0.682372228125 0.278930921875 0.6132192484375001 0.1029557390625 0.53750880625 0.1558345078125 0.5985988359375 0.3268093984375
0 0.80864389375 0.63493465 0.788581759375 0.45605266875000006 0.7851431953125 0.44795192031250003 0.69998969375 0.4780260875 0.7185700500000001 0.6671201171875001 0.7760544421875 0.64744456875 0.80864389375 0.63493465
1 0.8262406265625 0.502381146875 0.796549415625 0.422828653125 0.6101408265625 0.44139897812499995 0.6093269265625 0.44171140624999994 0.60922844375 0.441753209375 0.6482527671875 0.5280551250000001 0.6682451484375 0.5255201125 0.8251158265624999 0.5028129156250001 0.8262406265625 0.502381146875
0 0 0.387646234375 0.0260233390625 0.3811578875 0.0197144765625 0.2842694125 0.0189184484375 0.2823940875 0 0.2871171375 0 0.387646234375
1 0 0.48138582812499997 0.0052550093749999995 0.479155209375 0.027106584375 0.4665391953125 0.06418991562500001 0.44429561562500003 0.0354096921875 0.34898368125 0.033310215625 0.3453472796875 0 0.36598990625 0 0.48138582812499997
0 0 0.4661830546875 0.0393913203125 0.5529319859374999 0.0429788828125 0.5514091546875 0.05089718125 0.5454422890624999 0.0970999890625 0.5078728390625 0.0575174703125 0.41465880312500003 0.0560304359375 0.4126854421875 0 0.4573232703125 0 0.4661830546875
0 0.0443957984375 0.5074623390624999 0.035603428124999996 0.6096232109375 0.0360851359375 0.6107580453125 0.1134025953125 0.592736253125 0.12081371562500001 0.49845081406249997 0.1195839640625 0.49555370312499997 0.0443957984375 0.5074623390624999
0 1 0.5169583953125 0.9343152531250001 0.5400075578125 0.9402205406249999 0.7253151546875001 0.9408403968749999 0.7267754421875 1 0.7064051578125 1 0.5169583953125
0 0.991911603125 0.6104849390625 0.9859005421875 0.43303913906249997 0.9843268999999999 0.429331871875 0.8979870546875001 0.45074238125 0.9022177046875001 0.6379012125 0.9025579640625001 0.6378030890625 0.991911603125 0.6104849390625
0 1 0.662829075 0.9049949109375 0.670972353125 0.9045177296875 0.6711749046875 0.9324833078125 0.7542174328125 1 0.7494988296875 1 0.662829075
0 1 0.42931992656249995 0.9853560359375001 0.394775521875 0.7975577515625 0.4125851640625 0.834762790625 0.5032734999999999 1 0.47910824375 1 0.42931992656249995
0 0.707641728125 0 0.6818336515625 0.0182921625 0.759657509375 0.19627398437500002 0.7621334531249999 0.1952230078125 0.8410149140625001 0.139989615625 0.7714456843749999 0 0.707641728125 0
0 0.7833232078125001 0.0718728078125 0.7292631390625 0.0994177890625 0.7778149484375 0.2853205796875 0.7960233046875 0.277591590625 0.86562580625 0.2421273453125 0.8147361515625 0.058654653125 0.8136703109375001 0.0565628265625 0.7833232078125001 0.0718728078125
0 0.7757215562499999 0.33763214218750004 0.9441820015625 0.2667748875 0.9289445578125 0.2308777171875 0.893665440625 0.1823201796875 0.7173564828125001 0.2602640390625 0.7175340109375 0.2606822671875 0.7757215562499999 0.33763214218750004
0 0.9816702828125001 0.4058765703125 0.968839025 0.3248631921875 0.9626031796875001 0.3101724625 0.7696192546875 0.2990669703125 0.78257056875 0.391838025 0.9791071890625 0.4069645390625 0.9816702828125001 0.4058765703125
0 0.6666991343750001 0 0.7293318765625 0.10250920625 0.7880916140625 0.0589436328125 0.80749729375 0.043782253125 0.78222249375 0 0.6666991343750001 0
0 0.16095335625 0.873784503125 0.263614709375 0.8501846625 0.268918765625 0.8473644453125001 0.2665711671875 0.8418338515625001 0.2561076 0.8206413078124999 0.23795069375 0.786493134375 0.1278872625 0.80894585 0.16095335625 0.873784503125
0 0.1199423875 0.5566508906250001 0.0674074078125 0.5977385749999999 0.1011844171875 0.6862615515625 0.10624044218749999 0.684115396875 0.1337532609375 0.6640296890624999 0.16073252031250002 0.643699359375 0.12445533125 0.56263976875 0.1199423875 0.5566508906250001
0 0.1831663609375 0.9238534578125 0.29398114375 0.9235425578124999 0.2978139109375 0.92191564375 0.2770180078125 0.8704439781250001 0.2705385390625 0.855179309375 0.15779189843750002 0.8676925625 0.1831663609375 0.9238534578125
0 0.214644028125 0.7046166171875 0.1423440171875 0.7111911656250001 0.12639011718749998 0.815505421875 0.126438371875 0.815619103125 0.1839968296875 0.8075297890625001 0.2003716796875 0.804812684375 0.2149721671875 0.7069514484375 0.214644028125 0.7046166171875
0 0.15873641249999998 0.6224440984374999 0.09902629375000001 0.66003311875 0.1214242609375 0.7540549624999999 0.13311253750000002 0.7490935828125 0.17220920625 0.7256019359375 0.1854218859375 0.7170626125 0.160799521875 0.625877690625 0.15873641249999998 0.6224440984374999
0 0.22176871562499997 1 0.32762543593750004 0.9850079812500001 0.3325864609375 0.9824802109374999 0.3103645109375 0.9366763312499999 0.3053816421875 0.9268969046875 0.279626871875 0.9279563874999999 0.1874014390625 0.9333248921875 0.2160436234375 0.995922009375 0.2181214640625 1 0.22176871562499997 1