0 0.5144021296875 0 0.489571621875 0.05272568125 0.53623976875 0.0993614578125 0.5402555125 0.095203034375 0.5881221203125 0 0.5144021296875 0
0 0.4611067078125 0.1312802515625 0.5200884703125 0.1612012421875 0.5219498359375 0.15822243281249998 0.5395949859375 0.044688296875 0.4787913578125 0.013850581249999999 0.4611067078125 0.1312802515625
0 0.295568803125 0.30920958593750003 0.40021907656250005 0.3533537703125 0.4483418671875 0.29900537968749996 0.449817528125 0.29724675624999997 0.45106301093749995 0.295253565625 0.34312265468750003 0.248721034375 0.295568803125 0.30920958593750003
0 0.43352114999999997 0.3085836015625 0.4366544078125 0.3035693390625 0.464402240625 0.20037085000000002 0.43662908749999996 0.18034658750000002 0.398978196875 0.1568197 0.3705003328125 0.26908603750000004 0.43352114999999997 0.3085836015625
0 0.49294486875 0.21374888281249999 0.5381384375 0.1559037546875 0.541873746875 0.1499260078125 0.541329975 0.1495011671875 0.42762060625 0.1082943890625 0.38072099375 0.1689907734375 0.3795652890625 0.1708402859375 0.49294486875 0.21374888281249999
0 0.3332528 0.4441887359375 0.33450100781250003 0.4429833546875 0.3908724796875 0.34228333125 0.33968244531249997 0.2892744984375 0.337897596875 0.28815920156249997 0.27700019375 0.3894454375 0.3332528 0.4441887359375
0 0.2471134390625 0.48423688593750003 0.323285596875 0.511534421875 0.324705153125 0.509262659375 0.338142890625 0.392405728125 0.26050730781250003 0.36520839375 0.2471134390625 0.48423688593750003
1 0.040193128125 0.7396261265625 0.042078721875 0.7408043765625 0.173687134375 0.7798139953125001 0.20987132968750002 0.7056254 0.20754826406250002 0.7041737859375 0.07624541093750001 0.6674578515625 0.040193128125 0.7396261265625
0 0.25678720781250003 0.6651310875 0.26097329375 0.6584319515625 0.25885625 0.6564577734375 0.1440652703125 0.5819930265625 0.085725259375 0.6423770578125 0.08356985 0.6446884515625 0.08447075937500001 0.645528565625 0.20397205624999998 0.72085406875 0.2560868796875 0.6658820984375 0.25678720781250003 0.6651310875
1 0.20521915000000002 0.563464684375 0.2713411984375 0.6005599625 0.2756993 0.593585540625 0.31765696875 0.4652854765625 0.3020663328125 0.455543365625 0.2490741859375 0.4237024734375 0.20521915000000002 0.563464684375
1 0.130289528125 0.5807442265625 0.2579491859375 0.64538083125 0.30543869687499997 0.5793440999999999 0.3017852109375 0.576591 0.17624960625 0.5223214406250001 0.130289528125 0.5807442265625
0 0.643763265625 0.2223025421875 0.646189621875 0.2195113390625 0.708534596875 0.0802840671875 0.652188915625 0.031303515625 0.6440772734375 0.0262347984375 0.584440721875 0.1728103703125 0.643763265625 0.2223025421875
0 0.6646377765625 0.162454153125 0.7143679765625001 0.0464697421875 0.705747621875 0.038976181250000005 0.6749159140625001 0.019710392187500002 0.599587778125 0.1087264984375 0.658512590625 0.1642276234375 0.6614827562500001 0.1660835890625 0.6646377765625 0.162454153125
0 0.4072803484375 0.44647831250000003 0.46003111875 0.5014754140625 0.4616459578125 0.499969553125 0.542306778125 0.3772098484375 0.5101836484375 0.342762009375 0.48432622812500004 0.3170141125 0.48293375312500003 0.316143996875 0.4072803484375 0.44647831250000003
0 0.643923246875 0.1390310265625 0.5684767703125 0.11532840156249999 0.5588097359375 0.26193272031250003 0.6336780640625 0.2919675015625 0.6350852546875 0.2897155265625 0.6360098921875 0.28742696875 0.643923246875 0.1390310265625
0 0.580856840625 0.37917450625 0.6070962953125 0.3108183828125 0.6007835312500001 0.30687373125 0.46314895156249997 0.2940842875 0.42687592968750004 0.37103794687499997 0.580856840625 0.37917450625
0 0.5167982390625 0.3295019609375 0.58353423125 0.3633687234375 0.5854854859375 0.3602460625 0.612116575 0.21519686875000002 0.540174115625 0.17694438437499999 0.5167982390625 0.3295019609375
0 0.5235949578125 0.494355775 0.5145025828125 0.4852634 0.507531565625 0.4803802734375 0.393144390625 0.4106653578125 0.391450596875 0.41235915156249997 0.338401565625 0.471450884375 0.470629259375 0.549731940625 0.4744184171875 0.5459427828125001 0.5235949578125 0.494355775
0 0.2833467796875 0.8181316750000001 0.151069628125 0.7891051453125 0.1295555875 0.8581098421875 0.16485173749999998 0.8801653234375 0.265439428125 0.8985585515625001 0.292794875 0.8219281 0.29037262343750003 0.820414509375 0.2833467796875 0.8181316750000001
1 0.27066683125 0.7044661343749999 0.245214775 0.690357828125 0.1971996453125 0.817010903125 0.27194893124999997 0.8561123109375 0.2773285875 0.8475030640625001 0.3178096875 0.733025184375 0.27066683125 0.7044661343749999
1 0.354103915625 0.7137647046875 0.35939926718750004 0.706986965625 0.415432246875 0.59522950625 0.3550739921875 0.549467615625 0.34599414687499996 0.5437938984375 0.290750825 0.6629441328125 0.354103915625 0.7137647046875
1 0.2256465328125 0.7320009859375001 0.35983208437499997 0.751050790625 0.3703156328125 0.7212734921874999 0.386776221875 0.6706130109374999 0.38504685781250003 0.669532384375 0.2517425203125 0.6533984265624999 0.2256465328125 0.7320009859375001
0 0.373026034375 0.47743850312499997 0.3706017265625 0.47640944531249996 0.3510901328125 0.6073942265625 0.4216675921875 0.63715230625 0.4255025859375 0.6310150328125 0.44723735312499996 0.510262021875 0.373026034375 0.47743850312499997
0 0.9132221093749999 0.3547048046875 0.9159499234374999 0.3503393890625 0.9465359703124999 0.189437440625 0.9394462812500001 0.1850073109375 0.8830371328125001 0.15373920937500002 0.8411761125 0.316330303125 0.8462927734375001 0.3191665140625 0.9132221093749999 0.3547048046875
0 0.6125211312500001 0.8618707734375001 0.44032969218750007 0.8068245546874999 0.3976089453125 0.8921253578125 0.5773829609375001 0.94369526875 0.599804628125 0.9016113750000001 0.6177985500000001 0.864718371875 0.6158032578125 0.8634715749999999 0.6125211312500001 0.8618707734375001
0 0.9654070546875 0.31738054375 0.7951381671875 0.24658117656249998 0.7509582203125 0.31251265625 0.9275414609375 0.3794082609375 0.9393455062499999 0.36392598125000003 0.9616508265625001 0.3332253421875 0.9696331375 0.3204509734375 0.9654070546875 0.31738054375
0 0.70847845625 0.683747221875 0.5304978734375 0.65743510625 0.4996088484375 0.7456018249999999 0.690909040625 0.7693316968749999 0.6981500031250001 0.7483024109375 0.71600426875 0.686563503125 0.71520248125 0.686062490625 0.70847845625 0.683747221875
1 0.5483315359375001 1 0.55304248125 0.9949481296875 0.5614546703125 0.9854673171874999 0.5654616734375 0.979054771875 0.5579617203125 0.97206095 0.4154647359375 0.8695980046875 0.3533139609375 0.9434628765624999 0.4367762875 1 0.5483315359375001 1
0 0.74431375 0.3334104375 0.6924065046875 0.40314696562499996 0.871523621875 0.47226518906250003 0.9078812875000001 0.42222315468750005 0.9187506843750001 0.40482848281250006 0.9136688671875 0.4011363265625 0.74431375 0.3334104375
0 0.5875742109375001 0.5847182671875 0.553762871875 0.6596300609375 0.5516628890625 0.6648277031250001 0.733599759375 0.6983590656249999 0.7456103234375 0.6686318796874999 0.7660475828125 0.614655925 0.7627630265625001 0.6126035062499999 0.5875742109375001 0.5847182671875
1 0.44788335625000003 0.7969198093750001 0.448153603125 0.7971090375000001 0.6161547359374999 0.8707235796875 0.66681238125 0.8080140468750001 0.6728989000000001 0.7982735812499999 0.50296059375 0.717386971875 0.44788335625000003 0.7969198093750001
0 0.77867730625 0.39197978125 0.720541265625 0.3743223953125 0.7085715125000001 0.563949678125 0.7949769390625 0.59111363125 0.7975557671875 0.58698664375 0.81168349375 0.4033447234375 0.77867730625 0.39197978125
1 0.823759846875 0.5568456 0.8225043578125 0.5559987625 0.6458366078125 0.496237390625 0.5988901656250001 0.567254621875 0.599085671875 0.5673864921875 0.7477518953125 0.6251590546875 0.7666616171875 0.6321264015625 0.8223258203125001 0.5591405218750001 0.823759846875 0.5568456
1 0 0.5699013796875 0.010025834375 0.579568503125 0.0118676203125 0.5775934328125001 0.06441480468750001 0.49363836875 0.0264465109375 0.45595152812500006 0.0162801265625 0.4464712203125 0.0070138375 0.4406810015625 0 0.4529268 0 0.5699013796875
0 0.0345073796875 0.3856208109375 0.021358265625 0.3810932078125 0.0097945015625 0.48382957187500003 0.07927857187500001 0.5098684953125 0.0813395328125 0.50657026875 0.090058459375 0.407074028125 0.0345073796875 0.3856208109375
0 0.12480987187499999 0.4285119234375 0.15930601875 0.3608094234375 0.1550527140625 0.3581516640625 0.065131890625 0.33655425625 0.0237859734375 0.4050382015625 0.12480987187499999 0.4285119234375
0 1 0.4143824578125 0.9395875234375 0.38249653281249996 0.8774957999999999 0.4438636609375 1 0.5137809437499999 1 0.4143824578125
0 1 0.46923650156249996 0.9979032109375 0.46734854375 0.9477967156249999 0.4268783625 0.946575396875 0.42823477343749994 0.8644417046875 0.589848134375 0.9348415062500001 0.6512322078125 1 0.5193646249999999 1 0.46923650156249996
0 1 0.316761803125 0.9749197031250001 0.3076344203125 0.925094921875 0.3798283421875 0.92529808125 0.379981434375 1 0.408505953125 1 0.316761803125
0 1 0.5912991875 0.8242520593749999 0.556116565625 0.7823517468750001 0.64473345625 0.968960575 0.67234729375 0.9953568562499999 0.6181619140625 1 0.60773324375 1 0.5912991875
0 0.7143296234375 1 0.782708878125 0.9138057937499999 0.7180138296874999 0.8444288468750001 0.7145325609375 0.842253509375 0.6017037875 0.9997482203124999 0.60193589375 1 0.7143296234375 1
0 0.7288096484375 0.7559746781250001 0.6679766296875 0.9377604093749999 0.7353469265625 0.9766566671874999 0.75249741875 0.9863854968749999 0.7537688890625 0.9843507203125 0.8116213078125 0.80238313125 0.7582916421875 0.7715932359375001 0.729383196875 0.7550568078125 0.7288096484375 0.7559746781250001
0 0.7964142796875 0.903657040625 0.8004156 0.8979425640625 0.8724569546875 0.726977303125 0.8021716703124999 0.67776301875 0.7902023984375 0.6702837875000001 0.7193023734375 0.847435040625 0.7964142796875 0.903657040625
0 0.869795725 0.6095411687500001 0.812615740625 0.5910202609375 0.7895454625 0.7872167203125 0.87967025 0.818249171875 0.8827685453124999 0.8132908625 0.9016665796875 0.6205151843750001 0.869795725 0.6095411687500001
0 0.20694035312499998 0.162936921875 0.263792325 0.2002494703125 0.2673747046875 0.195133303125 0.3031207640625 0.09663445781249999 0.272330359375 0.0750747859375 0.2508311125 0.0605621953125 0.2429125859375 0.055614151562500005 0.20694035312499998 0.162936921875
0 0.07070660625 0.3365062796875 0.1631667765625 0.3632115375 0.18867584375 0.3171919578125 0.19780668437499999 0.3001138609375 0.19376929375000002 0.29759101875 0.1049454375 0.27727218124999997 0.07070660625 0.3365062796875
0 0.2731213609375 0 0.2614273734375 0.10833620625 0.3131347953125 0.13856886875000002 0.315725746875 0.13442248125 0.338806025 0.02885968125 0.2845288625 0 0.2731213609375 0
0 0.24674663125000001 0.2533998234375 0.25453434218750004 0.1547623703125 0.2391903921875 0.1484313625 0.18486361093749998 0.1275772671875 0.1769336671875 0.23293099062499997 0.24559532812499998 0.2555002984375 0.246489846875 0.25406876875 0.24674663125000001 0.2533998234375
0 0.188970715625 0.21089403281250002 0.14968135625 0.1925731046875 0.1342111953125 0.28903795468750004 0.198692371875 0.32171503125 0.2020981453125 0.3162646546875 0.214172296875 0.22329007656250002 0.188970715625 0.21089403281250002
0 0.29988400625 0 0.2865275109375 0.043521521875000004 0.34806841875 0.084389275 0.34808648125 0.0843644140625 0.3665294375 0 0.29988400625 0