0 0.8932447937499999 0.1538500328125 0.810263846875 0.22653916875000002 0.8074651890625001 0.23254091093749998 0.86744310625 0.265221890625 0.9524647546875 0.186786665625 0.9487631593750001 0.1846495484375 0.8932447937499999 0.1538500328125
0 0.828643684375 0.20155373124999998 0.82754875625 0.20104315781249998 0.7899785171875 0.25653067812499997 0.8623768921874999 0.35066329375 0.9006065234375 0.2942138359375 0.828643684375 0.20155373124999998
0 0.75078535 0.5725516234375 0.7929155234375 0.5134364890625001 0.7281005281249999 0.4238035046875 0.7274549203125 0.42331700312500004 0.7255373374999999 0.42242282031249995 0.6781206171874999 0.4813406890625 0.7475452484375 0.5757796015625 0.748142890625 0.5760582859375 0.75078535 0.5725516234375
0 0.8262187984375 0.4341399734375 0.7613180609375 0.348168909375 0.7596474609375 0.346955146875 0.758708046875 0.3465170921875 0.7146009328125 0.4072253265625 0.78341534375 0.5011326171875 0.7838805203125 0.5013495328124999 0.8262187984375 0.4341399734375
0 0.7249912453125 0.361343384375 0.7881336234375 0.40774570312499997 0.88549695 0.335096128125 0.8858469843749999 0.3343454765625 0.8221982359375 0.28810195312500003 0.7274469531250001 0.35674048125 0.72658331875 0.35792917343749997 0.7249912453125 0.361343384375
0 0.695724678125 0.5047409625 0.6330310515625001 0.6051340984375 0.6352330625 0.6061609125 0.705399871875 0.627613059375 0.7697922234375 0.5312797609375 0.7701673015625 0.53005293125 0.695724678125 0.5047409625
0 0.7295555546875 0.6479858375 0.64423950625 0.5639123609375 0.6010211640625001 0.6339063140625 0.6869239046875 0.71814663125 0.7295555546875 0.6479858375
1 0.5710056406249999 1 0.5921326875 0.923180090625 0.4657177234375 0.8655965890624999 0.4645535234375 0.8680932234375 0.4442719125 0.943785221875 0.5627798953125 1 0.5710056406249999 1
0 0.5047650984375001 0.7855564125 0.4750325375 0.85919763125 0.591064690625 0.9346321109375 0.5933985749999999 0.9356227859375 0.5972788390625 0.92730153125 0.626254696875 0.857445328125 0.510050690625 0.7797256031249999 0.5079081359375001 0.7788161453125 0.5047650984375001 0.7855564125
1 0.6667193578124999 0.7659477625 0.6921937453125 0.73214210625 0.6030543500000001 0.6263200703125 0.6006738953124999 0.6245262687500001 0.5969939281250001 0.6228102718749999 0.5566362625 0.6731721921875 0.5500490499999999 0.6819137171875 0.6437682125 0.7959241453125 0.6667193578124999 0.7659477625
1 0.571053365625 0.699240103125 0.569304525 0.6978239187499999 0.563789365625 0.6952521578125 0.5200249421875001 0.751655525 0.6058944796875 0.8640534625 0.659193859375 0.80115751875 0.571053365625 0.699240103125
0 0.809125809375 0.20212888437499998 0.7171359640625 0.0805957078125 0.7133609140625 0.0788353734375 0.6988510453125001 0.0979776890625 0.6678860249999999 0.140597384375 0.75976576875 0.2711366046875 0.809125809375 0.20212888437499998
0 0.696838296875 0.188364653125 0.7798245203125 0.20108380312500002 0.8030321015625 0.0896172296875 0.771407765625 0.074870559375 0.75821776875 0.072306684375 0.697437771875 0.1829017515625 0.6964143218750001 0.18816695 0.696838296875 0.188364653125
0 0.5010627859375 0.4940236578125 0.5598129390625 0.5412695656250001 0.683351084375 0.45433818906249995 0.6833594015625 0.45432035312499996 0.6541659578125001 0.4297183734375 0.6170494859375 0.40071980937499996 0.5023020765624999 0.491365990625 0.5010627859375 0.4940236578125
0 0.6787726562499999 0.3232380515625 0.781537203125 0.20889609375 0.7751877609375 0.20593530000000002 0.7054929359375001 0.176149090625 0.6128602812499999 0.281860478125 0.6104350109375 0.28757405468749997 0.6787726562499999 0.3232380515625
0 0.6647647578125 0.48545758437500003 0.6973718484375 0.4164938359375 0.593009278125 0.31579924375 0.584974775 0.3120526921875 0.5846404953125 0.31273806875 0.55454319375 0.3881293890625 0.6627734828125 0.48452903750000004 0.6647647578125 0.48545758437500003
0 0.5678289671875001 0.33975155 0.5661376437500001 0.3433786046875 0.628949896875 0.3914768734375 0.75313878125 0.3032084828125 0.6918357937499999 0.25701336874999997 0.5678289671875001 0.33975155
0 0.6441816640625 0.521670378125 0.6217494109375 0.504538003125 0.5808482328125 0.4748215578125 0.466515065625 0.5694944734375 0.464714590625 0.5719726140625 0.464290809375 0.5728814156250001 0.5268266921875 0.6236746796875 0.6289996578125 0.5368390703125 0.6429581468750001 0.5233544046875 0.6441816640625 0.521670378125
0 0.41064067499999996 1 0.44898817187500006 0.94023035 0.3417264453125 0.8575580687500001 0.3394860609375 0.8561581203124999 0.3326282296875 0.8529602609375001 0.2916265078125 0.922973296875 0.37876355156249997 0.995155475 0.38915266875 1 0.41064067499999996 1
1 0.47513827500000005 0.8422932375000001 0.35534819375 0.7806292796875 0.352694240625 0.7863207 0.3448181515625 0.8091945265625 0.32931013125 0.8605835546874999 0.44497793281250003 0.9234530843750001 0.47513827500000005 0.8422932375000001
0 0.5450383015625 0.6885872921875 0.43344445 0.620545696875 0.4260721546875 0.636355634375 0.40381948906250004 0.697494334375 0.513324740625 0.76894930625 0.514322640625 0.7693125125 0.5450383015625 0.6885872921875
1 0.367638984375 0.8227372890625 0.44815442031249997 0.8437169062500001 0.50648361875 0.7236989453125 0.4993917578125 0.7203919562500001 0.4274982515625 0.699776825 0.36708432343749997 0.8178410734374999 0.36591135937499997 0.8219316843750001 0.367638984375 0.8227372890625
0 0.49985219531249997 0.5392405796874999 0.496148021875 0.5361324093750001 0.49406423750000006 0.535160725 0.44432975468749997 0.59414308125 0.52120434375 0.7020266734375 0.574094653125 0.6370385828125 0.49985219531249997 0.5392405796874999
0 0.42857062968750004 0 0.5406182421875 0.12548136875 0.5811536046875 0.058105775000000005 0.5836275703125 0.053820740624999995 0.52897775625 0 0.42857062968750004 0
0 0.27079230625 0.7211511453125 0.13329557187500002 0.60165254375 0.13141377031249998 0.6005218421875 0.12965343437500002 0.599700984375 0.0981063921875 0.6522040765625 0.0813583078125 0.6807537375 0.2271789953125 0.799987396875 0.27079230625 0.7211511453125
0 0.5043137765625 0.0166216125 0.3566774203125 0.1309271109375 0.3564858359375 0.1311813515625 0.3557263375 0.132810103125 0.4165307578125 0.18235576250000002 0.564173371875 0.0603106703125 0.5441755109375 0.045241203125000004 0.5043137765625 0.0166216125
0 0.21480821562500002 0.42907789531249996 0.207984225 0.425895815625 0.1624532703125 0.5047577421875 0.304867665625 0.626780584375 0.352631909375 0.5528653625 0.21480821562500002 0.42907789531249996
1 0.0411228609375 0.82226819375 0.0390425390625 0.826729459375 0.09372036406249999 0.8622376546874999 0.122037615625 0.8754422046875 0.2367479984375 0.7400934578125 0.2063140953125 0.7192410296875 0.16031165625 0.6893666984375 0.0411228609375 0.82226819375
0 0.449842575 0.1026605625 0.31149020625 0.22767479375000002 0.3089087640625 0.23321071093749998 0.3802751390625 0.278393715625 0.5200737984375 0.1489537078125 0.4797366296875 0.12207398750000001 0.449842575 0.1026605625
0 0.1925603328125 0.47902354062499997 0.2553788671875 0.5251034031249999 0.2653058015625 0.5320543171875001 0.3994956125 0.404968396875 0.3995725125 0.4048034859375 0.386161553125 0.39541303125 0.326203921875 0.35690905625 0.193843909375 0.4762709 0.1925603328125 0.47902354062499997
1 0.300350128125 0.5366533296875 0.3004438171875 0.5362475234375 0.293076321875 0.5328120046875 0.20682940625000001 0.512900334375 0.1343312640625 0.6875239843750001 0.22552547656250002 0.7020790734375 0.300350128125 0.5366533296875
0 0.40213671875 0.1833516578125 0.270017215625 0.3092195265625 0.267275325 0.3150995328125 0.3451179875 0.365854471875 0.481107915625 0.23268725781250002 0.4306931484375 0.2005100921875 0.40213671875 0.1833516578125
1 0.40866807656250004 0.43981108750000003 0.42568869375 0.356398175 0.258508059375 0.27373288281249997 0.2573604546875 0.273509809375 0.256514684375 0.27532356875 0.244164471875 0.36705003281250004 0.262462321875 0.37549456718749996 0.40843658749999995 0.43976609062499994 0.40866807656250004 0.43981108750000003
0 0.76472165625 1 0.78865726875 0.9621684140625 0.7714350828125001 0.954137578125 0.7159143718750001 0.9328251734374999 0.675112434375 1 0.76472165625 1
1 0.720258996875 0.8575670437499999 0.7195193343749999 0.8574098234375 0.7185999468750001 0.8593814562500001 0.705057165625 0.9345500687499999 0.7987970062499999 0.9742586046874999 0.813050471875 0.9012271984375 0.720258996875 0.8575670437499999
0 0.8438313796875001 0.8387929453125 0.759154428125 0.7858975078125 0.7566878484374999 0.7850960671875 0.7534474921875 0.7920450328124999 0.7521184796875 0.7961353124999999 0.7342276234375 0.85670195 0.8236927984375001 0.9095650484375 0.8438313796875001 0.8387929453125
0 0.78760631875 0.7190187031249999 0.78437268125 0.718331371875 0.78175059375 0.72395445625 0.7717931078125 0.7959051484375 0.8599949609375 0.8379646562499999 0.8761329906249999 0.7620411921875 0.78760631875 0.7190187031249999
0 0.26294894062499996 0 0.166732103125 0.1176162328125 0.2466917328125 0.1526557015625 0.3688390875 0.013003746875 0.3409524625 0 0.26294894062499996 0
0 0.320692678125 0.1436117328125 0.1623887234375 0.06619703437499999 0.15595177968750001 0.0649458203125 0.135422784375 0.1468399 0.13459795000000002 0.1510833046875 0.301623421875 0.2351068921875 0.317945834375 0.15774301562499998 0.320692678125 0.1436117328125
0 0.22027737187500002 0 0.20252385624999997 0.0176910859375 0.199088559375 0.0250581046875 0.2715769265625 0.0692850953125 0.3433292984375 0 0.22027737187500002 0
0 0.08570816406250001 0.2719003375 0.0818626 0.2801471765625 0.1574099296875 0.320362215625 0.292148640625 0.188336234375 0.20616287187500001 0.1412720515625 0.08570816406250001 0.2719003375
0 0 0.6308482609375 0.07602942968750001 0.6868657328125 0.11914899375000002 0.5979197609375 0 0.5188338765625 0 0.6308482609375
0 0 0.5145156859375 0.10760758906250001 0.6032130609374999 0.10921356093750001 0.6039619375 0.14563920625 0.536111603125 0.15392121406249998 0.5205354140625 0.0077970374999999995 0.39633603281249996 0.00622295 0.3956020234375 0 0.407305690625 0 0.5145156859375
0 0.030628996874999998 0.323468571875 0.0155973578125 0.355704028125 0.003138140625 0.414805003125 0.17589113437499998 0.499763471875 0.19840594218750002 0.40224112031250003 0.030628996874999998 0.323468571875
0 0.1450368734375 0.41945856406250004 0.22656316406250002 0.23974415312500003 0.22064204687500003 0.23698309062499998 0.1310681375 0.2195716859375 0.05412343125 0.39829091562499996 0.05379566718749999 0.3999771140625 0.1450368734375 0.41945856406250004
0 0 0.761846696875 0.025763470312499998 0.7802746859374999 0.07526824062500001 0.696051071875 0 0.6393265296874999 0 0.761846696875
0 1 0.47043733593750003 0.98343690625 0.4620054609375 0.9670347984375001 0.45400561875 0.94942224375 0.44579275 0.8825533046875 0.5225711046875 0.8788341687500001 0.5305468171875 0.9382926546875 0.5617932578125 1 0.49438063125 1 0.47043733593750003
0 0.79085088125 0.730895240625 0.8573188984375 0.7603064093749999 0.9136037953124999 0.68252245 0.9112574328124999 0.681428321875 0.86637656875 0.6623775265625 0.850766534375 0.65607985625 0.791853290625 0.7285337125 0.79085088125 0.730895240625
0 1 0.4227467625 0.9652239328125001 0.3652357703125 0.9626974828125 0.36405766875 0.92188785625 0.41821386875 0.919364859375 0.4216870265625 0.9882945187500001 0.5120618203125 1 0.49514795781250004 1 0.4227467625
0 0.8849885546875 0.508723865625 0.8573575375000001 0.5744421640625 0.9432892562499999 0.6384831453125 0.967262771875 0.567159421875 0.8914112328125 0.51106153125 0.8849885546875 0.508723865625
0 0.8915195140625001 0.7099622234375 0.8953477609375 0.7044949218750001 0.9326084953124999 0.6473926609375 0.8728244625 0.573857278125 0.8696086781249999 0.5723577328125 0.8643068062499999 0.579929590625 0.8304862109375 0.6304338796875 0.8910227953125001 0.70961441875 0.8915195140625001 0.7099622234375
0 1 0.315427159375 0.99669254375 0.3146025171875 0.9353893421875 0.40922133125000004 0.9348957812500001 0.41120089687499994 0.9957079859375 0.42763144375 1 0.4222634546875 1 0.315427159375