0 0.314959503125 0.8909666875 0.2730967453125 0.84111173125 0.2680910484375 0.84436246875 0.210557053125 0.9375450781250001 0.2271908953125 0.957662490625 0.2564863421875 0.9913630453125 0.314959503125 0.8909666875
0 0.2544035859375 0.844214459375 0.33552381875 0.9307017390625001 0.3972587203125 0.90177341875 0.3156106359375 0.8155408015625 0.2544035859375 0.844214459375
0 0.45584022187500006 0.7309732890625 0.4527354625 0.7341883625000001 0.453000675 0.7345967546875001 0.55729546875 0.788474865625 0.608952946875 0.73145085 0.5076369421875 0.6801141640624999 0.45584022187500006 0.7309732890625
0 0.5390061484374999 0.7924428812500001 0.447047653125 0.7225574875 0.43660317343750005 0.7293402125 0.3853353625 0.765238321875 0.3873945171875 0.768409140625 0.47164683281249997 0.8343519328125 0.539519228125 0.7932329546875 0.5390061484374999 0.7924428812500001
0 0.33041915624999996 0.8329185062500001 0.362265053125 0.890370025 0.3694240671875 0.901393940625 0.4533225296875 0.8136887140625 0.41460930312500005 0.744735178125 0.41009333750000004 0.7472384187500001 0.33041915624999996 0.8329185062500001
0 0.56865339375 0.6336864109375 0.5162573578125 0.6914287453125 0.5169455984375 0.69248854375 0.5178868390625 0.6933974890625 0.6197608515625 0.7458433953125 0.6724641390625 0.6912675421875 0.56865339375 0.6336864109375
0 0.5850327390625 0.63667668125 0.6795839765625 0.7064375640625 0.742211915625 0.6533552140625 0.6455705875 0.5816881671874999 0.5838120078125 0.6347969203125 0.5850327390625 0.63667668125
1 1 0.439107378125 0.9802502046875 0.3831967328125 0.9758704890625 0.38479081875 0.8572832343749999 0.451856453125 0.8860459046875 0.5292906609375 0.88639403125 0.5298267296875 1 0.4632343859375 1 0.439107378125
0 0.9405823796874999 0.5293854328125 0.94660849375 0.525007203125 0.944261925 0.5213938046875 0.8457090968750001 0.4263174078125 0.7773485359375 0.47415970312500005 0.774976734375 0.475882915625 0.777190928125 0.479292475 0.8780192906250001 0.5740579343750001 0.9405823796874999 0.5293854328125
1 0.64800990625 0.5945341609375 0.6778681468750001 0.66487576875 0.6798382265625 0.6679094265625001 0.7969489515625 0.581001846875 0.76460150625 0.5106962125 0.76282371875 0.5114508390625 0.64800990625 0.5945341609375
1 0.7727745171875 0.47640098125 0.7206294453125001 0.5039039078124999 0.7089376796875 0.511496628125 0.712294409375 0.517552325 0.7973580328125001 0.622051540625 0.8685537875 0.5804836640625 0.7727745171875 0.47640098125
0 0.249366971875 0.690301853125 0.1362981515625 0.7989595578124999 0.158208625 0.8459467203125 0.1695352234375 0.8690038812499999 0.17016403125 0.8699721609375001 0.28669656250000003 0.7654960515625 0.2517917796875 0.6891711468749999 0.249366971875 0.690301853125
1 0.0974346921875 0.79310111875 0.11651956875 0.8275311484375001 0.1345138921875 0.8552399765625 0.22025493749999997 0.7639606421875 0.2062119734375 0.7311927890625001 0.11438653750000001 0.7820924609375 0.0974346921875 0.79310111875
0 0.57726475 0.615626478125 0.4592924140625 0.522432725 0.4469600140625 0.5320678531249999 0.39596282031249996 0.5750443453125 0.399764096875 0.580897796875 0.5172284625 0.6635551734375 0.5325792140625001 0.651561853125 0.57726475 0.615626478125
0 0.31663885937499997 0.6381699203125 0.312110503125 0.64047723125 0.20878172031250003 0.74728144375 0.25017157968750003 0.814667384375 0.35364846875 0.710365846875 0.31663885937499997 0.6381699203125
0 0.40334346249999997 0.5642957359375 0.3344513640625 0.5907409328125001 0.333502409375 0.5913571906249999 0.335704390625 0.5970935515625 0.41887105625 0.7087062125 0.500330159375 0.6841702703125 0.40334346249999997 0.5642957359375
1 0.410157978125 0.6429410625 0.359871128125 0.58727461875 0.35881606875 0.5879597828125 0.3572186640625 0.5893483828125 0.2802073640625 0.715495021875 0.333662971875 0.7769886625 0.410157978125 0.6429410625
0 0.475468546875 0.5112356609375001 0.5676776734375 0.6235978375 0.6383266703125 0.5885728984374999 0.6259907265625 0.570948246875 0.5428698765625 0.46697045781249996 0.52680228125 0.47446289999999997 0.47196567656250005 0.5037237328125 0.475468546875 0.5112356609375001
0 0.8299028125 0.2764432703125 0.83256019375 0.28053527968749997 0.9216517156249999 0.3843425125 0.9925849609374999 0.34112193281250003 0.9029888968750001 0.2289806125 0.8299028125 0.2764432703125
1 0.7711506296875 0.3224223140625 0.7506115999999999 0.3436911015625 0.7520477671875 0.34590260625 0.8598058953125 0.4235118953125 0.9184273390625 0.359793034375 0.8098980953125 0.2852744359375 0.7711506296875 0.3224223140625
1 0.6719811296875 0.377553515625 0.6048373171875 0.431925503125 0.6055806328125 0.433070109375 0.7088074265625 0.51335629375 0.7735848046875 0.46226404062500004 0.7727809578125 0.4610262234375 0.6719811296875 0.377553515625
1 0.7254721921875 0.34236048124999996 0.6878733859375 0.3649521234375 0.6793159859375 0.3705093640625 0.679362940625 0.3705875078125 0.77043040625 0.4713774046875 0.8388004484374999 0.43088889531249996 0.8416014296875 0.4290699171875 0.7529198921875 0.3267650953125 0.7254721921875 0.34236048124999996
1 0.548924265625 0.4892808484375 0.5763341984375 0.56016690625 0.580432371875 0.5664775390625 0.6855934578125 0.488584359375 0.65600990625 0.4158669 0.6525637359375 0.41725924374999995 0.548924265625 0.4892808484375
0 0 0.6462634015625001 0.003104409375 0.6508658781250001 0.1142176640625 0.5250006578125 0.1109462984375 0.5201506609375001 0.067683221875 0.45843909531250004 0.0619315578125 0.4621742703125 0 0.5421224703124999 0 0.6462634015625001
0 0.7410721390624999 0.22218504375 0.65476185 0.054760814062499996 0.62335394375 0.06520710468749999 0.5706970796874999 0.08333831875 0.5657150796875 0.08657366718750001 0.566590840625 0.0891170640625 0.654890934375 0.24845432031249998 0.7410721390624999 0.22218504375
0 0 0.5018402281250001 0.152383359375 0.5889286859375 0.20595000625 0.5377799296875 0.20571375781249998 0.537416140625 0.0430067328125 0.437404246875 0.0297507 0.450660278125 0 0.48275933593750003 0 0.5018402281250001
0 0.5755466390625 0.2071486984375 0.511827453125 0.14951471562500002 0.5102330937499999 0.15055010468750002 0.505083890625 0.15569930781250002 0.4041822375 0.3030099234375 0.47016074531249996 0.3689884296875 0.5755466390625 0.2071486984375
1 0.6674377312499999 0.18979472343749998 0.82738183125 0.10373905312500001 0.8108083515625 0.060563662500000004 0.7834426953125 0.018424246875 0.6335544328125 0.1045665125 0.653211496875 0.155774909375 0.6669116046875 0.1889845578125 0.6674377312499999 0.18979472343749998
1 0.1191164140625 0.5293683171875 0.1494094625 0.56720926875 0.2661726578125 0.41666114375 0.214125153125 0.348434053125 0.21287116093749997 0.3492484046875 0.21112092656249998 0.3506158375 0.0971714234375 0.5012800093750001 0.1191164140625 0.5293683171875
0 0.504508253125 0.29509797031249996 0.4751149703125 0.21304193749999997 0.47486116718750004 0.2124137546875 0.32069389375 0.31467727968750003 0.33610286093749997 0.352815815625 0.3555550328125 0.3980669046875 0.3559016546875 0.3986006546875 0.35719855 0.3980766765625 0.504508253125 0.29509797031249996
1 0.6527806890625001 0.1646854203125 0.5937202125 0.09446986874999999 0.5923333828125 0.0953704859375 0.48099367187500003 0.2460940140625 0.5480053171875 0.3154866046875 0.54952069375 0.314023221875 0.6527806890625001 0.1646854203125
0 0.348791471875 0.376149275 0.2993858578125 0.29874119375 0.295880528125 0.300847409375 0.1665682375 0.43290070312499995 0.1845472 0.4628227234375 0.21773204218750003 0.51371819375 0.348791471875 0.376149275
1 0.2322813109375 0.31142172343749996 0.339902625 0.4277904453125 0.3538442890625 0.44234213437500003 0.43848678124999996 0.39983007187499997 0.4379973078125 0.3989822796875 0.3048173109375 0.267239703125 0.2316789 0.310378315625 0.2322813109375 0.31142172343749996
0 1 0.610835303125 0.9602149046875 0.6704329734375001 1 0.7088529921875 1 0.610835303125
1 1 0.6925836328125 0.9755293281249999 0.635525453125 0.9741367421874999 0.633381059375 0.9707253 0.6349718421875 0.892481240625 0.6965391515625 0.9100997328125 0.73603015 0.9188675453125 0.754832784375 0.9243903843749999 0.7633372109375001 1 0.708488865625 1 0.6925836328125
0 0.8789774749999999 0.6825585078125 0.8251377046874999 0.7154955968750001 0.8154375484375 0.7217949515625001 0.81819571875 0.726042159375 0.890046246875 0.7930627984374999 0.9531946 0.75529325625 0.8789774749999999 0.6825585078125
0 0.7544591265625 0.7520794640624999 0.7553621984375 0.7543146421875 0.8102217609375 0.831240871875 0.884746975 0.80719961875 0.8860964671874999 0.8063232484375 0.8255118765624999 0.722687259375 0.7572508234375 0.7502665140625 0.7544591265625 0.7520794640624999
0 0 0.42540367031250004 0.015862898437500002 0.4436518484375 0.0159825015625 0.443574178125 0.11454595000000001 0.2847639515625 0.057924759375 0.2188513859375 0.0570933578125 0.2193913046875 0 0.3049510984375 0 0.42540367031250004
0 0.08862608125 0.3866904859375 0.090083778125 0.3855920328125 0.20154572499999998 0.2426198140625 0.1448639359375 0.1698446953125 0.1420775953125 0.171654165625 0.0315818578125 0.31672719531250004 0.047162257812500004 0.337403084375 0.08862608125 0.3866904859375
0 0.1881840703125 0.1311818 0.128545896875 0.1513612796875 0.10641210781249999 0.1594173203125 0.09729241250000001 0.16533971875 0.2050976625 0.31601704375 0.2887520703125 0.28879235937500003 0.28913142812500003 0.288546003125 0.1881840703125 0.1311818
0 0.45295839375 0 0.5352104718749999 0.1108557 0.62177784375 0.06314015625 0.5699466046875 0 0.45295839375 0
0 0.3539054828125 0 0.3428028640625 0.0059033671874999995 0.33433496093750004 0.011402487499999999 0.334573175 0.0118505015625 0.4590026390625 0.15824537656249998 0.474578828125 0.14996336875 0.542562040625 0.1134663875 0.5418656046875 0.11215658125000001 0.449418646875 0 0.3539054828125 0
0 0.257695021875 0.1334798703125 0.29725739375 0.20788587343749998 0.30572210312500003 0.22092038125000002 0.44884341875 0.095681965625 0.4056604609375 0.010579723437499999 0.39950094062499997 0.0138548 0.257695021875 0.1334798703125
0 0.369198259375 0.141625284375 0.31934259374999996 0.0586515234375 0.3150598515625 0.0612248546875 0.17615482031250002 0.1972560046875 0.19351535 0.226148778125 0.22541275 0.277091203125 0.369198259375 0.141625284375
0 0.556425134375 1 0.6245376609375 0.9341009250000001 0.5887588 0.8720790140625001 0.585246721875 0.8740257890625 0.5094137187500001 0.9511131828125 0.5286201078125 0.9857624234375001 0.5370813890624999 1 0.556425134375 1
0 0.6999234078125001 0.820120709375 0.716631303125 0.8479273171875 0.73889480625 0.88221010625 0.8036701578125 0.8124668140625 0.770352290625 0.754691028125 0.7639244890625 0.758553240625 0.6999234078125001 0.820120709375
0 0.5360182140624999 1 0.5625908468749999 0.977964884375 0.53373868125 0.9099792515624999 0.532779328125 0.910406384375 0.452325759375 0.9932520828125 0.455009134375 1 0.5360182140624999 1
0 0.682424971875 0.8867759703125 0.6380308421875001 0.8295519421875 0.635816471875 0.830989971875 0.5743797578125001 0.9081869453125 0.5835602140625 0.9220158156249999 0.61693769375 0.969683796875 0.682424971875 0.8867759703125
0 0.7416874546875001 0.8431988499999999 0.6944993640625 0.7891547203125 0.688730496875 0.7929010671875 0.6429192234375 0.8742052656249999 0.6616420828125 0.8951393546874999 0.6912074015624999 0.9268442765625 0.7416874546875001 0.8431988499999999
1 0.4768196109375 1 0.4366926359375 0.9568772265625001 0.431182659375 0.9593304265624999 0.3714271078125 0.9890100765625001 0.372576021875 0.9915905796875 0.3818076640625 1 0.4768196109375 1