0 0.765834390625 0.08071545625 0.7604962140625 0.0801543921875 0.758846259375 0.0873011265625 0.7537269828125 0.1455818484375 0.8602769109375 0.19477531718750002 0.8659647312500001 0.123853846875 0.765834390625 0.08071545625
0 0.761893453125 0.14031962343749999 0.7591222390625 0.1396798390625 0.7331562015624999 0.2005514375 0.8221857625 0.2791403109375 0.8489419437500001 0.21643343124999997 0.761893453125 0.14031962343749999
0 0.8008203046875 0.416595065625 0.72925066875 0.389369871875 0.660630153125 0.4849380015625 0.6605797921875001 0.485156140625 0.6649585499999999 0.48666386875 0.734199325 0.5084644625 0.8004257390625 0.4177409671875 0.8008203046875 0.416595065625
0 0.677246303125 0.3921276796875 0.676169975 0.3967897671875 0.748089703125 0.42469807499999995 0.8222325375 0.3422104640625 0.75319255 0.3100165890625 0.677246303125 0.3921276796875
0 0.8290458624999999 0.292921540625 0.74038193125 0.21232610625 0.738926334375 0.21199005468749998 0.70582066875 0.28298537968750004 0.7944789703125 0.365892759375 0.7945244671875 0.3659139734375 0.8290458624999999 0.292921540625
0 0.6729108890625 0.45813601562499995 0.669686490625 0.45739160468750006 0.649783334375 0.5328336953125 0.7546143203125 0.58853578125 0.7716812140625 0.5146109453125 0.6729108890625 0.45813601562499995
0 0.6436723203125 0.537610025 0.629534415625 0.608466109375 0.627885146875 0.61781956875 0.7366119546875 0.6675520203125 0.7532845703125 0.586997675 0.6452090421875 0.5378809906249999 0.6436723203125 0.537610025
1 0.60534561875 0.8470349421875 0.5365629546874999 0.9598184796875 0.5347922109375001 0.967488409375 0.60996974375 0.9969158703125001 0.681438834375 0.8755361374999999 0.670498728125 0.8713366234375 0.60534561875 0.8470349421875
0 0.6941290609374999 0.8943506875 0.6941290609374999 0.8911902546875 0.6926436890625001 0.8072403781249999 0.5579060453125 0.7834131875 0.554838921875 0.7834131875 0.5535040609374999 0.7891951078125 0.5535040609374999 0.7921944078125 0.5541276359375 0.8679405875 0.692897221875 0.8943506875 0.6941290609374999 0.8943506875
1 0.6231794421875 0.6038074234375 0.615252728125 0.601977396875 0.5852457734375001 0.6726693499999999 0.7025975812499999 0.7575892546875 0.73512860625 0.6868846203125 0.6231794421875 0.6038074234375
1 0.5803951171875 0.6947479828125 0.56868324375 0.77523981875 0.705414275 0.8174239859375 0.7129372390625 0.7434715984375 0.5849356765625 0.6953054937500001 0.5803951171875 0.6947479828125
0 0.5971079031250001 0.059162453125 0.5935663859375 0.08385453125 0.58714620625 0.136142696875 0.730792709375 0.2057706890625 0.7405083671875 0.12148495468750001 0.6007232640625 0.05960636406249999 0.5971079031250001 0.059162453125
0 0.7608842515625 0.058087803125000004 0.7273796171875 0.046051090625 0.668253415625 0.0256923078125 0.6093787609375 0.0121000234375 0.607349896875 0.0179922734375 0.6020894015625 0.040424037499999996 0.7360946562499999 0.1406435234375 0.7608842515625 0.058087803125000004
0 0.6521797296875 0.482365625 0.659160875 0.46417912031249997 0.5429105265625 0.373789159375 0.5416784781249999 0.3733162203125 0.5395984546875 0.372836009375 0.51287441875 0.435424240625 0.50726594375 0.45003481093750003 0.6308793484375 0.535605103125 0.6521797296875 0.482365625
0 0.7106390703125001 0.2028542609375 0.567745709375 0.1509934484375 0.5666458171875 0.15575760624999999 0.5652880875 0.23354186562499998 0.70191681875 0.2811942953125 0.7030123328125 0.2812134171875 0.7106390703125001 0.2028542609375
0 0.6754566109375 0.3811597390625 0.5569684890625 0.2982697890625 0.5479234265625 0.296181571875 0.547882190625 0.29631644687500003 0.5299492359375 0.37548783124999996 0.653854603125 0.4550066046875 0.6754566109375 0.3811597390625
0 0.553896434375 0.22606261875000003 0.552048065625 0.22593336874999997 0.5507132328125001 0.2317151703125 0.5455057765625 0.3061852453125 0.6863677171875 0.361946021875 0.6931372484375 0.2859961109375 0.553896434375 0.22606261875000003
0 0.6045789109374999 0.471556190625 0.5696617890625 0.45673475156250004 0.4908802703125 0.5626627531249999 0.48287292031250006 0.57499810625 0.4824616203125 0.5759670671875 0.4811589484375 0.5816095625 0.5509952453125 0.6132451750000001 0.6438487546875 0.49168240625 0.6441655374999999 0.4909361125 0.6045789109374999 0.471556190625
0 0.52088570625 1 0.5409737828125001 0.9369940531250001 0.4159697484375 0.8849001375000001 0.41339426562500003 0.8841127328124999 0.40609744531249997 0.8824281296875001 0.38450763125 0.961053215625 0.4694278484375 1 0.52088570625 1
1 0.40165070312499995 0.8982137828125 0.401174940625 0.900274540625 0.47697923593749997 0.9395440875000001 0.5523942390625 0.8287320546875 0.5527161875 0.8273375406250001 0.52703146875 0.814810265625 0.47659723125 0.7925738984375 0.4026790875 0.89610528125 0.40165070312499995 0.8982137828125
1 0.56295384375 0.765856659375 0.5850631578125001 0.6823629984374999 0.46991695 0.6277571953125001 0.4653175375 0.6266953375 0.4520559859375 0.67988451875 0.445979809375 0.7062033343749999 0.5619234453125 0.7655997515624999 0.56295384375 0.765856659375
1 0.4844524203125 0.7070879140625 0.4244416359375 0.8203332734375 0.4228055265625 0.8274200468749999 0.4999213921875 0.8519328296875001 0.5664806515625 0.7323445234375 0.5366988390625 0.722667828125 0.4844524203125 0.7070879140625
0 0.5299008 0.545145728125 0.4616700671875 0.6521332703125 0.46046418281249996 0.657356525 0.53875723125 0.6815028875 0.6053242390625 0.5698196624999999 0.5424740625 0.549231028125 0.5299008 0.545145728125
0 0.3126005515625 0 0.305626284375 0.015664459375000002 0.452568471875 0.1328077234375 0.4789718734375 0.0653414953125 0.407003665625 0 0.3126005515625 0
0 0.13353869062499998 0.8231544312500001 0.21634773906250002 0.8565307515624999 0.320114584375 0.7026550375 0.3203960734375 0.7014357765625 0.305213159375 0.6946759078125 0.2333578359375 0.6635855609375 0.134084296875 0.8207911515624999 0.13353869062499998 0.8231544312500001
0 0.399047215625 0.02497556875 0.2870053125 0.1723093703125 0.28617144687499996 0.1759212421875 0.3571504859375 0.20778238125 0.46817470625 0.051683154687499996 0.44495799218750004 0.0423029921875 0.399047215625 0.02497556875
0 0.245618146875 0.48135818593749996 0.20686338750000002 0.664804803125 0.20686338750000002 0.6701593906250001 0.2991506484375 0.669663603125 0.33370283437500003 0.484865759375 0.2637536140625 0.48135818593749996 0.245618146875 0.48135818593749996
1 0.136015615625 0.772099078125 0.1092277578125 0.8460096374999999 0.10436835468750001 0.8619040281249999 0.2741250890625 0.93848739375 0.30304952812499997 0.8516274812500001 0.1445366078125 0.77470420625 0.136015615625 0.772099078125
0 0.44557896875 0.2243668171875 0.2887491109375 0.13050885625 0.279798253125 0.1284423875 0.2592586125 0.20007262812499998 0.2568113109375 0.208994925 0.4214685796875 0.3048404515625 0.44557896875 0.2243668171875
0 0.2012765078125 0.46029015781249993 0.194064171875 0.4915302171875 0.36233093125 0.568417634375 0.3635919703125 0.5629554734375 0.37886298281249997 0.48219793749999995 0.22008641406249999 0.404908453125 0.21561585625 0.40387634375000003 0.2012765078125 0.46029015781249993
1 0.33748002499999996 0.6683595484375 0.1864018421875 0.5799421765624999 0.1780231 0.578007790625 0.1585783234375 0.6335425671875 0.147057528125 0.6670013828125 0.3134722796875 0.7575327671875 0.33748002499999996 0.6683595484375
0 0.42411855468750004 0.30669528125 0.263047640625 0.2159804140625 0.2581612484375 0.2148523015625 0.24105536249999998 0.27409709375 0.23370389687499998 0.3059397890625 0.39922001093750004 0.39618529687500004 0.42411855468750004 0.30669528125
1 0.3228902046875 0.3060315640625 0.30946488125 0.3210609453125 0.20805557343749997 0.438695834375 0.20771972343749998 0.43932747499999997 0.20687673750000002 0.4429788515625 0.28000407968749996 0.4827383453125 0.40895882656250004 0.345946909375 0.40363105312499997 0.34311408125 0.3228902046875 0.3060315640625
0 0.8537706078125 1 0.8672697328125001 0.97859830625 0.7947231921875 0.9484411484375 0.76439770625 1 0.8537706078125 1
0 0.84890578125 0.9820606156249999 0.874680865625 0.887978725 0.8630027203124999 0.8852826125 0.7966853921875 0.8806452531250001 0.7722752890625 0.976588546875 0.7731256078125 0.9767848593749999 0.84890578125 0.9820606156249999
1 0.828294334375 0.7986938515625 0.7840051625 0.88130015625 0.7817936859375 0.8908791125000001 0.855919603125 0.9082831421875 0.9002477390625 0.81722640625 0.8702447937500001 0.809187140625 0.828294334375 0.7986938515625
0 0.8733745328125 0.8325099828125 0.9126750859375001 0.7379939656250001 0.8962420453125001 0.7342001 0.8403859203125 0.7264653328125 0.7992087046874999 0.818985975 0.798779634375 0.8214193515625 0.8733745328125 0.8325099828125
0 0.8095370203125001 0.7290337906250001 0.808324375 0.7342863390625001 0.8788921796875 0.76137478125 0.93831820625 0.676249678125 0.8617674984375 0.653022003125 0.8095370203125001 0.7290337906250001
0 0.08667216562499999 0.1787490859375 0.0857293515625 0.1828328671875 0.17243943125 0.21361547500000003 0.27912676875 0.062852640625 0.1971803578125 0.033026585937500005 0.08667216562499999 0.1787490859375
0 0.2493953625 0.2331157765625 0.253843903125 0.21942458125000003 0.106959653125 0.12381865624999999 0.09959069375 0.1221173984375 0.06956156875 0.2000499671875 0.06822574218750001 0.20416121875 0.22376632968750002 0.307913790625 0.2493953625 0.2331157765625
0 0.107804990625 0 0.10655218125000002 0.00267713125 0.253634115625 0.13558013124999999 0.253862753125 0.1356916453125 0.29556803125000003 0.0585220859375 0.23281564375000002 0 0.107804990625 0
0 0.191447390625 0.40631461562500004 0.2259728 0.32508461093749996 0.08405581250000001 0.203521696875 0.08314646406250001 0.20331175781250002 0.068615528125 0.23447345312499998 0.043315028125 0.29212592656249997 0.1910461453125 0.40622197968749996 0.191447390625 0.40631461562500004
0 0 0.7748581296875 0.0590116921875 0.78833389375 0.12675373750000002 0.60786493125 0.0860323046875 0.598463646875 0.039501728125 0.5885732671875 0 0.6799338265625 0 0.7748581296875
0 0 0.62095504375 0.152614528125 0.6690672765625 0.15408985 0.669222340625 0.162462303125 0.59251739375 0.164306303125 0.57497290625 0 0.5204328734375 0 0.62095504375
0 0 0.555800040625 0.072678575 0.5895430203124999 0.193724915625 0.44105979843750004 0.103782471875 0.39719193750000004 0 0.5293110624999999 0 0.555800040625
0 0.10649410156250001 0.29914818125 0.023097175 0.474772878125 0.0220988875 0.47946944374999995 0.032980181250000004 0.4819815890625 0.116743015625 0.4997859296875 0.198016575 0.3197306703125 0.13946478906249998 0.3061563171875 0.10649410156250001 0.29914818125
0 0 0.878770396875 0.050607745312499994 0.882776984375 0.0954216390625 0.6971874687499999 0.02306671875 0.6864435734375001 0 0.6836113359375 0 0.878770396875
0 0.8917859 0.3539549546875 0.8862743734375 0.383060709375 0.8802242390625 0.4212597515625 0.9816371875 0.4695660421875 0.9942503046875 0.39788391875 0.8980585640625 0.35494844531249997 0.8917859 0.3539549546875
0 0.8852530859375 0.5784247578125 0.8295064484375001 0.64948265 0.8282450828125001 0.654946228125 0.8936234546874999 0.6825210828125 0.94859528125 0.6036906359375 0.900970653125 0.5844490375 0.8852530859375 0.5784247578125
0 1 0.2990610734375 0.962283440625 0.2870345359375 0.88532091875 0.3729938421875 0.8850617968750001 0.37411622499999997 0.9547251859375001 0.3980974046875 1 0.3350139890625 1 0.2990610734375
0 0.933229646875 0.43655380781249997 0.9119244234374999 0.43044463437499997 0.8571766765625 0.5157378140625 0.8561711359374999 0.520093290625 0.9274593828125001 0.5386341390625 0.981329653125 0.45402815625 0.981615940625 0.4530297484375 0.933229646875 0.43655380781249997
0 0.8451791656250001 0.5976606046875 0.9150815265625001 0.60724666875 0.9583574031250001 0.5208293359375 0.9336030140625 0.515114334375 0.9011669859375001 0.509976971875 0.8855565140625 0.5080255265625 0.8458058015625 0.593704178125 0.8451791656250001 0.5976606046875
0 1 0.15402571874999998 0.9868644156249999 0.14996245625 0.9120166421875 0.229578140625 0.9109451921874999 0.234219103125 0.9749041374999999 0.2574982578125 1 0.230471215625 1 0.15402571874999998
0 1 0.264497353125 0.941241415625 0.1999937125 0.9386609140625 0.1988448 0.9089812625 0.2586003515625 0.9065280640625 0.2641103265625 0.991563403125 0.34323814375 1 0.32524384687499996 1 0.264497353125
0 1 0.126113378125 0.9435868828125 0.1044497234375 0.9408939609375 0.104496728125 0.9390977968750001 0.11227676874999999 0.94065285 0.18764530625 0.997971803125 0.18664480156250002 1 0.18659613125000002 1 0.126113378125