0 0.1122327125 0.3095412703125 0.16304106406250002 0.2644549046875 0.1598162359375 0.2592941 0.062039103124999995 0.20682798125000001 0.0148720546875 0.24932702187500003 0.0117460765625 0.2522420421875 0.1122327125 0.3095412703125
0 0.20200382343749998 0.3454756625 0.11791464375 0.261872125 0.05722693125 0.292937340625 0.1418347546875 0.3762679484375 0.20200382343749998 0.3454756625
1 0.2711537765625 0.4518991953125 0.2686232859375 0.44927879375 0.2667978265625 0.45041946718750003 0.21014649375 0.5512858609375 0.2653329515625 0.60490198125 0.320174240625 0.5054393187499999 0.2711537765625 0.4518991953125
0 0.2250314796875 0.39808594531249997 0.154815878125 0.420900378125 0.1529085203125 0.4220922265625 0.21612013437500002 0.51253449375 0.292095859375 0.49329748437500004 0.2908472890625 0.489454784375 0.2250314796875 0.39808594531249997
0 0.17009179218749998 0.3246347546875 0.11209323593750001 0.355473134375 0.10094605781249999 0.3624386640625 0.1871736953125 0.44785501562499996 0.25679236875 0.410351090625 0.2543683234375 0.40579212499999995 0.17009179218749998 0.3246347546875
0 0.3649410015625 0.5688385031250001 0.315582890625 0.5120584890625001 0.31430290625 0.5128583124999999 0.2487565015625 0.6099763578124999 0.30225037499999996 0.6677868703125001 0.30271774375 0.667494825 0.3649410015625 0.5688385031250001
0 0.35901843125 0.5825676625 0.2910553375 0.6781293359375 0.3452226125 0.7398213203124999 0.4151921203125 0.64194395 0.36112765625 0.5812496734375 0.35901843125 0.5825676625
1 0.5576550218749999 1 0.6135080328125 0.9723018515625 0.611333140625 0.967842659375 0.53128021875 0.8591723124999999 0.46849306718749995 0.889059984375 0.46208327968749996 0.8921862468749999 0.45823947499999995 0.8945881234374999 0.533400790625 1 0.5576550218749999 1
1 0.473018946875 0.9459963968749999 0.47505043437500005 0.9484174281250001 0.475994078125 0.9476256171875 0.5653216624999999 0.8381949359374999 0.5171106421875 0.7797691703125 0.5123965390625 0.7741511203125 0.506390653125 0.7779040140625 0.4201948671875 0.88073228125 0.473018946875 0.9459963968749999
1 0.41671885781249995 0.63679328125 0.339086775 0.7544347499999999 0.393838346875 0.80974910625 0.47506865625000005 0.6898138171875 0.42234680312500006 0.6332765499999999 0.41671885781249995 0.63679328125
1 0.46727086093750003 0.7102254593749999 0.380981759375 0.8116900375 0.42341431875 0.8727230484374999 0.522550684375 0.7695394249999999 0.474135334375 0.7059360609375 0.46727086093750003 0.7102254593749999
1 0.20481958437499997 0.13054688125 0.1517357359375 0.16119485625000002 0.132179415625 0.1734150015625 0.251903909375 0.2780035609375 0.318013209375 0.23802606874999999 0.31616401875 0.234823178125 0.20481958437499997 0.13054688125
0 0.22571864531250002 0.0934922625 0.1840440890625 0.10784196406249999 0.16012842968750002 0.12278612656250001 0.2325916609375 0.2196779984375 0.2673002328125 0.21153845625 0.2278012859375 0.096825184375 0.22571864531250002 0.0934922625
0 0.33201651875 0.4972104953125 0.35962944375 0.5651394468750001 0.360031675 0.564993046875 0.480191365625 0.474883765625 0.4698428640625 0.44645149531249995 0.4549573265625 0.4072767171875 0.45252687187499996 0.403387178125 0.3280696421875 0.486366540625 0.33201651875 0.4972104953125
0 0.25737254374999996 0.36550742812500003 0.347605865625 0.2531698421875 0.3299916828125 0.22498125624999998 0.30354259843750003 0.18425324062499998 0.3004347734375 0.18619522500000002 0.20846176249999998 0.3036934015625 0.25645363125 0.36610417812499996 0.25737254374999996 0.36550742812500003
0 0.4528863140625 0.42165377812499993 0.3244056375 0.3503631390625 0.2682996796875 0.4026827921875 0.392417590625 0.47817396093750003 0.45620138125 0.426958996875 0.4528863140625 0.42165377812499993
0 0.4119729421875 0.353230134375 0.2871986171875 0.27705661875 0.22570497656250002 0.330512225 0.359752575 0.40700723281249995 0.41461036250000005 0.357450890625 0.4119729421875 0.353230134375
0 0.38694443125 0.50714404375 0.36364628125 0.5230789265625 0.3647799875 0.524824678125 0.3780136140625 0.53902139375 0.47550192812500003 0.6310853187500001 0.5397535984374999 0.5842589921875 0.5352965359375 0.5771262015625 0.42938040468749994 0.47964170156249997 0.42710221718749997 0.48106527187500003 0.38694443125 0.50714404375
0 0.6745970515625 0.9780735328124999 0.7088276640625 0.9590991953125 0.7492794296875 0.9338221265625 0.6779126359375 0.8378579875 0.614316109375 0.8707592671875 0.6046651890625 0.8767898328125 0.6745970515625 0.9780735328124999
1 0.60047894375 0.913282175 0.715608046875 0.840675090625 0.7076477296875 0.8227959265625 0.6798792406249999 0.7642784625 0.679010921875 0.7628888593750001 0.6754715124999999 0.7644647046874999 0.5691439765624999 0.8349098156249999 0.60047894375 0.913282175
0 0.6177688203125 0.6734476125 0.569821065625 0.6074531890625 0.5661433515625001 0.6097512796875 0.47956547031249996 0.70381079375 0.5313421453125 0.7729424734375 0.532201275 0.772318278125 0.6177688203125 0.6734476125
1 0.6692356484374999 0.806962271875 0.6714192875 0.8055977828125 0.6705167890625 0.8032466953125 0.602455715625 0.689614659375 0.5510962890625 0.7079075859375 0.5268525234375 0.7172138953125 0.5224037625 0.719993790625 0.594588540625 0.835070653125 0.6692356484374999 0.806962271875
0 0.5855975671875 0.6412740265625 0.4933804015625 0.55073935625 0.4820483828125 0.5575483203125 0.469058834375 0.5653958421875 0.4259825984375 0.5923128625 0.5154246453125 0.6855939546875 0.5871905828124999 0.64392525 0.5855975671875 0.6412740265625
0 0.3777450703125 0 0.47948358124999996 0.10820044843750001 0.5450971625000001 0.08119230625 0.5426980609375 0.0760474125 0.4798709 0 0.3777450703125 0
0 0.869845309375 0.7537848203124999 0.9468305734375001 0.6990799812499999 0.94476624375 0.6957763640625 0.8130913640624999 0.5685925421875 0.7625001499999999 0.6026550890625 0.7390900046875 0.619663553125 0.869845309375 0.7537848203124999
0 0.446343321875 0.011891878125 0.38704189218749996 0.06375957812500001 0.540294346875 0.1740788765625 0.5982003375 0.129360728125 0.5974436890625 0.1281498375 0.5959252953124999 0.1262747765625 0.44679873125 0.011523095312499999 0.446343321875 0.011891878125
0 0.7800966781249999 0.5874011703125 0.8500026875 0.5293801609375001 0.846092615625 0.5231227374999999 0.7000645640625 0.4087408234375 0.686171990625 0.420398078125 0.6348424046875001 0.46804752499999996 0.7800966781249999 0.5874011703125
1 0.8232724906250001 0.6754187859375 0.793584865625 0.6973206375000001 0.9146690968750001 0.8304751921875001 0.9440352796875 0.8121251640624999 0.993836596875 0.77725390625 0.9890505953125001 0.7695947015625 0.86820430625 0.6439571890625 0.8232724906250001 0.6754187859375
0 0.5617914609375 0.0763129625 0.46851098750000003 0.2328129265625 0.5292688609375 0.2949903046875 0.6255562140625 0.12889088906249999 0.568676215625 0.072010890625 0.5617914609375 0.0763129625
0 0.5868494421875 0.4021074390625 0.5879330734375 0.4031538890625 0.74192505625 0.495842784375 0.8045420140624999 0.43598793750000003 0.80308384375 0.43365437656249994 0.6492744312500001 0.3358836328125 0.6207005390625 0.3654727671875 0.5868494421875 0.4021074390625
1 0.68460993125 0.552696209375 0.6834036859375 0.5539024546875 0.8377776062500001 0.663826734375 0.904674190625 0.5962329171875 0.9026832109375 0.5930466828125 0.9022245218749999 0.5925879953125001 0.7529297609375 0.49316370000000004 0.68460993125 0.552696209375
1 0.6327565859375001 0.349902571875 0.7078390421874999 0.2931075765625 0.7052831796875 0.289457428125 0.5631459984375 0.17182175156249999 0.5358560437500001 0.190930384375 0.48780864843750005 0.226545925 0.6327565859375001 0.349902571875
0 0.707243784375 0.24276542031249998 0.5569576765625001 0.3532054546875 0.5882042140625 0.43239553906249995 0.5884243734375 0.432311028125 0.721020328125 0.34366776875 0.737573815625 0.3321741359375 0.7088927453125 0.24213244375 0.707243784375 0.24276542031249998
0 0.3873291015625 1 0.38846197656250003 0.9982339375 0.3333360515625 0.9449994515625001 0.332837490625 0.9453109859375 0.296329225 1 0.3873291015625 1
1 0.2780316953125 1 0.3499649859375 0.9533614546875 0.32568113125 0.8874065906249999 0.32130975156249997 0.8804109203125 0.23782588593749998 0.939297675 0.26118026250000004 1 0.2780316953125 1
0 0.2610535046875 0.9355392859375 0.3228651046875 0.8946942546875001 0.3194631609375 0.88925000625 0.24613493593750002 0.8254886046875001 0.1961268125 0.8578204859375 0.1847350515625 0.865797084375 0.2610535046875 0.9355392859375
0 0.26973360625 0.79916790625 0.2172701875 0.744840446875 0.2132538453125 0.7473501359375 0.163356671875 0.82565605625 0.2143524265625 0.8866911 0.21520458750000002 0.8861586125 0.26973360625 0.79916790625
0 0.6471179421875 0 0.5965823359375 0.0850613921875 0.66121255 0.1530599765625 0.7454458625 0 0.6471179421875 0
0 0.643379425 0.15905715 0.6526328515625 0.170084953125 0.7044155062499999 0.22983565781249998 0.8097638296874999 0.07537141875 0.8069851703124999 0.072059940625 0.7495220203125 0.0105949453125 0.7477850671875 0.0116803125 0.7443037921875 0.014601448437500001 0.643379425 0.15905715
0 0.76230989375 0.1043859734375 0.6831761078125 0.144175784375 0.6753489171875 0.14906675625000002 0.804782978125 0.28506849375 0.8829964703125001 0.2468754546875 0.8800996328125 0.24142729531249998 0.76230989375 0.1043859734375
0 1 0.46885236093750005 0.8909678953125001 0.5406974515625 0.9240073109375 0.623840615625 1 0.578944365625 1 0.46885236093750005
0 1 0.35662730625 0.99616451875 0.350489253125 0.8411282390625001 0.45649834218749996 0.8477367203125 0.47285490937499997 0.8769275875 0.544280678125 0.8783030187499999 0.5437249671875 1 0.46318273281250005 1 0.35662730625
0 0.9600582890625 0.292707209375 0.9420842281249999 0.2639426984375 0.79171065 0.3739494375 0.827874875 0.463891034375 0.9855845765625 0.35284337187500003 0.9600582890625 0.292707209375
0 0.920376590625 0.22920321562499998 0.9140376078125 0.21905872343750002 0.855570596875 0.16069892187499998 0.7459435015625 0.32503756093749997 0.814013334375 0.395525934375 0.920376590625 0.22920321562499998
0 0 0.54088589375 0.057690167187499995 0.6172941203125 0.1236101234375 0.5893405171875 0.12210587343749998 0.58561736875 0.054834796875 0.5009550218750001 0.01810315625 0.51579556875 0 0.52375085 0 0.54088589375
0 0.151706146875 0.8086186890624999 0.2272689828125 0.74933781875 0.2269166796875 0.7484186453125 0.2051182578125 0.6944656625000001 0.20092450781250001 0.6877542562500001 0.1974931140625 0.689140628125 0.12317265625 0.7409674468749999 0.151706146875 0.8086186890624999
0 0 0.5568452749999999 0.0129755828125 0.5717742375 0.0643930671875 0.46709914843749994 0.026730278125 0.4217110953125 0.022107267187499998 0.42459987187500003 0.021674290625000002 0.424989725 0 0.45923126718749996 0 0.5568452749999999
0 0.15436748281249998 0.6208713296874999 0.1262626953125 0.55942469375 0.12316801562499999 0.5544721703125 0.118296903125 0.5568479703125 0.0443030703125 0.62511670625 0.0796139640625 0.6893359890624999 0.15436748281249998 0.6208713296874999
0 0.1116505484375 0.745489246875 0.11425842187499999 0.7516330140624999 0.11481659687500001 0.75139608125 0.19049287343750002 0.686532090625 0.167911771875 0.63009974375 0.1664901890625 0.626750703125 0.1627856078125 0.620822134375 0.0870762765625 0.681887865625 0.1116505484375 0.745489246875
0 0 0.48838310781249994 0.05827473125 0.4594389578125 0.0582622328125 0.459410884375 0 0.4063378125 0 0.48838310781249994