0 0.8225834703125001 0.09715461875 0.815436559375 0.0948324453125 0.7853547671875 0.151360753125 0.8642130734375 0.2382759515625 0.8971599640625 0.1752148046875 0.8225834703125001 0.09715461875
0 0.7463260515625 0.2677474125 0.7460537515625 0.26858546875 0.8093397234375 0.29301474375000003 0.8842293046874999 0.2010794828125 0.821171178125 0.1767452609375 0.7463260515625 0.2677474125
1 0.738481128125 0.41102894218749997 0.6605114609375 0.491406715625 0.6600264109375 0.49289954687500004 0.7268068624999999 0.52965323125 0.8082206031249999 0.44439719687499996 0.8040140015624999 0.44225382656249995 0.738481128125 0.41102894218749997
0 0.8294606625000001 0.3568802328125 0.7677764328125 0.33564065 0.7573130234375001 0.33224088125 0.6920708546875 0.41955867187500007 0.689844034375 0.4264121203125 0.7643462921874999 0.44666600624999997 0.8294606625000001 0.3568802328125
0 0.718542584375 0.3607163453125 0.7201080171875 0.36122498593749996 0.7677778671875 0.3690372234375 0.7955362390625 0.373433715625 0.8513719500000001 0.2642278953125 0.8481531468749999 0.26318204375 0.8368818906250001 0.26133396875 0.77175406875 0.251018734375 0.7189843296875 0.35792727812499997 0.718542584375 0.3607163453125
0 0.66138631875 0.47932855781250006 0.6480946515625 0.55644719375 0.7573814796875 0.60280069375 0.7679404546875 0.5276696875 0.6638926109375001 0.47968079374999995 0.66138631875 0.47932855781250006
0 0.7440486374999999 0.6043912234375 0.6351229546875 0.5545678046875 0.6184503390625 0.6351221515625001 0.7279843953125 0.6849016859375 0.7440486374999999 0.6043912234375
1 0.6149465875 1 0.6459674015625 0.928237278125 0.5364593875 0.858500325 0.5274485671875 0.8555725328125 0.496677915625 0.928063640625 0.6058682984375 1 0.6149465875 1
1 0.519915259375 0.8836664796875 0.517082165625 0.8923858453125 0.59573688125 0.9241426 0.672247190625 0.8064556218750001 0.5938206546875 0.773165534375 0.519915259375 0.8836664796875
1 0.5686571546875 0.728597996875 0.5667459546875 0.734480065625 0.63569111875 0.7662015640625001 0.7229837796874999 0.6485719265625 0.6492234328125 0.6172625171874999 0.5686571546875 0.728597996875
1 0.6378398078124999 0.6969629453125 0.5402249390625 0.7958779328125 0.539453975 0.7982507171875 0.608188134375 0.8416668265625 0.701890496875 0.7344277390625 0.6743510125000001 0.7178803484375 0.6378398078124999 0.6969629453125
0 0.7713747046874999 0.16271485937500002 0.65969133125 0.0590139421875 0.6557523640625 0.05773409375000001 0.6446895968749999 0.0792949671875 0.6215958359375 0.12664419375 0.7347476203125 0.23924547812500002 0.7713747046874999 0.16271485937500002
0 0.7710631703125 0.15763040781249998 0.780138465625 0.1217599203125 0.654802040625 0.0245671203125 0.6486506296875 0.022568404687499998 0.6337990421875 0.063372809375 0.621676075 0.1013274953125 0.749376078125 0.1497369515625 0.7710631703125 0.15763040781249998
0 0.6531375765625 0.49569606562499996 0.6616772140625 0.47818721249999996 0.5537472375 0.378009328125 0.552561096875 0.377430809375 0.5505308421875 0.37677113906250004 0.518453575 0.4367920515625 0.5115930484375 0.4508582125 0.627278125 0.5468765015625 0.6531375765625 0.49569606562499996
0 0.7360180234375 0.23132086875 0.60689106875 0.15079769375000002 0.60383456875 0.1602046328125 0.5874629953125 0.2311177046875 0.7111985640625 0.3061355265625 0.7122661609375001 0.3063820015625 0.7360180234375 0.23132086875
0 0.6089745984375 0.457842825 0.6871972421875 0.3275308890625 0.672634484375 0.3227991625 0.604482609375 0.3122942453125 0.536727865625 0.43609626874999996 0.535411934375 0.44179619375 0.6089745984375 0.457842825
0 0.5503251625 0.34005871875000004 0.549110434375 0.34379726875 0.6160572796875 0.37658463124999997 0.7238272218749999 0.266104384375 0.6499813765625 0.23166950156250002 0.5503251625 0.34005871875000004
0 0.6317421078125001 0.48268782187500003 0.5893916015625 0.47047647187499997 0.552431234375 0.46194349843750004 0.4932407890625 0.5799424828124999 0.48749709843750005 0.5934808953124999 0.485982834375 0.600039890625 0.561226028125 0.6193175859375 0.6315597296875 0.4834777859375 0.6317421078125001 0.48268782187500003
0 0.475686346875 1 0.503018990625 0.9431657187500001 0.386481559375 0.8741815781250001 0.3840872640625 0.8730651 0.3768908296875 0.8707268375 0.3447271703125 0.9452148593749999 0.4302688671875 1 0.475686346875 1
1 0.3836473046875 0.9181807671875 0.4683459640625 0.9321811234374999 0.5060778015625 0.8026272765625 0.5033000296875 0.801724725 0.47740359374999997 0.79808521875 0.4225663703125 0.7925222109375001 0.3842589953125 0.913828371875 0.3836473046875 0.9181807671875
0 0.566647765625 0.6897990390625 0.4532395625 0.6239912203125 0.45315006249999995 0.62396385625 0.43672959375 0.6745008625 0.42693824999999996 0.7065269078124999 0.5424316453125 0.7689003 0.5434774250000001 0.7692200265625 0.566647765625 0.6897990390625
1 0.397838709375 0.8245328328125 0.47804021875 0.8499813515625 0.542458571875 0.7333835984375 0.542907509375 0.7320019125 0.48126591249999995 0.710777009375 0.464791096875 0.7054240171874999 0.40050427656250004 0.8163290625 0.397838709375 0.8245328328125
0 0.5246601484375 0.5475363875 0.4502866140625 0.6479457109375 0.44805336875 0.6548189375 0.5239832125 0.68417918125 0.5981786921875 0.5774114906250001 0.53691780625 0.5524888031249999 0.5246601484375 0.5475363875
0 0.3510762625 0 0.348981259375 0.0222737921875 0.517241365625 0.10520299531249999 0.5295857578125001 0.027548618749999997 0.5302743765625 0.022648839062500002 0.47576237343749994 0 0.3510762625 0
0 0.20444389843750002 0.8322361078125 0.29207809687499997 0.66737816875 0.26348705625 0.6580883765625 0.201192546875 0.6385698515625 0.1217394453125 0.79952936875 0.1190438734375 0.8078254859375 0.20444389843750002 0.8322361078125
0 0.4330862765625 0.015662571875 0.3200649484375 0.1642843046875 0.3193682078125 0.1660088 0.319305440625 0.1662019765625 0.391189546875 0.198469384375 0.5022137671875 0.04237015625 0.47899705312499996 0.0329899953125 0.4330862765625 0.015662571875
0 0.27864737968750003 0.6515953875 0.334641659375 0.46762964531250006 0.3312123296875 0.4665153875 0.241930425 0.45870423125000004 0.19394227656250002 0.6306888203125001 0.1931472640625 0.6397758765625 0.27864737968750003 0.6515953875
1 0.10475117812500001 0.7461986546875 0.079257315625 0.8205654703124999 0.0746760484375 0.8365422484374999 0.2457434921875 0.9101512875 0.2731476109375 0.8227998015625 0.1133163375 0.7486546749999999 0.10475117812500001 0.7461986546875
0 0.4712829296875 0.2026149296875 0.3024467796875 0.1242464703125 0.2970999296875 0.1233036765625 0.2960119796875 0.12665204218749998 0.283443821875 0.1979296078125 0.28194256093750003 0.20705883906250003 0.4557164046875 0.28516794375 0.4712829296875 0.2026149296875
0 0.41442245624999996 0.31830270625 0.4085236 0.3160383484375 0.3243476828125 0.28922570937500003 0.31285405 0.305779196875 0.2275796390625 0.43333589687499996 0.22567251718749998 0.43920541562500004 0.29923296875 0.46823063437499995 0.3033414359375 0.469807728125 0.414143853125 0.3190284953125 0.41442245624999996 0.31830270625
0 0.3414425296875 0.3918660046875 0.3041627046875 0.3744821390625 0.19603803125000002 0.5202982703125001 0.19498480625 0.523539765625 0.274990128125 0.5570198859375 0.3855373015625 0.41530155312500006 0.3861739421875 0.4139362703125 0.3414425296875 0.3918660046875
1 0.3234249609375 0.6535543406250001 0.180627759375 0.5523060921875 0.1724494921875 0.5496488125 0.148238534375 0.6032775390625 0.1338454515625 0.6356049296874999 0.2917366140625 0.740295815625 0.3234249609375 0.6535543406250001
1 0.3671912796875 0.1974576203125 0.24455595156249998 0.33558097187499997 0.24323597968750002 0.33964343124999996 0.32328934375 0.383195746875 0.4513809078125 0.24285925000000003 0.3982945578125 0.21330553281250003 0.3671912796875 0.1974576203125
0 0.7980848203125 1 0.849721746875 0.93905678125 0.78314175 0.9006168015625 0.7217124453125 0.970488471875 0.7200988109375001 0.9754547312499999 0.7616483281249999 1 0.7980848203125 1
1 0.797239396875 0.8256653890625 0.7494592078125 0.9053181468749999 0.7467620140625 0.913619253125 0.8152082078125 0.9372453593750001 0.8716567671875 0.85097594375 0.8480558640625 0.8423859171875 0.797239396875 0.8256653890625
0 0.86094001875 0.868246528125 0.8864114593749999 0.8034398625 0.8095079437500001 0.7484271031249999 0.8009497781249999 0.7456463859375 0.80022929375 0.7473437390625 0.7756639062499999 0.811728121875 0.85845611875 0.8740982328125 0.86094001875 0.868246528125
0 0.8343873265624999 0.671423378125 0.83227581875 0.670393528125 0.8296252171875 0.6695322953125 0.8004433203125 0.74220040625 0.8758500859374999 0.804348525 0.9098762953125 0.73458445625 0.8343873265624999 0.671423378125
0 0.307624665625 0.0267660328125 0.3034183359375 0.0253993140625 0.21701795468750001 0.0038572796875000004 0.12613182812499998 0.1659129296875 0.21096123125 0.1865352234375 0.307624665625 0.0267660328125
0 0.23663949843749998 0.11092210625000001 0.2142189515625 0.09797759687499999 0.08301436250000001 0.22599212031250002 0.08225570625 0.22832702187499998 0.161377340625 0.275705996875 0.289700071875 0.1476509390625 0.2906126890625 0.1460702421875 0.23663949843749998 0.11092210625000001
0 0.1805672140625 0 0.29533375156249997 0.11477541875 0.29633711093750004 0.11510142968749999 0.30399873125 0.10069201875 0.33843931875 0.0333256015625 0.30405106718749997 0 0.1805672140625 0
0 0.2461416625 0.26433763125 0.07308353437500001 0.1958797890625 0.07064280625 0.2033915765625 0.0678573296875 0.229893615625 0.0627050484375 0.2926421375 0.23993066718749997 0.35255977031249996 0.2461416625 0.26433763125
0 0 0.7386716515625 0.017798175 0.74808073125 0.1303698921875 0.590694075 0.050654849999999994 0.5500772328125 0 0.6140283375 0 0.7386716515625
0 0 0.564800859375 0.1092946234375 0.6581394656249999 0.1105920765625 0.6588586546874999 0.1482699703125 0.5915227562500001 0.1568225578125 0.5760934796875 0.0143228703125 0.4506259765625 0.0108334234375 0.4494921859375 0 0.46903619843750005 0 0.564800859375
0 0 0.5273277109375 0.08621617031249999 0.55518200625 0.188264696875 0.39305371718750004 0.141155259375 0.3768326375 0.0931806890625 0.3612447546875 0.001035115625 0.5136927906250001 0 0.5168785484375 0 0.5273277109375
0 0.13443338124999998 0.46384979687500005 0.2000037609375 0.2776641734375 0.193007865625 0.2753910703125 0.10309650937499999 0.26594100468750004 0.042021009375 0.45068632500000005 0.041841453125 0.45239467656250004 0.13443338124999998 0.46384979687500005
0 0 0.8424335890625001 0.0048179296875 0.8439551390625001 0.090231803125 0.673203203125 0.022148185937500002 0.6464583562499999 0 0.6383970765625 0 0.8424335890625001
0 1 0.40616593125 0.9995642531250001 0.4060243484375 0.9740523937500001 0.40026438593749997 0.935163909375 0.39270523125 0.8852831296874999 0.4886480171875 0.8845169265624999 0.49258978593749997 0.9545595453125 0.50745168125 1 0.41450629687499996 1 0.40616593125
0 0.924572834375 0.6665072203125 0.8583322656249999 0.6000001140625 0.8562933968750001 0.5993376453125 0.8463485875 0.6166540687500001 0.82083951875 0.662673646875 0.892483284375 0.7269326875 0.924572834375 0.6665072203125
0 1 0.3565439390625 0.925694425 0.32083591562499997 0.9215352765624999 0.32010254531250004 0.9184896437500001 0.3294760359375 0.9117814421875 0.379184234375 1 0.4339657625 1 0.3565439390625
0 0.8941554999999999 0.46213500312500005 0.8846085765625 0.45903302031250004 0.8798632296875001 0.473637696875 0.8636750859375001 0.5280137140625001 0.9472295468749999 0.5854084015625001 0.9732592 0.51689976875 0.8941554999999999 0.46213500312500005
0 0.8587901062500001 0.5334377453125 0.857734125 0.53668771875 0.8562255046875 0.543785221875 0.8448270812500001 0.6034894234375 0.9314896046875001 0.6527219671875 0.931733340625 0.652773775 0.9327893218750001 0.6495238015625 0.93347040625 0.646319546875 0.9454574640625 0.579197709375 0.8591271624999999 0.5335093890625 0.8587901062500001 0.5334377453125
0 1 0.1947383390625 0.9785585843750001 0.1741205609375 0.9774397765625 0.1737570375 0.9634920421875 0.21009212812500003 0.953781071875 0.23964814375 1 0.2846443078125 1 0.1947383390625
0 1 0.25845964375 0.97810901875 0.2569288765625 0.9663866625 0.2783896734375 0.92350405625 0.36017810781250004 0.9235019125000001 0.3602087640625 0.9969142671875 0.36845998125 1 0.3611689 1 0.25845964375
0 1 0.151743778125 0.981299996875 0.140055228125 0.9785507921875001 0.139570471875 0.97451651875 0.15198668906249999 0.96254540625 0.2211624359375 1 0.227766690625 1 0.151743778125