0 0.603627303125 1 0.604517246875 0.926376109375 0.5395452078125 0.9034770296874999 0.5375050015625 0.90940221875 0.5387423734375 1 0.603627303125 1
0 0.62334719375 0.8520077171875 0.55903485625 0.8324770718750001 0.5581815296875 0.8349553109375 0.56108228125 0.9506907171875 0.5665360953125 0.9525686171875 0.625759990625 0.970560321875 0.62334719375 0.8520077171875
1 0.710253453125 0.7276562203125 0.7149286859374999 0.7283132812499999 0.6971393078125 0.6117786234375 0.62132559375 0.6035786125 0.6208678812499999 0.6049079046875 0.638662209375 0.7156460375 0.710253453125 0.7276562203125
0 0.6033034828125 0.7018512578125 0.5795580796875 0.7488767937499999 0.5712002546875 0.773149678125 0.5717862828125 0.7733984328125 0.6858621671875 0.7838476515624999 0.715024815625 0.7154004984375 0.7155925375 0.7137517140625 0.6033034828125 0.7018512578125
0 0.5901071390625 0.7430440703125 0.58768309375 0.7476030359375 0.567527421875 0.862854071875 0.633632378125 0.8980026999999999 0.637479415625 0.8993273421874999 0.6601295703125001 0.7797886359375 0.5901071390625 0.7430440703125
0 0.6723986656250001 0.51747858125 0.671504965625 0.5189659515625 0.6431173890624999 0.630824715625 0.705308059375 0.668192640625 0.7083405843749999 0.6692368234375 0.7409031203125 0.5557973031250001 0.6723986656250001 0.51747858125
0 0.6809581875 0.5678150140625 0.7625518921875 0.578276675 0.7509056578125 0.45906450000000004 0.6699069984375 0.44809006093750003 0.6698660078125 0.4482091046875 0.669679553125 0.44938633437500003 0.6809581875 0.5678150140625
1 0.7610063078125 0.1469761578125 0.749189296875 0.17944312812500002 0.733357253125 0.2254227234375 0.8696586484375001 0.24853136875 0.898181425 0.1724252671875 0.7610063078125 0.1469761578125
1 0.7004386546875 0.3066273671875 0.7020368703125001 0.3072090703125 0.840027825 0.32961940312500004 0.8669144296875 0.257599384375 0.869626034375 0.2501493140625 0.86693274375 0.24916903750000002 0.73062600625 0.22520458593749998 0.709868103125 0.279242259375 0.7004386546875 0.3066273671875
1 0.780208203125 0.489797440625 0.8194670187499999 0.422595075 0.6825944749999999 0.37517415625 0.644002896875 0.43693359374999996 0.6419612906250001 0.44286284687500005 0.6450103390625 0.4447681015625 0.780208203125 0.489797440625
1 0.69372960625 0.3149980421875 0.677308046875 0.39414629375 0.6817321781250001 0.39566964375 0.8184186499999999 0.3941881765625 0.8366425828124999 0.3221226578125 0.69372960625 0.3149980421875
0 0.5266048015625 0.844624828125 0.5265887625000001 0.8446193046875001 0.3721066625 0.8687484281250001 0.3605406265625 0.9510450453124999 0.3632563609375 0.9519801484375 0.5172747234374999 0.9224315875 0.5266048015625 0.844624828125
0 0.4650495765625 1 0.471825825 0.8802571718750001 0.3903357390625 0.8712804625 0.3879563703125 0.8781906562499999 0.417625334375 0.9990540781249999 0.43115265 1 0.4650495765625 1
0 0.46064674375000003 0.6095975328125001 0.6064221171875 0.63043089375 0.6146548843749999 0.61277566875 0.6381556703125 0.5604702078125 0.4907324703125 0.530992284375 0.4841184765625 0.545176040625 0.45754476093749996 0.6081510546875 0.46064674375000003 0.6095975328125001
0 0.48282010625 0.9053302890625 0.52275664375 0.763939515625 0.45538603125000005 0.71873815 0.4525440484375 0.7229515625 0.41395036875 0.8664594171875001 0.48282010625 0.9053302890625
0 0.5705481531250001 0.6119124953124999 0.5011603109375 0.5681533515625 0.4998170296875 0.5676908234375 0.497669896875 0.5717289953125 0.47184317187499997 0.7178301921875 0.53637355 0.752141603125 0.5397005781249999 0.7532871906249999 0.5705481531250001 0.6119124953124999
0 0.46449609843750006 0.645737609375 0.46307651875 0.6487819078125 0.44403165624999996 0.7953459140625 0.5065537015625 0.824500421875 0.5180110499999999 0.828445503125 0.5332370953125001 0.676208896875 0.46449609843750006 0.645737609375
0 0.5761734578125 0.59563498125 0.5781818624999999 0.59632653125 0.5790658843750001 0.595015915625 0.586963240625 0.5772871984375 0.633616809375 0.45157648906250003 0.564333834375 0.41008585625 0.5620762781249999 0.41343282031250006 0.512217084375 0.5532509 0.554130434375 0.5815218125 0.5761734578125 0.59563498125
0 0.7168572109375 0.1830197671875 0.761704284375 0.0683626046875 0.7280778203125 0.04972315 0.685613375 0.0351014703125 0.6395090578125 0.14176145 0.7079050062500001 0.1796739453125 0.7092590125 0.1804034984375 0.7168572109375 0.1830197671875
1 0.7342253624999999 0.13985077968749998 0.6644222296875 0.0923994390625 0.609554653125 0.21702413125 0.624200090625 0.22617561562500002 0.6838996734375 0.26150168749999997 0.7342253624999999 0.13985077968749998
0 0.6860759937500001 0.2914293640625 0.6849865921875 0.2913340546875 0.5545374953125 0.30590106875 0.547124346875 0.3906337578125 0.550761121875 0.391886 0.6778075343750001 0.373746984375 0.6860759937500001 0.2914293640625
1 0.6156698781250001 0.17800916093750002 0.6140967500000001 0.182331296875 0.5935762203125 0.3133576953125 0.6306850640625 0.3268642109375 0.6714540015625 0.34090208125 0.69489326875 0.209049115625 0.6156698781250001 0.17800916093750002
0 0.6707483890625 0.4028406015625 0.542480990625 0.36973401250000004 0.5049522140625 0.4378236984375 0.511122553125 0.4412439734375 0.629030971875 0.475507609375 0.6707483890625 0.4028406015625
0 0.0627228359375 0.8684700671875 0.2446684671875 0.8890004812500001 0.246441646875 0.8843811875 0.27329258749999996 0.8104784609375001 0.0859241078125 0.8014358578125 0.060788831249999994 0.8588951093749999 0.05810259062499999 0.866696521875 0.0627228359375 0.8684700671875
0 0.3163993890625 0.1876274609375 0.49667318906249996 0.17416137812500002 0.50432893125 0.079068378125 0.3183269390625 0.09859812031250001 0.313302834375 0.14601693124999998 0.310447371875 0.1868519484375 0.311756790625 0.1873028171875 0.3163993890625 0.1876274609375
0 0.1987025625 0.8606596468750001 0.2226484640625 0.86798064375 0.2346028671875 0.6767989562500001 0.1585170640625 0.6566598531250001 0.1578122125 0.6587068921875 0.1521186875 0.845232996875 0.1987025625 0.8606596468750001
0 0.42541650625000005 0.36829429375 0.45133658906249996 0.2841929734375 0.266319459375 0.25353198906249996 0.25904744687500003 0.273511678125 0.23582649375 0.3409502203125 0.237891753125 0.3417019125 0.42541650625000005 0.36829429375
1 0.40107918593749997 0 0.362005196875 0.10902057031250001 0.3701525609375 0.11317186093750001 0.449982 0.1488439328125 0.49867078125 0 0.40107918593749997 0
0 0.277272634375 0.762903053125 0.250797028125 0.5720853859374999 0.169265465625 0.5630532984375 0.1680028265625 0.566720265625 0.1678984234375 0.5675705625 0.191189528125 0.7518532062500001 0.26384734375 0.7616272859375 0.277149525 0.7632605875 0.277272634375 0.762903053125
0 0.2184125484375 0.45096510156249997 0.21913537968750002 0.4510666890625 0.39625592656249997 0.4357078296875 0.41094012187500006 0.35484153281249997 0.41172030312499996 0.3492902515625 0.2270757640625 0.36076942500000003 0.22261362187499997 0.3925192046875 0.21581373125 0.4500702578125 0.2184125484375 0.45096510156249997
1 0.4157116703125 0.327010940625 0.42097759218749997 0.1455262953125 0.3337434390625 0.1189696921875 0.33237136718750004 0.12295447968749999 0.3212431734375 0.307363203125 0.415098865625 0.329031496875 0.415542925 0.3277418546875 0.4157116703125 0.327010940625
1 0.1872045640625 0.4837572859375 0.22120580625000003 0.665426371875 0.2560288 0.6678614328125 0.316753971875 0.6698704453125 0.27923671250000004 0.4836065546875 0.1880504859375 0.4797018234375 0.187344846875 0.48175114687500004 0.1872045640625 0.4837572859375
1 0.20859190625 0.42891537812499997 0.169427 0.50425645 0.1704907953125 0.504822078125 0.323424871875 0.5464777468750001 0.3429592921875 0.5514303203125 0.3922122375 0.47052436093749994 0.3913478796875 0.47006477343749997 0.20859190625 0.42891537812499997
0 1 0.1851358609375 0.9995278421875 0.184975509375 0.9661969015625 0.2451061203125 0.96428556875 0.250657034375 0.9697443515625 0.2536828859375 1 0.26501736875000004 1 0.1851358609375
0 1 0.2518041359375 0.982747925 0.2448277015625 0.9766355125 0.242723028125 0.9565584328125001 0.3394544359375 1 0.3570059671875 1 0.2518041359375
0 0 0.8557510109375001 0.0619590390625 0.8746937890625001 0.065249925 0.8651363640625 0.0837309375 0.7870193953125 0 0.78577771875 0 0.8557510109375001
1 1 0.34697549843750003 0.9375098749999999 0.339521653125 0.9160119328125 0.3956531515625 0.9113863249999999 0.4090868953125 1 0.42318900625 1 0.34697549843750003
0 0.920535240625 0.387315815625 0.919382940625 0.39066233906250003 0.9106392203125001 0.4904415078125 0.963790934375 0.5109681171875 0.979350296875 0.5163256359374999 0.9909031781250001 0.41368596406249997 0.920535240625 0.387315815625
0 0.8816422890625001 0.466674034375 0.8808399046875 0.46900432500000006 0.889957884375 0.5637956171875 0.9680205562499999 0.5805603078125 0.96813409375 0.58023056875 0.9574659359375 0.477330353125 0.8816422890625001 0.466674034375
0 0 0.7150342203125 0.004675140625 0.73870015 0.09140296875000001 0.7478156109375 0.0616031015625 0.565542221875 0 0.5585726296875 0 0.7150342203125
0 0.08289659687499999 0.670009290625 0.12349275625 0.49332660156249997 0.040333978124999996 0.45079715 0.0007723125 0.6323205328125 0.0236309609375 0.644474690625 0.0820397015625 0.6716208765625 0.08289659687499999 0.670009290625
0 0 0.8450788078125001 0.033661628124999995 0.8566694359374999 0.04423090625 0.654846225 0 0.6408055203125 0 0.8450788078125001
0 0 0.50374909375 0.159204415625 0.5356199 0.2011047296875 0.44700300937500004 0.0144959 0.4193891703125 0 0.449145859375 0 0.50374909375
0 0.192744515625 0 0.141852215625 0.172633109375 0.21602750468749998 0.20722161562500002 0.232038078125 0.2127344984375 0.2774826140625 0.0251429796875 0.2243597375 0 0.192744515625 0
0 0.2670755125 0.24187677187499998 0.27134328750000003 0.22475966249999998 0.2896767140625 0.14995445624999998 0.28823019843750003 0.14945638125 0.0973480125 0.1411143734375 0.07371791562499999 0.2358895125 0.0751803828125 0.23639308125 0.2670755125 0.24187677187499998
0 0.18350666875 0.197013825 0.09050375468750001 0.1870818234375 0.088053125 0.19419896875 0.1110997796875 0.37791057499999997 0.2107891203125 0.3866322625 0.18350666875 0.197013825
0 0.2210545609375 0.3256003046875 0.0274031359375 0.3367442078125 0.0213891765625 0.354210015625 0.009104021875 0.43177543125 0.013642379687500001 0.4333381125 0.20810324531250002 0.4183713578125 0.2210545609375 0.3256003046875
0 0.1488866296875 0 0.1461797734375 0.0257540109375 0.1438407453125 0.055120732812499997 0.1492597484375 0.056986645312499994 0.157896521875 0.057894406249999995 0.3345222015625 0.0561210984375 0.3428828875 0 0.1488866296875 0
0 0.795238615625 0.7399023031249999 0.7931024640625 0.745771328125 0.7840677984375 0.8501656671875001 0.8087164546875 0.85913704375 0.8528337046875001 0.8743278312499999 0.8598106015625 0.761229084375 0.795238615625 0.7399023031249999
0 0.8801099609374999 0.639340778125 0.929484990625 0.6534988390625001 0.934699471875 0.5575355625 0.8650991890625 0.5387151968749999 0.8638306828125 0.542399203125 0.8640154328125 0.634411271875 0.8801099609374999 0.639340778125
0 0.8725206312499999 0.8590721421874999 0.762905075 0.8290166687499999 0.760629953125 0.83265701875 0.7295523046875 0.8843789109375001 0.7267480843749999 0.8925229546875 0.83867306875 0.9105721640625 0.8725206312499999 0.8590721421874999
0 0.8042428921875 0.6996888078125 0.7871099359375 0.767418175 0.797031340625 0.7708343890625 0.8876342484374999 0.7716476859375 0.9114118375 0.7002584046875 0.8042428921875 0.6996888078125
0 0.8908294187499999 0.728767703125 0.9132879875000001 0.6344914703125 0.8537748890625 0.597026478125 0.8535498953125 0.5969490078125 0.8515147593749999 0.6003360437499999 0.8268923953125 0.6915209640625 0.840105075 0.7000602875 0.8839264281249999 0.7263908125 0.8908294187499999 0.728767703125
0 0.7846662515625 1 0.7892894 0.967604703125 0.733341590625 0.9339878687500001 0.729424853125 0.932639228125 0.7282474453125001 0.9345987671874999 0.7193257765625 1 0.7846662515625 1
0 0.7477045390625 0.992887840625 0.7824928953125 0.9965442453125 0.8217915734375 0.99900784375 0.7937528640625 0.9109840828125 0.7854375265625 0.886338653125 0.72407163125 0.88109873125 0.7228417874999999 0.8846704546874999 0.7477045390625 0.992887840625