0 0.630543821875 1 0.6985935140625 0.9511147671875 0.7014075828124999 0.9473803734375 0.69528545 0.940815190625 0.6492279390625 0.9073280312499999 0.5521836359375001 0.9733226374999999 0.5894664671875 1 0.630543821875 1
0 0.6098605453125 0.8546945515625 0.5022484687500001 0.9044959859375 0.54825731875 0.954010303125 0.6562634109375 0.9046427265625001 0.6098605453125 0.8546945515625
1 0.489789996875 0.7132634359375001 0.43310650781250004 0.6625346624999999 0.33460096250000004 0.7272914828125 0.33821759687499997 0.7303262 0.39504679375 0.7754924812499999 0.4879490921875 0.7154573421875 0.489789996875 0.7132634359375001
0 0.390538125 0.7708543328124999 0.43733936093750003 0.830591634375 0.5419463 0.7920340609375 0.5458939984375 0.7883527734375 0.5312667015625 0.7696306875000001 0.49586269843749997 0.7300214375 0.391081921875 0.770347234375 0.390538125 0.7708543328124999
0 0.49965734531250006 0.8959653640624999 0.6072224546875 0.8417970671875 0.573036209375 0.80513680625 0.5530935109375 0.7844855374999999 0.4439205109375 0.83754384375 0.44388440156250003 0.8375787156250001 0.49965734531250006 0.8959653640624999
0 0.436106265625 0.674950125 0.4393266140625 0.6719471015625 0.3947754390625 0.60884078125 0.28472110625 0.6533413625 0.3303804265625 0.7139333296875 0.436106265625 0.674950125
0 0.3687640109375 0.6222995421874999 0.3046990234375 0.5214282546875 0.24684314999999998 0.5799062562499999 0.3115942609375 0.6813114125 0.3603666625 0.6313045953125 0.3687640109375 0.6222995421874999
1 0.10241924531249999 0.27067810468750003 0.0990065515625 0.2670184390625 0.0313276546875 0.3085649703125 0.0806406671875 0.4396040359375 0.152282334375 0.39719702031250004 0.10241924531249999 0.27067810468750003
1 0.23308092343750003 0.39934029375 0.18096610156249998 0.3443683234375 0.0614648046875 0.41969382812499995 0.060563895312500005 0.42053394062500005 0.0627193046875 0.422845334375 0.12105931562500001 0.4832293671875 0.23585029375 0.40876461875 0.2390697015625 0.405762471875 0.23308092343750003 0.39934029375
1 0.3194945734375 0.57945453125 0.2695585359375 0.4453309265625 0.2673368625 0.442948475 0.2017348578125 0.486469765625 0.2542271375 0.622441853125 0.2786025453125 0.607036553125 0.3194945734375 0.57945453125
1 0.268076315625 0.5162632703125001 0.20911002031249998 0.3919631375 0.20652188749999997 0.389187703125 0.1422406140625 0.4389081703125 0.21096429843750003 0.563637515625 0.2359328171875 0.54341840625 0.268076315625 0.5162632703125001
0 0.8086969140625 0.8151431 0.7883039265625 0.8007776156249999 0.74462953125 0.7713188625 0.6173763890624999 0.8676983890625 0.6880647109375 0.9146200265625 0.8066600484374999 0.8181628796875 0.8086969140625 0.8151431
0 0.8335786046875 0.8393907687500001 0.8044894546875 0.817470521875 0.7717376218750001 0.794780396875 0.688107559375 0.902746959375 0.6744950890625 0.92081131875 0.6756409703124999 0.9220401265625 0.7058680765625 0.9403448687499999 0.8378223968749999 0.847233671875 0.8391943968750001 0.8454129671875 0.8335786046875 0.8393907687500001
0 0.49144010937499993 0.6885384078125 0.5211683421875 0.6645692484375 0.54587294375 0.6430938640625 0.5564773375 0.6332051078125 0.49100081875 0.5063869875 0.48706797343749997 0.502169528125 0.42967006406249997 0.5506647890624999 0.49144010937499993 0.6885384078125
0 0.6721303078124999 0.6874921796875 0.66971954375 0.6842929890625 0.6681973125 0.682660596875 0.6033400890625 0.723885184375 0.651055259375 0.87028115 0.7173627265625 0.8205701046874999 0.6721303078124999 0.6874921796875
0 0.54514048125 0.5598625453125 0.48684015625 0.6186480109375 0.5485028125 0.749044165625 0.5491807171875001 0.7497711265625 0.6040611015625 0.7020643343749999 0.6067881234375 0.6995213453125 0.5493567078125 0.5643838953125 0.54514048125 0.5598625453125
0 0.6972327578125 0.699489540625 0.6979824203125 0.6985637859375 0.6901912328125 0.690208759375 0.636412828125 0.646659865625 0.5099411859375 0.7300641421875 0.5682728640625 0.7791724999999999 0.6972327578125 0.699489540625
0 0.39790653125 0.602292025 0.5122937046875 0.532577109375 0.519264725 0.5276939828125 0.5283570984375 0.5186016078125 0.4791805578125 0.46701460156249996 0.4753914 0.46322544375 0.34316370625000003 0.5415065 0.3962127359375 0.60059823125 0.39790653125 0.602292025
0 0.165544603125 0.14821368125 0.162014540625 0.144428153125 0.1163946140625 0.174054078125 0.09536530625 0.19366422656249999 0.1465046796875 0.3015457375 0.154640325 0.29639936875 0.220225021875 0.2538081671875 0.165544603125 0.14821368125
1 0.194915921875 0.194549003125 0.138159496875 0.2589584796875 0.22742873281249998 0.358933725 0.23585684375 0.3510743828125 0.2470794609375 0.33769978906250003 0.280856459375 0.29414313124999997 0.19828281718750002 0.1973741640625 0.194915921875 0.194549003125
0 0.304726759375 0.46992058906249995 0.41452999999999995 0.396889340625 0.4072529953125 0.38908570781249996 0.3563358859375 0.33816859843749997 0.24529676875 0.4072158859375 0.24454586093750003 0.40796679375 0.304726759375 0.46992058906249995
1 0.29147889843749997 0.2692580890625 0.1869064046875 0.3566973671875 0.188747728125 0.3586719453125 0.2546880640625 0.4094612953125 0.3552155921875 0.32182711875000003 0.3515745875 0.31792261875 0.29147889843749997 0.2692580890625
0 0.46685764374999994 0.46328038281249995 0.471899953125 0.4584110828125 0.4698488375 0.45621153124999997 0.41805958125 0.40232322500000006 0.302731403125 0.4674997796875 0.361834940625 0.5268934562500001 0.46685764374999994 0.46328038281249995
0 0.8885699125000001 0.6039545296875 0.931032978125 0.7650919203125001 0.9897635125 0.726951865625 0.99950553125 0.7178672859375 0.9493358031250001 0.5673841234375 0.9488811453125001 0.5666840125 0.9455548921875 0.5631170437499999 0.8885699125000001 0.6039545296875
0 0.343817403125 0.09100240468750001 0.46246069375000004 0.2337666390625 0.47643527968750005 0.2207351265625 0.48289860625000003 0.21355687343750002 0.522062775 0.1668033109375 0.40690345624999996 0.019438175 0.343817403125 0.09100240468750001
0 0.8969686234375001 0.504141465625 0.896633896875 0.5037825140625001 0.827035728125 0.540517209375 0.8815271359375 0.7235618046875001 0.8819163812499999 0.72397921875 0.9033755671874999 0.7115897515625 0.945295259375 0.6860793953125001 0.8977626125 0.505516696875 0.8969686234375001 0.504141465625
0 0.672606528125 0.23743169218750002 0.674228753125 0.2354984015625 0.669086725 0.2299842515625 0.6039024515625 0.1752881515625 0.459003409375 0.2943499078125 0.5235015203125 0.35422374687499997 0.672606528125 0.23743169218750002
1 0.3030447625 0 0.300121953125 0.0027255640625 0.3685089078125 0.16295120000000002 0.44492554375 0.120457275 0.452680096875 0.1156116921875 0.399460275 0 0.3030447625 0
0 0.7533693328125 0.6030854859375 0.9260368531250001 0.5443157765625 0.9283095093749999 0.542839896875 0.9320245046875 0.5393756078124999 0.8876719625 0.47107868125 0.7053919828125 0.530659590625 0.7052349609374999 0.530806015625 0.7533693328125 0.6030854859375
0 0.5935672765625 0.22758605156249997 0.5451959484375 0.30009379062499997 0.6632171203125 0.4356510328125 0.6643487296874999 0.43647319375000004 0.6648141828125 0.436039153125 0.6946357703125 0.396838121875 0.7188135734375 0.3635602296875 0.5939655109374999 0.22703792812499998 0.5935672765625 0.22758605156249997
1 0.5877031140625 0.24695292812499997 0.4947446453125 0.088846484375 0.4909864125 0.0848162734375 0.42536667968749997 0.1480336671875 0.5124509546875 0.3073469890625 0.5138050640625 0.3089607546875 0.5877031140625 0.24695292812499997
0 0.8722626453125001 0.46679829531249994 0.8349913859375 0.41634071562499997 0.8170172265625 0.393334840625 0.6423679046874999 0.4660767625 0.6982766796875 0.5433262828125 0.8687034515625 0.46957904375000004 0.8722626453125001 0.46679829531249994
1 0.808177596875 0.392049465625 0.743330215625 0.32331135781250003 0.72525236875 0.33221714062499996 0.5834394328125 0.4052130703125 0.58325878125 0.4053646546875 0.63737136875 0.47108560625000007 0.80682455 0.3931848046875 0.808177596875 0.392049465625
1 0 0.6332407203125 0.0103900953125 0.6547316328125 0.02990855 0.6389259 0.07041325468750001 0.603979396875 0.026414371875 0.521376734375 0.020925842187499998 0.5154910078125 0 0.5330227953125 0 0.6332407203125
0 0.055368718750000004 0.5692717796875 0.0137920265625 0.6321906125 0.08267246406249999 0.7075660453125 0.08705826718750001 0.7034762171875 0.09151082499999999 0.6971173046875 0.123842709375 0.6471091828125 0.057392771875000005 0.5706890359375001 0.055368718750000004 0.5692717796875
0 0.18857260781250001 0.7113621218749999 0.19097464687500001 0.7091221859375 0.1505841828125 0.64448393125 0.05199058125 0.676673140625 0.09914793281249999 0.741292953125 0.18857260781250001 0.7113621218749999
0 1 0.379678684375 0.8818792734375 0.4849753859375 0.9553730874999999 0.5320919 1 0.49487682031249997 1 0.379678684375
0 1 0.3219994421875 0.9683656375 0.2963158515625 0.9648683984374999 0.29377495625 0.818129153125 0.4096415390625 0.881346484375 0.4571300546875 0.8929929109374999 0.46559167968750004 1 0.379123875 1 0.3219994421875
0 0.7856728234375 0.2625952609375 0.886590625 0.4215096984375 0.8890786703125 0.419189559375 0.950713134375 0.347517771875 0.8462384406250001 0.2000735953125 0.8416529234375 0.1959447765625 0.7856728234375 0.2625952609375
0 0.5150910718749999 0 0.6347965703125 0.12647206093750002 0.637298728125 0.1241387625 0.6902495796875 0.056364764062499996 0.6419089109375 0 0.5150910718749999 0
0 0.6275628156249999 0 0.5841926390625 0.0338844953125 0.6697774546875 0.2055232953125 0.6704516968750001 0.20624632968749998 0.6967547125 0.1858651203125 0.7452802515625 0.1479528140625 0.6742760453125001 0 0.6275628156249999 0
0 0.664972678125 0.23455630312500003 0.8422199031250001 0.180874778125 0.84825984375 0.1752424421875 0.8443095125 0.168115853125 0.8016780546875 0.09455985624999999 0.6164492515625 0.14701772500000002 0.664972678125 0.23455630312500003
0 0.7541921578124999 0.323068759375 0.917244140625 0.21429996875000001 0.8867993468750001 0.1816519234375 0.8523564015625 0.1471457046875 0.6838063359375 0.254933346875 0.6853494062500001 0.2565880875 0.7541921578124999 0.323068759375
0 0.29901311875 0.96246433125 0.39285972812500003 0.9246501921875 0.40053272812499996 0.9174950031250001 0.3846824265625 0.8950900140625 0.3614071125 0.8642026265625 0.256211121875 0.9035966265625 0.29901311875 0.96246433125
0 0.163834146875 0.79722430625 0.2412773046875 0.74322943125 0.2415393703125 0.7429058078125 0.23516948124999998 0.7360749375 0.226513415625 0.72884536875 0.1856225828125 0.695732625 0.109898971875 0.755129496875 0.163834146875 0.79722430625
0 0.36096242031250003 1 0.4522614421875 0.9718067578125 0.45437812031249997 0.9698329234375 0.4115061015625 0.916890390625 0.40874648125 0.9136021031249999 0.3043806109375 0.9586206171875 0.34075155625 1 0.36096242031250003 1
0 0.2868410359375 0.9255078796875 0.3188724421875 0.8856747374999999 0.33190000468749997 0.8677438359374999 0.2688068125 0.7849357390625 0.26730843593750003 0.7838471046875 0.22492185468749998 0.8453389343750001 0.28600075625 0.9248973812499999 0.2868410359375 0.9255078796875
0 0.296971909375 0.8023499281250001 0.2934476921875 0.798570665625 0.2895655125 0.7946884875 0.2457013828125 0.7526117250000001 0.15721170625 0.7984790687500001 0.15691045312500002 0.798780321875 0.16043466875 0.80255958125 0.1615024046875 0.8036273156249999 0.21126689375000002 0.85023768125 0.296603196875 0.802718640625 0.296971909375 0.8023499281250001
0 0.4636719828125 1 0.4343070453125 0.9372011546874999 0.43288982656249997 0.9357335796875 0.38673037187500003 0.978598390625 0.3942484609375 1 0.4636719828125 1