0 0.550028584375 1 0.5739259046875 0.9932861234375 0.57844980625 0.9903482671875 0.5739808890625 0.98194345625 0.54251338125 0.9352560296875 0.42875008281250004 0.9640795687500001 0.453358909375 1 0.550028584375 1
0 0.43585007343750004 0.957068990625 0.54807830625 0.9187888984375 0.50749715625 0.864736590625 0.3949224140625 0.9025440171874999 0.43585007343750004 0.957068990625
0 0.312622521875 0.727857759375 0.42985924375 0.723106775 0.4303316796875 0.7228555765625 0.42887341718750005 0.7186204734375 0.4034236421875 0.6506362125 0.2899043359375 0.6543450562500001 0.312622521875 0.727857759375
0 0.43688403437499995 0.8038134578125 0.4349293453125 0.69712806875 0.43203820000000004 0.6916906140625 0.3623951234375 0.7144224765625 0.362872615625 0.8315259375 0.38794081875 0.8233807828125 0.43688403437499995 0.8038134578125
0 0.50714905 0.8713626109374999 0.5110885328125 0.8692679515625 0.484130790625 0.7952021593749999 0.3628149890625 0.8009852125 0.38941649375 0.875309034375 0.50714905 0.8713626109374999
0 0.3905948546875 0.66047754375 0.391858746875 0.660138884375 0.392974496875 0.6595456296875 0.37514193125 0.5836409453125 0.2564311203125 0.5836740875 0.27606755625 0.6569582656249999 0.3905948546875 0.66047754375
0 0.3668947265625 0.565872878125 0.331078965625 0.5031218109375 0.3261872625 0.4949806484375 0.21150267500000003 0.5287782937500001 0.25176809843750003 0.6005116515625 0.365557178125 0.56667655625 0.3668947265625 0.565872878125
1 0.227335028125 0.263433209375 0.21698330625 0.2439644515625 0.1866256484375 0.19344082499999998 0.056328 0.242474825 0.0987350140625 0.31411649375 0.227335028125 0.263433209375
0 0.099366434375 0.3238975984375 0.14176491875 0.388023578125 0.27117794375000004 0.33514641093750003 0.27219350625 0.334486896875 0.2654382046875 0.3217820234375 0.2248745515625 0.2616748515625 0.0974521765625 0.3156874390625 0.0950484296875 0.3172484515625 0.099366434375 0.3238975984375
1 0.198147084375 0.431209234375 0.266988628125 0.5584176375000001 0.2735156421875 0.5549471625 0.3274126984375 0.5064180359375 0.258468575 0.382596559375 0.25717627187500003 0.3811613125 0.198147084375 0.431209234375
1 0.3107384 0.41329689687500004 0.27290159062499997 0.34129356718750004 0.13748863125 0.3875343421875 0.1748705484375 0.4517849671875 0.3067373125 0.41551473593750005 0.3107384 0.41329689687500004
0 0.715181496875 0.9015606421875001 0.702770290625 0.87992264375 0.675637653125 0.83476635 0.5195753890625 0.8683363625 0.563810828125 0.940735984375 0.71205925625 0.903436675 0.715181496875 0.9015606421875001
0 0.7348906734375 0.9118112140625 0.7092039234375 0.8822619906250001 0.681885340625 0.8532582078125 0.577635284375 0.9414777765625001 0.5604213312499999 0.9564416359375001 0.5608129109375 0.95717809375 0.587190646875 0.9819466984374999 0.7356203546875 0.9183050515625 0.7374827109375001 0.916686128125 0.7348906734375 0.9118112140625
0 0.49877410937500005 0.50435085625 0.419541225 0.528391021875 0.43340413906249997 0.677618521875 0.43365761249999996 0.678095234375 0.50634615625 0.6530665625000001 0.500967696875 0.5086798953125 0.5007688671875 0.5081024484375 0.49877410937500005 0.50435085625
0 0.6742816671874999 0.8156781843750001 0.638594715625 0.7595331328125 0.631227484375 0.7497564859375 0.48608865 0.7970619125 0.4858485078125 0.7972428734375 0.5354976828125 0.8634678156250001 0.672788271875 0.8168035390625 0.6742816671874999 0.8156781843750001
0 0.41245618281249996 0.6403388296875 0.4479096453125 0.70788343125 0.591134884375 0.6851352953125 0.598962296875 0.6809733859375 0.59861610625 0.6802939484375 0.556518928125 0.6108855453125 0.4143961328125 0.639307340625 0.41245618281249996 0.6403388296875
1 0.6299214671875 0.7706905453124999 0.6340139890625001 0.7685145125 0.6082423953125 0.6936683734375 0.45679082656250003 0.6973794515625 0.48023543125 0.76993678125 0.6299214671875 0.7706905453124999
0 0.3376495671875 0.4958243828125 0.37175823124999996 0.5669202765625 0.5081527265625 0.5363668546875 0.5203222328125 0.5298962140625 0.4980995328125 0.479784690625 0.48701644687499995 0.4589404375 0.3582212421875 0.48953073125 0.3376495671875 0.4958243828125
0 0.24963742187500002 0.2155086578125 0.30775193125 0.16318211875 0.24039815937500003 0.071747721875 0.202367946875 0.0919687453125 0.17217741250000002 0.11915242343750002 0.24202325 0.22130310625 0.24461050625 0.2199274375 0.24963742187500002 0.2155086578125
1 0.23084253124999998 0.26679240000000004 0.35608176875 0.23144274375 0.36068983593750004 0.22899259062500002 0.34872590312499996 0.2021211546875 0.32502051875000004 0.153961153125 0.19754952812499998 0.18686654062500002 0.23084253124999998 0.26679240000000004
1 0.318151225 0.419679359375 0.4432371671875 0.379931796875 0.416787390625 0.330187003125 0.40407687187499997 0.307256621875 0.2783072109375 0.3430226046875 0.2773784140625 0.3435374453125 0.318151225 0.419679359375
1 0.2715284078125 0.339007675 0.39794864375 0.3100512515625 0.403680584375 0.307003525 0.3823570890625 0.25911016875000004 0.36881839375 0.2305918234375 0.23735917187500002 0.2635634796875 0.2715284078125 0.339007675
1 0.46992673749999997 0.47597635625 0.4735226015625 0.47514618750000004 0.4756306375 0.47402532500000005 0.4560813640625 0.39479149687500004 0.3260656140625 0.3952535484375 0.343729028125 0.47261119375 0.46992673749999997 0.47597635625
0 0.8147683750000001 0.844881534375 0.817535225 0.8489835578125 0.9901992609375 0.7880504734375 0.9948143015625 0.784937590625 0.9946910843750001 0.7847058546875 0.994580715625 0.784542225 0.9525132203125001 0.7279534984375 0.7719811265625001 0.7789130765625 0.8147683750000001 0.844881534375
0 0.4629573015625 0.060256803125 0.5293322109374999 0.23311480625 0.555034396875 0.21944871250000003 0.6112521578125001 0.184859475 0.5384888578125 0.011152175 0.5384732234375 0.01112615625 0.4629573015625 0.060256803125
0 0.78262448125 0.7791559171875 0.9516318171875 0.7053957296875 0.9560570140625 0.7020611031249999 0.9538556078125 0.6979208625 0.9247619078125 0.6593122171875 0.9126894562500001 0.6440383062499999 0.7373006015625 0.7140055234375 0.78262448125 0.7791559171875
0 0.7346730328125 0.2929880921875 0.736223375 0.2919423734375 0.7291606140625 0.27865924999999997 0.6857595171875001 0.21431447656249997 0.5136557515625 0.28882439375 0.5591518468750001 0.36415691093749997 0.7346730328125 0.2929880921875
1 0.4663544203125 0 0.384786696875 0.0492311921875 0.44298650781250004 0.12624755468749999 0.590650703125 0.031382746875 0.599183375 0.0242229859375 0.5982240578125 0.022418771875 0.5869360265625 0.0082694828125 0.57999710625 0 0.4663544203125 0
0 0.7379821421874999 0.5448102921875 0.7877486734375 0.7292437078125 0.8273378843750001 0.7081937515625001 0.8630920171875 0.6869969375 0.8125266265625 0.508263309375 0.8102063046874999 0.5042443953125 0.7379821421874999 0.5448102921875
0 0.6941381734375 0.4594999203125 0.7314179968750001 0.4421160546875 0.6897448374999999 0.2677649484375 0.687116059375 0.2628209359375 0.6103377421875 0.3024355609375 0.6478419296875 0.4782143953125 0.648478571875 0.479579678125 0.6941381734375 0.4594999203125
1 0.5044473796875 0.1465272640625 0.579561878125 0.3196642234375 0.5845558343749999 0.31700889062500004 0.6537401578125001 0.265003821875 0.5875286484375 0.0983000359375 0.5851838984375 0.0946894375 0.5044473796875 0.1465272640625
0 0.836869325 0.5873963421874999 0.7518160140625 0.42330589375 0.7490796484375 0.4202668515625 0.6792008921875 0.47984776250000005 0.7643123875 0.64972364375 0.8109276062499999 0.6107543718749999 0.836869325 0.5873963421874999
1 0.8263966281249999 0.46618709999999997 0.7846262140625 0.3922587609375 0.603417665625 0.43976118125 0.602687340625 0.44018283281250004 0.6033715 0.44146954843749997 0.654616390625 0.5193884265625 0.67396606875 0.5137571265624999 0.8253532203124999 0.4667895140625 0.8263966281249999 0.46618709999999997
0 0 0.42408601875 0.028042934375000002 0.4217908515625 0.0323312609375 0.419510709375 0.0111811140625 0.34575137968749997 0 0.34687243749999996 0 0.42408601875
1 0 0.5234139390625 0.005550617187500001 0.5204626234374999 0.0241781296875 0.5083657765625 0.0600465 0.48421188906249996 0.026317478124999998 0.390536815625 0.024030564062500002 0.3870152765625 0 0.403708775 0 0.5234139390625
0 0 0.539020365625 0.0183703625 0.56828705625 0.11433927031249999 0.540753775 0.11728637500000001 0.5390522625 0.115606128125 0.5358921765625 0.11143906875000001 0.5286746171875001 0.0784006046875 0.47485212812500005 0 0.499454525 0 0.539020365625
0 0.037931546875 0.56569285 0.06695144374999999 0.6577007328125 0.081226953125 0.650110309375 0.1337486390625 0.6185520984374999 0.1046265359375 0.523777521875 0.10251695624999999 0.520266590625 0.037931546875 0.56569285
0 1 0.5258744765625 0.8731502750000001 0.5663936453125 0.9211262015624999 0.6393293484375 1 0.6169727578125 1 0.5258744765625
0 1 0.4258732125 0.833663846875 0.4829531578125 0.8790500968750001 0.558706321875 0.8802549015625001 0.5604925187500001 1 0.520902375 1 0.4258732125
0 1 0.62118605 0.9174989234375 0.62840074375 0.9159576109374999 0.629220275 0.9219914875 0.6441546421875 0.9514591734375 0.7138399625 1 0.708824540625 1 0.62118605
0 1 0.381003709375 0.993291059375 0.373552675 0.9501073703125 0.32773682656249997 0.7869928046875 0.41934840781249993 0.8483986625 0.48299620781249997 1 0.4076833234375 1 0.381003709375
0 0.7904724640625 0 0.6070399375 0.0410615515625 0.6458793359375 0.13195810624999998 0.826758740625 0.082048878125 0.8317904015625001 0.079373496875 0.7964510453125 0 0.7904724640625 0
0 0.6775255234374999 0.188356565625 0.7129555062499999 0.230580375 0.8759669062500001 0.142063675 0.859503390625 0.11110030625 0.82133071875 0.06560788749999999 0.6514215765625 0.154573496875 0.6503534156249999 0.155469790625 0.6775255234374999 0.188356565625
0 0.7392915421875 0.166950334375 0.798312140625 0.350232825 0.818539903125 0.33947753281250004 0.8817119609375 0.30137625468749996 0.8272967875000001 0.12128570000000001 0.8250688421874999 0.1174267859375 0.7392915421875 0.166950334375
0 0.7913774140625 0.249088534375 0.8479488578125001 0.438867159375 0.8709766703125 0.42662305468749995 0.9330573453125 0.39078076093749997 0.8738778875 0.2054193765625 0.8730190078125 0.2039317546875 0.7913774140625 0.249088534375
0 0.1876347171875 0.896122178125 0.2869734734375 0.880483959375 0.2967311171875 0.875295728125 0.28626425312500003 0.849746059375 0.2705336328125 0.8144145078125 0.1591720859375 0.82913489375 0.1876347171875 0.896122178125
0 0.10150561093749999 0.701682875 0.187828628125 0.6634568875 0.18846049843749998 0.6629266875 0.186633928125 0.659491409375 0.1760806015625 0.6465200203125 0.14225925625 0.6062133109375 0.05659344375000001 0.6500701484375 0.10150561093749999 0.701682875
0 0.323904125 0.9528689015625 0.33034939375 0.9494418906250001 0.3111054546875 0.894533684375 0.194899428125 0.8846954171875 0.2178580328125 0.955336696875 0.323904125 0.9528689015625
0 0.160393409375 0.8295281671874999 0.25154076718749996 0.8126114687499999 0.25899016874999997 0.8086505531249999 0.230717228125 0.7457282484375 0.2299061703125 0.7442028703125 0.1245804390625 0.7633523859375 0.160393409375 0.8295281671874999
0 0.196471246875 0.7564192109375 0.1915219125 0.665356159375 0.1881504921875 0.6590154421875 0.12382070468749999 0.6826732953125 0.12622625625 0.7811507468750001 0.1817718703125 0.7620248562499999 0.196471246875 0.7564192109375
0 0.344806175 1 0.313096159375 0.902758634375 0.31186835625 0.9011292828125 0.2608290625 0.9380491640624999 0.26639476093750003 0.9634571375000001 0.2750543203125 1 0.344806175 1