0 0.6044610953125 1 0.5822921625 0.9090078984375 0.5764714203125 0.9006950187499999 0.522266503125 0.9345398656249999 0.5364404281249999 1 0.6044610953125 1
0 0.5536835328125 0.8623013875 0.4452186921875 0.9102171468750001 0.49035639062499997 0.9605268890625001 0.5992076171875 0.9130517953125 0.5536835328125 0.8623013875
1 0.42471312031249997 0.7469726640625 0.415184925 0.635172415625 0.414963184375 0.6346235890624999 0.41452768281249996 0.6340016281249999 0.342845240625 0.6603374453125 0.3537765671875 0.7777141671875001 0.35815396875 0.7759455828124999 0.42471312031249997 0.7469726640625
0 0.49996850156250006 0.7696444421875 0.4922182765625 0.7604080828125 0.455453496875 0.72205854375 0.352388409375 0.7659125359375001 0.35883677812500003 0.7751217593749999 0.4004756609375 0.8246099109375 0.5065119124999999 0.7812647125 0.5075154687500001 0.780422628125 0.49996850156250006 0.7696444421875
0 0.480974809375 0.7582110890625 0.44427526874999995 0.7920681234375 0.42372102343750007 0.8112352656249999 0.475098346875 0.9218179078125001 0.48240982812500005 0.916698353125 0.4866019078125 0.9128315812500001 0.5348271125 0.8678608499999999 0.4830703265625 0.76045825625 0.480974809375 0.7582110890625
0 0.409842421875 0.675009746875 0.41180361562499995 0.67429593125 0.4121831953125 0.6740301468750001 0.38775155156249996 0.5998123453125 0.2694953578125 0.6101916921874999 0.295444209375 0.6814855734374999 0.409842421875 0.675009746875
0 0.29628665781249997 0.492332534375 0.23621504999999998 0.5477960265624999 0.29505230781249997 0.652128928125 0.355889396875 0.5967590109375001 0.2972004125 0.4932787546875 0.29628665781249997 0.492332534375
1 0.031713599999999995 0.284271484375 0.028296540624999998 0.2866641328125 0.069063 0.35574822500000003 0.20009359531249998 0.3090324109375 0.158429790625 0.23686858281249998 0.031713599999999995 0.284271484375
1 0.1558206328125 0.2761896453125 0.095963428125 0.3349530125 0.17291867656249998 0.452443065625 0.17871033281249998 0.44838770468750005 0.2133562734375 0.41493050625 0.23584883906249998 0.3924272140625 0.16147541875 0.2820453515625 0.1558206328125 0.2761896453125
1 0.1991417515625 0.4561666640625 0.2592210421875 0.588481909375 0.2769431296875 0.57607276875 0.3228461796875 0.5402093765625 0.26270735156249997 0.41188022343749997 0.2615183125 0.41035832499999997 0.1991417515625 0.4561666640625
1 0.2645199625 0.4874201359375 0.23230197656249998 0.3519632640625 0.2310472421875 0.3501713171875 0.1575171046875 0.3855927171875 0.198806321875 0.521884884375 0.22743300781250003 0.507298859375 0.2645199625 0.4874201359375
0 0.6034010484375 0.9166463609375001 0.7546467906250001 0.89774740625 0.758058809375 0.8953582859375 0.7487360109375001 0.8732212125000001 0.7273087828125 0.8250948703125 0.5683186296875 0.8393954515625 0.6034010484375 0.9166463609375001
0 0.6095455421875 0.921142521875 0.6578221656250001 0.9919500593749999 0.688261596875 0.9734870171875001 0.7556655218749999 0.93136836875 0.791055628125 0.9065879499999999 0.7856045421875 0.8978643890625 0.771482325 0.8796594515624999 0.6106252421875 0.9203865078125 0.6095455421875 0.921142521875
0 0.52414665625 0.5317608640625 0.38408193281249997 0.5863907203125 0.4163084375 0.6338206750000001 0.427481928125 0.6497780718749999 0.5661647578125 0.6043603015625 0.5700196375 0.601661084375 0.5331231515625 0.5445806265625001 0.52414665625 0.5317608640625
0 0.6822058796875 0.757807275 0.67664826875 0.7468998499999999 0.5254999203125 0.7682835078125 0.52539660625 0.7683361484375 0.5252437375000001 0.7684431890625001 0.5626270546875001 0.8422603453124999 0.70593505625 0.8201452625 0.7076011796875 0.81929633125 0.6822058796875 0.757807275
0 0.474830715625 0.70845676875 0.6121884765625001 0.685941759375 0.6149247109375 0.68466583125 0.617720040625 0.682708521875 0.5863162796875 0.6153629375 0.433696684375 0.6341692546875 0.433375171875 0.63439438125 0.474830715625 0.70845676875
0 0.6666439734375 0.7173828078125 0.6681832171875 0.71567330625 0.6645698171875 0.7105128359374999 0.6129687015624999 0.6640509812500001 0.47842548125000006 0.7377462890625 0.538427334375 0.792618075 0.6666439734375 0.7173828078125
0 0.439425746875 0.6153528890625 0.47323151875 0.58707123125 0.5009736484375 0.5612012734375 0.436246934375 0.44614597656250005 0.42823491249999995 0.4338136578125 0.4236440234375 0.4288905328125 0.3655866296875 0.48049001406249997 0.43887282031249997 0.6147599484375 0.439425746875 0.6153528890625
0 0.274393078125 0.14783443125 0.2619656578125 0.1359652734375 0.213463496875 0.090736275 0.10490437187499999 0.1863654421875 0.105422665625 0.18710564375 0.1670935484375 0.24138888593750002 0.27354063906250004 0.154068915625 0.2765207796875 0.15087310625 0.274393078125 0.14783443125
1 0.223375809375 0.3099174859375 0.32868053750000004 0.225364959375 0.32774110312500004 0.22402330781250002 0.30661895625 0.20432658906249998 0.265980425 0.16925750625 0.16149991875 0.249353959375 0.223375809375 0.3099174859375
0 0.280305946875 0.3477146953125 0.342031796875 0.46564354375 0.34889421249999997 0.4608384296875 0.4061501625 0.4132430203125 0.3517885 0.30116280156249997 0.3470206703125 0.295275021875 0.280305946875 0.3477146953125
1 0.2868178015625 0.222275596875 0.22900194687500003 0.2808351109375 0.304295196875 0.3928790609375 0.312955121875 0.386815315625 0.32748129531250003 0.372289140625 0.365082478125 0.332810371875 0.2889573796875 0.224415175 0.2868178015625 0.222275596875
0 0.47358953281250005 0.4555092671875 0.4779219265625 0.45212443125 0.4735939296875 0.445943409375 0.4267311578125 0.38778210468749996 0.30909214218750003 0.4431478953125 0.3577933875 0.50579285 0.47358953281250005 0.4555092671875
0 1 0.7006391765625 0.9840609484374999 0.679198140625 0.8035288546875 0.73015771875 0.8463161031249999 0.7961261765625001 0.8490829515625 0.8002281984374999 1 0.7469696203125 1 0.7006391765625
0 0.4628595953125 0.012899171875 0.40300076718750005 0.0794912875 0.5123818796874999 0.2300080546875 0.5156731890625 0.2277034546875 0.5247008046875 0.2183550859375 0.5784921453125 0.1614666921875 0.46330731875 0.0125856734375 0.4628595953125 0.012899171875
0 0.8229270609375 0.7478591031249999 0.9710103171875 0.6379710046875 0.9748752265625 0.6333649859375 0.9742951468750001 0.6325365453125 0.9344625484375 0.5991130250000001 0.9192636296875 0.58694629375 0.76410918125 0.694574165625 0.8229270609375 0.7478591031249999
0 0.7081723640625001 0.271718778125 0.7107179390625 0.2697299578125 0.70839229375 0.26640859375 0.653890003125 0.19664884375 0.48740302187499995 0.2829826078125 0.538043221875 0.354957971875 0.7081723640625001 0.271718778125
1 0.4128041609375 0 0.32582549375 0.031173965625 0.365356959375 0.1137483625 0.53281700625 0.058970009375 0.534481934375 0.0581216859375 0.5403489703125001 0.0540135421875 0.5162128234375001 0 0.4128041609375 0
0 0.8041115984375 0.46636003437499995 0.80202265 0.46782273124999996 0.73781955 0.5210524359375001 0.817495675 0.6935134796875 0.824984290625 0.68826989375 0.8557531546874999 0.6639513874999999 0.883454190625 0.6415195312499999 0.8063172703125 0.4690838109375 0.8041115984375 0.46636003437499995
0 0.67188598125 0.2442376671875 0.6005703828125 0.2756001828125 0.5895872453125001 0.2807217046875 0.6325519765625 0.4604764484375 0.63265634375 0.4606255015625 0.6474941953125 0.45370649687500003 0.71081843125 0.421033653125 0.6736280484375 0.2467255984375 0.67188598125 0.2442376671875
1 0.459613309375 0.1515926625 0.5607310046875 0.31060125 0.5657500671875 0.3070868640625 0.6256018625 0.245256040625 0.534127309375 0.090962415625 0.5312466046875 0.0877630703125 0.459613309375 0.1515926625
0 0.8732129093750001 0.4867271875 0.8292820328125 0.44194781406250006 0.8082809984375 0.42166735156249996 0.6454550718750001 0.5180078406249999 0.7115708015625 0.5867245765625 0.8700753578124999 0.48997621718750006 0.8732129093750001 0.4867271875
1 0.70026568125 0.3147710203125 0.6320416625 0.379133409375 0.640947446875 0.3972112546875 0.7139470125 0.5390312578125 0.7163454890625001 0.5373518265625 0.755808625 0.504859109375 0.7796906265625 0.48481973125 0.7030312000000001 0.31806683593749996 0.70026568125 0.3147710203125
1 0 0.5796301640625 0.013197249999999999 0.572314809375 0.0591549953125 0.544932790625 0.0299352875 0.455229209375 0.0257318703125 0.4492261078125 0 0.46405635156249997 0 0.5796301640625
0 0.10022900625 0.6116575765625 0.07959422499999999 0.5179771140625 0.075119034375 0.51158588125 0.0123816046875 0.5437123749999999 0.0320721 0.644935 0.055213571875 0.6341439546875 0.10022900625 0.6116575765625
0 0.1280116453125 0.5789519515625 0.1249697984375 0.57460774375 0.055257982812499995 0.6027731453125 0.0698517171875 0.705558159375 0.141678596875 0.67033834375 0.1280116453125 0.5789519515625
0 1 0.4127880015625 0.9380156140624999 0.44483023906249997 0.9699106953125 0.628999034375 0.9699924921875 0.629115853125 1 0.6138262640625001 1 0.4127880015625
0 1 0.37102771093750003 0.9852192390625 0.35724443125 0.830099803125 0.45394876562500003 0.8913635609374999 0.5175506953125 0.8929392937499999 0.5190200921875 1 0.45393914375 1 0.37102771093750003
0 1 0.5638891687500001 0.929231015625 0.5828487265625 0.9278486578124999 0.5838166640625 0.9364423234375 0.597569403125 0.9775630578125 0.6610790359375 1 0.6546880921875 1 0.5638891687500001
0 1 0.345074740625 0.9954261921875001 0.3385426671875 0.9820146109375001 0.3251310859375 0.9379532562499999 0.2840042578125 0.77363481875 0.37665861875 0.8445095859375 0.4443738828125 1 0.3459998484375 1 0.345074740625
0 0.6187094421875 0 0.5521890218750001 0.0171111453125 0.5514283109375 0.0176438 0.5867262 0.0994939609375 0.7723450625 0.061332096875 0.7766198515625 0.05833885625 0.7518564765625 0 0.6187094421875 0
0 0.6377781015624999 0.16256708125 0.644671040625 0.178805825 0.8318493203124999 0.1436516859375 0.834385265625 0.14187599687500002 0.796546203125 0.052732745312499996 0.6092790406249999 0.0908407484375 0.60791351875 0.091420378125 0.6377781015624999 0.16256708125
0 0.8041657265625 0.0900302984375 0.8040000796875001 0.089675065625 0.80017820625 0.084216865625 0.715514253125 0.1256853359375 0.7547304609375 0.3131995296875 0.8454248046874999 0.2709080625 0.8041657265625 0.0900302984375
0 0.7480400453125 0.2313252796875 0.8605453859375001 0.3944178453125 0.8634987640625 0.39234986875 0.9265709703124999 0.3223010859375 0.81300814375 0.16429939375 0.8117316015625 0.1631499875 0.7480400453125 0.2313252796875
0 0.231985946875 0.9259241859375 0.336313503125 0.911361675 0.3392752484375 0.9101044890625 0.341916146875 0.9082553125 0.331409834375 0.8812764546875 0.31629823125 0.8456757453125 0.2046967390625 0.8584503640625 0.231985946875 0.9259241859375
0 0.11217863749999998 0.7394430953125 0.2027858078125 0.7252787609375 0.2062735015625 0.7228366515625 0.19848974375 0.7054612984374999 0.17625297812500001 0.6577743984375 0.082155171875 0.6779649078125 0.11217863749999998 0.7394430953125
0 0.3868154515625 0.9490408390624999 0.390530703125 0.9456956125 0.3870249203125 0.9406888359375 0.34940203593749997 0.9021544468749999 0.23992577812500002 0.9423487343750001 0.29058763593750003 0.996668753125 0.3868154515625 0.9490408390624999
0 0.22846374374999998 0.8916711234375001 0.2663320671875 0.8573392109375 0.2820042484375 0.8416670281249999 0.2326418796875 0.750008484375 0.23133225 0.74869885625 0.179848078125 0.8028028968750001 0.2277293140625 0.8909366921874999 0.22846374374999998 0.8916711234375001
0 0.251933521875 0.761379003125 0.233311825 0.7391865281250001 0.208936728125 0.7119956921874999 0.1194925375 0.752026625 0.12278109687500001 0.7567231765625 0.1661246109375 0.8062489875000001 0.25572794062500004 0.769318421875 0.256839609375 0.768385621875 0.251933521875 0.761379003125
0 0.3968564859375 1 0.3781418578125 0.9252783734375001 0.3766194953125 0.9231042140625 0.32338455312500003 0.9562149703125 0.3271643234375 0.98194929375 0.3301304203125 1 0.3968564859375 1