0 0.139687590625 0.250839071875 0.118146109375 0.210359321875 0.10726565156250001 0.1936048859375 0.1031973453125 0.1958599828125 0.02788239375 0.27469312343749996 0.060829284375 0.337754271875 0.139687590625 0.250839071875
0 0.20195591249999997 0.33941509999999997 0.10610798125000001 0.2708851171875 0.051496668749999995 0.3107108140625 0.1476290453125 0.3801306078125 0.20243583906249998 0.34015412343749996 0.20195591249999997 0.33941509999999997
0 0.2626194171875 0.4725187046875 0.200195490625 0.5009362890625 0.1931119515625 0.50553639375 0.27222162656250004 0.5913286703125 0.33990899531249996 0.55560056875 0.3393275875 0.554408503125 0.2626194171875 0.4725187046875
0 0.21367075937500002 0.5406251078125 0.2139296125 0.5404570046875 0.2761410484375 0.44179536875 0.2278447421875 0.3842380703125 0.2271457796875 0.3846919828125 0.22541815468749998 0.38614163281249997 0.16667255 0.47643052187499996 0.21367075937500002 0.5406251078125
0 0.2351324359375 0.37344719375 0.1870932359375 0.3119598234375 0.1848300703125 0.313429540625 0.117300646875 0.410848328125 0.1673569875 0.474204346875 0.16739654531249998 0.474173440625 0.2351324359375 0.37344719375
0 0.3034459640625 0.5325243390625001 0.24646472187500001 0.5603159468750001 0.236261640625 0.5669419046875 0.31311131875 0.6553972109374999 0.3825583015625 0.6188144125 0.381797634375 0.6172548124999999 0.3034459640625 0.5325243390625001
0 0.379701409375 0.7218800375 0.4350550046875 0.661060884375 0.43502720000000006 0.6610180671875 0.33098537656250004 0.6023449578125 0.3224321484375 0.6112020859375 0.275046415625 0.6625248015625 0.379701409375 0.7218800375
1 0.5723993328125 1 0.6278802828125001 0.9493791546875 0.624636575 0.944384284375 0.5184669984375 0.862556346875 0.4663502734375 0.9085927093749999 0.4576417765625 0.9164338750000001 0.5626605 1 0.5723993328125 1
0 0.5074698015625 0.7727461328125 0.5066506265624999 0.7735944140625 0.430051790625 0.8905403203125 0.484909584375 0.9443956359375001 0.49036702656250003 0.9496658265625 0.4916400796875 0.9488390953125 0.49260364062499995 0.9478412984375 0.5699372015625 0.8330661171875 0.5109510515625 0.774051834375 0.5087428546874999 0.771919403125 0.5074698015625 0.7727461328125
1 0.42693511093750003 0.6387392078125 0.34084834062499997 0.751250615625 0.39160800625 0.8102495062499999 0.4810067046875 0.6962727125 0.4318384328125 0.635554953125 0.42693511093750003 0.6387392078125
1 0.47465850937500004 0.7139421265625 0.384881203125 0.8089486062500001 0.42406139062500003 0.8721187203125 0.5284621046875 0.774264903125 0.4834528640625 0.70823100625 0.47465850937500004 0.7139421265625
0 0.21044324531249997 0.13322564374999998 0.140564034375 0.161458678125 0.133153171875 0.1662713484375 0.23654734375 0.2858001578125 0.3075770640625 0.255412359375 0.3061916265625 0.25198328124999997 0.21044324531249997 0.13322564374999998
1 0.26541471250000004 0.2048044171875 0.1765051 0.115246853125 0.166865165625 0.1201586453125 0.13605475625000002 0.140167159375 0.191231140625 0.24499099218749998 0.26512787968749996 0.21098070624999998 0.267707965625 0.209305178125 0.26541471250000004 0.2048044171875
0 0.37391131718750004 0.41787972812499996 0.3134148046875 0.4651447828125 0.31394334062499996 0.46595865625000005 0.43119566875000004 0.5585836328125 0.49423160624999996 0.505461815625 0.4907454734375 0.5000936421875 0.37391131718750004 0.41787972812499996
0 0.3401162671875 0.24694888124999997 0.2858274703125 0.1844967625 0.2855161453125 0.18469893906249998 0.20904534375 0.3168706265625 0.265256059375 0.371994846875 0.266082978125 0.3712760171875 0.3401162671875 0.24694888124999997
0 0.444955090625 0.45518975624999997 0.356731696875 0.345034053125 0.2865888734375 0.3688615328125 0.2847415 0.36964569687500004 0.2777381875 0.3741937 0.37758219843749996 0.4891514453125 0.4472408109375 0.46057457812499997 0.444955090625 0.45518975624999997
1 0.38430065 0.31374535468750003 0.33299865624999997 0.2526060203125 0.330006059375 0.2545494359375 0.2529974046875 0.38418760625 0.303059325 0.44158800468750004 0.303226815625 0.44147923593750005 0.38430065 0.31374535468750003
0 0.372247740625 0.51076225 0.3828150859375 0.52704128125 0.46283560156250003 0.634635215625 0.5353667875 0.59912704375 0.5337893390625 0.595410809375 0.443683296875 0.47744498750000003 0.3971456671875 0.49719903906249996 0.3720586703125 0.5085633656249999 0.37147520625 0.508942271875 0.372247740625 0.51076225
0 0.7025499296875 0.826777178125 0.7016827109375 0.8276752093749999 0.62005341875 0.9385463921874999 0.6676983140625 0.9872770875000001 0.7065440125 0.962050396875 0.7680727515625 0.8843554453125 0.7203673296875001 0.8382868562500001 0.7058722625 0.82461963125 0.7025499296875 0.826777178125
1 0.72169333125 0.863381790625 0.6442070234374999 0.7624931796875 0.5945795484375 0.7864761312499999 0.5829716625 0.7926481546875 0.569708425 0.8012614015624999 0.6489544390625 0.9093871734375 0.7237567375 0.86726249375 0.72169333125 0.863381790625
1 0.5416464359375001 0.62000625625 0.500646090625 0.6448997000000001 0.47147997343750003 0.6638403984375 0.5626338140625 0.760328234375 0.633936690625 0.7143209125000001 0.6299219375 0.7078959671875 0.5416464359375001 0.62000625625
1 0.6789342031250001 0.79354565 0.59936819375 0.687650421875 0.55020225 0.7112116609375 0.5386597578125001 0.717092853125 0.523489728125 0.7269443859375 0.60674840625 0.8331319359375 0.6803078953125 0.796241675 0.6789342031250001 0.79354565
1 0.5771017406250001 0.618298134375 0.546312715625 0.542626603125 0.546018284375 0.5421732171875 0.54058361875 0.5444800953125 0.44046552187500004 0.6213797234375 0.4716452015625 0.6943456671875 0.5771017406250001 0.618298134375
0 0.42000179375 0 0.35380514218750003 0.05031338125 0.3742280015625 0.1198240875 0.5308207390625 0.0159334453125 0.5253344140625 0 0.42000179375 0
0 0.82956423125 0.555479828125 0.7720568906249999 0.5878797953125 0.7476435875 0.6037339796875 0.866649409375 0.7455900062499999 0.9462308875 0.7033613015625 0.9462157093749999 0.7033350140625 0.82956423125 0.555479828125
0 0.5246336578124999 0 0.40042314687499997 0.1343779140625 0.43830932968749997 0.1982432234375 0.5726684125 0.061890185937499995 0.5627340890625 0.0459919453125 0.5315080234375 0 0.5246336578124999 0
0 0.68891988125 0.5925454015625 0.836741228125 0.46882103124999996 0.8262997078125001 0.44918338750000003 0.79321404375 0.393836990625 0.78613101875 0.39760310312499997 0.645505090625 0.509825040625 0.68891988125 0.5925454015625
1 1 0.7520031984375 0.8631118703125 0.6382831999999999 0.8564243703125 0.6445193953125 0.7956003109374999 0.707333959375 0.93290685 0.8150486515625 0.9540217265625 0.801336490625 1 0.7584610578125 1 0.7520031984375
1 0.6429739203125 0.2320232921875 0.64511264375 0.2306343890625 0.6434134593749999 0.2275689796875 0.51242984375 0.091453315625 0.4812543984375 0.1087341484375 0.447180453125 0.12815266875 0.43951339999999994 0.1331317109375 0.5695692921875 0.271611171875 0.6429739203125 0.2320232921875
0 0.5940508921875 0.3693101578125 0.594804103125 0.37061475625 0.717282178125 0.5021589875 0.7938244609375 0.46195971093750005 0.7949682124999999 0.46121695 0.672311396875 0.322858409375 0.6366885390625 0.3434252765625 0.5940508921875 0.3693101578125
1 0.8353145796874999 0.6527806890625001 0.9055301312499999 0.5937202125 0.9046295140625 0.5923333828125 0.7539059859374999 0.48099367187500003 0.6845133953125 0.5480053171875 0.685976778125 0.54952069375 0.8353145796874999 0.6527806890625001
0 0.4842292828125 0.2229423046875 0.6270022765625 0.3488098546875 0.70302391875 0.2933634796875 0.7014573093750001 0.29095111406249996 0.7005727359375 0.2896396796875 0.560858209375 0.1698396640625 0.53962015 0.183631821875 0.5328909375 0.18817073125 0.4842292828125 0.2229423046875
1 0.5571812765625 0.3631800265625 0.599144853125 0.4372507625 0.5993511093749999 0.4371364328125 0.718319890625 0.330902053125 0.7331126765625 0.31721647656249996 0.6951160062499999 0.238153275 0.6914208046875 0.23246316406249998 0.690634528125 0.2328990046875 0.5571812765625 0.3631800265625
0 0.3917199828125 1 0.3534193984375 0.9491734078125 0.3500031765625 0.9513919281250001 0.3051088078125 1 0.3917199828125 1
1 0.30495868593750003 1 0.35819800625 0.9429922703125 0.3148335484375 0.8792149031250001 0.30993665625 0.88239498125 0.24598758125 0.9564751499999999 0.2765133234375 1 0.30495868593750003 1
0 0.278152815625 0.82303405625 0.2711731640625 0.8144149046875 0.2671284421875 0.817041578125 0.20781857499999998 0.89572535 0.2519820140625 0.95457978125 0.3165605109375 0.8731663734374999 0.278152815625 0.82303405625
0 0.27296389374999996 0.8245046468749999 0.2453982171875 0.7591817125 0.2411395953125 0.7526240109375 0.23778982656249997 0.7543308046874999 0.16341466875 0.8187997250000001 0.1986532453125 0.88795933125 0.27296389374999996 0.8245046468749999
0 0.644951253125 0 0.5844470375 0.070032378125 0.63027373125 0.14433729374999998 0.7561308062500001 0.008018253125 0.7545923640625001 0.0055562296875 0.75098410625 0 0.644951253125 0
0 0.8267368875000001 0.157295609375 0.6937608187500001 0.0275526765625 0.6713402703125 0.0404971859375 0.6173670812500001 0.075645321875 0.618279696875 0.07722601875 0.7466024296875 0.2052810765625 0.8267368875000001 0.157295609375
0 0.5322928703125 0 0.5803997812499999 0.067721971875 0.580613125 0.067583425 0.63915383125 0 0.5322928703125 0
0 0.83598088125 0.11288612656250001 0.8298649734374999 0.1013837765625 0.8218731375000001 0.089077428125 0.6817458484375 0.20951961562500002 0.7257805015625001 0.29709551875 0.8624283703125 0.1670465296875 0.83598088125 0.11288612656250001
0 1 0.4614413078125 0.8912059296875 0.5304369734375001 0.9227892656250001 0.614144090625 1 0.57032779375 1 0.4614413078125
0 1 0.4245648125 0.8931254687499999 0.35073546875 0.848088859375 0.3927327859375 0.8237296328125 0.41563103593750006 0.82416408125 0.416096921875 0.9805897625 0.5276840421875 1 0.509583703125 1 0.4245648125
0 0.9222048015625001 0.25085708281249997 0.916951453125 0.24413310156249998 0.907668965625 0.25016121875 0.790973559375 0.38997715781250003 0.852593634375 0.46884725625 0.9732560171875001 0.3188401640625 0.9222048015625001 0.25085708281249997
0 0.8140725484375 0.1723119125 0.738136578125 0.209348359375 0.7270704125 0.2165348125 0.852314315625 0.369003184375 0.9354043828125 0.3265705875 0.9346513671875 0.32502667500000004 0.8140725484375 0.1723119125
0 1 0.573358809375 0.9444016390625001 0.6116780796875 0.9778609875000001 0.6817432265625001 0.9899325625 0.7044465546875001 1 0.6971313703125 1 0.573358809375
0 0 0.54224945 0.0606849078125 0.6243503203125 0.1238585109375 0.5991815109374999 0.121722359375 0.593312484375 0.061539928125 0.5075344109375 0.026218626562500003 0.5203903140625 0 0.53044396875 0 0.54224945
0 0.11586592343749999 0.7450518125000001 0.19268395 0.8026968875 0.2464521890625 0.763673559375 0.24444219843749998 0.760578446875 0.2421476265625 0.7575334453125 0.1742691953125 0.7003536515625 0.1736301671875 0.7007686421875 0.1472482359375 0.7206488531249999 0.11586592343749999 0.7450518125000001
0 0 0.5778461703125 0.0687916234375 0.483719103125 0.04502384375 0.4420256171875 0.038528165625 0.43202315156250004 0.0340340640625 0.434831378125 0 0.4721909609375 0 0.5778461703125
0 0.154593625 0.6140098593750001 0.108426071875 0.5605320468749999 0.10255779375 0.5643429515625 0.0478170453125 0.6410461453125 0.0925153546875 0.701279321875 0.09302951875 0.7009454203125001 0.154593625 0.6140098593750001
0 0.16117260312499998 0.7392414453125 0.210162003125 0.6905783390625 0.20730335000000003 0.6861763984375 0.12503955312499998 0.6422313234375 0.1137468859375 0.6531844328124999 0.0729383515625 0.69544290625 0.16117260312499998 0.7392414453125
1 0 0.4950343734375 0.0358703109375 0.4146983921875 0.031459210937499996 0.410584975 0 0.3836334296875 0 0.4950343734375