0 0.5507882578125 1 0.593309503125 0.984340471875 0.5961022390624999 0.982078959375 0.593094828125 0.9768699734374999 0.5744924609375001 0.9538979609375 0.5525912546875 0.928177559375 0.4452887 0.97086225 0.44603225625 0.9721501265624999 0.469384615625 1 0.5507882578125 1
0 0.5075130671875 0.8411380125000001 0.5059510984375 0.838432603125 0.44673120468749994 0.8684743953125 0.4644158515625 0.9859040640625001 0.52521948125 0.9550663484375 0.5075130671875 0.8411380125000001
0 0.28922768125 0.68220351875 0.333550634375 0.7450979484375 0.44409860468750006 0.7041597671875001 0.44125732656250005 0.7003892656249999 0.3960448609375 0.6435968046875 0.28922768125 0.68220351875
0 0.4336754140625 0.697622446875 0.42999244843750006 0.6912433625000001 0.3639403671875 0.7306048015625 0.3832946078125 0.839814596875 0.4511689859375 0.805230871875 0.4336754140625 0.697622446875
0 0.399178234375 0.8006898187499999 0.434114971875 0.916924853125 0.445498453125 0.910352596875 0.49995579843750004 0.8736206531249999 0.4678635296875 0.761107815625 0.46497622187500004 0.75682720625 0.399178234375 0.8006898187499999
0 0.2957871234375 0.6791951218750001 0.4064329671875 0.641062146875 0.39481279062499997 0.620935409375 0.3655940015625 0.577616771875 0.25414091875 0.6122023921874999 0.2537370296875 0.61247481875 0.2957871234375 0.6791951218750001
0 0.271504075 0.633428025 0.3167756546875 0.60758884375 0.336486725 0.5962086531249999 0.34272503906249996 0.5924602953125 0.308945715625 0.47783788749999995 0.2372123578125 0.518103309375 0.271504075 0.633428025
1 0.18145333749999998 0.32241514531250004 0.1658873390625 0.1883427234375 0.164965953125 0.1853290078125 0.164035790625 0.1837179203125 0.0855335640625 0.20715425937499998 0.103943978125 0.34680355937499996 0.1151503765625 0.3433774203125 0.18145333749999998 0.32241514531250004
0 0.2076657515625 0.253037228125 0.1271693609375 0.280775828125 0.1465277203125 0.419018053125 0.1469203828125 0.41969816406250005 0.227665421875 0.393462509375 0.21055836249999998 0.258511196875 0.210213678125 0.25745036718750003 0.2076657515625 0.253037228125
1 0.29199071718749997 0.3966920484375 0.2913724625 0.39489650468750004 0.2913559078125 0.39486783124999997 0.217470009375 0.41787076562500003 0.23130850781249998 0.5636968125 0.3070732140625 0.5376089328125 0.29199071718749997 0.3966920484375
1 0.298647634375 0.42861200468750005 0.30824748125 0.42306953125 0.2731527640625 0.36025290625 0.13613801718750002 0.3953788609375 0.1732083125 0.46901659999999995 0.298647634375 0.42861200468750005
0 0.58577681875 0.8182409890625 0.6056252734375 0.976698340625 0.6056863625 0.9768041484375001 0.681694728125 0.9397323906249999 0.6580537875 0.7925071906250001 0.6545361796875 0.786414515625 0.58577681875 0.8182409890625
1 0.6727701265625 0.8461216374999999 0.6695187046875 0.8404900109375 0.594205446875 0.8760682171875 0.64049195 0.9892699890625 0.6841295078125 0.97074694375 0.6727701265625 0.8461216374999999
0 0.4666595453125 0.496761403125 0.408448984375 0.54594326875 0.46999313593750003 0.6833126734375 0.472991259375 0.68158170625 0.4999472640625 0.6598477265625 0.5354952 0.6289463765625001 0.46810813281249997 0.49842781093750005 0.4666595453125 0.496761403125
0 0.5332769796875 0.845543925 0.681924375 0.829782834375 0.684890590625 0.8280702890624999 0.6504650187500001 0.7542444125000001 0.5067744765625 0.7713087859375001 0.505781453125 0.7717718390625 0.5332769796875 0.845543925
0 0.5622665453125 0.711842228125 0.5371405671875 0.5737043500000001 0.533862375 0.5680263546875 0.46717892499999997 0.6015566390625 0.4886478890625 0.753838465625 0.49826588281250006 0.7491474578124999 0.5622665453125 0.711842228125
1 0.489004771875 0.769346059375 0.6398484671875 0.76747283125 0.6429053328125 0.7657079484375 0.615661171875 0.6908552390625 0.46470361562500007 0.6971918968749999 0.4643596203125 0.6973905031250001 0.489004771875 0.769346059375
0 0.4344933796875 0.6095253984375 0.469265571875 0.582440771875 0.49789365312499995 0.5575547624999999 0.4372217390625 0.44031062343749994 0.42964498906250004 0.4277062 0.4252287109375 0.4226258546875 0.3654058890625 0.47216773125 0.433961484375 0.608913521875 0.4344933796875 0.6095253984375
0 0.28819855625 0.17784392499999999 0.22827569531249997 0.07952983125 0.1900063984375 0.1016246203125 0.15695092500000002 0.1283924140625 0.224754440625 0.23131305468750002 0.2282989828125 0.22926661250000002 0.28819855625 0.17784392499999999
1 0.236753315625 0.2817188578125 0.3488704109375 0.22090919062499997 0.3519234515625 0.21852389374999998 0.35110415625 0.217104834375 0.31247281875 0.165114428125 0.30042359531249996 0.149692128125 0.1822655046875 0.21725813125000001 0.236753315625 0.2817188578125
1 0.38797027968750003 0.294413559375 0.38703005468749996 0.291830315625 0.3840656078125 0.2866957421875 0.309071746875 0.315087246875 0.324909975 0.446457009375 0.40672585625 0.41801636093749994 0.38797027968750003 0.294413559375
1 0.26701309375000004 0.34789662187500003 0.3956950921875 0.31123816249999997 0.39781559375 0.310013890625 0.373508375 0.26230828906250003 0.35849570000000003 0.23453758906250002 0.228942240625 0.2743441015625 0.26701309375000004 0.34789662187500003
1 0.4492915 0.48616533281249996 0.427488021875 0.36503056875 0.4240782765625 0.35912471875 0.35314428124999997 0.389033128125 0.372655875 0.520017909375 0.3750801828125 0.5189888515625001 0.4492915 0.48616533281249996
0 0.8589366406250001 0.6869521234375 0.8553392765625001 0.8535517328125 0.9239768484375 0.8325671218749999 0.93416158125 0.8266869640625 0.9274287343750001 0.6685477421875 0.9273673484374999 0.6683469625 0.924591446875 0.6635389593750001 0.8589366406250001 0.6869521234375
0 0.45229406718750004 0.192486896875 0.6254199687499999 0.140454215625 0.6277939828125 0.1393471953125 0.630725534375 0.1376546625 0.6133989718749999 0.1004977328125 0.5917151828125 0.05802893906249999 0.41106853125000004 0.10645350468749999 0.45229406718750004 0.192486896875
0 0.77647685625 0.752309321875 0.9541639125 0.715906534375 0.9621757687500001 0.7112808875 0.9404251453124999 0.664636528125 0.9317921312499999 0.6471863828125 0.745688940625 0.6791592578125 0.77647685625 0.752309321875
0 0.5414855171874999 0.2258745984375 0.6230002375 0.4001182671875 0.62828075625 0.3970695578125 0.6978409078125 0.3446522234375 0.6184228984375 0.1847324296875 0.61293328125 0.1774474625 0.5414855171874999 0.2258745984375
1 0.4512519828125 0 0.368666746875 0.049845325 0.42686655937499995 0.1268616859375 0.5745307546875 0.031996878125 0.582953375 0.024929459374999997 0.581214834375 0.02191821875 0.5708160765625 0.0088836140625 0.5633618390625 0 0.4512519828125 0
1 0.8022158062500001 0.49318695 0.734627584375 0.541080103125 0.8036066859375 0.7198366890625 0.8150122124999999 0.7132517046875 0.815105259375 0.7131841031249999 0.8739146468750001 0.66941029375 0.8049435062500001 0.4969413078125 0.8022158062500001 0.49318695
0 0.555293203125 0.379446540625 0.6018528 0.4316332625 0.6163046249999999 0.44713094687500005 0.7731489218750001 0.3512328109375 0.7706173265625 0.346847959375 0.766289815625 0.342207271875 0.7121135359374999 0.288580353125 0.555759496875 0.379011715625 0.555293203125 0.379446540625
1 0.63220566875 0.28239680312500004 0.6014283093749999 0.097553984375 0.6006015062500001 0.0961219203125 0.51610104375 0.131871540625 0.5403084296875 0.311811553125 0.540994278125 0.313803403125 0.63220566875 0.28239680312500004
0 0.8724653515625 0.513267653125 0.8301240125 0.46698239218750004 0.8098435500000001 0.4459813578125 0.6437545765625 0.5365806156249999 0.7074318515625 0.607562896875 0.8692163203125001 0.5164052046875 0.8724653515625 0.513267653125
1 0.7729866375000001 0.5124414140625 0.7694087781250001 0.4926091046875 0.7397696234375 0.3434181703125 0.7360159734375 0.3369166578125 0.6601431296875 0.36985513124999997 0.6885437828125001 0.555690075 0.6940561859375001 0.5532357953125 0.7729866375000001 0.5124414140625
1 0 0.5405152875 0.000979453125 0.5427357828125 0.007107128125000001 0.53919796875 0.021395078125 0.5284312265625 0.06309472499999999 0.49491960468749996 0.019611092187500002 0.405931778125 0.0179858484375 0.4037750078125 0 0.417805096875 0 0.5405152875
0 0 0.5493106531249999 0.0091724109375 0.578325315625 0.105283784375 0.5725781296875 0.10579478125 0.5724316046875 0.11181556562499999 0.568955503125 0.1114509671875 0.567683996875 0.0900234546875 0.502188434375 0 0.5053448281249999 0 0.5493106531249999
0 0.1560860765625 0.6074486109375 0.1106888125 0.551387659375 0.017257903124999998 0.5951161609375 0.018425446875 0.5971384046875 0.0714340125 0.6537435828125 0.1567098421875 0.6130588312499999 0.1584919515625 0.6116157078125 0.1560860765625 0.6074486109375
0 1 0.47474134531249995 0.9864985468749999 0.445407125 0.9199532874999999 0.5019140734375 0.9923793249999999 0.6739964406250001 0.9940728953125 0.6730186578125 1 0.6680452265625 1 0.47474134531249995
0 1 0.40490154062499994 0.8302139484375 0.48154478906250003 0.8800649421875001 0.5429163499999999 0.8893183671875 0.553944153125 1 0.5024730765625 1 0.40490154062499994
0 1 0.6005952234375 0.9253902328124999 0.6083041859375 0.9251543718749999 0.6083994796875001 0.9545962515624999 0.6910290546875 1 0.6870585109375 1 0.6005952234375
0 1 0.3708223203125 0.9898880484375001 0.359591859375 0.9467043593750001 0.3137760125 0.7835897953125001 0.4053875921875 0.844995653125 0.46903539375000003 1 0.392031953125 1 0.3708223203125
0 0.7112412015625 0 0.5893312546875 0.0453997609375 0.6331532515625 0.123399896875 0.8076358265625 0.0679914109375 0.8175188046875 0.0622854703125 0.7829934062499999 0 0.7112412015625 0
0 0.6386655218749999 0.1526757296875 0.6908599453125001 0.209098340625 0.702891165625 0.22200024375 0.8623282281250001 0.1275709 0.8444199859375001 0.0965529140625 0.8024876000000001 0.05158593593750001 0.6395477359374999 0.1514448859375 0.6385123390625 0.15241040781249998 0.6386655218749999 0.1526757296875
0 0.9108410515625 0.2483670515625 0.9174683921875 0.24454075468749997 0.87621220625 0.15606657968749998 0.6881593203125 0.1989623375 0.7308003640625 0.2860202703125 0.9108410515625 0.2483670515625
0 0.802836725 0.22296489843749998 0.8152993734375 0.421114534375 0.81551175 0.42148238125 0.9090115937500001 0.3928966109375 0.8930991765625 0.1996177453125 0.8918871812500001 0.1975185078125 0.802836725 0.22296489843749998
0 0.6139224515625 0 0.6434887765624999 0.0793963546875 0.7094816359375 0.0478430890625 0.73142370625 0.036663046875 0.718801640625 0 0.6139224515625 0
0 0.24845747031249998 0.7905773234375 0.1929423203125 0.8298512484374999 0.23262782343750002 0.935825653125 0.23558032187500003 0.934121028125 0.2613588359375 0.9153777828124999 0.2913780625 0.8927566734375001 0.25221621875 0.7955653500000001 0.24845747031249998 0.7905773234375
0 0.09717257343749999 0.7125423234375 0.1829000953125 0.6957072531249999 0.190071171875 0.6915670296875 0.16387928125 0.63273908125 0.16346281406250002 0.6318471437500001 0.06832936875 0.645022546875 0.09717257343749999 0.7125423234375
0 0.2310007609375 0.9500440250000001 0.34448466875 0.959651834375 0.3456482265625 0.9589800546875 0.32557504375 0.8933236328125 0.32424818125 0.8892410140625 0.21061760000000002 0.891885309375 0.2310007609375 0.9500440250000001
0 0.2720334640625 0.8103603578125 0.2340486859375 0.7500318859374999 0.1323009765625 0.78369063125 0.17697530625 0.8442381937500001 0.2664346640625 0.814280678125 0.2720334640625 0.8103603578125
0 0.18446051562500002 0.6648529562500001 0.12475039843749999 0.7024419765625 0.147373403125 0.7974084796875001 0.18913250625 0.77329885 0.1979333109375 0.76801079375 0.21114598906249998 0.7594714703125 0.186523625 0.6682865484375 0.18446051562500002 0.6648529562500001
1 0.35704096875 1 0.33636296250000003 0.9108663312499999 0.3352818375 0.9091361718750001 0.2812189859375 0.9414671921875 0.28454905468749997 0.9672635625 0.28934314687499996 1 0.35704096875 1