0 0.1334618640625 0.827738515625 0.1387331171875 0.82945125 0.1407028796875 0.8258977046875 0.158791175 0.7668068796874999 0.064797515625 0.6965354328125 0.044488585937500005 0.7647245328125 0.1334618640625 0.827738515625
0 0.1435895890625 0.7758585265625 0.1443820015625 0.77629776875 0.1910577234375 0.728134975 0.13610519999999998 0.6228606 0.0886540171875 0.6718139578125 0.1435895890625 0.7758585265625
1 0.25227134375000004 0.41050795156250003 0.20810374843749999 0.468116753125 0.26974612656249997 0.5599497203125 0.2723117203125 0.561371853125 0.32170859531249996 0.5041992859375 0.2556439734375 0.4074270203125 0.2550381625 0.40709121406250004 0.25227134375000004 0.41050795156250003
0 0.25204445781249996 0.6281218046875 0.2535644265625 0.6287359125 0.2593053140625 0.6183790796874999 0.28308684687499996 0.55951771875 0.1931774421875 0.484697371875 0.168273265625 0.5604053578125 0.25204445781249996 0.6281218046875
0 0.1278211171875 0.6053345109375 0.184874396875 0.7094185328125 0.187170334375 0.7106911921875 0.2410979265625 0.654847534375 0.18426186093750002 0.5475927484375 0.1842257484375 0.5475578765625 0.1278211171875 0.6053345109375
1 0.3788651390625 0.41880201718750004 0.3800776 0.4166146796875 0.3249330828125 0.3618938359375 0.224278165625 0.424829090625 0.2797655078125 0.47657187187499994 0.3788651390625 0.41880201718750004
0 0.328597815625 0.41096947031250003 0.4234235703125 0.3384164796875 0.42347083906250005 0.3383312046875 0.3602036796875 0.2858177359375 0.264827834375 0.3591604921875 0.318895153125 0.40338891875 0.328597815625 0.41096947031250003
1 0.5053045625 0 0.4400792921875 0.11127375312500001 0.4434254203125 0.11312854218749999 0.5178267578125 0.1407646625 0.584892390625 0.0221774078125 0.5864864796875 0.0177976921875 0.5361021359375 0 0.5053045625 0
1 0.5509874953125 0.09414558281249999 0.5492842328124999 0.0932014484375 0.4725358703125 0.0644631546875 0.3981719796875 0.18451465 0.4003813125 0.185739303125 0.4496640046875 0.20465715625 0.47956468125 0.2155320390625 0.548173059375 0.101477440625 0.5509874953125 0.09414558281249999
1 0.418057046875 0.36346725156250004 0.42596575156250005 0.36785111875 0.468085503125 0.30299238906250003 0.36726272031249996 0.19898468125 0.32294818593749997 0.26296620000000004 0.418057046875 0.36346725156250004
1 0.44584900625 0.295915890625 0.4483194109375 0.29806337968749996 0.45269235312499995 0.3004873421875 0.49867561718750003 0.24531326406249998 0.4167810203125 0.1299869921875 0.36131907343749997 0.1909845015625 0.44584900625 0.295915890625
1 0.28086654218749996 0.8978261203125 0.2811854421875 0.8979748265625 0.29081138906250004 0.8806091593750001 0.3179504546875 0.8224092421875 0.20151970156250001 0.718024378125 0.16696433125000001 0.7883675375 0.28086654218749996 0.8978261203125
0 0.1505607265625 0.821182653125 0.26316777343750003 0.9369465968749999 0.264538509375 0.93767543125 0.2977925703125 0.87768351875 0.30463732499999996 0.8634699359375 0.1849173859375 0.7977591890625 0.1645399078125 0.7869242921875 0.1505607265625 0.821182653125
0 0.3323474546875 0.5055990859375 0.44200933906250006 0.603878075 0.4451113203125 0.605324553125 0.47627172656249994 0.5444883468749999 0.48288571874999997 0.5303045921875 0.36554251249999997 0.4363199125 0.3405802203125 0.4879438609375 0.3323474546875 0.5055990859375
0 0.374208634375 0.6910471765625 0.299061834375 0.660470690625 0.2041758015625 0.7726442984374999 0.2749126796875 0.8080035828125001 0.3723047734375 0.6957593984375 0.374208634375 0.6910471765625
0 0.417293428125 0.6690046140625 0.4232930203125 0.6706122 0.42363067499999996 0.67000305625 0.4428413671875 0.5983077734375 0.3134856453125 0.5143826796875001 0.297598909375 0.5979602468749999 0.417293428125 0.6690046140625
0 0.3353531390625 0.59134151875 0.25125889218749997 0.7194186984375001 0.254833059375 0.7213998921875 0.32970343281250003 0.740067171875 0.4071385109375 0.6141802281250001 0.4079511296875 0.6109209921875001 0.3353531390625 0.59134151875
0 0.37613673593749997 0.41906861875 0.37469515625 0.42098165937500004 0.459651228125 0.524553184375 0.4654570109375 0.5307767625 0.46594629374999996 0.5311454624999999 0.47679855312499997 0.5371609687500001 0.519967228125 0.48263775625000005 0.5231921625 0.4783581234375 0.4272703921875 0.358311878125 0.37613673593749997 0.41906861875
0 0.7010152140625 0.14707687187500001 0.709750571875 0.1506061828125 0.7121919796875 0.1462017671875 0.7389947875 0.073955684375 0.6148640796875 0.0033320890625000003 0.58102714375 0.08428636875 0.7010152140625 0.14707687187500001
1 0.6043528578124999 0.22555401874999997 0.7021201546875 0.1450343328125 0.7045834 0.14059051875 0.6420225546875 0.083492846875 0.539429734375 0.1719302109375 0.5613923203125 0.19102199687500002 0.6043528578124999 0.22555401874999997
0 0.5115070125 0.2263999921875 0.471064690625 0.29857323281250003 0.5634571562499999 0.3851096546875 0.5682085406249999 0.38774339062499996 0.5973320734375 0.33729995 0.6105910546875 0.313380115625 0.512454065625 0.226946775 0.5115070125 0.2263999921875
1 0.5129934390625001 0.2108930546875 0.5958371078125 0.3173066 0.5970959062500001 0.3180043640625 0.6322433937499999 0.27757180312499996 0.6523680921875 0.25324920624999997 0.5669285562499999 0.1480411140625 0.5129934390625001 0.2108930546875
0 0.4735060046875 0.44503034531249996 0.5808381093749999 0.3767245921875 0.5833410812500001 0.3722091125 0.5231063781249999 0.3177059 0.4155768109375 0.3907928421875 0.46383728281250003 0.4360141140625 0.4735060046875 0.44503034531249996
0 0.49706425000000004 1 0.565622515625 0.9189784015625 0.56666784375 0.916391125 0.495974378125 0.8863362046875001 0.490550209375 0.8841446984375001 0.4046273796875 1 0.49706425000000004 1
0 0.9255995234375 0.257879690625 0.8403918031250001 0.2286201765625 0.7449699234375 0.38746683437499996 0.754486434375 0.392741921875 0.760118996875 0.39490406093749997 0.8335029890625 0.42219118437500003 0.9255886468750001 0.2579080265625 0.9255995234375 0.257879690625
0 0.4210579984375 0.8825965531250001 0.5675064937500001 0.99465405 0.57285459375 0.9970351796875001 0.5751923265625 0.9928177968749999 0.5947852499999999 0.94881136875 0.6022912734375 0.9308476265625 0.4560663625 0.8113698578124999 0.4210579984375 0.8825965531250001
0 0.645748609375 0.471567503125 0.7842341296875001 0.586093921875 0.791431025 0.5900832265625 0.823038159375 0.5392462515625 0.8360628125 0.5157491546874999 0.6906004578125 0.38961743437499996 0.645748609375 0.471567503125
1 0.8488908015625001 0.33372182499999997 0.982450484375 0.2129838265625 0.9841080796874999 0.209993446875 0.9319503765625001 0.1677569703125 0.905789190625 0.15325558749999998 0.7782291859375 0.27523191874999997 0.7781926921875 0.275297753125 0.8062630875 0.2992025828125 0.8488908015625001 0.33372182499999997
0 0.58525530625 0.9188478609375 0.5930367828125 0.923161203125 0.645663465625 0.8626211296875 0.53802415625 0.7036429890625 0.48175156093749993 0.7699071625 0.58525530625 0.9188478609375
0 0.60682816875 0.6304373984375 0.6526533484375 0.6501363546875 0.6907918828125 0.665545321875 0.793055409375 0.511378046875 0.7924272265625001 0.5111242453125 0.7103711921875 0.4817309625 0.6073924859375001 0.6290406671875 0.60682816875 0.6304373984375
1 0.6937153484375 0.3852970359375 0.8328489250000001 0.5129980609375 0.8335108468750001 0.5133649703125001 0.878289846875 0.43280791250000006 0.7472591484375 0.30477070781250004 0.74677980625 0.3045050046875 0.6937153484375 0.3852970359375
1 0.676751946875 0.828461615625 0.6971892296875 0.7694593750000001 0.7065078734375 0.7389794671875001 0.5454187265625 0.6398734609375001 0.5158707609375 0.72793774375 0.672102746875 0.8270402140625001 0.676751946875 0.828461615625
0 0.621075734375 0.7372115124999999 0.6375378421875 0.725587375 0.7628101296875001 0.6337795921875 0.7646906265625 0.631616328125 0.7654155625 0.6303085078125 0.7026130671875 0.5746809953125 0.54619204375 0.6789579703124999 0.5507460187500001 0.6829166796874999 0.621075734375 0.7372115124999999
0 0.26040042812499997 0 0.3080577375 0.0595309 0.3145466171875 0.06312774374999999 0.3632821453125 0.0050470015625 0.3590882421875 0 0.26040042812499997 0
1 0.265775053125 0.12231289218750001 0.3345192609375 0.054041884375 0.33780859531249996 0.04810776875 0.271397684375 0.0094352859375 0.202384065625 0.0835529828125 0.22872557031250002 0.1000129828125 0.265775053125 0.12231289218750001
0 0.295469853125 0.096391 0.222125421875 0.07884119687499999 0.17471000625 0.16962359062500001 0.1781187375 0.17151308125 0.1876956828125 0.174079215625 0.24574610156249999 0.18735746250000002 0.29483033281250004 0.0987777203125 0.295469853125 0.096391
0 0.1930553625 0.143856815625 0.132931140625 0.22685727031249997 0.1386521734375 0.230028490625 0.20828642031250003 0.25249195625 0.263799659375 0.1746491171875 0.2645671703125 0.172749459375 0.1930553625 0.143856815625
0 0.7166448609375 1 0.8049705390625 0.9028807531249999 0.726954315625 0.8637045421874999 0.597403984375 0.9970416125 0.6027410578125 1 0.7166448609375 1
0 0.6925393890625 0.9394397296875001 0.714002359375 0.9539166859374999 0.853451903125 0.8356760937500001 0.8548439312499999 0.8331648093749999 0.77911295625 0.7803072703125 0.6421701421875 0.89909905 0.6411494859375 0.9006122359375001 0.6925393890625 0.9394397296875001
0 0.7556508562500001 1 0.762153828125 0.9939363515625 0.7667341953125 0.98567315 0.6885177234375 0.942177646875 0.628429484375 1 0.7556508562500001 1
0 0.70655425625 0.765724446875 0.846580759375 0.8899698562499999 0.8520226624999999 0.8801524031250001 0.8623061796875 0.8590680671875001 0.8886090015624999 0.801865928125 0.7425644296875 0.6849470390625 0.70655425625 0.765724446875
0 1 0.3489449625 0.8885189390624999 0.49919418593750003 0.9250715484375001 0.519455628125 0.9670734515625 0.5417884359375 1 0.5016777328125 1 0.3489449625
0 1 0.5297559765625001 0.9181460265625001 0.41914625 0.9160275703125 0.41797197031250005 0.86465373125 0.4745713171875 0.8528495125 0.48768122812500003 0.96416688125 0.642956496875 0.9663554187500001 0.6441696234375 1 0.6068035296875001 1 0.5297559765625001
0 0.8000970359374999 0.5828692281250001 0.918657403125 0.724919625 0.9259015921874999 0.72893514375 0.9313282765625001 0.721989303125 0.9823794921875001 0.654006221875 0.8617171109375 0.5039991296874999 0.8000970359374999 0.5828692281250001
0 0.8502168375 0.6051576703125 0.75294930625 0.7777718765625 0.7561026671875 0.7795198125 0.84671113125 0.805501371875 0.9389394453125 0.634168396875 0.9394129250000001 0.63251718125 0.8502168375 0.6051576703125
0 1 0.324112303125 0.9293171250000001 0.39338998593749996 0.98498418125 0.44084359375000004 1 0.4530031640625 1 0.324112303125
0 0 0.48839999531249995 0.0082037203125 0.495781359375 0.036571853125 0.5204413999999999 0.12349710625000002 0.461928125 0.126272225 0.4587357140625 0.1272777171875 0.45692175781250005 0.0776367 0.4110779421875 0 0.46059517968749997 0 0.48839999531249995
0 0.1102678046875 0.26510964062500003 0.1712950796875 0.330301321875 0.176870028125 0.33339156718749996 0.2132939640625 0.2793908625 0.213829675 0.2785650234375 0.1522432546875 0.20486918593749998 0.1102678046875 0.26510964062500003
0 0 0.5489827046875 0.0335243640625 0.6022994609375 0.0349074453125 0.6030661140625 0.0752656734375 0.547517778125 0.077727671875 0.5440011171875 0.007231253125000001 0.45484307656249995 0 0.4656917375 0 0.5489827046875
0 0.148252378125 0.39119275625 0.056383114062499996 0.3366545828125 0.055841356249999995 0.337631940625 0.039710471875 0.40992382968749996 0.121010315625 0.457785765625 0.1276421609375 0.459439271875 0.148252378125 0.39119275625
0 0.1901909859375 0.29836365625 0.1186777765625 0.2829992453125 0.070278996875 0.36720471250000003 0.0721439765625 0.36823848593749997 0.1120563546875 0.378189759375 0.13944274375000001 0.3844160953125 0.18869662812500002 0.3043572078125 0.1901909859375 0.29836365625
0 0 0.6227868515625 0.064311459375 0.5737388078125 0.06432635625000001 0.5737119328125 0.0012792859375 0.5352083875 0 0.5363627281250001 0 0.6227868515625