0 0 0.6257820140625 0.05659570781249999 0.650290475 0.0631826140625 0.5331175375 0.02096700625 0.5152153562499999 0.00196739375 0.5090420078125 0.00022490468750000002 0.5133548171875 0 0.5160947546875 0 0.6257820140625
0 0.1621065890625 0.5561456578125 0.0469138625 0.575289525 0.036458853125 0.6420665734375001 0.1535219171875 0.6231779265624999 0.16391805937499998 0.556734240625 0.1621065890625 0.5561456578125
1 0.409920096875 0.6490513421874999 0.41184037343749996 0.6447383296875 0.294916653125 0.629717275 0.2660175234375 0.7006275296875 0.267124675 0.7011204656250001 0.378641946875 0.7145588078125 0.409920096875 0.6490513421874999
0 0.22303284843750001 0.5993086078125 0.18705445781250002 0.6591867062500001 0.1851814453125 0.66495124375 0.2913923734375 0.69153039375 0.3361113671875 0.627167478125 0.332648021875 0.625086490625 0.22303284843750001 0.5993086078125
0 0.1352910984375 0.5769221499999999 0.10570699374999999 0.6466179328125 0.1046892328125 0.6497502796875 0.2261112546875 0.6619322890625 0.2566131390625 0.5889738140625 0.2518602546875 0.5869563328125 0.1352910984375 0.5769221499999999
0 0.470917115625 0.6449839125 0.47004754843749996 0.6448771421874999 0.356313215625 0.664440859375 0.347100540625 0.739472065625 0.34767654531250003 0.7396592203125001 0.46462720625 0.7232561734375 0.47175453125000005 0.6452560046875 0.470917115625 0.6449839125
0 0.5372551453125001 0.7801226015625 0.5235552046875 0.6613490921875 0.5141498828125 0.660027259375 0.442529709375 0.6515935859375 0.44228461093749993 0.6523479203125 0.44217572031249996 0.653122715625 0.4554912875 0.771086540625 0.5372551453125001 0.7801226015625
1 0.7674963609375001 0.7385656593750001 0.7617087359375 0.870585890625 0.8432536359375 0.8873582671875001 0.84719543125 0.7481955109375 0.7697182984375 0.7317272390625 0.7674963609375001 0.7385656593750001
1 0.6743826703125 0.8354444515624999 0.7532752484375 0.86418030625 0.7562634953125 0.8652092421875001 0.75666454375 0.864044515625 0.7768722593749999 0.72423700625 0.7349742218750001 0.709423440625 0.69684131875 0.697033309375 0.6957199046875 0.7002901328125 0.6743826703125 0.8354444515624999
1 0.6100663171875 0.8115288234375001 0.6059994984375 0.663998759375 0.5952931078125 0.6617230468749999 0.531707546875 0.6501756609375 0.5295243953125001 0.656894709375 0.5316743234375 0.7951619156249999 0.57307859375 0.8039626656250001 0.6100663171875 0.8115288234375001
1 0.608033365625 0.6832558234375 0.6014345624999999 0.815621484375 0.6821576578124999 0.832369790625 0.680624696875 0.6909324421874999 0.6112401140625 0.6733864640625 0.608033365625 0.6832558234375
0 0.1338602640625 0.5446829421875 0.13982034375000002 0.3851622453125 0.09063854375 0.3662831203125 0.067174090625 0.35781786718749997 0.06586873125 0.36121844375 0.05487915156249999 0.5136916015625 0.1338602640625 0.5446829421875
0 0 0.46060319843749997 0.12235104687500001 0.4305690578125 0.1281096078125 0.39723749375 0.12097238749999999 0.3949184703125 0.010912571875 0.3872223375 0.0015140671875 0.4161479578125 0 0.4378001359375 0 0.46060319843749997
0 0.47661306562499994 0.5960847031250001 0.509053096875 0.52712841875 0.5070685484374999 0.5261604890625 0.3635562390625 0.49485026875000004 0.342908309375 0.5371847984375 0.3274501125 0.5721037390625 0.47661306562499994 0.5960847031250001
0 0.12616580625 0.42519724999999997 0.0973008984375 0.4904604109375 0.0938458359375 0.5010939999999999 0.2460222109375 0.5145481203125 0.2716784125 0.4418589640625 0.26600803281249996 0.43933434687500006 0.12616580625 0.42519724999999997
0 0.31589040156250003 0.4303217078125 0.31350580625 0.43543548593750003 0.29099079687499996 0.572793246875 0.3634505265625 0.6133517203125 0.36527614062499997 0.6139448984375 0.384084628125 0.4613076828125 0.3216441734375 0.43219122031249996 0.31589040156250003 0.4303217078125
0 0.33888168125 0.44436366562499996 0.1926651359375 0.47090544687499997 0.18065728125 0.5467200640625001 0.3313076625 0.5239461828125 0.3430772328125 0.44572688281249995 0.33888168125 0.44436366562499996
0 0.42872804999999997 0.6022846015625001 0.5613915 0.6217819546875 0.587570725 0.545386590625 0.5838275265624999 0.543874240625 0.43669849843749997 0.524174403125 0.4178115125 0.57092133125 0.40902741875000004 0.5979559921875001 0.40974479375 0.5982458312500001 0.42872804999999997 0.6022846015625001
0 0.8211177749999999 0.715113890625 0.939129159375 0.7520115781250001 0.954690871875 0.7186393796874999 0.969032565625 0.674500184375 0.8573852000000001 0.6352340578125 0.8243361203124999 0.7061080390625001 0.8232961078125 0.7084096703125 0.8211177749999999 0.715113890625
1 0.8076267546875 0.5858420078125001 0.805782121875 0.5894623046875 0.76748265 0.7111225250000001 0.8404251437499999 0.7519010703125 0.8412081515625 0.7521554859374999 0.8849348140625001 0.6234301578125 0.8674967640625001 0.614545028125 0.8076267546875 0.5858420078125001
0 0.7117238109375 0.5661162656250001 0.637698365625 0.5315976328125 0.636699540625 0.5312730953125 0.6055688 0.6596748171875 0.6843694015625 0.6950369140625 0.6848181984374999 0.6940744671875 0.7117238109375 0.5661162656250001
1 0.700594384375 0.5793405500000001 0.6602479906250001 0.643908278125 0.6582348890625 0.65010396875 0.7815585734375 0.7001305515625 0.8283917000000001 0.629091953125 0.8244910859375001 0.6266545781249999 0.700594384375 0.5793405500000001
0 0.5509576296875001 0.5073081578124999 0.54854471875 0.513937578125 0.5331478656249999 0.6357543609375 0.6114462625 0.66559054375 0.6240798125 0.53372331875 0.5509576296875001 0.5073081578124999
0 0.1785253015625 0.28162773125 0.2093404875 0.09624980625 0.1530564484375 0.0711905375 0.1429346078125 0.06690084375000001 0.1330573203125 0.06369151875 0.1323082671875 0.06537391875000001 0.11376003593749999 0.24915787812499998 0.1785253015625 0.28162773125
0 0.857254778125 0.306353040625 0.8175133000000001 0.3014734 0.815545059375 0.307531021875 0.8195520374999999 0.48799912343749996 0.9141140468750001 0.500621159375 0.9043456609374999 0.31385196875 0.857254778125 0.306353040625
0 0.24615785625000003 0.303690675 0.28782680156249996 0.1195158640625 0.2708523890625 0.1099814109375 0.23173439375 0.08918200468750001 0.223360784375 0.0864612546875 0.22113286250000003 0.09065136562500001 0.1747193578125 0.269116575 0.24615785625000003 0.303690675
0 0.7295447765625 0.44535860781250003 0.7230565515625 0.25270146875 0.701153434375 0.248839359375 0.637170309375 0.24083657343749998 0.6357773015625 0.24873672343750003 0.637631428125 0.42864219062500003 0.7295447765625 0.44535860781250003
1 1 0.39176462500000003 0.8860109812499999 0.357526909375 0.88229178125 0.365880371875 0.8508465453125 0.4474673390625 1 0.4877499921875 1 0.39176462500000003
0 0.28818740468750004 0.13050818125000002 0.2919720515625 0.3106891890625 0.376446640625 0.331221828125 0.37008366718749997 0.1393370109375 0.291233575 0.12113303281250001 0.28818740468750004 0.13050818125000002
0 0.553784053125 0.3911534375 0.6178042796875001 0.4193076609375 0.61807373125 0.41872982187499996 0.6557630125 0.242083465625 0.5880193921875 0.207130390625 0.5841897625 0.20534460625 0.5773791890625 0.2031317171875 0.5345790187499999 0.38219798437499997 0.553784053125 0.3911534375
1 0.7919224812500001 0.276426034375 0.7345639421875 0.2634966125 0.7317026796875 0.272302671875 0.726645496875 0.446593471875 0.8149908421875001 0.47348835625 0.8264022546875 0.28438631875 0.7919224812500001 0.276426034375
0 0.50752145 0.2952394375 0.52349020625 0.20369413125000002 0.517319875 0.2016892703125 0.335160659375 0.212473678125 0.3282341078125 0.2450605515625 0.3173842078125 0.303876353125 0.50752145 0.2952394375
1 0.46705450156249995 0.1770821 0.4608691484375 0.3354669734375 0.46043779687499997 0.3556148140625 0.55034964375 0.385405528125 0.5506030125 0.3844599390625 0.5495866046875 0.1971313890625 0.46736633281250006 0.1759183296875 0.46705450156249995 0.1770821
0 0.817537659375 1 0.8197528109375 0.9883416890625 0.763892521875 0.9668989343750001 0.7498950125 0.96235086875 0.7475690265625 0.9684102687499999 0.740544265625 1 0.817537659375 1
0 0.7401019640625 1 0.7427055828125 0.96001488125 0.741572428125 0.9596466953125 0.6687074875000001 0.9414794265624999 0.665928240625 0.9500330671875 0.6635902765624999 1 0.7401019640625 1
0 0.169621034375 0 0.1727431484375 0.0831472390625 0.20843677500000002 0.092799434375 0.208850490625 0.091526146875 0.2316705234375 0 0.169621034375 0
1 0.6713765031250001 1 0.690723778125 0.94312496875 0.6839850000000001 0.94093540625 0.587624834375 0.9345315859375001 0.5742932921875 0.9756681890625 0.566854309375 1 0.6713765031250001 1
0 0.6029013453125 0.97955628125 0.611357084375 0.9058367984375 0.6076582375 0.9046349703125 0.5090081609375 0.9202453531250001 0.5016312187499999 0.9793363312500001 0.5004191640625 0.9931901859375 0.6029013453125 0.97955628125
0 0.44306138749999996 0.8724369218750001 0.4486180953125 0.9634347546875001 0.5261979953125 0.9829512828125001 0.5191094984375 0.8794785968750001 0.44501825312500004 0.8664143109375001 0.44306138749999996 0.8724369218750001
0 0.2929571015625 0 0.307884253125 0.11858089999999999 0.39376274843750003 0.1342438375 0.39376646875 0.13423238906249998 0.381349221875 0 0.2929571015625 0
0 0.3291720359375 0.10899443281250001 0.3309430515625 0.10943599687500001 0.5121986109375001 0.106082865625 0.53308449375 0.0162339765625 0.529924771875 0.0152073203125 0.34764463125 0.02063341875 0.3413815109375 0.0457534234375 0.3291720359375 0.10899443281250001
0 0.204623509375 0 0.19589351875 0.084491584375 0.2655788375 0.1139592703125 0.27829142500000004 0.1190954890625 0.28098872343750003 0.11997189374999999 0.28125811562499997 0.1193051203125 0.2916913125 0 0.204623509375 0
0 0.61587485 0.044777103125 0.43978558906250004 0.037642178124999995 0.412263871875 0.13172270156250002 0.6008949953125 0.1298045125 0.62585665 0.0480203875 0.61587485 0.044777103125
0 0.9105043281249999 0.32122809375 0.96513026875 0.13593 0.8906463656250001 0.10119758593749999 0.8754629749999999 0.0962642046875 0.874176059375 0.0990240046875 0.8295321078125 0.2833107828125 0.9077632234375 0.3203374546875 0.9105043281249999 0.32122809375
0 0.8198862468750001 0.290021925 0.8709645171875 0.1058692171875 0.8110170312499999 0.07532444687499999 0.7822907046875 0.0659906984375 0.7346042703125 0.24858000468750002 0.750322628125 0.256588909375 0.8192127749999999 0.29134368906249997 0.8198862468750001 0.290021925
0 0.67316995625 0.0400561328125 0.6649008984375 0.037994425 0.6612634984375 0.049189190625000004 0.655409196875 0.2304782671875 0.752523759375 0.254691646875 0.7552534265624999 0.0621972671875 0.67316995625 0.0400561328125
0 0.689588609375 0.181070078125 0.73202291875 0.09406684843749999 0.72753219375 0.0918765765625 0.5377937687500001 0.0494688890625 0.5230174734374999 0.0797647875 0.49766613125000003 0.13426143125 0.689588609375 0.181070078125
0 1 0.1855724921875 0.920518284375 0.160626684375 0.8905355593750001 0.2208328 0.8814244953125 0.2412965828125 0.8772523906249999 0.254137003125 1 0.2893277265625 1 0.1855724921875
0 0.2123967375 0.9009988640625 0.244356675 0.7933111390625001 0.2119209234375 0.7722471171875 0.18660320156250002 0.756867428125 0.183144278125 0.7621937015625 0.1506867140625 0.8624075343750001 0.2123967375 0.9009988640625
0 0.47032946875 0.8795750234374999 0.38641656874999997 0.8505006890625 0.36851500000000004 0.8791491890625001 0.350903625 0.908307896875 0.3492062984375 0.9135317328125 0.44033627812500004 0.939464925 0.47668888750000005 0.8835488296875 0.47032946875 0.8795750234374999
0 0.08787286250000001 0.7633508124999999 0.065238953125 0.8166729625 0.060514603125 0.8312130156249999 0.17379095 0.83350818125 0.19963909062500002 0.7788612578125 0.1958280265625 0.7772435578125 0.08787286250000001 0.7633508124999999
0 0.315937509375 0.818463840625 0.258035796875 0.7844641140624999 0.251999096875 0.782502671875 0.2496679296875 0.786708209375 0.2282130671875 0.8850718046875 0.293972725 0.9174236640625001 0.315937509375 0.818463840625
0 0.30467103125 0.839282546875 0.2995300890625 0.8540524234375001 0.2823113828125 0.90704615 0.3796736421875 0.91063498125 0.4045151140625 0.8419155875 0.39842238124999996 0.8399359390625 0.30467103125 0.839282546875
0 0 0.791863703125 0.0362983234375 0.7936186796875 0.0703746875 0.7316633765625 0.06878384531250001 0.7308874703125 0 0.727135940625 0 0.791863703125
0 0.0307170703125 0.7145650765625 0.0267486640625 0.82484249375 0.0315263078125 0.8266764578125001 0.0967744328125 0.848618559375 0.0924733453125 0.7563371828125 0.09083491875000001 0.730612753125 0.0805882125 0.7266794109375 0.0393133984375 0.7117539890625 0.0326297625 0.70958234375 0.0307170703125 0.7145650765625