0 0.943351075 0.6643296890625 0.857747246875 0.7422435546874999 0.871263734375 0.7732033109375 0.8809681625 0.794014521875 0.8878637312500001 0.8046327671875 0.8903764328125 0.8034610750000001 0.9709440671875 0.726246746875 0.943351075 0.6643296890625
0 0.8665292687499999 0.7482337640625001 0.9257959 0.6489473515624999 0.8809717687499999 0.59757768125 0.8205849187500001 0.6998317875 0.8641558171874999 0.749775103125 0.8665292687499999 0.7482337640625001
1 0.7283102265625 0.4097247171875 0.66519558125 0.44116049375 0.6596289718749999 0.4447754921875 0.74205299375 0.528127196875 0.8084825296875 0.4900412328125 0.8079135640624999 0.4889711640625 0.7283102265625 0.4097247171875
0 0.7069715078125001 0.513515596875 0.7776321 0.59494373125 0.82709709375 0.576735684375 0.843487621875 0.5694381500000001 0.8502891921875 0.565021159375 0.7731739078125 0.4786704765625 0.7049354171875 0.5089424609375001 0.7069715078125001 0.513515596875
0 0.8307603531250001 0.669878340625 0.8910300015624999 0.6391694203125 0.90037424375 0.6331011984375 0.8158315390625 0.5463787265625 0.7455689375000001 0.5826619265625 0.747913046875 0.5872625031250001 0.8307603531250001 0.669878340625
0 0.6679343906249999 0.34922046406249996 0.61303714375 0.3986501671875 0.6156229890625 0.40263202031249995 0.7110936796875 0.46466931562499997 0.7678643093749999 0.41026806875000005 0.767005890625 0.4093146984375 0.6679343906249999 0.34922046406249996
0 0.581993471875 0.35551623593750004 0.6366344671874999 0.4168577421875 0.6368854015625 0.416694784375 0.7061302546875 0.31933085 0.6520854484374999 0.2577783453125 0.6516707484375 0.25804765625 0.581993471875 0.35551623593750004
1 0.4337825875 0 0.37586064218750004 0.035324271875 0.3784159015625 0.0395769390625 0.46763544375 0.14085669375 0.5275787890625 0.10561049062500001 0.5304619875000001 0.1038780890625 0.5374324984375 0.0993513875 0.452608909375 0 0.4337825875 0
1 0.419936471875 0.124252190625 0.5199233515625 0.2118597828125 0.5870614578125 0.159405746875 0.48269854375000004 0.0655311796875 0.414943175 0.11656318750000001 0.419936471875 0.124252190625
1 0.5808810859375 0.361774096875 0.65644821875 0.24279567812499997 0.6007396171875 0.18844529375000002 0.5216148390625001 0.30977998125 0.5753153734375 0.3653885125 0.5808810859375 0.361774096875
1 0.513362296875 0.148180978125 0.460076921875 0.197538553125 0.46259550312500003 0.201416828125 0.5741862296875 0.2820585671875 0.59851321875 0.25856626718750003 0.63281655 0.2239276328125 0.513362296875 0.148180978125
0 0.6906741234375 0.7450621703125 0.6906531140625 0.7450758140625 0.691696734375 0.74753443125 0.796342203125 0.8643264734375 0.8440654078125001 0.8440691749999999 0.866247934375 0.834117578125 0.8683308562500001 0.8327649125000001 0.768147909375 0.712851821875 0.6906741234375 0.7450621703125
0 0.789632471875 0.9029618078125001 0.8263084421875 0.884274465625 0.8532035656250001 0.86680856875 0.7657471625000001 0.77871480625 0.7325091796875001 0.7916056328125001 0.7878474765625 0.9002131546875001 0.789632471875 0.9029618078125001
0 0.5057874375 0.48388493906249996 0.50695750625 0.48575744062500004 0.612070959375 0.5883599484375 0.6506720875 0.5642392875 0.653184334375 0.5626078156250001 0.6836287921875 0.5419786249999999 0.569839409375 0.4425972890625 0.5057874375 0.48388493906249996
0 0.746017928125 0.7927917765625 0.8086759546875 0.75785813125 0.8178249843750001 0.7519166828125 0.7040690406250001 0.649301615625 0.639833659375 0.6919134687499999 0.642842875 0.6973422375 0.746017928125 0.7927917765625
0 0.649504275 0.654267746875 0.7126150578125 0.626481771875 0.725456940625 0.61814215625 0.616172459375 0.512516003125 0.54926955625 0.5470552765625001 0.552015896875 0.55222039375 0.649504275 0.654267746875
0 0.6105818984375 0.6699723718749999 0.6355711656249999 0.728843396875 0.6419971203125 0.7387384984375001 0.6435331703125 0.7380864828125 0.7564127671875001 0.6413494765625 0.7240651687499999 0.5667521046874999 0.6105818984375 0.6699723718749999
0 0.6389545703125 0.45050731875 0.6224974875 0.440219459375 0.504503109375 0.37652437031249997 0.4537739328125 0.43935870625 0.4567741328125 0.44206009999999996 0.5882924546875 0.5108929828125001 0.622121446875 0.4733220796875 0.6403104265625 0.4521228328125 0.6396931968749999 0.45117238125 0.6389545703125 0.45050731875
0 0.3494885515625 0.011324871875 0.2274599453125 0.0894354859375 0.2575678421875 0.148525559375 0.2606064375 0.1543172203125 0.268422428125 0.166352790625 0.271779684375 0.1646421828125 0.3850578203125 0.08638731875 0.3494885515625 0.011324871875
1 0.4013778890625 0.0938283359375 0.2792899671875 0.1540034046875 0.2853377953125 0.172616703125 0.3071424265625 0.234582978125 0.3075393984375 0.2351942625 0.311240475 0.233991709375 0.4243490578125 0.175046759375 0.4013778890625 0.0938283359375
0 0.3704365625 0.2719877828125 0.3737972703125 0.2799051140625 0.44437721874999997 0.3830937546875 0.5236100421875001 0.3480956328125 0.445599425 0.24121622187499997 0.3704365625 0.2719877828125
1 0.33756830937500004 0.265136409375 0.35499553281249996 0.3082703015625 0.35907216875 0.31454776875 0.4720298359375 0.2409144 0.44149577031250004 0.1639271671875 0.326458696875 0.23558698125 0.33756830937500004 0.265136409375
0 0.46865646875 0.3179772046875 0.40807578125 0.3727934796875 0.4107204234375 0.376865871875 0.5182568421875 0.44530165000000005 0.5279255640625 0.43628541875 0.5761860359375001 0.391064146875 0.46865646875 0.3179772046875
0 0.64150746875 1 0.652432809375 0.991767165625 0.520924865625 0.8873934640625001 0.5162527234375001 0.8909141765624999 0.456377378125 0.937748628125 0.45873466093750004 0.941378525 0.5431962046875001 1 0.64150746875 1
0 0.2056815625 0.24901718125 0.060323828125 0.3667001484375 0.08193639375 0.40920523124999997 0.09554270468750001 0.4337516640625 0.102764728125 0.44487260468749995 0.10719610312500001 0.44241625312500005 0.25105227812500003 0.3329384984375 0.2056815625 0.24901718125
0 0.4195682890625 0.8552340609375 0.547505675 0.9912276828125 0.5913537390625 0.969196196875 0.5963597859374999 0.966534434375 0.6123336625 0.956160878125 0.48672994531249997 0.8138017062499999 0.41860023125 0.8534134124999999 0.4195682890625 0.8552340609375
0 0.21685939843750002 0.418205821875 0.1489491609375 0.4786950515625 0.1526407359375 0.484379578125 0.3030779140625 0.5939642546874999 0.3165551921875 0.5818292578125 0.3661905671875 0.5324174609375001 0.21685939843750002 0.418205821875
1 0.1982261609375 0.317771490625 0.088422890625 0.173539325 0.054565509375 0.19308689375000002 0.0063076984375 0.2244258828125 0.119561446875 0.36485094375 0.16706434375 0.337425134375 0.1821784875 0.32819297187499996 0.1982261609375 0.317771490625
0 0.5110945140625 0.7180242812500001 0.36558216093749996 0.8410061343749999 0.369541621875 0.8493679109375 0.3987551125 0.9092644453125001 0.40381579843750004 0.9170572171875 0.40811826093750003 0.914958765625 0.5488127109375001 0.7930886171875 0.5110945140625 0.7180242812500001
0 0.42746453593749995 0.644975521875 0.439088671875 0.6285134140624999 0.383286496875 0.5562311906249999 0.3810578828125 0.5536674625 0.380468309375 0.554179971875 0.2766810015625 0.70986646875 0.2917829515625 0.7272392765625 0.33222874999999996 0.7729018765625 0.33505837656250004 0.7710642953125 0.42746453593749995 0.644975521875
0 0.27876435 0.497532203125 0.208953909375 0.5335046906249999 0.21007070625000002 0.5357944609375 0.3224060390625 0.6747352796875 0.387648840625 0.6460847921874999 0.396305771875 0.641862525 0.401917646875 0.63821813125 0.28965643124999996 0.4922197828125 0.27876435 0.497532203125
1 0.2651921765625 0.33486185156250003 0.1054979546875 0.4367812125 0.119324653125 0.46935487187499997 0.142624865625 0.5234650703125 0.1433492046875 0.5245804546875 0.14878677499999998 0.5222723453125 0.29536185000000004 0.42214315312500006 0.2651921765625 0.33486185156250003
1 0.3793430296875 0.649117071875 0.29959627499999997 0.699152078125 0.30182427968750003 0.7030110953125 0.43316796249999995 0.8325872015625 0.4620194984375 0.8159297609375 0.5129881562499999 0.7846373546875001 0.3793430296875 0.649117071875
0 0.6195620109375 0 0.6521567953125 0.0412409640625 0.7081144296875 0.012729124999999999 0.7197636796875 0.0051640125000000005 0.7158333921875 0 0.6195620109375 0
1 0.6794447625 0 0.6290960546875 0.050425284375000004 0.630452171875 0.052513521875000004 0.6306428671875 0.052697675 0.71366806875 0.106702075 0.7520118078125 0.0693972921875 0.7694319640625 0.051358190625 0.7693860124999999 0.05128743125 0.6833577921875 0 0.6794447625 0
0 0.7432799390625 0.0452006296875 0.68681254375 0.132125965625 0.7319172125 0.1842256375 0.732623234375 0.184982753125 0.740283646875 0.1800080234375 0.7937159546875 0.1020364890625 0.7476154421875 0.0498498890625 0.7432799390625 0.0452006296875
0 0.727472534375 0.17185426875 0.7512573671875 0.24140608281249998 0.7541208953125 0.24581552968749998 0.7576658359375 0.244310790625 0.8363569468750001 0.18518706093749998 0.8060285390624999 0.11373780625 0.727472534375 0.17185426875
0 0.35370621406249997 1 0.4181646375 0.9373721796875 0.378988428125 0.8593559562499999 0.24172928906250002 0.9841870953124999 0.24978636718749997 1 0.35370621406249997 1
0 0.3676976796875 0.8658149281249999 0.342068646875 0.7910169125000001 0.18652805781249998 0.8947694859374999 0.18786388437499998 0.8988807375000001 0.21822023750000002 0.9776625359375 0.2244567171875 0.9756361828125 0.37214621875 0.879506121875 0.3676976796875 0.8658149281249999
0 0.4682535828125 1 0.426970603125 0.9412124171875 0.4174385296875 0.9280926421875 0.416023234375 0.9290117468749999 0.362534053125 1 0.4682535828125 1
0 0.24947324218750003 0.8990486984375 0.320827609375 0.8566916375 0.3333023671875 0.848590434375 0.19449984375 0.721769084375 0.11914108906250001 0.7653249828125 0.12241091562499999 0.7705577984375 0.24947324218750003 0.8990486984375
0 0 0.5307220921875 0.04672953125 0.5707992015625 0.11714392031250001 0.515785453125 0.116893484375 0.515399815625 0 0.40476041875 0 0.5307220921875
0 0 0.6346442015625 0.0334071390625 0.6744572796875 0.0339363828125 0.674113584375 0.0345193859375 0.6736243859375 0.151844840625 0.5214768000000001 0.14050534374999998 0.5079629140625 0.090696603125 0.44908323437500003 0.090428103125 0.4492576 0.089535015625 0.45000698906250003 0 0.562558371875 0 0.6346442015625
0 0.1368815921875 0.741635884375 0.2111887265625 0.698734640625 0.2230256453125 0.6910476546875 0.0924357296875 0.5519230562499999 0.00889239375 0.598049734375 0.012380437499999999 0.6040912031250001 0.1368815921875 0.741635884375
0 0.080689896875 0.7723582921875 0.1103090203125 0.8179677421875 0.268577546875 0.7213559921875 0.23800007812500001 0.6328166046875 0.0676799578125 0.732317815625 0.080689896875 0.7723582921875
0 1 0.4286687859375 0.9203101312499999 0.37897689687499997 0.869015790625 0.4284759 0.8700162515625 0.43001647343749994 0.871524821875 0.4316342171875 0.964668053125 0.48656552656249996 0.9936416156250001 0.4595472421875 1 0.45325011093749995 1 0.4286687859375
0 0.771407759375 0.26245863593749996 0.81374171875 0.3111582859375 0.8197433234375 0.3072607984375 0.8719255328125 0.235728134375 0.8229214984375 0.1810522234375 0.770775396875 0.261704240625 0.771407759375 0.26245863593749996
0 1 0.46605728125 0.9640793406249999 0.43963898281249997 0.9063664390625 0.4831219796875 0.90861003125 0.4865768109375 1 0.5396832578125 1 0.46605728125
0 0.8928797859375001 0.300951859375 0.8476269015625 0.391658390625 0.8970872203125 0.4401296125 0.8991165453125 0.44202199062499997 0.9038003390625 0.4389803 0.904245609375 0.43850280625 0.9488594765625 0.34825143125 0.8928797859375001 0.300951859375
0 0.8216730359375 0.34233188124999997 0.8352737296875 0.36791106406249996 0.8399323015625001 0.3750846359375 0.8412136171875 0.374403346875 0.9090210390625 0.30515901875 0.8793382718749999 0.24641891875000002 0.8762156234375 0.241610459375 0.805593203125 0.30954581718749996 0.8216730359375 0.34233188124999997
0 1 0.5070044140625 0.9963000296875 0.5040765125 0.9407425078125 0.533765715625 0.9416687250000001 0.5355835171875001 1 0.59203339375 1 0.5070044140625