0 0.57097948125 1 0.589119315625 0.9421679265625 0.47189974531249995 0.947865009375 0.455980253125 1 0.57097948125 1
0 0.5187282062499999 0.8406477984375 0.517029559375 0.9573267984375 0.58153323125 0.9794021734375 0.5827027218749999 0.86065409375 0.5194902109374999 0.8390136765625 0.5187282062499999 0.8406477984375
0 0.581356409375 0.7121968171875 0.57993450625 0.716572984375 0.5801934859375 0.7166937484375 0.6977508125 0.7194038375 0.7191825640625 0.64550584375 0.6056158203125 0.64377875 0.581356409375 0.7121968171875
0 0.5754636546875 0.7138325140624999 0.5631013578124999 0.738094890625 0.5428003625 0.7816305140625001 0.544053134375 0.7822688328125 0.6501182328125 0.801065765625 0.6909171656249999 0.7326014390625 0.5754636546875 0.7138325140624999
0 0.5006414515625 0.8461602609375 0.6152238062500001 0.883213196875 0.661281234375 0.8191009234375001 0.5462590281249999 0.7801027281249999 0.5048989921875 0.8370299343750001 0.5006414515625 0.8461602609375
0 0.6491907390625 0.546081234375 0.6389878328124999 0.657333284375 0.7093326828125 0.6857544484375 0.7238327875 0.5679325265624999 0.651436246875 0.541265728125 0.6491907390625 0.546081234375
0 0.7912914375 0.5203355796875 0.6778562375 0.4825560859375 0.672683390625 0.4905215734375 0.6346994671874999 0.5519844609375 0.6360081515625 0.5528343296875 0.7485470859375 0.5906199953125 0.7912914375 0.5203355796875
1 0.9202373125 0.1942677296875 0.78313358125 0.1906531703125 0.7672339234375001 0.27244981875 0.906334965625 0.2739610984375 0.9224070234375 0.19527948281250002 0.9202373125 0.1942677296875
0 0.8453365078124999 0.37387314374999997 0.891032978125 0.31205401093749996 0.8956930562500001 0.305639965625 0.8933743 0.3039552890625 0.768953353125 0.24334795156250003 0.7211194984375 0.30679414375 0.7179370390625001 0.31361895 0.7188682140625 0.3142954875 0.8453365078124999 0.37387314374999997
1 0.685090184375 0.5108662484375001 0.7153906437499999 0.526305103125 0.7552792687500001 0.5449054734375001 0.7906401453125 0.40422327812500003 0.719196809375 0.3685081515625 0.7189390484375 0.3690140375 0.685090184375 0.5108662484375001
1 0.683441459375 0.3975362609375 0.68740323125 0.399823590625 0.8186169078125 0.43838969062500005 0.8571144609375001 0.37480125625 0.7225291390625 0.3262042421875 0.683441459375 0.3975362609375
0 0.3124968578125 0.9057989750000001 0.30750296875 0.9171013921875 0.31150171718749997 0.9189660390625001 0.46204554218749994 0.9404518984375001 0.49847083281250004 0.8638250281250001 0.34001777187500004 0.8467801875 0.3124968578125 0.9057989750000001
0 0.35347521875 0.862286878125 0.36170809843749996 0.9865017593750001 0.407706046875 0.9979703359375 0.43571402656249997 0.8789214609375 0.35650895781249997 0.8557810015625 0.35347521875 0.862286878125
0 0.579279528125 0.524263340625 0.5087545453125 0.49971176718750004 0.5060992546875 0.50540605625 0.49041732343750005 0.647282709375 0.5346782343750001 0.6633923625 0.5710217078125 0.6751158562499999 0.579279528125 0.524263340625
0 0.37338889062499997 0.8538752328125 0.4368518296875 0.9050085796875 0.43803427343749995 0.9055599624999999 0.490716321875 0.7612285421875 0.42714430312499996 0.717633215625 0.4232381078125 0.7224569640625 0.37338889062499997 0.8538752328125
0 0.487998415625 0.5708870859374999 0.44600909218749996 0.7056258796875 0.504986340625 0.750452759375 0.50570966875 0.75092249375 0.5143213624999999 0.7549381921875 0.5538283749999999 0.6077506078125 0.491184475 0.5659809828125 0.487998415625 0.5708870859374999
1 0.40141308281250004 0.7002095125000001 0.3807964390625 0.7771518703125 0.3839954921875 0.7786436125 0.53442844375 0.76736281875 0.552708471875 0.6935331078125 0.5523484765625 0.6933652390625 0.40141308281250004 0.7002095125000001
0 0.6351177375 0.558331 0.63593700625 0.556080075 0.6590425109375 0.4801052890625 0.50612051875 0.4650403953125 0.50428774375 0.47007590625000006 0.48192958125 0.536398353125 0.49418474687499997 0.54211303125 0.501984953125 0.543489940625 0.6351177375 0.558331
0 0.6678102140625 0.1472441890625 0.8031111578125 0.171985 0.8283073390625001 0.10140326718749999 0.7949064 0.085828153125 0.6895172515625 0.062701853125 0.6690237578125 0.1257743421875 0.6630255734375 0.1450130734375 0.6678102140625 0.1472441890625
1 0.622692425 0.2051277578125 0.6260609328125 0.20739984531250003 0.742146784375 0.26024048906249997 0.7915108265625 0.1928113515625 0.7918587703125 0.1920651859375 0.66942188125 0.132976784375 0.6584778171875 0.149202028125 0.622692425 0.2051277578125
1 0.6850965546875 0.306108459375 0.6084279203125 0.274869953125 0.602367353125 0.2878668828125 0.582189384375 0.40378569375 0.6550365125 0.43581777656250004 0.65813378125 0.4371324890625 0.6850965546875 0.306108459375
1 0.6178860953124999 0.329643409375 0.6955580375 0.35791368281249997 0.6956821546875 0.3576475140625 0.7192031437499999 0.225334828125 0.6406974828124999 0.1945760828125 0.6382010328125001 0.1999297390625 0.6178860953124999 0.329643409375
1 0.6414065890625 0.38002904531250004 0.5638364499999999 0.35201072187500004 0.5623080828125 0.3552883140625 0.552271740625 0.48359878125 0.5647717906249999 0.48790289375 0.6273567234375 0.509284259375 0.6414065890625 0.38002904531250004
0 0.21020538906250003 0.8536042875 0.21205891562499998 0.84901664375 0.24019554843750002 0.7755937859375 0.053013421875 0.7632825296875 0.0236306609375 0.8273809796875 0.023477915625 0.8277590343749999 0.0243549859375 0.8281680187499999 0.028645775000000002 0.8299016109374999 0.21020538906250003 0.8536042875
0 0.5571652265625 0.113431896875 0.3787761578125 0.052953153125 0.3634398046875 0.08228535000000001 0.3470088484375 0.1145329171875 0.33632590625000003 0.1374425609375 0.339217096875 0.1389156984375 0.513419828125 0.19219492968750002 0.5571652265625 0.113431896875
0 0.074736721875 0.7089420453125 0.0648509875 0.7660222984375 0.0701537546875 0.76849501875 0.2528914953125 0.7581131546875 0.2700030265625 0.68585434375 0.0786344125 0.6906048484375 0.074736721875 0.7089420453125
0 0.47821904843749996 0.2887730671875 0.2939457859375 0.23218477656249997 0.28316313125 0.2516372 0.2547654828125 0.3095289796875 0.2617817015625 0.31341813281249997 0.432489309375 0.3702365125 0.47821904843749996 0.2887730671875
1 0.450224240625 0 0.40362962500000005 0.0967380109375 0.4112984296875 0.1017181921875 0.4869618078125 0.1455392984375 0.5521061203125 0 0.450224240625 0
0 0.11976992812500001 0.5983521421875 0.10437308593750001 0.6775620203125 0.11045849999999999 0.6803996953125 0.1116337203125 0.680628134375 0.29374377812499997 0.6704360687500001 0.3113157890625 0.5852963625000001 0.11976992812500001 0.5983521421875
0 0.34123159375 0.48922512031250004 0.3419154953125 0.4878828890625 0.38553143125 0.313520009375 0.3164174515625 0.274747784375 0.3087444328125 0.271169796875 0.25965015468749997 0.4488897734375 0.2963005796875 0.46756409843749996 0.34123159375 0.48922512031250004
1 0.3214358046875 0.2671261203125 0.3921274765625 0.32039611562500003 0.399494971875 0.32383163593750003 0.399745615625 0.32349901875 0.4783727296875 0.15984639218750002 0.4086043734375 0.099343403125 0.3214358046875 0.2671261203125
0 0.358746825 0.5310923609375 0.1756734625 0.483364846875 0.161076025 0.5086483484375 0.131189825 0.5638020375 0.1351013859375 0.566060378125 0.3141332078125 0.6153710921875 0.358746825 0.5310923609375
1 0.39083662656249996 0.43374940000000006 0.23298470937500002 0.4109001671875 0.21299233125 0.40836515625 0.17467005156249998 0.49311450468749995 0.1798129796875 0.49551269218750005 0.36128897968749996 0.513591625 0.3910567859375 0.433833909375 0.39083662656249996 0.43374940000000006
0 1 0.3097533859375 0.9551355812500001 0.3632207203125 0.9535051671874999 0.36671715312500003 0.9559346953125001 0.3687557703125 1 0.3928597609375 1 0.3097533859375
0 0 0.81853513125 0.019005009375 0.8273973124999999 0.055927581250000004 0.755892928125 0 0.74106441875 0 0.81853513125
1 1 0.382126440625 0.964681084375 0.3649334640625 0.9607252624999999 0.3734167515625 0.9383447046875 0.4628987265625 0.9419991937500001 0.4647436890625 1 0.491789909375 1 0.382126440625
0 1 0.466675565625 0.9122282421874999 0.4620632359375 0.8896609375000001 0.5271748625 0.8893696671875 0.528127565625 0.8985104749999999 0.5323899953125 0.9917381984375 0.5395995671875 1 0.514969546875 1 0.466675565625
0 0.9443037515625001 0.6330490375 0.963434409375 0.539066046875 0.8944938953125 0.5006616140625 0.8926874703125 0.5045355078125 0.8739439703125 0.6002397328125 0.9443037515625001 0.6330490375
0 0 0.6926810875 0.041753978125 0.7121512859375 0.0759322984375 0.5315244625 0.021640634375000002 0.5045090609375 0 0.4944178671875 0 0.6926810875
0 0 0.586342834375 0.056608578124999996 0.6259805875 0.0624629609375 0.62871053125 0.1239387296875 0.453113459375 0.047694128125 0.4056050796875 0.046399253125 0.40745435468749996 0 0.5353505734375 0 0.586342834375
0 0 0.74540323125 0.0410054828125 0.7610609515625 0.0875049703125 0.7013768984375 0.095622509375 0.6906045625 0.0969410421875 0.687776959375 0.0967267609375 0.6876154875 0 0.6524140625 0 0.74540323125
0 0 0.4823164109375 0.17725270625 0.47402028593749995 0.1964700359375 0.3778990921875 0.0087238921875 0.396250265625 0 0.437388553125 0 0.4823164109375
0 0.1522364296875 0.10681543125 0.3395375234375 0.1345589515625 0.3670099140625 0.03960659375 0.174396 0.020660534375 0.1485774453125 0.1051092203125 0.1522364296875 0.10681543125
0 0.3235314421875 0.1182388359375 0.322178478125 0.117901503125 0.1304651953125 0.1124230078125 0.1077999671875 0.2033282734375 0.11124170156249999 0.20493317968749997 0.30019136875 0.213190734375 0.3135259265625 0.1597087421875 0.3235314421875 0.1182388359375
0 0.0980073328125 0.31496394843750003 0.1697523734375 0.3597952265625 0.1834831421875 0.3661979890625 0.24464774843749998 0.1866558046875 0.16469909062500002 0.13454658125000002 0.1610023265625 0.1404626390625 0.0980073328125 0.31496394843750003
0 0.0545091921875 0.40597750781249997 0.13023170625 0.455152284375 0.137030540625 0.45832263281249996 0.20341055312499998 0.271894421875 0.12424417031249999 0.2225267359375 0.1233086125 0.22396737031249997 0.0545091921875 0.40597750781249997
0 0.1931476703125 0 0.18994465 0.01233724375 0.2001713890625 0.0171060515625 0.20318560468750002 0.0179703625 0.37743587500000003 0.0468947234375 0.39310239375 0 0.1931476703125 0
0 0.8343342515625001 0.8005891421875001 0.76999001875 0.769177934375 0.7681669984374999 0.7727558125 0.7484053125 0.8790694328124999 0.7837037390625 0.8970548796875001 0.811179309375 0.9100292156249999 0.8343342515625001 0.8005891421875001
0 0.8628244781250001 0.5786127265625 0.8381816499999999 0.6639322609375 0.8677277828125 0.68030995 0.8897998015624999 0.6921108 0.90296878125 0.6982515968749999 0.9242020234374999 0.6054304187499999 0.866460009375 0.5720540515625 0.8628244781250001 0.5786127265625
0 0.7932227296875001 0.8583817328125001 0.7232525187500001 0.8383124125 0.7221547578124999 0.8406665671875 0.7357110453125 0.9536943453125 0.7844720749999999 0.9688950421875001 0.794540546875 0.97159288125 0.7932227296875001 0.8583817328125001
0 0.8560726656250001 0.8306911828124999 0.856376334375 0.8296979234374999 0.8572766453125 0.729401525 0.7867207609375 0.7059015171875 0.7858762640625 0.7077125484375 0.7853237046875 0.8116759328125 0.8065190624999999 0.8181560046874999 0.8560726656250001 0.8306911828124999
0 0.9131759125000001 0.676594271875 0.915458671875 0.6703224390625 0.9148888625 0.6701150453125 0.8153056015625 0.6659424703125 0.7933336062499999 0.72261475 0.7899996796875 0.7317746390625001 0.79270494375 0.733036125 0.8877723578125 0.739868990625 0.9131759125000001 0.676594271875
0 0.75466175625 1 0.7738858453125 0.9983387109375 0.7751238921875 0.993373175 0.7889506921875 0.925937328125 0.6978813390624999 0.9414526265625 0.6725483296875 0.9462138609374999 0.669893065625 0.9568635437499999 0.6600289140625 1 0.75466175625 1