0 0.46711993906249993 1 0.4965133234375 0.9595139484375 0.386236021875 0.924335790625 0.3661823328125 0.9515212906249999 0.34674599375000004 0.979279259375 0.3534715390625 0.9843473218750001 0.40728701406249995 1 0.46711993906249993 1
0 0.43991137968749994 0.8393715640625 0.4260441734375 0.9550801921875 0.48788698437500005 0.983777103125 0.501462621875 0.8658017843750001 0.4411054046875 0.8377870390625001 0.43991137968749994 0.8393715640625
1 0.6848244015625 0.71479161875 0.688220534375 0.7115120109374999 0.5854377359375 0.6537843343749999 0.532430984375 0.7083435765625 0.53442044375 0.710403721875 0.631284278125 0.76381208125 0.6848244015625 0.71479161875
0 0.6051402968749999 0.7363765124999999 0.5421970625 0.698441253125 0.538231709375 0.7037034546875 0.5124519359375 0.80672005 0.55573905 0.8367956937500001 0.578332496875 0.85037120625 0.6051402968749999 0.7363765124999999
0 0.4315020859375 0.8611965937500001 0.5480040453125 0.8900707499999999 0.589477034375 0.8229018453125001 0.472014640625 0.79202219375 0.42965800468750004 0.8598069796875001 0.4315020859375 0.8611965937500001
0 0.622096125 0.594479334375 0.599656934375 0.6221894265625 0.57566555 0.6540270703125 0.68278423125 0.70175521875 0.7304893671875 0.6389537140625 0.730110759375 0.638647121875 0.622096125 0.594479334375
0 0.69685410625 0.4995663859375 0.6959911234375 0.5005591328125 0.6427983109375 0.6069691171875 0.7064498578125 0.659079184375 0.7597461203125 0.5518099624999999 0.69685410625 0.4995663859375
1 0.8110932625 0.3294379609375 0.9398053296875 0.370045859375 0.9771115734375 0.2956205421875 0.843710884375 0.255795090625 0.807548859375 0.3267670625 0.8110932625 0.3294379609375
1 0.7543283859375001 0.36218411875 0.8591887609375 0.45008331874999996 0.9244528765625001 0.3972592390625 0.9268739078125 0.3952277515625 0.926082096875 0.39428410937499997 0.8166514171875001 0.30495652500000003 0.75822565 0.35316754375000003 0.755928053125 0.35509545625 0.752356878125 0.359834565625 0.7543283859375001 0.36218411875
1 0.7007601453125 0.4473118578125 0.652715490625 0.49165711874999996 0.6572601140625001 0.49688511249999995 0.7690424250000001 0.5784255953125 0.8009887265625 0.5506550984375 0.8281447984374999 0.526680809375 0.829041278125 0.525491140625 0.709020875 0.4401309140625 0.7007601453125 0.4473118578125
1 0.7066917359375 0.46010719843750003 0.837364803125 0.49604910156250004 0.8747467203125 0.431798475 0.7393337609375 0.3855577015625 0.70201205 0.45658080156249997 0.7066917359375 0.46010719843750003
0 0.2550181921875 0.89874685 0.309218771875 0.95686985625 0.3131533578125 0.9598347796875 0.3881039 0.819698759375 0.33427967187499996 0.7642768156249999 0.331574846875 0.7667991046875 0.2550181921875 0.89874685
0 0.2838105625 0.8232414515625001 0.2617067796875 0.94599053125 0.30356389375 0.9682463546875001 0.3595404453125 0.8595094828125 0.2879759984375 0.8177137328124999 0.2838105625 0.8232414515625001
0 0.572864009375 0.6457370250000001 0.6113273296874999 0.583891159375 0.6099084578125 0.5828219640625 0.4677063171875 0.5389843812499999 0.4507868234375 0.5640685624999999 0.4256689640625 0.602460965625 0.42765148125 0.6039549 0.56641098125 0.6553040328125 0.572864009375 0.6457370250000001
0 0.3037041875 0.8222059890625 0.35725978125 0.8835094828125 0.3583796171875 0.8843533390625 0.43533708125 0.75134050625 0.3803011125 0.6973683234375 0.3756166265625 0.7014404859375001 0.3037041875 0.8222059890625
0 0.4767571015625 0.5646566234375 0.4740223125 0.5673914140625 0.40660823749999997 0.6995576796874999 0.45447715625 0.7474265984375 0.46147406406249997 0.7526991468750001 0.5319676171875 0.627126625 0.48063538437500003 0.56757911875 0.4767571015625 0.5646566234375
0 0.39493981875 0.6342269453125 0.372432115625 0.7811185625 0.44020686875 0.8171550375000001 0.46772070781249997 0.667297853125 0.397594703125 0.6307037921875 0.39493981875 0.6342269453125
0 0.48065116406249997 0.5250148671875 0.6105902046875 0.59015799375 0.66088535 0.5294255859375 0.6424473125 0.5183421421875 0.5242210609375 0.45716200156250003 0.512590034375 0.47054196875 0.47439575468750006 0.519577125 0.48065116406249997 0.5250148671875
0 0.8795901609375001 0.162245428125 0.8530364374999999 0.13996420781250002 0.814225496875 0.110718065625 0.74563484375 0.21097978281250002 0.7990388453125 0.2557910609375 0.813435409375 0.26663965 0.8795901609375001 0.162245428125
1 0.8454458484374999 0.23402384999999998 0.7231438484375 0.185200375 0.7133582578125 0.202149515625 0.682031428125 0.2595733609375 0.6866482656249999 0.263052396875 0.8045690640625001 0.307081040625 0.8489333718750001 0.23665188750000002 0.8454458484374999 0.23402384999999998
0 0.741728303125 0.3749908125 0.624891928125 0.3238775640625 0.6079359875 0.34637885625 0.5746727828125 0.39388363593750003 0.5773695062499999 0.3959157609375 0.6968050671875 0.44386687656249996 0.7447335390625 0.3772554203125 0.741728303125 0.3749908125
1 0.6522292125 0.3599328328125 0.7233131734375 0.40097317656250003 0.724642940625 0.3992085140625 0.7701200234375001 0.2748024546875 0.6986526125 0.231186453125 0.6943618421875 0.2368804984375 0.6522292125 0.3599328328125
0 0.63293916875 0.531363346875 0.63538106875 0.5323499390624999 0.6526036921875 0.40104458281250005 0.580666590625 0.3721813171875 0.5783567984375 0.3752465140625 0.578352325 0.37525758593749997 0.55816630625 0.49983999375000004 0.63293916875 0.531363346875
0 0 0.7134582484374999 0.1311745390625 0.7884702 0.1845391875 0.744677684375 0.1865068015625 0.7420665718749999 0.0303621359375 0.638959796875 0 0.6662979875 0 0.7134582484374999
0 0.4411937265625 0.174294953125 0.47728036874999996 0.20310546875000002 0.5164029296875 0.23258643281250002 0.6035684609375 0.0686936484375 0.5346029437500001 0.010726139062499999 0.53458425625 0.0107500578125 0.4411937265625 0.174294953125
0 0.06002959375 0.5862247218750001 0.051971817187500005 0.5960614375 0.0160223296875 0.64376801875 0.02002233125 0.6468931625 0.1877166328125 0.7235917 0.234170640625 0.6592422421874999 0.06002959375 0.5862247218750001
0 0.30457580625 0.276435290625 0.4737160046875 0.3484790453125 0.5205199046875 0.2739520171875 0.34974272968750003 0.196449825 0.2974802390625 0.271088396875 0.30457580625 0.276435290625
1 0.49763604375000003 0 0.47702641874999996 0.022041150000000002 0.48321605468750006 0.0284507046875 0.623718553125 0.134764315625 0.6879798828125 0.06955887656250001 0.6012125640625 0 0.49763604375000003 0
0 0.1368826796875 0.48858106562500003 0.0820957515625 0.5379114375 0.0768271171875 0.5449031515625 0.0808698875 0.549393103125 0.23244318437499997 0.6508499265625 0.297715171875 0.5934294328124999 0.1368826796875 0.48858106562500003
0 0.3774853640625 0.45400061718750007 0.3780739703125 0.452613946875 0.40942071875 0.27563331562500004 0.33110149375 0.23862540937499999 0.3294454890625 0.2408230015625 0.293289 0.41945435781249996 0.331152803125 0.43552658906249997 0.3774853640625 0.45400061718750007
1 0.4293195515625 0.1138871421875 0.36047411875 0.1658945546875 0.3569201359375 0.170610846875 0.5020558609375 0.2900531375 0.5747378046875 0.22620715468750002 0.5745213640625 0.22595816875 0.4293195515625 0.1138871421875
1 0.31001568281249997 0.4274134453125 0.2283985625 0.3804912546875 0.22603723593749997 0.38427016406250003 0.17329044843750002 0.5610720484375 0.20154307187499998 0.5787262484375 0.25310096249999997 0.6090380078125001 0.31001568281249997 0.4274134453125
1 0.405602728125 0.400849384375 0.2510039359375 0.3616253046875 0.2313860578125 0.3570144078125 0.18401806874999999 0.43797211249999995 0.186132321875 0.43956531718749997 0.3678711609375 0.47716565624999996 0.4058128484375 0.40095644531249997 0.405602728125 0.400849384375
1 1 0.4719455109375 0.9932038359375 0.464711659375 0.9911618078125001 0.4631728796875 0.9885001796875 0.46583450937500004 0.9360320734375 0.5504499015625 0.9660947578125001 0.581533421875 0.9807646875 0.59620335 0.9888631421875 0.6023059734375 1 0.5858211734375 1 0.4719455109375
0 0.9380717203125 0.5269455546875 0.888513521875 0.611341034375 0.924377071875 0.646637384375 0.9408135296875001 0.6619646296874999 0.9432079218749999 0.6637689328125 0.9930575875000001 0.5738676484375 0.9420626640625 0.52266579375 0.9380717203125 0.5269455546875
0 0.8790817375 0.603439296875 0.8330078140625 0.65263931875 0.826225328125 0.66163998125 0.8292813234375 0.664114678125 0.9184277156249999 0.70583789375 0.9672753390625 0.64551610625 0.8790817375 0.603439296875
0 0 0.54519343125 0.0769781421875 0.559759284375 0.1187710734375 0.4757698625 0 0.45732951875000005 0 0.54519343125
0 0 0.4578959375 0.1325366828125 0.48592288437500003 0.1390722296875 0.47309615312500003 0.1738399484375 0.40208350781249996 0 0.36736286093750004 0 0.4578959375
0 0 0.65159483125 0.0053828453125000005 0.6543255968749999 0.0578662859375 0.5998290203125001 0.06914665 0.587732309375 0.0684760171875 0.5871069343750001 0 0.553712228125 0 0.65159483125
0 0.1081286078125 0.2411370859375 0.051699589062499995 0.4105973328125 0.1232740171875 0.4625475296875 0.19129288125 0.2882705171875 0.113908353125 0.2334671046875 0.1081286078125 0.2411370859375
0 0.25657858125 0 0.239098946875 0.023196259375 0.24160307187500002 0.025224059375000003 0.4096153953125 0.11312490156249999 0.463425903125 0.047447110937499995 0.4661554109375 0.0438249328125 0.39153383750000004 0 0.25657858125 0
0 0.2671837015625 0 0.22642087968750002 0.1838332171875 0.2979243421875 0.215668609375 0.315299575 0.223246884375 0.31652719687499997 0.22161777656249998 0.355127825 0.0341825703125 0.29970025 0.0095046234375 0.2781205484375 0 0.2671837015625 0
0 0.17814413125 0.10547826093749998 0.1348598921875 0.15892984375000002 0.1166283953125 0.1831238578125 0.119185309375 0.18519440625 0.2877979765625 0.26675007968750003 0.3502336171875 0.19259394218749998 0.17814413125 0.10547826093749998
0 0.23793601718750002 0.18977759375 0.151699303125 0.1495647546875 0.14782510468750001 0.15470599062499998 0.1090040578125 0.3438460734375 0.13955322187500002 0.35809138281249997 0.19448400625 0.3824877671875 0.23793601718750002 0.18977759375
0 0.70924895 0.8222263906249999 0.6626446375 0.9198027625 0.6920853234375001 0.946311275 0.7100652265625 0.96154710625 0.7154460593749999 0.9656018546875 0.7659578125000001 0.86623666875 0.7119358765625 0.8192422578125 0.70924895 0.8222263906249999
0 0.9073933796875 0.6868986015625 0.8118580703125 0.677051334375 0.8114729859375001 0.6779572640625 0.78722886875 0.737963559375 0.7911322843749999 0.74090499375 0.7914605578125 0.7410376249999999 0.8809241515625 0.7553838609375 0.9073933796875 0.6868986015625
0 0.5945837734375 0.9586534546875001 0.5949745171874999 0.9589479015625001 0.7042005359375 0.9885436171875 0.7432458953125 0.9408637499999999 0.6387441328125 0.900050678125 0.5945837734375 0.9586534546875001
0 0.725569521875 0.8703197109374999 0.7754496796875 0.900290734375 0.8015536359375 0.797914590625 0.737623071875 0.7636412703125 0.7372768359374999 0.764100740625 0.7363556609375 0.7656338328125 0.7115580484375 0.8614204390625 0.725569521875 0.8703197109374999
0 0.755029059375 0.75637656875 0.7357573390625001 0.7872177671875 0.73936395 0.78993554375 0.8308957031249999 0.8134357296875001 0.87014914375 0.7534306328125 0.77538270625 0.72605799375 0.755029059375 0.75637656875
0 0.6786511421875 1 0.6171169796875 0.9668236625000001 0.5942229859375 0.9549790078125 0.5855740109375 0.961736328125 0.54725979375 0.9928950562500001 0.5463097343750001 0.994155828125 0.5495044625000001 0.9982448968750001 0.5522008015625001 1 0.6786511421875 1