0 0.0461084875 0.7502499515625 0.0471847703125 0.8107080890624999 0.047931259375 0.8178104609375 0.1565571609375 0.7797543328125001 0.1558474546875 0.7102756 0.150991890625 0.7104451593750001 0.0461084875 0.7502499515625
0 0.1301562828125 0.691011878125 0.1531188671875 0.8073444265624999 0.22080270937500002 0.8155263328125001 0.19725752968750002 0.699130034375 0.1301562828125 0.691011878125
1 0.47469403750000005 0.6689682640625 0.4743647046875 0.664258584375 0.3640752296875 0.705888140625 0.3718491625 0.7820654984375001 0.37305813906249996 0.7819809609374999 0.47783096406250003 0.741492125 0.47469403750000005 0.6689682640625
0 0.30036457968749997 0.6822836 0.2776296875 0.6862923750000001 0.2783991609375 0.6936134203125001 0.3293753609375 0.7904360703125 0.404413846875 0.7773086515625 0.3531786421875 0.67653809375 0.30036457968749997 0.6822836
0 0.3125195625 0.6787161109375 0.3094511609375 0.67887691875 0.197612334375 0.7201825937499999 0.20042832812500003 0.7739149984375 0.2032162953125 0.8004407265625 0.3168708 0.75663033125 0.31539993125 0.728564465625 0.3125195625 0.6787161109375
0 0.5211944 0.6562375109375 0.4527481640625 0.652650396875 0.44566838124999997 0.6533945125 0.470077959375 0.7683904015625 0.5489258203125 0.770070871875 0.5489513171875 0.7695843578125 0.5211944 0.6562375109375
0 0.6355698750000001 0.7572751625 0.603458334375 0.64210709375 0.593962028125 0.6422728515625 0.5255063390625 0.6450032046875 0.5217708921875001 0.6453958156249999 0.5217938765625 0.646712553125 0.553399115625 0.7611410328125 0.6355698750000001 0.7572751625
1 0.979102984375 0.6735871062500001 0.96314691875 0.59429200625 0.9544031765625001 0.595211009375 0.83230205625 0.6430066812499999 0.844920821875 0.7113899109374999 0.8471568046875 0.7228930499999999 0.979102984375 0.6735871062500001
1 0.8453931296875 0.592646775 0.77034433125 0.5972742 0.76105120625 0.598250946875 0.7613352046874999 0.6023123140625 0.7945031765625 0.73505964375 0.8741694484375 0.73090355625 0.8814818343749999 0.73013499375 0.8814189750000001 0.72923605 0.8453931296875 0.592646775
1 0.7346273859375 0.6326915234375 0.5900665890625 0.6519261734375 0.5849107546875 0.7009806671875001 0.5832088640624999 0.72365235625 0.5838344531249999 0.7296044390625 0.7274521015625 0.7122481296875 0.7351920437499999 0.632750871875 0.7346273859375 0.6326915234375
1 0.665971084375 0.694132115625 0.665971084375 0.71883395625 0.6667372453125 0.7261234890625 0.80615320625 0.7011742109375 0.8043135078124999 0.6187524953125 0.66684603125 0.6520626468749999 0.665971084375 0.694132115625
0 0.039089968749999995 0.600671184375 0.0413560375 0.665562921875 0.043370678125 0.6847309390625 0.1913912421875 0.6283249125 0.187129646875 0.5511855703124999 0.1834335203125 0.551314640625 0.039089968749999995 0.600671184375
0 0.0102514125 0.614653240625 0.010441599999999999 0.6255490828125 0.014267920312499998 0.661954078125 0.1333201453125 0.65829365 0.13521483125 0.573905359375 0.12972062812500001 0.5740012609375 0.0102514125 0.614653240625
0 0.43531953593750006 0.6521194718750001 0.508353553125 0.645573603125 0.5083311515625 0.64514614375 0.4572905109375 0.5038914578125 0.4270749875 0.5054749875 0.4023899078125 0.5071170203124999 0.380812090625 0.5093849406250001 0.42379545468749996 0.652723421875 0.43531953593750006 0.6521194718750001
0 0.22634060156250002 0.5318801828125 0.1530504171875 0.5254681234375 0.144162978125 0.52640223125 0.18062779375 0.673227190625 0.259354903125 0.6738329937499999 0.259450396875 0.672741484375 0.22634060156250002 0.5318801828125
0 0.38091320781250004 0.512376365625 0.3119814125 0.508763803125 0.3060669671875 0.5093854359375001 0.3057817671875 0.5148273750000001 0.33636133749999997 0.6506175437499999 0.42075759843749994 0.6613352484374999 0.38091320781250004 0.512376365625
0 0.207549059375 0.5855389953125 0.2085971640625 0.5975188859375 0.21532748281249997 0.661553590625 0.3549050265625 0.6034635328125 0.3472868703125 0.5235117953125 0.3444469375 0.5237602578125 0.207549059375 0.5855389953125
0 0.52995670625 0.6446936359375 0.60479268125 0.6198419984375 0.5950296671874999 0.6006720359375 0.52718865625 0.4861379640625 0.5102346828125001 0.49132131562500003 0.45259849843750005 0.5123953671875 0.45302896718749996 0.516491003125 0.45428274531249996 0.52059193125 0.52995670625 0.6446936359375
0 1 0.5200208359375 0.9738271109375001 0.43762991093750003 0.9732383875 0.43769178750000004 0.9089391625 0.45135900937500006 0.889690725 0.45569109531249996 0.8904679640625 0.46308602656250003 0.9359632578125 0.5905874328125 1 0.578887034375 1 0.5200208359375
1 0.9182236515625 0.4560429234375 0.792646828125 0.5023405484375 0.7962373765625 0.5192327515625 0.812265125 0.5865837203125001 0.8127674624999999 0.5865309234375 0.9347642453124999 0.5384120375 0.9205061765625 0.4558030203125 0.9182236515625 0.4560429234375
0 0.753888828125 0.4885068140625 0.6305714609375 0.5061134171874999 0.6226181421875 0.5852936093750001 0.62237568125 0.5880649515624999 0.6224354078125 0.5886332125 0.7552680953124999 0.5738000265625 0.7614361546875 0.489167121875 0.753888828125 0.4885068140625
1 0.744538003125 0.5926086828125 0.8276246171875 0.5975382265625 0.8303097218750001 0.5972560109375 0.8087531875 0.46265902031249995 0.731471590625 0.4599602890625 0.7261621078125 0.46051833750000004 0.744538003125 0.5926086828125
0 0.5431419078124999 0.5068696359375 0.5970917375 0.6136889046875 0.6786882328125 0.5946403140625 0.6154227031249999 0.4782528375 0.5420759640624999 0.49672785625 0.5431419078124999 0.5068696359375
0 0 0.28730465 0.043591865625 0.4278060640625 0.1133774484375 0.43222930625 0.1157957765625 0.4319751296875 0.0718281921875 0.249707184375 0.0102270265625 0.24863193125 0 0.24863773125000002 0 0.28730465
0 0.872037225 0.3392687765625 0.8019949359374999 0.16585531250000002 0.7550282171875 0.174096228125 0.7148779703125 0.18263042499999999 0.7151239046875 0.1849703421875 0.7158831359375 0.18854224375 0.7785177578125 0.3581207859375 0.872037225 0.3392687765625
0 0.18687465 0.42869880625 0.1588375859375 0.23933556562499997 0.14016206250000002 0.23770167031249997 0.0808976140625 0.2347766125 0.080433971875 0.240076071875 0.11306907343749999 0.42052095468750006 0.18687465 0.42869880625
0 0.600596271875 0.18185799375 0.5136977968750001 0.21177954062499998 0.51400905625 0.2147409796875 0.5141852375 0.2152526484375 0.6115322265625001 0.37772187968750004 0.6932032640625 0.344938890625 0.600596271875 0.18185799375
1 0.9764849109375 0.280078415625 0.9758566953125 0.244087903125 0.9700467749999999 0.1888102171875 0.7940613484375 0.214426771875 0.7942209328125001 0.22356938125 0.8002020125 0.310801615625 0.9764849109375 0.280078415625
0 0.29235271093750004 0.41618286718749997 0.265167984375 0.22761094062499998 0.2559785984375 0.22653768593749998 0.1840911984375 0.21898201562500003 0.1804510875 0.21936460625 0.17991189531250001 0.224494675 0.20870694374999998 0.408391675 0.29235271093750004 0.41618286718749997
0 0.53009810625 0.37723200625 0.5972376328125 0.357647984375 0.5970726156249999 0.357032134375 0.5123981921875 0.1974869703125 0.4380361640625 0.2142561234375 0.4278345328125 0.21698964062499998 0.4281116421875 0.2196261671875 0.5096297421875 0.3827164890625 0.53009810625 0.37723200625
1 0.78602828125 0.3372813046875 0.6984150234375 0.1693119109375 0.6647602390625 0.1802470125 0.6081872328125 0.198953496875 0.6085078937499999 0.20200438593749998 0.6094763421875 0.204984959375 0.6964496515625 0.3597291078125 0.78602828125 0.3372813046875
1 0.41792575000000004 0.3392639734375 0.42432054375000006 0.2453376546875 0.419888946875 0.244871875 0.23785779375 0.2749682203125 0.2343754390625 0.308100603125 0.22973290156249998 0.367728328125 0.41792575000000004 0.3392639734375
1 0.5172960437499999 0.24213640937499997 0.5130120578125 0.241534334375 0.3582365390625 0.254432134375 0.3381863078125 0.2564594015625 0.3207284140625 0.3435766765625 0.3204055828125 0.34587374375 0.3207801640625 0.34943765 0.506352928125 0.3256294375 0.5172960437499999 0.24213640937499997
0 1 0.8181123375 0.9955844515625 0.8061242999999999 0.9919242828125 0.8065089984375 0.9078090218750001 0.8521092890625 0.9353812484375 0.9255715921875 0.9356171968749999 0.92554679375 1 0.888012359375 1 0.8181123375
0 0.8442296953125 0.8373889578125 0.83476504375 0.9047334546875 0.83567965 0.9134353484375 0.932131503125 0.9096045015625001 0.9421673359374999 0.83262365 0.9375448828125 0.83197400625 0.8442296953125 0.8373889578125
0 0 0.1980646109375 0.018594768749999997 0.25478636093749996 0.0556595890625 0.2542247359375 0.049110221875 0.0666753765625 0.048966865625 0.065311440625 0.025322845312499998 0.0661371078125 0 0.06866003125 0 0.1980646109375
1 0.833076196875 0.8286437125000001 0.7600152640625 0.8340258328125 0.75511658125 0.8345407046875 0.755375878125 0.83700775 0.7886474984375 0.9325622328125001 0.8627687249999999 0.9260207078124999 0.833076196875 0.8286437125000001
0 0.6813629062500001 0.8645542734375 0.6835886421875 0.9014019031249999 0.68763191875 0.93987110625 0.7841288750000001 0.9066597546875 0.780492990625 0.8344870984374999 0.7746634218749999 0.8349971171874999 0.6813629062500001 0.8645542734375
0 0.6109509546874999 0.8621970343750001 0.6035751734375 0.9323729234375 0.6042930171875 0.9392027593750001 0.69935175625 0.926697528125 0.7132269546875001 0.8489653015625 0.7091534234375 0.8485371562499999 0.6109509546874999 0.8621970343750001
0 0.0958815859375 0.0491470578125 0.1443679859375 0.2279180625 0.23159551718750002 0.2314767921875 0.1889602921875 0.0509079078125 0.106519178125 0.0480290015625 0.0958815859375 0.0491470578125
0 0.228461809375 0.215648159375 0.316563296875 0.22169638749999998 0.290934265625 0.0407076578125 0.269478803125 0.0380732578125 0.1990121765625 0.030559559375 0.19857249999999999 0.03414045 0.2263233234375 0.2153855859375 0.228461809375 0.215648159375
0 0 0.092835853125 0.0645584828125 0.2449097515625 0.15133819375 0.23211315156249998 0.151311603125 0.2318601625 0.0767286203125 0.0481928515625 0.0659575296875 0.049149989062499996 0 0.0560824046875 0 0.092835853125
0 0.419972996875 0.0355080640625 0.2566925125 0.1037418515625 0.2715095125 0.20063894218749997 0.44165670781250005 0.1191815171875 0.4297124796875 0.034484403125 0.419972996875 0.0355080640625
0 0.784160475 0 0.6394901281250001 0.0631281515625 0.6651235796875 0.15879349843749999 0.8396556625 0.0722222375 0.8207464015625 0 0.784160475 0
0 0.5675996125 0 0.6240381953125 0.17902615 0.678855515625 0.1732646171875 0.72124656875 0.168483184375 0.7211008156250001 0.1670964375 0.6656346234375 0 0.5675996125 0
0 0.45197344062499994 0.0691838234375 0.45315410624999997 0.1439795875 0.4554292484375 0.1656261109375 0.6414444078125 0.1187283046875 0.6379877140625 0.0197415453125 0.633534540625 0.0198970546875 0.45197344062499994 0.0691838234375
0 0.5430043999999999 0.036276484375 0.35177925625 0.0713767125 0.3500151546875 0.105037790625 0.3481112140625 0.16103277031250002 0.3485299296875 0.1650165828125 0.542927825 0.1332052765625 0.5479939421875 0.036537975 0.5430043999999999 0.036276484375
0 0.789828921875 0 0.7979158 0.154160528125 0.8954230578125 0.1602164609375 0.8910171359374999 0 0.789828921875 0
0 0.41019370625 0.9752370546875 0.3764714828125 0.8680881156250001 0.337802175 0.868763090625 0.31419392031250004 0.869885796875 0.308218615625 0.8705138265624999 0.30832345625 0.876520128125 0.33745378125 0.9777511999999999 0.41019370625 0.9752370546875
0 0.627184571875 0.9459924031250001 0.60214099375 0.8532735640625001 0.6011572359375 0.8532387124999999 0.542169075 0.8522090703125 0.5351684328124999 0.8529448671875001 0.53509483125 0.8571614796875 0.5537623515625001 0.9458241718749999 0.627184571875 0.9459924031250001
0 0.343740540625 0.8815490562500001 0.23381055625 0.9169268046875001 0.22819318125 0.9676923859375 0.22774828593750002 0.9740546999999999 0.228157475 0.9779478750000001 0.338345753125 0.955195334375 0.344788125 0.8816223093750001 0.343740540625 0.8815490562500001
0 0.481252503125 0.86454825625 0.385036175 0.8876223515625 0.383756571875 0.9041717031250001 0.3811567703125 0.9537788578124999 0.3820172234375 0.9619655078125 0.4833588796875 0.9372695484375001 0.48360705 0.8646716515625 0.481252503125 0.86454825625
0 0.5407394140624999 0.8445038 0.538175775 0.8447732484375001 0.534703871875 0.8458347156249999 0.4573324515625 0.8992110578125001 0.464983546875 0.9262340531250001 0.47757076249999997 0.9674049874999999 0.47820293906250005 0.9673385421875 0.5596970671875 0.9146398171874999 0.5407394140624999 0.8445038
0 0.20478580625 0.8901140296875001 0.20475541718749998 0.8898249 0.2016753328125 0.8895554265625 0.096253659375 0.9242815249999999 0.091150471875 0.9614803406249999 0.0890825109375 0.9851172437500001 0.09001295000000001 0.993969784375 0.1987688265625 0.9588884249999999 0.20478580625 0.8901140296875001
0 0.1655153609375 0.8793801406249999 0.1920972578125 0.9864794375000001 0.19719533281249998 0.9869254625 0.26596391875 0.9900327421874999 0.2363932546875 0.9025117296875 0.22772768437500002 0.8782354328125 0.2167937421875 0.8772788374999999 0.16600063437499998 0.8738334390625001 0.1655153609375 0.8793801406249999
0 0.146376590625 0.9800904156250001 0.1336860546875 0.8982845781250001 0.1288294390625 0.8987950296875 0.0446407203125 0.949396096875 0.051833671875 0.9948106156250001 0.08975470468749999 0.9890584406249999 0.146376590625 0.9800904156250001