0 0.5921133921874999 1 0.6137679796875 0.9958760249999999 0.6242830640625 0.9293370015625 0.623513153125 0.9290567765625 0.5101206515625 0.9476406703125001 0.5045946406249999 0.9809673125 0.5019197703125 1 0.5921133921874999 1
0 0.5385842000000001 0.8416983296874999 0.5641159703125 0.9574790609375 0.631348678125 0.9644249 0.6063593078125 0.8485108234375 0.5386482781249999 0.8415222765625 0.5385842000000001 0.8416983296874999
0 0.708067675 0.626515634375 0.6442152812499999 0.59738506875 0.6376289234375 0.59498783125 0.624700271875 0.711708865625 0.6961040859375001 0.7393660375 0.696577625 0.7382504515625 0.708067675 0.626515634375
0 0.7000621625 0.6975250046875 0.6997025140625001 0.6973941031249999 0.585191415625 0.719168628125 0.5760376703125 0.7937198921874999 0.5765646546875 0.7939116984375 0.5790817796875001 0.7942207625 0.6851792999999999 0.775607703125 0.7000621625 0.6975250046875
0 0.6123131015625 0.764107853125 0.5650824937500001 0.7551895328125 0.5629982234375001 0.7609160187499999 0.57568480625 0.876368896875 0.6404129578125 0.888950775 0.655064221875 0.8917160953125001 0.6550794343749999 0.8916742984375 0.6399011265625 0.769470421875 0.6123131015625 0.764107853125
0 0.71987586875 0.6670088859375001 0.7203564453125 0.665819415625 0.7309387 0.5504309625 0.6605938515625 0.5220098 0.6460937453125 0.6398317203125 0.71987586875 0.6670088859375001
0 0.6623765828125 0.487621825 0.64677799375 0.5567483765625 0.651462178125 0.5584532796875 0.7666959765625 0.5575679390625 0.7842291875 0.4771965171875 0.6646742984375 0.47840619531249995 0.6623765828125 0.487621825
1 0.7895660859375 0.1338574890625 0.7684090671875 0.2601490234375 0.78913335625 0.2676920484375 0.8472134 0.2872637171875 0.86820425 0.14883541718749999 0.7937364796875 0.1223994265625 0.7895660859375 0.1338574890625
0 0.7693614875 0.3497648296875 0.8225743218750001 0.3650233640625 0.8354660578124999 0.2240362890625 0.7553851078125 0.20035829062500002 0.7535570468749999 0.2053808421875 0.7527837609375 0.20807761406249997 0.738937075 0.34045522031250003 0.7693614875 0.3497648296875
1 0.6598445468749999 0.4800281015625 0.7989801 0.47132558593749996 0.810205790625 0.394310025 0.665535590625 0.401615475 0.6521999421875 0.47724569375000003 0.6598445468749999 0.4800281015625
1 0.8373050046875001 0.3267945390625 0.8372719734375 0.326782515625 0.695870228125 0.328315090625 0.678109528125 0.3985487890625 0.68133844375 0.39972401875 0.685982546875 0.4007961953125 0.8205592718749999 0.40750522499999997 0.8373050046875001 0.3267945390625
0 0.3962542171875 0.9638962859375001 0.47682790468749997 0.9885301343749999 0.47714254531250005 0.987665665625 0.4719857765625 0.8288957781249999 0.3994234609375 0.8083108812500001 0.396570084375 0.8161504687500001 0.3962542171875 0.9638962859375001
0 0.34824865625 0.8912802078125001 0.33574713906250003 0.92911189375 0.3245319921875 0.9682237546874999 0.33666771406249996 0.9726407953124999 0.48845730156249995 0.9678918812499999 0.502199378125 0.9335377234375001 0.48001449375 0.9271763109375 0.34824865625 0.8912802078125001
0 0.5024709015625 0.6452541890625 0.5516417921875 0.66512051875 0.5740725875 0.6732846609375 0.5956818828125 0.525292534375 0.51719024375 0.49691242343750003 0.515398603125 0.5013468875 0.5024709015625 0.6452541890625
0 0.3959699625 0.7765098453125 0.374887121875 0.8551920781250001 0.378105653125 0.856363528125 0.5272316453125 0.8460728218750001 0.5414990640624999 0.768646953125 0.54044071875 0.7683633703125 0.3959699625 0.7765098453125
0 0.4914062890625 0.7309448515625 0.5667283546874999 0.741530678125 0.5671909921875 0.7402595921875 0.5479326453125 0.5976556828125 0.4674816375 0.5802065765625 0.4657372171875 0.5849993328124999 0.4914062890625 0.7309448515625
1 0.4244460671875 0.6984458359375 0.3989482609375 0.772496840625 0.40497807343750003 0.7746915125 0.552717021875 0.773947553125 0.5761616296875001 0.701390225 0.42472498593749997 0.6976795140625 0.4244460671875 0.6984458359375
0 0.500194378125 0.5475201000000001 0.5087042234375 0.5476702515625 0.642519575 0.5415020390625 0.6429766375 0.5391506640625 0.6539126000000001 0.46049675625 0.5005166609375 0.46953960625 0.49949417656249995 0.4747998328125 0.48779089999999997 0.54377680625 0.495646921875 0.5466361640625 0.500194378125 0.5475201000000001
0 0.8005582671875 0.09335241093749999 0.6696514015624999 0.031258603125 0.63549493125 0.088104515625 0.62965453125 0.0980926578125 0.6264342375 0.10694034375000001 0.6293583859375 0.10869735 0.75575054375 0.1632939 0.8005582671875 0.09335241093749999
1 0.6097269937500001 0.1667629015625 0.5960186828125 0.1905063921875 0.5949635718749999 0.1934052890625 0.7202046046875 0.24340203906250002 0.7616697515624999 0.167394090625 0.638336609375 0.1213446140625 0.6097269937500001 0.1667629015625
1 0.5619767718750001 0.30335045781250003 0.5436217484375 0.382854796875 0.5469847062500001 0.3840788125 0.6755617125 0.38773381093750003 0.693767496875 0.3033029953125 0.692732771875 0.30306411093749996 0.5619767718750001 0.30335045781250003
1 0.6025899484374999 0.3200172171875 0.6824302421875 0.341410359375 0.6825306875 0.341134384375 0.6944303625 0.2072751984375 0.6135426390625 0.18347572031249998 0.6115222890625 0.189026584375 0.6025899484374999 0.3200172171875
1 0.5408769109375 0.37347752500000003 0.5178988328125 0.4279811390625 0.5100015578125 0.4496787234375 0.514501884375 0.45149697343749995 0.63967231875 0.46791491250000006 0.6692196703125 0.394272834375 0.5408769109375 0.37347752500000003
0 0.134680440625 0.7285823312499999 0.10827724999999999 0.8874185796875 0.1340577703125 0.89889680625 0.18407881718750002 0.9171029796875001 0.20041907343749998 0.755196615625 0.1392680375 0.7245387453125 0.13686945156250002 0.72366573125 0.134680440625 0.7285823312499999
0 0.52534779375 0.131107884375 0.3542577078125 0.0523137125 0.33593932031249996 0.079882140625 0.30426561875 0.12865536093750002 0.30310744375 0.1318374234375 0.305929825 0.1336702984375 0.47360905937500003 0.20486680468750001 0.52534779375 0.131107884375
0 0.2952294265625 0.752512146875 0.11538714375 0.6949498734375 0.10440955468749999 0.7110287093750001 0.076856571875 0.7534565828125 0.076019325 0.7557569 0.0808197234375 0.7588743140624999 0.254560615625 0.8206654703125 0.2952294265625 0.752512146875
0 0.4131991234375 0.237296403125 0.3290921671875 0.19930686875 0.32691425937499996 0.204198528125 0.28770403437500003 0.38754833125 0.30427160937500003 0.394924690625 0.3696000578125 0.42017127343749994 0.4131991234375 0.237296403125
1 0.41128044218750004 0 0.364655490625 0.101285371875 0.37241004375000003 0.1061309546875 0.44882668125 0.1486248796875 0.5122622406249999 0 0.41128044218750004 0
0 0.1462532578125 0.599051190625 0.10968913437500001 0.6678183046874999 0.1081579765625 0.6720251265625 0.1144173921875 0.675353315625 0.2915499765625 0.7188504250000001 0.33324661718750004 0.642568475 0.1462532578125 0.599051190625
0 0.35731772031250003 0.497740825 0.3576565921875 0.4962730125 0.35779474843750003 0.31653780781249996 0.274137275 0.29366430625 0.2729715640625 0.296867071875 0.26840159375 0.478339946875 0.3084810734375 0.48759302499999996 0.35731772031250003 0.497740825
1 0.3072597 0.16398251875 0.272526175 0.2387009875 0.2691791609375 0.247896834375 0.4541869765625 0.28538023125 0.48838745 0.19488546874999998 0.488079453125 0.194767240625 0.3072597 0.16398251875
0 0.3197384296875 0.5049838265625 0.24224766875 0.455707996875 0.23996088593749998 0.45909829062499996 0.17857228281249998 0.6334289562500001 0.20751235 0.6529492765625 0.2590973859375 0.68505171875 0.3197384296875 0.5049838265625
1 0.3310562875 0.583812178125 0.323354515625 0.4242595984375 0.322028225 0.4041508328125 0.2317347609375 0.3827535890625 0.230069134375 0.3873298609375 0.24700363281249998 0.5695023531250001 0.27770574375 0.5749159640625 0.3310562875 0.583812178125
0 1 0.2647591453125 0.9644357328125001 0.2610101828125 0.9636683671874999 0.2631185015625 0.9708926828125 0.3597750078125 1 0.36283431093749996 1 0.2647591453125
0 0 0.85010376875 0.0452164140625 0.8665611984374999 0.0793154015625 0.8058233015624999 0 0.7818016328125 0 0.85010376875
1 1 0.34355227187500004 0.9627238312499999 0.3202989015625 0.9613329343749999 0.3226137421875 0.927389271875 0.41565935937500004 0.9723634015625 0.4446286 0.98427869375 0.45178803125 0.9945463453125001 0.45552515 1 0.43854116562499995 1 0.34355227187500004
0 1 0.4397046984375 0.9236568296875 0.40975224218750006 0.8869443796875001 0.461138975 0.8825987765625 0.46758159531250004 0.8811395531249999 0.47159078125000004 0.8832086421875 0.47298640000000003 0.97702315 0.507147065625 1 0.47565643281250003 1 0.4397046984375
0 0.874676703125 0.5599114000000001 0.937731140625 0.597798328125 0.94144545 0.5991502265624999 0.970493796875 0.507052153125 0.9059083859375001 0.46162589218749994 0.9037988046875001 0.465136825 0.874676703125 0.5599114000000001
0 0 0.7318128875000001 0.035770815625 0.7550427265625 0.0388230953125 0.7561536656250001 0.094791121875 0.5809395875 0.019856975 0.531426675 0.0165832359375 0.53023513125 0.0159634671875 0.5311894921875 0 0.5875084234375 0 0.7318128875000001
0 0 0.5898058859375 0.1293199515625 0.617152603125 0.135855496875 0.604325875 0.1706232171875 0.533313228125 0 0.49923505312499994 0 0.5898058859375
0 0 0.8436317796875 0.0119879515625 0.8494786937500001 0.017238645312500002 0.8513897890625 0.04891398125 0.6513495140625001 0 0.6299677515625 0 0.8436317796875
0 0 0.4882051875 0.158083771875 0.5259167328125 0.20359816249999999 0.45008690781249994 0.024056090625000002 0.39751611875 0 0.4386733359375 0 0.4882051875
0 0.32548109531249997 0.047390315625 0.32460844375 0.047072696875 0.1320604859375 0.04900330625 0.13193659375 0.049343695312500005 0.11849542500000002 0.14498258125000002 0.1233992625 0.14676743125 0.3125703328125 0.135587265625 0.32548109531249997 0.047390315625
0 0.1929734078125 0.30344979375 0.19318817500000002 0.30311908125000003 0.26361788124999996 0.12434454375 0.1983755859375 0.0819757015625 0.1825020984375 0.07183799375 0.1815273734375 0.0714832234375 0.18045364531250002 0.0731366203125 0.11308496406249999 0.252018509375 0.1647301234375 0.28555726875 0.191941725 0.303074290625 0.1929734078125 0.30344979375
0 0.0884908890625 0.35542085 0.1674724953125 0.388946553125 0.18073523125 0.39377379375 0.213254103125 0.20575277656250002 0.12613806562500002 0.1667918296875 0.123412290625 0.1732133515625 0.0884908890625 0.35542085
0 0.1508320140625 0.48764491249999997 0.173684953125 0.2900990578125 0.0867626578125 0.26025850781250004 0.083975709375 0.2679155875 0.058775846875 0.4541392078125 0.1508320140625 0.48764491249999997
0 0.14989623125 0 0.1425246734375 0.0202531875 0.1549681265625 0.0255351203125 0.32439456718750004 0.0754796484375 0.35778876406250004 0.005383425 0.3600738921875 0 0.14989623125 0
0 0.790927225 0.749839109375 0.7764413640625001 0.8536175421875001 0.8110414328125 0.8683043984375001 0.8350882078125 0.8780299093749999 0.8438624499999999 0.8812234734375 0.85673494375 0.768766915625 0.7933676109375 0.744089925 0.790927225 0.749839109375
0 0.9323637859374999 0.568705071875 0.8724342109375 0.5394378890625 0.8692650453124999 0.5462341890625 0.8506338375 0.633064884375 0.881250446875 0.64734164375 0.9175300859375 0.663594084375 0.9323637859374999 0.568705071875
0 0.7449013718749999 0.84833984375 0.7251783359374999 0.9128509875 0.72938205 0.9143810140624999 0.8394756546875 0.9050602359375001 0.8598588156250001 0.8469015203125 0.7462282328125001 0.844257225 0.7449013718749999 0.84833984375
0 0.7895436015625 0.784826034375 0.7963275249999999 0.7856589953124999 0.8893796515625001 0.770111284375 0.9003993843749999 0.6956776312499999 0.7947596671875 0.7137263828125 0.7895436015625 0.784826034375
0 0.8520276625 0.6031859234375 0.8518040546875 0.6031045374999999 0.849710115625 0.6064555406250001 0.82350010625 0.697196853125 0.8365617421874999 0.70596546875 0.8799168890625 0.7330567718750001 0.886777346875 0.735553775 0.9108778421875 0.6416838578124999 0.8520276625 0.6031859234375
0 0.773540234375 1 0.772359903125 0.9697157624999999 0.7076704078125 0.9411688296875 0.7070361078125 0.9428212437499999 0.7089110765625 1 0.773540234375 1
0 0.8099168375 1 0.7912428890625 0.8934321265625 0.7178559703125 0.8849576796875 0.7178511609375 0.88498803125 0.7412362953125 0.974326721875 0.7478305796875 0.9978744359375 0.7612508625000001 1 0.8099168375 1