0 0 0.6373190421875 0.1012593625 0.6097742484374999 0.10640577031250001 0.60560676875 0.066824375 0.5499407109375001 0 0.5699795 0 0.6373190421875
0 0.1650078328125 0.5722256875 0.165263728125 0.5720184671874999 0.134505496875 0.5113715515624999 0.01733499375 0.5295818546875 0.047913540625 0.589859828125 0.1650078328125 0.5722256875
0 0.2548685140625 0.4471114140625 0.362185771875 0.41456470312500004 0.363269765625 0.4136869015625 0.3225892546875 0.34902006874999997 0.21005024843750003 0.3841165109375 0.2126902984375 0.388030546875 0.2548685140625 0.4471114140625
0 0.2448764953125 0.398686053125 0.14705247187499998 0.4465030109375 0.16453858906250002 0.4680965671875 0.1971847765625 0.5031053171875 0.2990450734375 0.45510046718749997 0.302000075 0.452344884375 0.2448764953125 0.398686053125
0 0.2406656296875 0.49331671562499996 0.2020305 0.4616863203125 0.1801892921875 0.443999659375 0.07797799062500001 0.5101733562499999 0.08219775 0.5153843234375 0.0883330328125 0.5204080640625001 0.139577765625 0.5619052296875 0.238731971875 0.495704584375 0.2406656296875 0.49331671562499996
0 0.3574337984375 0.429036809375 0.4075040375 0.36889594375 0.33603561718749997 0.2741092203125 0.2893257734375 0.3338950953125 0.3554394015625 0.4274786171875 0.3574337984375 0.429036809375
0 0.3505486109375 0.2849283125 0.423333603125 0.38005728906249997 0.4758726234375 0.31675934375 0.40252986718750006 0.2213834984375 0.3505486109375 0.2849283125
1 0.6980585593749999 0.031164501562500002 0.590528753125 0.1201919578125 0.59190504375 0.12189153593749999 0.6536343015625 0.174385171875 0.7572146125 0.0858874015625 0.7602105140625001 0.082317025 0.6980585593749999 0.031164501562500002
0 0.5877637499999999 0.075114121875 0.5388358859375 0.134408615625 0.62723928125 0.24270712031250002 0.6281209953125 0.243446965625 0.6339731671875 0.23870796875 0.6839626796875 0.17694596093749998 0.5950554875 0.0708830890625 0.5928598968750001 0.0690407703125 0.5877637499999999 0.075114121875
1 0.5669226578125001 0.270888221875 0.5717291296875 0.2669960171875 0.531183615625 0.202841903125 0.39390813750000003 0.253951428125 0.43871644375 0.320382471875 0.5669226578125001 0.270888221875
1 0.4830916375 0.1667919 0.533249046875 0.29185244843749997 0.5357747796875 0.2958944671875 0.5379372140625 0.29856485 0.5985621625 0.258905921875 0.553975334375 0.1247089875 0.5539532125 0.12468167031249999 0.4830916375 0.1667919
0 0.19417581875 0.62998168125 0.0463609796875 0.687136425 0.0922390765625 0.7437911546875 0.099497871875 0.7524418500000001 0.23979200781249999 0.6925362234375 0.24262513125 0.6901589484375 0.19417581875 0.62998168125
0 0.10386005312499999 0.658022734375 0.0909544859375 0.6388894421875 0.0625282734375 0.6625749515625 0.10410953593750001 0.8056238562500001 0.11398893437499999 0.817823896875 0.146600271875 0.795827271875 0.1785332140625 0.7723820421875 0.1787112078125 0.7722379046875 0.10386005312499999 0.658022734375
0 0.379454140625 0.5556945671875 0.49628819375 0.46666695 0.49767774062500003 0.4649510015625 0.4391349015625 0.41616513125 0.31408215 0.5009382546875 0.3428494171875 0.5260526484375 0.379454140625 0.5556945671875
0 0.25660626875000003 0.576714525 0.11999647499999999 0.646478321875 0.1229061328125 0.65007145 0.1789487703125 0.7044582078125 0.3033123765625 0.6389647 0.3076241234375 0.6344997546875 0.25660626875000003 0.576714525
0 0.36188513125 0.6254633765625 0.36610653593750003 0.62853040625 0.36906876718750004 0.6261316406249999 0.4107718359375 0.558773334375 0.319505790625 0.4432472140625 0.275038503125 0.5060378703125 0.36188513125 0.6254633765625
1 0.3379262328125 0.543273225 0.1860418234375 0.5692666296875 0.1858589796875 0.5694146953125 0.22530208593749998 0.6405719421875 0.3698643359375 0.61141346875 0.37276895468750004 0.6090613546875 0.3379262328125 0.543273225
0 0.5602481828125 0.4484111421875 0.5640308109375 0.44613830937500004 0.565856534375 0.4446598671875 0.5276171234375 0.3774273140625 0.3814625984375 0.4210708171875 0.38048242499999996 0.4218645453125 0.4009843328125 0.4605604234375 0.42052105624999997 0.4930749875 0.546519559375 0.45368404843750004 0.5602481828125 0.4484111421875
0 0.8742598140625001 0.1908986921875 0.8782823656250001 0.1876412953125 0.8519108921875 0.14006589687499998 0.8338154453125 0.1177198796875 0.7226294234374999 0.161209246875 0.7271957437500001 0.169684065625 0.7651082375 0.2380800125 0.8742598140625001 0.1908986921875
1 0.7030399328125 0.2900452671875 0.8248919953125 0.23891821093750001 0.8279837000000001 0.23641459843749998 0.7823773328125 0.1667404046875 0.65986665 0.214935328125 0.6941454375 0.27524234375 0.7030399328125 0.2900452671875
1 0.5518593078125 0.293370715625 0.5882960046875 0.4153751921875 0.591390165625 0.41919616406250004 0.6627653140625 0.3812453234375 0.6291997609375 0.254870615625 0.6287012078124999 0.253932975 0.5518593078125 0.293370715625
1 0.76265434375 0.27096241249999997 0.7021127578125 0.215225475 0.5928230515624999 0.2943409390625 0.6014434750000001 0.304986275 0.6141513203125 0.3168365328125 0.6549183000000001 0.35303701875 0.7605907390625 0.2731753578125 0.76265434375 0.27096241249999997
1 0.548146509375 0.47051850625 0.5518512765625 0.4740961578125 0.55671335 0.47015892968750006 0.60869313125 0.414690353125 0.53749396875 0.30590162187500003 0.48223657343750004 0.362847403125 0.548146509375 0.47051850625
0 0.35466240312499997 1 0.374220559375 0.9797469359375001 0.27642743593749997 0.8197742578125 0.2745376890625 0.8213045453125 0.2283195359375 0.8737781078125 0.29476468906250003 1 0.35466240312499997 1
0 0.7980658328125 0.408339609375 0.883350659375 0.5686961953125 0.8862848624999999 0.572319634375 0.9178978484375 0.5476208640625 0.960139721875 0.5134140703125001 0.86703475 0.3503692421875 0.7980658328125 0.408339609375
0 0.30846235312500003 0.9595341859375001 0.46702271250000005 0.8582164046875 0.46968602031250006 0.85545846875 0.41576985781250003 0.8057456578125001 0.2534856171875 0.9022883265624999 0.3080408171875 0.9591271140625001 0.30846235312500003 0.9595341859375001
0 0.6606807124999999 0.6526049734375 0.8343254328124999 0.58915916875 0.8405210484375001 0.584142059375 0.7920048609375 0.50742016875 0.61697753125 0.5760461921875 0.6510703796875 0.637225225 0.6606807124999999 0.6526049734375
1 1 0.40182997187499997 0.957131934375 0.2963304625 0.871959315625 0.3417657234375 0.9425564109375 0.5024520531250001 0.9432976609375 0.5036857015625 0.9497225796875 0.5116198140625 0.9659662156250001 0.5023988203124999 1 0.481949259375 1 0.40182997187499997
0 0.45973360156250004 0.9216649734375 0.46491833125 0.926499815625 0.46839746406250005 0.9236824703125001 0.5215139343749999 0.8667220296875 0.41948844999999996 0.7040841765625 0.36093754843750003 0.7683440984375001 0.45973360156250004 0.9216649734375
0 0.6351412671875 0.5338646484375 0.5872110687500001 0.58479544375 0.5730319171875 0.6005429859375 0.6822707343750001 0.7484807484375 0.6876363015625 0.7441357984375 0.6906283984375 0.7408127375 0.7393294765625 0.682168721875 0.6356150781250001 0.5342912703125 0.6351412671875 0.5338646484375
1 0.7503986046875 0.6002325749999999 0.91092946875 0.5231053203125 0.9152502281249999 0.5196064375 0.8581724218750001 0.44303895937500004 0.6900023546875 0.5304087656250001 0.691028984375 0.53177115 0.7503986046875 0.6002325749999999
0 0.43913596562499996 0.8163388140625001 0.6215581625000001 0.78871141875 0.62400265625 0.7876230609375 0.6254491640625 0.7864517015625 0.5905222890624999 0.6995458609375 0.4027442859375 0.7306294390625 0.42558558125 0.785904153125 0.43913596562499996 0.8163388140625001
1 0.6987475984375 0.6868569234375 0.6297829265625 0.6232887890625001 0.612370353125 0.6334339250000001 0.47598800937499997 0.71614853125 0.477830659375 0.7184240140625 0.5129970359375 0.7555244421875 0.5346535234375 0.7779503921875001 0.695652725 0.6898456109375 0.6987475984375 0.6868569234375
1 0.39509848281250004 0 0.39491006562500003 0.00023231562500000002 0.456342875 0.08234490156249999 0.45672587968749995 0.08266628125 0.45957467812499997 0.0803593703125 0.5059066359375 0.021509753125 0.4884620671875 0 0.39509848281250004 0
0 0.4623652390625 0.056564871875 0.405845084375 0.006636190625000001 0.32066116875 0.0650109984375 0.321185759375 0.065658815625 0.3307338875 0.0745625875 0.37575560625 0.11353960468749999 0.4606800796875 0.058371984375 0.4623652390625 0.056564871875
0 0.3219122671875 0.17580080781250002 0.32483818750000004 0.17941401875000001 0.335790703125 0.1705448484375 0.38282224062500003 0.1265016265625 0.34074543125 0.038308025 0.28042364375 0.087155646875 0.3219122671875 0.17580080781250002
0 0.6097069328125 1 0.6319131921875 0.9897792828125 0.57540624375 0.9232340234375 0.40440154218749996 0.9952064937499999 0.40828324687500006 1 0.6097069328125 1
0 0.5708867828125 1 0.7030987953125 0.9131696937499999 0.6335926921875 0.850775478125 0.4831935515625 0.951992671875 0.48199609062500004 0.9533701921875 0.5282710609375 0.9981711265625 0.5303749390625 1 0.5708867828125 1
0 0.4757492984375 1 0.46183921406249995 0.934545746875 0.461175284375 0.9337258625 0.44690178124999996 0.94163779375 0.38132709375 0.9793783359375 0.3860497375 1 0.4757492984375 1
0 0.7715422421875 0.87925685 0.7797856750000001 0.87258145 0.7196957281249999 0.799181490625 0.550588003125 0.8791916140625 0.60740443125 0.9469678296874999 0.7715422421875 0.87925685
0 1 0.578221103125 0.858351178125 0.62049611875 0.9048476671874999 0.7079432953125 1 0.6743871968749999 1 0.578221103125
0 1 0.671830171875 0.9535534374999999 0.6123812828124999 0.7818601203125 0.69799328125 0.7811412734375 0.6985753921875 0.8015728109375001 0.7249433562500001 0.8233438156249999 0.7528089718750001 0.839909115625 0.7732654125 1 0.6964360125 1 0.671830171875
0 0.7636333484375 0.83392499375 0.92989340625 0.7570582921875 0.9371125515625 0.75121234375 0.8769299531250001 0.6741821296875 0.7028858546875 0.7585042453125 0.7162738921875 0.775640153125 0.7636333484375 0.83392499375
0 0.6708639140625 0.88661058125 0.859006746875 0.837606953125 0.8625344500000001 0.8357312406249999 0.8633269484375001 0.8350894890625 0.81797346875 0.749791996875 0.6278015015625 0.8032701281250001 0.6550393062500001 0.8568488249999999 0.6708639140625 0.88661058125
0 0.0464605046875 0.2790148859375 0.10062939062500001 0.36935888281249996 0.104966453125 0.373547134375 0.1076827859375 0.371347490625 0.126406965625 0.3530898 0.1532730171875 0.3252691890625 0.09790774218750001 0.227530915625 0.0464605046875 0.2790148859375
0 0.25037566093749997 0.2079883390625 0.3309499921875 0.1784859015625 0.339071334375 0.17190936875 0.3027345171875 0.118096625 0.21083340781249998 0.14599196406249998 0.23197683125 0.179656628125 0.25037566093749997 0.2079883390625
0 0 0.3368270671875 0.036701848437500004 0.41798765 0.040108204687499996 0.4220471859375 0.0493768921875 0.41454155000000004 0.08486538906249999 0.3822333359375 0.0485162515625 0.2714210078125 0 0.313601934375 0 0.3368270671875
0 0.1587891546875 0.3220337359375 0.1621223921875 0.32525260624999996 0.1702940609375 0.31863531875 0.212878621875 0.272290325 0.1629405421875 0.18407645625 0.10951303750000001 0.23424095781249998 0.1587891546875 0.3220337359375
0 0.17937788125 0.17437696875 0.1935344453125 0.2702530078125 0.19385793125 0.2709162546875 0.1948000921875 0.2720797265625 0.22819424375000003 0.2557923125 0.2604742640625 0.23871931875 0.2431573640625 0.1416108015625 0.17937788125 0.17437696875
0 0 0.4251914765625 0.068667153125 0.38660766562500004 0.06868564687499999 0.3865831234375 0.0116108015625 0.3396798359375 0 0.3475294 0 0.4251914765625