0 0.378125 0.75546875 0.1640625 0.1640625
0 0.31640625 0.60546875 0.1296875 0.1296875
0 0.346875 0.6734375 0.1484375 0.1203125
0 0.28671875 0.525 0.1515625 0.1515625
0 0.19453125 0.30234375 0.1625 0.1390625
0 0.4796875 0.95234375 0.16875 0.0953125
0 0.4203125 0.8296875 0.159375 0.159375
1 0.2640625 0.4578125 0.15625 0.1265625
0 0.45234375 0.9 0.146875 0.146875
1 0.2359375 0.37890625 0.1734375 0.14375
1 0.1734375 0.21640625 0.1453125 0.1453125
0 0.459375 0.58984375 0.15 0.1515625
0 0.42578125 0.5046875 0.1671875 0.14375
1 0.36171875 0.34921875 0.14375 0.121875
0 0.496875 0.66484375 0.1734375 0.1421875
0 0.56328125 0.81875 0.1796875 0.1484375
1 0.33125 0.26953125 0.1578125 0.1328125
1 0.39765625 0.42421875 0.15 0.15
0 0.6 0.9 0.1640625 0.1640625
1 0.53359375 0.7359375 0.171875 0.1515625
0 0.27109375 0.11171875 0.1453125 0.1421875
1 0.30703125 0.1890625 0.1625 0.1453125
0 0.0171875 0.3484375 0.034375 0.140625
0 0.25625 0.978125 0.15 0.04375
0 0.08984375 0.63359375 0.1453125 0.146875
0 0.06640625 0.5609375 0.1328125 0.146875
0 0.82734375 0.72578125 0.16875 0.16875
0 0.86875 0.80625 0.1875 0.1578125
1 0.79765625 0.6328125 0.1859375 0.1515625
1 0.0375 0.4203125 0.075 0.146875
0 0.12109375 0.7 0.165625 0.1296875
0 0.209375 0.9046875 0.1671875 0.13125
0 0.059375 0.4875 0.11875 0.1375
0 0.765625 0.546875 0.19375 0.1625
1 0.55546875 0.059375 0.1796875 0.11875
1 0.7421875 0.46171875 0.184375 0.1578125
1 0.634375 0.20546875 0.1890625 0.15625
0 0.60078125 0.115625 0.196875 0.1703125
0 0.67421875 0.2859375 0.1953125 0.1640625
0 0.71796875 0.375 0.190625 0.15
0 0.15390625 0.7671875 0.16875 0.140625
0 0.184375 0.8359375 0.1390625 0.1375
1 0.24140625 0.95078125 0.1515625 0.0984375
0 0.9453125 0.61875 0.109375 0.165625
0 0.9703125 0.7046875 0.059375 0.184375
0 0.88359375 0.35078125 0.18125 0.18125
0 0.928125 0.53125 0.14375 0.1625
0 0.80546875 0.16328125 0.196875 0.196875
0 0.84609375 0.26015625 0.184375 0.184375
0 0.91640625 0.44296875 0.1671875 0.1859375
0 0.76953125 0.08359375 0.1890625 0.1671875
0 0.7296875 0.0390625 0.196875 0.078125