0 0.8941994375 0.2795750640625 0.9516725609375 0.18125098906249998 0.945575340625 0.1781443 0.8863117328125 0.1655259421875 0.8272255718749999 0.260887228125 0.8261326421874999 0.2656212296875 0.8941994375 0.2795750640625
0 0.9109884921875 0.2934400515625 0.8190532296875 0.2185504703125 0.7947190078124999 0.2816085953125 0.886437046875 0.3570425078125 0.9109884921875 0.2934400515625
1 0.6944807015625 0.44180240781249996 0.6763011390625 0.5156666765625 0.779723571875 0.572240425 0.780705159375 0.5676224140625 0.7939049265625 0.4962409265625 0.697282059375 0.44239785468750004 0.6944807015625 0.44180240781249996
0 0.8278586921875 0.44746756562499995 0.7691130875 0.357178675 0.767170378125 0.35554854687500004 0.766670696875 0.355293946875 0.7183901921875 0.41283241249999997 0.7805616953125 0.51143071875 0.7809027109375 0.5116044734375 0.8278586921875 0.44746756562499995
0 0.7356957328125 0.3929829375 0.7822142546874999 0.41112632031249996 0.8084519546875001 0.4211980296875 0.8854529937500001 0.326381178125 0.8765159171875 0.321827509375 0.872200953125 0.320144171875 0.8106409890625 0.296513515625 0.736796859375 0.3901144078125 0.7356957328125 0.3929829375
1 0.6779025109375 0.501210484375 0.6749539796875 0.4997081328125 0.6373909390625 0.5680942625000001 0.7256324421875 0.64750266875 0.7600764125 0.579902571875 0.6779025109375 0.501210484375
0 0.7380718578125001 0.62431916875 0.6783753109374999 0.5880458859375 0.6685500890625 0.582373290625 0.667674778125 0.581927296875 0.586265228125 0.6645400484375 0.584729421875 0.6675542375 0.6538315421875 0.710221909375 0.7380718578125001 0.62431916875
1 0.49006371406250004 1 0.5859085140625 0.9117967859375 0.5197519734375 0.8612577359375001 0.42094523125 0.9550551984375 0.42020037343750005 0.9560436578125 0.41862498125 0.9591355390625 0.473940565625 1 0.49006371406250004 1
1 0.5830529 0.9307987578124999 0.613741603125 0.8603148875000001 0.49891169218750003 0.7805789609375 0.4976213734375 0.7800044749999999 0.48915045937499996 0.7966295796875 0.46251189375 0.8594277312499999 0.5772098625 0.9368757640625001 0.5798282125 0.9380415281250001 0.5830529 0.9307987578124999
1 0.6064130515625 0.786628059375 0.68918973125 0.6665423734375 0.6839691343750001 0.6638823453125 0.6147392234375 0.637307471875 0.5357134593749999 0.754950909375 0.5350213375 0.75675395 0.6064130515625 0.786628059375
1 0.5848516203125 0.7066936046875 0.498393746875 0.812905628125 0.49600124843750004 0.8176011687500001 0.56075028125 0.851751815625 0.6565295515625 0.74766913125 0.614429940625 0.723089134375 0.5848516203125 0.7066936046875
1 0.7278037453125 0.2572253265625 0.8379571578125 0.1426000796875 0.8174102 0.13213088125 0.761857203125 0.10622609218750001 0.660024746875 0.21980989375 0.65846174375 0.22316176406250002 0.7278037453125 0.2572253265625
0 0.69740804375 0.1641904296875 0.6935812359375 0.1717009609375 0.7628204140625 0.21617529375000002 0.83429285 0.1169343125 0.7954600359375 0.0897432828125 0.69740804375 0.1641904296875
0 0.6468392015625 0.5517253328125 0.66720035 0.481282165625 0.6699921046874999 0.47008505625 0.5372142390625 0.4003970578125 0.5367767359375 0.400287975 0.5366098265625 0.400615553125 0.5248232734375 0.44520800468750005 0.51750344375 0.474566234375 0.646423871875 0.5516217796875 0.6468392015625 0.5517253328125
0 0.6503224359375 0.18124700625 0.631361975 0.2450147578125 0.6288167859375 0.25698893749999996 0.7597382875 0.3354914515625 0.76003240625 0.33555396875 0.777440215625 0.2546357890625 0.652151509375 0.1816357875 0.6503224359375 0.18124700625
0 0.5522508203125 0.45297046406249997 0.6282743359375 0.47300365937500005 0.71023583125 0.35459710312500003 0.702429653125 0.35061965625 0.638421 0.3285797109375 0.5491831328125001 0.44710895781250004 0.547923971875 0.45076582343749994 0.5522508203125 0.45297046406249997
0 0.5770694625 0.352184365625 0.57452086875 0.3571862625 0.6410804375 0.39949629375 0.7571036484375 0.3007400171875 0.69200776875 0.26006359687499997 0.5770694625 0.352184365625
0 0.503543275 0.4700186515625 0.4781789296875 0.5267628078125 0.4718255578125 0.5433139109375 0.5813482796875 0.6189791578125 0.5997905109375 0.6300556171875 0.6298019046875 0.5571355015624999 0.5112812531250001 0.47298898281249996 0.503543275 0.4700186515625
0 0.2806395609375 0.9339608046875 0.3235362984375 0.971250371875 0.3519924875 0.9857495249999999 0.4364865453125 0.9059126453124999 0.372258759375 0.8532406859374999 0.2806889796875 0.9338638140625 0.2806395609375 0.9339608046875
1 0.3940933796875 0.7761844203125 0.3168159921875 0.8698439625000001 0.3122071546875 0.8788893171875 0.38422233125 0.9228232484375001 0.4680555875 0.8164350921875 0.44285362968750003 0.8018847375 0.3940933796875 0.7761844203125
0 0.48559049375 0.626040028125 0.38915141875 0.7037857828125 0.3853233734375 0.71129874375 0.4500504453125 0.763399528125 0.5515748296874999 0.676295646875 0.5489233703124999 0.6742241 0.48559049375 0.626040028125
1 0.378934390625 0.6997459171875 0.3756044140625 0.7062813609374999 0.3548487796875 0.7786648609375 0.4765986703125 0.8409647453125 0.4982818359375 0.7577492453125 0.378934390625 0.6997459171875
0 0.5124442109375 0.5495442546875 0.42827537812500005 0.63732579375 0.42454373125 0.6446495640625 0.490376525 0.684421865625 0.5848768125 0.5916457312500001 0.5826193125 0.5902892890625 0.5124442109375 0.5495442546875
0 0.447884690625 0 0.5536640109375 0.127127071875 0.5965260546875 0.0612071859375 0.5991480578124999 0.0570111015625 0.5451638203125 0 0.447884690625 0
0 0.269733790625 0.6818769703124999 0.1062595140625 0.6047009484375 0.1018699515625 0.603358925 0.09820586718749999 0.6105500984375001 0.0884567515625 0.64243801875 0.076153775 0.6885077703125 0.242802759375 0.7733975078124999 0.269733790625 0.6818769703124999
0 0.4294953671875 0 0.40336940468750004 0.034670321875 0.3920147984375 0.0504851671875 0.5076153265625 0.19979417500000002 0.557748946875 0.138268184375 0.4434529953125 0 0.4294953671875 0
0 0.2458206921875 0.614304315625 0.3500303546875 0.4533984390625 0.33815570625 0.447348003125 0.26369409843749997 0.418764871875 0.1701595546875 0.5708597421875 0.16689060625000002 0.5793756453125 0.2458206921875 0.614304315625
1 0.025405224999999997 0.7947298265625 0.0237617890625 0.7979552484375 0.0763417546875 0.8452984609374999 0.10002067031249999 0.8573634703125 0.232558971875 0.74328946875 0.20576179843750003 0.7179328593750001 0.1649991015625 0.6812299625 0.025405224999999997 0.7947298265625
0 0.4001790484375 0.0843826578125 0.39225177968749997 0.0803435125 0.34176997343750004 0.1426833515625 0.45489197031249995 0.2978080875 0.5088176984375 0.229620396875 0.4001790484375 0.0843826578125
0 0.385290996875 0.45554080781249995 0.386989484375 0.4525989453125 0.42797431562500005 0.3709971921875 0.41342263125 0.3570555296875 0.30092552499999997 0.2530148046875 0.2952491828125 0.2501225640625 0.2645372359375 0.302192459375 0.2530276375 0.3221276671875 0.384614465625 0.4551502125 0.385290996875 0.45554080781249995
0 0.2181941671875 0.391959365625 0.2046442640625 0.42101722812500003 0.3527600109375 0.5308471 0.35769960156249997 0.521152609375 0.38734506875 0.45031071406249995 0.24716431249999998 0.3409629265625 0.244067959375 0.3395190734375 0.2181941671875 0.391959365625
1 0.17173745 0.4958528453125 0.12550120781250002 0.5757165734374999 0.2544325234375 0.7061780515625 0.25470603281250004 0.706362534375 0.309218415625 0.626441484375 0.1720594234375 0.49607001874999995 0.17173745 0.4958528453125
1 0.3901040453125 0.174279725 0.28515088906249997 0.3264131421875 0.28375222031249997 0.330255953125 0.36916513125 0.3639836890625 0.47919920312500003 0.209082803125 0.422906859375 0.186218975 0.3901040453125 0.174279725
0 0.7622794171875 1 0.7671876234375 0.9884271421875 0.6885437515625 0.9347375390625 0.6859042859375 0.933617153125 0.67742661875 0.9502555125000001 0.6563113359375 1 0.7622794171875 1
1 0.71300545 0.862060790625 0.712015878125 0.8617200546875001 0.7113082078125 0.8631089375000001 0.6885350609375 0.936617359375 0.776736925 0.9874539265625 0.7997844375 0.9167039453125 0.71300545 0.862060790625
0 0.7862689015625001 0.800556778125 0.71324140625 0.8627565234375 0.70969925625 0.8697083843750001 0.76751870625 0.9100197718749999 0.8476488515625 0.8451129515625 0.8272566609374999 0.829746334375 0.7862689015625001 0.800556778125
0 0.74035940625 0.79232594375 0.8023588 0.8405551843750001 0.8823350734375 0.7855774624999999 0.8824702875 0.7853120890625 0.8248941437499999 0.733470296875 0.7427752453124999 0.7890293046875 0.7410795703125 0.7909125421875001 0.74035940625 0.79232594375
0 0.2128895875 0 0.1944668984375 0.0361565625 0.3314512578125 0.1607378046875 0.3706274671875 0.0827215828125 0.28548794375000003 0 0.2128895875 0
0 0.327176865625 0.1699146875 0.3282541390625 0.1680487984375 0.2036943125 0.040384996875 0.196159690625 0.036545914062500004 0.1606746 0.0958050734375 0.14986630625 0.1145255875 0.27898639687500004 0.24391557968750002 0.327176865625 0.1699146875
0 0.2893226375 0 0.3873905703125 0.0715147703125 0.3876296125 0.071601775 0.4171248125 0 0.2893226375 0
0 0.28662722343749997 0.24465070781249998 0.155189303125 0.119134909375 0.1514036171875 0.11720600625 0.1376609703125 0.1400776125 0.1084151890625 0.1927796375 0.2380695484375 0.32980199374999997 0.28662722343749997 0.24465070781249998
0 0 0.6489197953125 0.12002724843749998 0.526276209375 0.0369652703125 0.4723351296875 0 0.5140075078125 0 0.6489197953125
0 0 0.5620117109375 0.0467869359375 0.5828425968750001 0.1583611109375 0.42640768281249997 0.15855134843750002 0.42598040312499996 0.1554307390625 0.4243903734375 0.12813316875 0.412105603125 0.07187723124999999 0.3870588453125 0 0.4846822015625 0 0.5620117109375
0 0.006610434375 0.4636088328125 0.10026130312499999 0.4958554140625 0.1997622234375 0.3312384984375 0.193233190625 0.32791179062500003 0.1797408140625 0.32326599375 0.10827763125 0.3001780203125 0.00806113125 0.45939570625000004 0.006610434375 0.4636088328125
0 0.0964000703125 0.1996592890625 0.0578223875 0.26647779531250004 0.0492028703125 0.2833945515625 0.1943613578125 0.4154486140625 0.24267901093750002 0.3352014390625 0.102802153125 0.2029213125 0.0964000703125 0.1996592890625
0 1 0.49360594375 0.9962343828125 0.49036440625 0.9654466968750001 0.4654330296875 0.8763621718750001 0.5267278734375 0.874544990625 0.5289719046875 0.8740195312499999 0.5300031765625 0.92870183125 0.57585383125 1 0.52415478125 1 0.49360594375
0 0.8968866406249999 0.7285833046875 0.8428422578125 0.6571505078125 0.8372806125000001 0.6543167078125001 0.7959176640625001 0.70361115 0.7952985640625 0.7043764671875 0.8488442953125 0.7841061265625 0.8968866406249999 0.7285833046875
0 1 0.436662703125 0.9620072484375 0.3846775015625 0.9578976671874999 0.382583565625 0.9222659671875 0.439606203125 0.920055275 0.44328603749999995 0.9965993203125001 0.5273093140625 1 0.521343834375 1 0.436662703125
0 0.9075956515625 0.5219262828125 0.9070579750000001 0.5215211140625 0.9014346671875 0.518655896875 0.8564992390624999 0.5725811484375 0.9199523781250001 0.6589478453125001 0.9637314046875 0.5977498078125 0.9075956515625 0.5219262828125
0 0.8069850765625001 0.658124 0.8065808750000001 0.6589172921875 0.8639635703125 0.7039523437499999 0.94481323125 0.6491903671875 0.9448344546874999 0.6491487140625 0.9116436406249999 0.6212983171875 0.8897583609374999 0.6036967203125 0.810393759375 0.6540616906250001 0.8069850765625001 0.658124
0 1 0.3341767140625 0.9847760546875 0.3195063796875 0.9797298328125 0.3171532875 0.9573170828125 0.362864109375 0.9526785484375001 0.372811478125 0.969369653125 0.39245423125 1 0.42728143125000007 1 0.3341767140625