0 0 0.3761265421875 0.0358702109375 0.422005503125 0.037531196875 0.42372550468750003 0.10159761406250001 0.32763486875000003 0.08099278125 0.3008646828125 0.0655402140625 0.28178235156250003 0.05790754218750001 0.2738784890625 0.055127795312500005 0.2761294828125 0 0.3636116296875 0 0.3761265421875
0 0.025340507812500003 0.3837595859375 0.12024670156249999 0.4548465484375 0.1760203609375 0.4156375609375 0.08063855625 0.34489305312499996 0.025340507812500003 0.3837595859375
1 0.20116754218750002 0.5908025703125 0.30807176875 0.6252725125 0.351274665625 0.5669367546874999 0.3533093734375 0.564030890625 0.3516279390625 0.5622897140625 0.24207327343750001 0.526014215625 0.2001747890625 0.5901074375 0.20116754218750002 0.5908025703125
0 0.2895124890625 0.5316671078125 0.297319190625 0.5241282640625 0.2947732515625 0.52098429375 0.20544520937500002 0.4606190625 0.162378284375 0.49100916874999995 0.1517826375 0.499589353125 0.1428451796875 0.5082201562499999 0.239845225 0.5717765375 0.2895124890625 0.5316671078125
0 0.22246336718749998 0.444375190625 0.186539303125 0.38458750468749997 0.1803203109375 0.37814755 0.10095182656249999 0.46713745937500006 0.142913896875 0.5361215640625 0.142956928125 0.5360957078124999 0.22246336718749998 0.444375190625
0 0.38386834687500004 0.5981451609375 0.32663549999999997 0.5501210999999999 0.3243900609375 0.55228949375 0.275549646875 0.6569518015625 0.33750901718750004 0.7057457109375 0.33782217187499997 0.705372509375 0.38386834687500004 0.5981451609375
0 0.40109686875 0.6080656421875 0.32666273281249997 0.701909859375 0.3775270625 0.76635219375 0.4525231859375 0.6722708828124999 0.40109686875 0.6080656421875
1 0.6071783468749999 1 0.6975727375 0.8978642906250001 0.6532897921874999 0.843179409375 0.6443942359375 0.8339677890624999 0.5545628375 0.9386927234375 0.6032506 1 0.6071783468749999 1
1 0.6563579953125 0.8681460546875 0.6524771265625 0.86398433125 0.542739715625 0.783596465625 0.5058951921875 0.8179545390625 0.4809203734375 0.8420724421875001 0.5925762515625 0.9261238890625 0.6475927 0.876610603125 0.6563579953125 0.8681460546875
1 0.5439341343749999 0.73668623125 0.4133406 0.674617246875 0.38229956249999997 0.7129497359375 0.3649262328125 0.7357613046875 0.3652495671875 0.7360961265625 0.49570809374999997 0.8000330078125 0.545178840625 0.7379751625 0.5439341343749999 0.73668623125
1 0.5159461859375 0.714846790625 0.44594643281249996 0.8252380515625 0.4964601953125 0.879771621875 0.5802713859375 0.7637950578125 0.52348923125 0.7075625578125 0.5159461859375 0.714846790625
0 0.12512769375 0.2056806421875 0.07133486875 0.2697884359375 0.0727897203125 0.2712949796875 0.21980564062500002 0.328140809375 0.26779189375 0.2685386953125 0.264603215625 0.26523672187499997 0.12512769375 0.2056806421875
0 0.2182911796875 0.23527366249999998 0.12325980781250001 0.1687319796875 0.100482590625 0.19072768125 0.0755942546875 0.2262719109375 0.19753407812499998 0.2640372953125 0.22044162968749997 0.23750051718749998 0.2182911796875 0.23527366249999998
0 0.3718802015625 0.43674342499999996 0.31728706562500003 0.480952075 0.3124489125 0.485624225 0.4316114515625 0.57642615 0.49448675781249996 0.5215347671874999 0.491476890625 0.517817890625 0.3718802015625 0.43674342499999996
0 0.32517174843749996 0.344637503125 0.3215233625 0.33961593125 0.20748498906249999 0.25745173125 0.14055965312500002 0.3063277765625 0.266608246875 0.3947600578125 0.32517174843749996 0.344637503125
0 0.30729542187500003 0.38213694375 0.253499746875 0.43593261875 0.25498216875 0.4374677109375 0.3797264765625 0.507496325 0.4421997703125 0.453641953125 0.4370722265625 0.448332225 0.30729542187500003 0.38213694375
0 0.2586993875 0.3177157 0.21808184062499997 0.35302399375000004 0.19851567187500002 0.3719188234375 0.3312533453125 0.4476663140625 0.3870497328125 0.3972620765625 0.384846025 0.394727 0.2586993875 0.3177157
0 0.375293596875 0.5396249890625 0.3894853015625 0.5528639906249999 0.4931581953125 0.6379032125 0.554944690625 0.5859029 0.5525150609375 0.5826786734375 0.4365470359375 0.4900155671875 0.3961707109375 0.5204413078125001 0.38055906875 0.532801803125 0.374535384375 0.5386188078124999 0.375293596875 0.5396249890625
0 0.806221103125 0.799435428125 0.7962705671875 0.7865533890624999 0.7930961953125 0.7832662312500001 0.7894265484375 0.786031509375 0.691458175 0.8827680515624999 0.7394034656249999 0.9503471843750001 0.7395441 0.9504928156249999 0.8461324765624999 0.852399609375 0.806221103125 0.799435428125
1 0.731957665625 0.7341010125 0.7084594109375 0.7157421640625 0.7066453125 0.71749401875 0.6406888625 0.8328373546875 0.710186275 0.884477228125 0.77295225625 0.76875320625 0.731957665625 0.7341010125
0 0.6655766796875 0.671459671875 0.558137996875 0.6122126406249999 0.5041343656249999 0.6706623281249999 0.5020067015625 0.6730253390625001 0.502482 0.6735175250000001 0.616990340625 0.7413138796875 0.6721356390625 0.678251671875 0.6655766796875 0.671459671875
1 0.6879279984375 0.7978677125 0.7347729046875 0.7318679234375 0.731161509375 0.7281282140625 0.613112221875 0.6728799609375 0.5807626031249999 0.7167653125 0.5628013703125 0.742416609375 0.6879279984375 0.7978677125
0 0.5950170124999999 0.5913378921875 0.550062525 0.5360961140625 0.5455124328125 0.5313843546875 0.5404612109375 0.535474753125 0.46452324999999994 0.63196215 0.51627130625 0.69786340625 0.5950170124999999 0.5913378921875
0 0.3372907390625 0 0.2822166078125 0.10462104218749999 0.3301024984375 0.1589880609375 0.427293715625 0 0.3372907390625 0
0 0.9127662765625001 0.6683066625 0.9777328734375 0.6078260515625 0.9720717234375 0.601963759375 0.8277406109375001 0.49427268125 0.7717996703125001 0.5490486671875 0.7597258296875 0.561122509375 0.9127662765625001 0.6683066625
0 0.3387864015625 0.040579015625 0.2984153921875 0.10823327812500001 0.47825767499999994 0.165795553125 0.5191271234375 0.1059342109375 0.5164886421875 0.1032019828125 0.516393571875 0.10314024375 0.3391055625 0.040087551562500004 0.3387864015625 0.040579015625
0 0.71723775 0.3490244703125 0.6376447171875 0.393143609375 0.6360203359375001 0.39471225468750004 0.76215104375 0.5401734406250001 0.8354518578125001 0.49459975156249997 0.8310295359375001 0.48662167343749996 0.71723775 0.3490244703125
1 1 0.58170363125 0.9808535781250001 0.554280678125 0.9732971890625001 0.559002434375 0.8400946749999999 0.6743307734374999 0.8905145375 0.7507448109375 1 0.6611899109375 1 0.58170363125
0 0.58593730625 0.21141119531250002 0.44322280625 0.0925198953125 0.383418340625 0.134924096875 0.3825350703125 0.1355658296875 0.373791125 0.144009759375 0.5222300015625 0.264645975 0.5886650062500001 0.21516555468749998 0.58593730625 0.21141119531250002
0 0.616483375 0.4491571171875 0.6735918625 0.48875769062499996 0.6746542515625 0.4877317546875 0.7450325890625 0.3222844828125 0.68520296875 0.27504750312500004 0.6765070015625 0.2687295125 0.6750437796875 0.2701425296875 0.599339975 0.43670170625000004 0.616483375 0.4491571171875
1 0.692294028125 0.4994864375 0.691197503125 0.5007932234375 0.8545645171875 0.5968446359375 0.9156415078125001 0.523284796875 0.913417815625 0.520982096875 0.9125573265625 0.5202600609375 0.7551652796874999 0.4342260015625 0.692294028125 0.4994864375
1 0.6565875328125 0.23400425 0.48173418593750006 0.17511929531249998 0.46310473906249994 0.2027385859375 0.4310474578125 0.2531516 0.43114704374999996 0.2532547234375 0.610539728125 0.316425859375 0.66028173125 0.2364960171875 0.6565875328125 0.23400425
1 0.6528700187500001 0.206693240625 0.5240448046874999 0.34155235156249997 0.5685678515625 0.41411345781250003 0.568769990625 0.413992 0.683958775 0.3036703828125 0.698264928125 0.2894768828125 0.6543840140625 0.2057835421875 0.6528700187500001 0.206693240625
1 0.4213998390625 1 0.44630603906250005 0.965772734375 0.4083340515625 0.9224177625 0.39384353125 0.9074123890625 0.3936263390625 0.9076149250000001 0.3365751625 0.992830125 0.34304081875 1 0.4213998390625 1
0 0.3622468484375 0.9735057984375001 0.408328040625 0.9156636171875 0.40476242500000004 0.9119713140625001 0.314050915625 0.8734514703125 0.2764814640625 0.9196542781250001 0.268112159375 0.930760721875 0.3622468484375 0.9735057984375001
0 0.281904534375 0.8104937609375 0.22021074375 0.8505581765624999 0.21736741875 0.85330394375 0.2874106625 0.9197855625000001 0.3565518953125 0.8816501421874999 0.35432107031250004 0.8782149718750001 0.281904534375 0.8104937609375
0 0.5325663546875 0 0.5004178687499999 0.0638788671875 0.5696339874999999 0.1272034359375 0.6284782796874999 0 0.5325663546875 0
0 0.627216440625 0 0.5693602359375001 0.13669731093749998 0.5807042625000001 0.145560234375 0.6437782125 0.1932390234375 0.7147095015625 0.02024705 0.711303065625 0.0175856515625 0.6861201421875001 0 0.627216440625 0
0 0.8144786671875 0.15535867812499998 0.6668134390625 0.061935401562500006 0.595938671875 0.1296506671875 0.7602571109375 0.222305028125 0.822775559375 0.1639503625 0.8144786671875 0.15535867812499998
0 1 0.3169096375 0.998469140625 0.3183879703125 0.895107834375 0.4749917078125 0.9695535625 0.54001875 1 0.488572928125 1 0.3169096375
0 1 0.3408662484375 0.85742163125 0.27846600312500003 0.8212259375000001 0.3282851015625 0.8016834515625 0.35541060468749996 0.8021988125 0.35578503437500003 0.9770423390625 0.4354745578125 1 0.40387604843749997 1 0.3408662484375
0 0.946243159375 0.2617564453125 0.9153303578124999 0.21030890625 0.8882405828125 0.182256621875 0.757193396875 0.3096391453125 0.80529044375 0.393267775 0.8056060593750001 0.39359460468749996 0.946243159375 0.2617564453125
0 0.893845603125 0.21730178281249998 0.7254870343750001 0.128887275 0.66251559375 0.20393371562499998 0.8404241765625 0.29301936562500003 0.8980799890625001 0.2216866171875 0.893845603125 0.21730178281249998
0 0.1350371078125 0.6293982984375 0.1185972359375 0.611139971875 0.0858178890625 0.5771959640625 0.08353196874999999 0.579254215625 0.0263911859375 0.6723899296875 0.07454478437499999 0.7227398593750001 0.1350371078125 0.6293982984375
0 0.2797555796875 0.7865121234375 0.2304259890625 0.74511968125 0.224469534375 0.7508717625 0.18465691875 0.828637971875 0.2416108296875 0.8749748125 0.28049817187500004 0.7871583078125 0.2797555796875 0.7865121234375
0 0 0.6533175453125 0.009701025 0.6694655078125 0.0785140015625 0.5753092203125 0.05183631875 0.528511175 0.047537025 0.5240591265625001 0.04375644375 0.5264214968750001 0 0.574453446875 0 0.6533175453125
0 0.1826938203125 0.6778218203125 0.127170446875 0.63413573125 0.122137140625 0.6389963390625 0.0830377921875 0.72473530625 0.1384079015625 0.775332990625 0.13884890625 0.774907115625 0.1826938203125 0.6778218203125
0 0.19616620625 0.8215996859375 0.20157481093750002 0.8251120750000001 0.202137409375 0.8245687796875 0.22856103125 0.72863391875 0.17828388281250002 0.6944765765625001 0.16953717968749998 0.6887964 0.1689284265625 0.689384265625 0.14022776875 0.7826135109375 0.19616620625 0.8215996859375
0 0 0.5883779796875 0.011872823437500001 0.5936792390625001 0.05922304375 0.5384096609375 0.05762350000000001 0.536753284375 0 0.5165382875 0 0.5883779796875