0 0.17754077968749998 0.807348146875 0.1323519625 0.9122378156250001 0.14263108124999999 0.9146109359375 0.19926878125 0.9195858937500001 0.24629290625000003 0.8177346234374999 0.24680076093749997 0.8129027140625 0.17754077968749998 0.807348146875
0 0.1517211984375 0.8028682078125 0.26153492031250003 0.8476062000000001 0.26636944218749997 0.7801887765625 0.1566043015625 0.734866728125 0.1517211984375 0.8028682078125
0 0.2547220984375 0.49208391406249996 0.2097260078125 0.5997593859375 0.21795568593749998 0.60165935625 0.286334375 0.6070129109375 0.330408515625 0.5038259328125 0.33054715 0.5025069046875 0.2547220984375 0.49208391406249996
0 0.19092470625 0.6277073343749999 0.2769489734375 0.7018734390625 0.280295425 0.702646028125 0.28977922968750003 0.6803035859375 0.307258059375 0.6301356 0.22059565625 0.5575451078125 0.19092470625 0.6277073343749999
0 0.30296655625 0.679687928125 0.3044285578125 0.6733553046874999 0.22977565156250002 0.6500869796875001 0.1608897671875 0.7511805046875 0.2365191234375 0.77430271875 0.30296655625 0.679687928125
0 0.291707109375 0.5389315015625 0.35700524218749996 0.4456206640625 0.3580608515625 0.441048321875 0.288475803125 0.4157214359375 0.219130003125 0.5085526781249999 0.21869123125 0.509758196875 0.291707109375 0.5389315015625
0 0.2389243640625 0.43696843750000003 0.3056229703125 0.4577223453125 0.31652866562500004 0.4608495046875 0.317485871875 0.46107049375000003 0.3764913765625 0.3612169421875 0.37725236562500003 0.35792074218750003 0.2998806296875 0.3332377984375 0.2389243640625 0.43696843750000003
1 0.4556794703125 0.0186459890625 0.37443542343749997 0.0052291328125000005 0.32990136875 0.138406003125 0.33585279843750004 0.1397799984375 0.34133853593749997 0.140648853125 0.410120496875 0.1508733921875 0.454903353125 0.0235462109375 0.4556794703125 0.0186459890625
0 0.434191425 0.2224258640625 0.4506230140625 0.14848078125 0.3213510640625 0.0915312046875 0.32015079687500003 0.0912541015625 0.3194398546875 0.0943335328125 0.30200254375 0.176465915625 0.42792691875 0.22999179218750002 0.4322160796875 0.230982021875 0.434191425 0.2224258640625
1 0.3299730421875 0.2472464671875 0.274523353125 0.3805934078125 0.3025595734375 0.3870660796875 0.3528743109375 0.3950351515625 0.405713728125 0.2635321234375 0.406015853125 0.2616245828125 0.3299730421875 0.2472464671875
1 0.4117899453125 0.1747740390625 0.3376042453125 0.17631692968749998 0.304313253125 0.31370533906250003 0.304694434375 0.3137933421875 0.3530318640625 0.3148722609375 0.3868503578125 0.314872259375 0.41178994375 0.17551045625 0.4117899453125 0.1747740390625
0 0.3430346140625 0.7909625250000001 0.255005446875 0.9221600953125 0.2546154484375 0.9238493640625001 0.335719246875 0.9455810609374999 0.4155339015625 0.817241178125 0.41667376562499997 0.8123038859375 0.3430346140625 0.7909625250000001
0 0.4071017765625 0.9649000140625 0.407101775 0.925746909375 0.405512371875 0.8859348734375001 0.26895661249999997 0.8841208375 0.24614790000000003 0.8841208359375001 0.24596027031249998 0.884933546875 0.2496181328125 0.9209320015625 0.4033921328125 0.9702796906250001 0.40585977968750003 0.9702796906250001 0.4071017765625 0.9649000140625
0 0.340119078125 0.5623397546875 0.4813034515625 0.6128704468749999 0.48182911875 0.6129256953125 0.48733735312500004 0.5667711078125001 0.49050006875 0.5366798671875 0.35211022812500004 0.4783164765625 0.35168452499999997 0.478271734375 0.3413253265625 0.5508630765625 0.340119078125 0.5623397546875
0 0.28832796875 0.7792451875 0.4130075890625 0.8631766593749999 0.415580465625 0.8637706546875 0.436785409375 0.7846327234375 0.315743303125 0.7053422921875 0.31468495625 0.7050587078125 0.28832796875 0.7792451875
0 0.395114321875 0.5514945171875001 0.3285467734375 0.688128128125 0.3434665125 0.6915726203125 0.41227461249999997 0.6960977374999999 0.468981471875 0.566861603125 0.46979561406250003 0.5610686765625 0.395114321875 0.5514945171875001
1 0.3848908296875 0.6318483578125 0.30523081875 0.7629252234375 0.3554714359375 0.7745241843749999 0.384435015625 0.7806805828125001 0.45742953125 0.6521678796875 0.4581279078125 0.6488822703125 0.3848908296875 0.6318483578125
0 0.359329365625 0.45083763125000004 0.3583170328125 0.4530085875 0.46295034062499996 0.5366534671875 0.4699232078125 0.541533953125 0.4751639484375 0.5439777515625 0.4822486875 0.5456133921874999 0.513233584375 0.4831135890625 0.5154982609375 0.47825697656250005 0.39671359375000004 0.3807772859375 0.359329365625 0.45083763125000004
0 0.52369228125 0 0.46685396562500003 0.0959648828125 0.47566989375 0.099831825 0.547654096875 0.13038730468749998 0.6046189921875 0.0260074953125 0.6057833515625 0.0209641015625 0.5563950234374999 0 0.52369228125 0
1 0.44905344375 0.14094346093750001 0.560984728125 0.2061882015625 0.5666808640625 0.2075032578125 0.5774627156250001 0.180817240625 0.5956389765625001 0.130310265625 0.48342002968750003 0.0614733125 0.44905344375 0.14094346093750001
1 0.413809984375 0.3089843015625 0.52007025625 0.3763455703125 0.5262821609375 0.3777797015625 0.5551627375 0.302543225 0.4469212265625 0.22918800468749997 0.445929815625 0.22880743906249998 0.413809984375 0.3089843015625
1 0.4327729359375 0.2197746671875 0.5417452 0.2963588171875 0.5447662828125 0.2970562875 0.5663072140625001 0.24867456250000003 0.5784413203125001 0.21953085468750003 0.465975215625 0.1438999578125 0.4327729359375 0.2197746671875
1 0.3970579828125 0.43391769375000006 0.45318841406250004 0.4491026890625 0.4740597765625 0.4539212234375 0.5358060078125 0.344907140625 0.537185625 0.33893135937499996 0.4576887125 0.3189036796875 0.3970579828125 0.43391769375000006
0 0.6936500328124999 1 0.69542801875 0.9490851109375 0.516075790625 0.895747115625 0.5153403203125 0.8989327859375 0.5160954421875 0.9679617640625 0.6029996515625 1 0.6936500328124999 1
0 0.8627829734375 0.17194032343750001 0.7787037234375 0.1430683171875 0.68386543125 0.30094349062500003 0.683267903125 0.303531665625 0.6984309171875 0.3093522 0.7718149078125001 0.33663932343749997 0.8618370656250001 0.176037503125 0.8627829734375 0.17194032343750001
0 0.6038169124999999 0.978264578125 0.7144522859375 0.8283230296875 0.7157264359375 0.822804084375 0.64888421875 0.796235046875 0.531976625 0.9445228640625001 0.6032774937500001 0.9780356078124999 0.6038169124999999 0.978264578125
0 0.63296284375 0.42443645781250006 0.797912996875 0.504634628125 0.80697720625 0.506727265625 0.82000444375 0.4544778734375 0.8284298546875 0.417983409375 0.658502984375 0.3402189765625 0.63296284375 0.42443645781250006
1 0.8209336265625 0.24250307499999998 0.8645864218750001 0.07101935312499999 0.811224540625 0.05869979374999999 0.774710084375 0.05421638125 0.7257286093750001 0.226322134375 0.8118577828125 0.24138869999999998 0.8209336265625 0.24250307499999998
1 0.7321673421875 0.8418881140625001 0.7431056734375 0.7856152734374999 0.5704751828125 0.7017931890625 0.5700759375 0.7035225125 0.5547968140624999 0.7872785765625 0.7198283046875 0.8649481234374999 0.726542225 0.8662531765624999 0.7321673421875 0.8418881140625001
0 0.639059096875 0.5852584390625 0.7076543390625 0.604550059375 0.797481559375 0.45479182656250006 0.7989532046875001 0.44841743125000005 0.7262094078125 0.4229977625 0.71468398125 0.4192529234375 0.6234237296875 0.5801781984375001 0.639059096875 0.5852584390625
1 0.74680765625 0.43114749999999996 0.847316278125 0.27366372031249997 0.8478115468749999 0.2715184796875 0.761246165625 0.241596271875 0.6588323890625001 0.3915156640625 0.6580092671875 0.39345481875 0.74680765625 0.43114749999999996
0 0.76292268125 0.763853134375 0.764126996875 0.7014232 0.76357074375 0.6695554671874999 0.579740421875 0.6250793375 0.5788519953125 0.717964271875 0.758061790625 0.7639379828124999 0.76292268125 0.763853134375
1 0.7818060484375 0.6742301953125 0.7840777250000001 0.589347884375 0.604286128125 0.5367361046875 0.6033073296875 0.53671901875 0.6071609375 0.6313592671875 0.6266471828125 0.636498121875 0.7806014078125 0.67420916875 0.7818060484375 0.6742301953125
0 0.1535145625 0 0.14304642812499999 0.035933934375 0.15469295 0.0386227453125 0.22071542968750002 0.046229534375 0.23263923593750002 0 0.1535145625 0
0 0.12116195 0.085722615625 0.20624035312500003 0.125892609375 0.21066211250000003 0.126913453125 0.2239064875 0.07748477031249999 0.22951139375000001 0.053207253125 0.142253121875 0.01004159375 0.12116195 0.085722615625
0 0.8717119765625 1 0.8721123640625 0.988534421875 0.683793615625 0.9819581875000001 0.68315339375 0.9847312953125 0.6829220359375 1 0.8717119765625 1
1 0.21831708437500003 0.10864109375 0.14693368906249998 0.0921037953125 0.1000412046875 0.183355015625 0.09993134687500001 0.1838308625 0.1241814890625 0.18987710156249998 0.1764673484375 0.2011942671875 0.21711092656250003 0.113865534375 0.21831708437500003 0.10864109375
0 0.11754376875000001 0.159667896875 0.0876136890625 0.2225398984375 0.16182466874999998 0.2838844734375 0.16229831875 0.284125809375 0.1690723375 0.2856897140625 0.1696728515625 0.2845111375 0.198669628125 0.22199718750000003 0.1204298125 0.1540037140625 0.11754376875000001 0.159667896875
0 0.16563520781250002 0.35135401875 0.1701537796875 0.3519890625 0.17096641562499998 0.34846915 0.176046571875 0.273551790625 0.08512565 0.2377473890625 0.0743230859375 0.3146116390625 0.16563520781250002 0.35135401875
0 0.9106778312499999 0.8188374218750001 0.9118499609375 0.8137603703125 0.8243687890625001 0.7861018140625 0.7230079890625001 0.9404961421875001 0.8059453953125001 0.9674441390625 0.9106778312499999 0.8188374218750001
0 0.8173074843749999 0.6962022984375 0.7731284453125 0.8773623031250001 0.7758225640624999 0.8779842890625 0.866687215625 0.874811225 0.9072052921875 0.700140378125 0.9071265046875 0.6978842046875 0.8173074843749999 0.6962022984375
0 0.8914237421875001 1 0.89350741875 0.99484271875 0.73582950625 0.8671475640624999 0.7345661375 0.8668558921875 0.7284877187500001 0.8819005015625001 0.701277509375 0.9524979 0.7618571875 1 0.8914237421875001 1
0 0.7723936 0.6842712375 0.923840590625 0.78867973125 0.927485240625 0.7895211640625 0.9383602968750001 0.757937703125 0.9574958734375001 0.697956434375 0.79829106875 0.599707396875 0.7723936 0.6842712375
0 1 0.2841190953125 0.8863036187500001 0.21959756874999997 0.8547202828125 0.30330468593750004 1 0.39543903125 1 0.2841190953125
0 1 0.38771622968749997 0.8558588125 0.3224426890625 0.8544948984375 0.32215278125 0.8453085874999999 0.363811815625 0.833848646875 0.41772659687499997 1 0.48996308749999995 1 0.38771622968749997
0 1 0.4819956484375 0.81961899375 0.4296325515625 0.814380815625 0.5295829765625 0.993492925 0.5780802359375 0.995106290625 0.5781647890625 1 0.5569678031249999 1 0.4819956484375
0 0.9555014249999999 0.69968170625 0.9843622015625 0.6247025484375001 0.9874871859375001 0.61116675625 0.8223129437500001 0.5022497984375 0.8219826875 0.502173553125 0.7885095453125001 0.594140246875 0.9555014249999999 0.69968170625
0 1 0.16802995625 0.9214009140625 0.1178116171875 0.919930153125 0.11747206406249999 0.8751351859375 0.20372051875000002 1 0.2879519109375 1 0.16802995625
0 0.0042833984375000005 0.5930048421875 0.09073127187499999 0.6492600953125 0.09905858906250001 0.6511826078125 0.10861110624999999 0.6245367109375 0.1205624 0.5877544109375 0.027954782812500002 0.5241783703125 0.0042833984375000005 0.5930048421875
0 0.0626599171875 0.3888313875 0.1461316953125 0.424073571875 0.1501413328125 0.42478057812500003 0.154455128125 0.406095478125 0.1625876921875 0.35997341875 0.16274118906249999 0.3590010828125 0.0765043984375 0.316726040625 0.0626599171875 0.3888313875
0 0 0.665396809375 0.093441484375 0.718996296875 0.09644361875 0.705992621875 0.1041986453125 0.650812734375 0.104721490625 0.64655186875 0.00061968125 0.6009260546874999 0 0.60715015 0 0.665396809375
0 0.134509375 0.46994554062500005 0.0621661078125 0.4638654421875 0.028695432812499998 0.562775984375 0.034719159375 0.564166671875 0.086457090625 0.5659734000000001 0.1030549921875 0.5661410375 0.1344270890625 0.4723018828125 0.134509375 0.46994554062500005
0 0.14049627656250002 0.47350386093749997 0.142309390625 0.46497383125 0.14872925625 0.4290256421875 0.061945104687499995 0.3830971328125 0.059401754687499995 0.3941135890625 0.0480988734375 0.45331735625 0.13236587500000002 0.50118901875 0.1340233203125 0.50154131875 0.14049627656250002 0.47350386093749997
0 0 0.847933534375 0.011956253125 0.8522852546875 0.08798770781250001 0.7704030171875 0.08895338124999999 0.766220225 0.0229407109375 0.745800365625 0 0.7702024328125 0 0.847933534375
0 0 0.7389132578125001 0.0664349203125 0.79599285625 0.0701638203125 0.796853740625 0.09211051718749999 0.7345773875 0.09387393125 0.7288095125 0 0.6607585328125001 0 0.7389132578125001
0 0 0.897717959375 0.0040480984375 0.8986525359374999 0.0448908125 0.9015085375 0.046160621875 0.8960083890625 0.0524894171875 0.805502390625 0.010736712499999999 0.8050390343749999 0 0.8270450609375001 0 0.897717959375