0 0.29178986875 0.0831972453125 0.2907880875 0.0640821 0.28907577500000003 0.04779054375 0.28540364218750003 0.047982992187500004 0.1817776375 0.089393703125 0.1840961921875 0.15513456718750002 0.184301596875 0.15708886093750002 0.2927244109375 0.1169659984375 0.29178986875 0.0831972453125
0 0.283892671875 0.11108384375 0.1882170875 0.1760217671875 0.2071317875 0.24152199843750002 0.305075309375 0.1743688890625 0.2867212 0.110786553125 0.283892671875 0.11108384375
1 0.21191084999999998 0.3848005953125 0.2074468875 0.3863376609375 0.27620296875 0.48209459218750006 0.3475802453125 0.4549425734375 0.3475008796875 0.45418745781250003 0.3473081671875 0.4536277796875 0.281151625 0.3630000015625 0.21191084999999998 0.3848005953125
0 0.31980706875 0.395801296875 0.2974830640625 0.29032571093750004 0.24539256874999998 0.282269721875 0.2259512484375 0.280568828125 0.21942514375000002 0.2812547484375 0.2450118953125 0.39418196562499996 0.319370775 0.40078816875 0.31980706875 0.395801296875
0 0.314023821875 0.19546685625 0.313636003125 0.19548718125 0.20078437343750002 0.23898808906250002 0.2046447609375 0.3057969015625 0.2058848609375 0.3175956609375 0.31926959374999997 0.2757190328125 0.316097990625 0.21520125937499998 0.314023821875 0.19546685625
0 0.2584165421875 0.5510437484375 0.33307175 0.561535853125 0.3335334125 0.56148733125 0.3191132375 0.443772725 0.2409480078125 0.43525234687500003 0.2407694640625 0.436522746875 0.2584165421875 0.5510437484375
0 0.3689018234375 0.6129595937500001 0.303959925 0.514620221875 0.2270055078125 0.543689046875 0.2932552484375 0.6434795734375001 0.3691609734375 0.6154252437500001 0.3689018234375 0.6129595937500001
1 0.36701983125000004 0.8351207687500001 0.3062673796875 0.8377256703124999 0.28609450000000003 0.839845925 0.3163062734375 0.9762370671875 0.3985077015625 0.9713860249999999 0.398248046875 0.9664315203125 0.36701983125000004 0.8351207687500001
1 0.38154760468750004 0.8926576671875001 0.38961346875 0.8918099093749999 0.3897371328125 0.8847252671874999 0.368850159375 0.7532745328125 0.3370529296875 0.7521565578125 0.29096458593749996 0.751352084375 0.28189614218750003 0.7523052156250001 0.3057417578125 0.890710125 0.38154760468750004 0.8926576671875001
1 0.2589743015625 0.726229515625 0.39318740937499996 0.6648414 0.3910988953125 0.6540969249999999 0.3769806484375 0.5914851890625 0.368172559375 0.59241095625 0.2434099265625 0.6476742437499999 0.25148673125 0.689225803125 0.2589743015625 0.726229515625
1 0.3051639390625 0.8037101234374999 0.3792506 0.807841115625 0.3792763 0.8071051484374999 0.35921556250000003 0.6669578609375 0.32541766875 0.6657776125 0.276671625 0.665163878125 0.3051639390625 0.8037101234374999
1 0.2995003421875 0.1701830671875 0.4557244671875 0.137374559375 0.46214464531250005 0.08508639375 0.46468188125000004 0.0602710046875 0.46106652031250006 0.059827093750000004 0.310463846875 0.0860505484375 0.2995003421875 0.1701830671875
0 0.3150238265625 0.12038068125000001 0.45233964374999996 0.024972203125000002 0.44793404531250003 0.0027182125 0.380695696875 0.009785248437500001 0.32692937187500004 0.0262232625 0.293025071875 0.037083346875 0.314902528125 0.1203934296875 0.3150238265625 0.12038068125000001
0 0.34800645 0.4547937203125 0.3732318671875 0.52364496875 0.3736389625 0.5235126953125 0.4968702234375 0.43765182031250005 0.4875202984375 0.40887571093749997 0.472972084375 0.3661544671875 0.46966247499999997 0.3665023203125 0.34444042812500003 0.443818628125 0.34800645 0.4547937203125
0 0.45885651562499996 0.27498954375 0.458945215625 0.26990802343750003 0.41315261718749996 0.12853258437499998 0.33422300312500003 0.1334418765625 0.3777363375 0.2737731546875 0.45885651562499996 0.27498954375
0 0.4869586484375 0.38343628750000003 0.49302714375 0.31407305625 0.49246575468750003 0.30873179375 0.4871311828125 0.308265078125 0.350356521875 0.3340870109375 0.3366999578125 0.4180578171875 0.4869586484375 0.38343628750000003
0 0.45574401093750005 0.2029990078125 0.331981990625 0.2821369796875 0.3536328375 0.36051029218749997 0.48037718125 0.2740883765625 0.46117586718750003 0.202428096875 0.45574401093750005 0.2029990078125
0 0.509505625 0.573912921875 0.502603840625 0.560926625 0.43335434375000004 0.44853544687499997 0.39727831875 0.46025725937499995 0.356153259375 0.4761132328125 0.35640379218749996 0.4768842953125 0.438309071875 0.6060771968750001 0.511583734375 0.5803157031249999 0.51158264375 0.5803053265625 0.509505625 0.573912921875
0 0.504948465625 1 0.5478349390624999 0.986065340625 0.49500036718749996 0.8759761203125 0.4152978046875 0.8993651203124999 0.4593129359375 1 0.504948465625 1
1 0.42243697031250005 0.924495475 0.548852421875 0.89005933125 0.546628575 0.8689008421875 0.5372952843750001 0.8055881250000001 0.52955836875 0.8064013078125001 0.4108744265625 0.841614871875 0.41786362656250003 0.924976153125 0.42243697031250005 0.924495475
0 0.5236276125 0.7247340453125 0.53076140625 0.6431944109375001 0.5306696796875 0.6423216921875 0.39940417968749997 0.6569798734375001 0.3931260703125 0.7431227687499999 0.3941839734375 0.743215321875 0.5236276125 0.7247340453125
1 0.517544590625 0.8500838875 0.520105384375 0.8498147375 0.520324871875 0.8473059640624999 0.5089649921875 0.71533815625 0.454784353125 0.7092652390625 0.4289145828125 0.707001928125 0.4236974375 0.707550271875 0.4381303109375 0.8426243953125001 0.517544590625 0.8500838875
0 0.48197005937500004 0.5457528640625 0.4045953171875 0.5445917828125 0.39838316093750004 0.5452447078125 0.43141865468749996 0.6727312390625 0.5099233 0.672542290625 0.5099233 0.6688254765625 0.48197005937500004 0.5457528640625
0 0.5929277296875 0 0.577545884375 0.00529639375 0.6703641250000001 0.14519987031249998 0.6758955546875 0.143295246875 0.7472855140625 0.11726556875000001 0.74694971875 0.11407069375000001 0.6602492265625 0 0.5929277296875 0
0 0.7382849140625 0.8919043125 0.826991646875 0.8606706796875001 0.82664905625 0.8574111515625 0.7347754296875 0.698242559375 0.676755125 0.7170407515624999 0.6495636796875 0.7269376296875001 0.7382849140625 0.8919043125
0 0.6641588375 0.22752199218750002 0.74184415625 0.21497532812500003 0.7415992421875 0.2126451203125 0.6710035890625 0.0401005 0.6221725171875 0.044954921875 0.5973191296875 0.0480065359375 0.6641588375 0.22752199218750002
0 0.8137549359375 0.6329686296875 0.8137549359375 0.555354809375 0.8121824015625 0.5403931546875 0.8103123515625 0.5403931546875 0.6250015953125 0.57954173125 0.62940903125 0.6674363125 0.8137549359375 0.6329686296875
1 0.68636920625 0.973167396875 0.8484600859375 0.8873939203125 0.8255948468750001 0.8209884437499999 0.8187908921875 0.8027105578124999 0.8161545921875 0.8029876437500001 0.8076961109375 0.8059001328125 0.6503284171875 0.8836140640625001 0.68636920625 0.973167396875
0 0.69327819375 0.141173409375 0.6692056390625 0.14285672656249998 0.6098949296875 0.1490905328125 0.668926121875 0.3286000515625 0.75472364375 0.32359523125 0.7544647 0.3198921640625 0.69327819375 0.141173409375
0 0.6944275125 0.6023441546875 0.77295453125 0.6033563531249999 0.773043440625 0.6008103015625 0.7390859921875 0.4253945953125 0.668029428125 0.42006183437500005 0.6527620578125 0.4195286859375 0.651626378125 0.41964805156249996 0.6823163453125 0.601921225 0.6944275125 0.6023441546875
1 0.6504812234374999 0.6193872125000001 0.64881905625 0.619770953125 0.721484571875 0.79479774375 0.814612621875 0.7727882968750001 0.8143964671875 0.7707317203125 0.8138894359375 0.7685355281249999 0.7399671484375 0.605104775 0.6504812234374999 0.6193872125000001
1 0.6676887796875 0.4190700140625 0.7594902546875 0.42139695312500003 0.759704278125 0.417313121875 0.7225376515625 0.23626510937499998 0.687677465625 0.2344381640625 0.6269264796875 0.23348925937499998 0.6676887796875 0.4190700140625
0 0.614316090625 0.397716546875 0.6121366484374999 0.48282040000000004 0.6123723296875 0.48282862968750007 0.7690632296875 0.4530414453125 0.7887917140625 0.4489294640625 0.7974883015625001 0.35574387343749997 0.797392540625 0.35483276875 0.7958075421874999 0.354777421875 0.614316090625 0.397716546875
0 0.14624325 1 0.189130575 0.9759901109375001 0.16502700312500002 0.905988259375 0.1628308765625 0.9062190812500001 0.15800008906250002 0.9078824546875 0.0775835640625 0.9496784203124999 0.0954749234375 1 0.14624325 1
0 0.17805498749999998 0.8450604203125 0.174612321875 0.8446985796875 0.07979960625 0.853529259375 0.0720155296875 0.927372340625 0.072282859375 0.9299158000000001 0.17062113750000002 0.9225657859374999 0.1784111328125 0.8484489265624999 0.17805498749999998 0.8450604203125
0 0.79530489375 0 0.744746121875 0.013689528125 0.7433848656250001 0.0502572078125 0.743434990625 0.0507341296875 0.9314877718749999 0.05401660312499999 0.93237204375 0.053923662500000004 0.9327847171875 0.030281521875000002 0.9313621765625 0 0.79530489375 0
1 0.14911293125 0.7474080125 0.06416884687499999 0.8008957609375 0.0872163609375 0.8716457421875001 0.17541822499999998 0.820809175 0.1525658734375 0.7470450937499999 0.14911293125 0.7474080125
0 0.16672635 0.6924313890625 0.166286340625 0.6882449875 0.1597191765625 0.6879008171875001 0.064778296875 0.7039212874999999 0.059262503125 0.773335078125 0.059164440625 0.775206228125 0.0596209046875 0.7795491890624999 0.1606842046875 0.7599192578125 0.16672635 0.6924313890625
0 0.1382876140625 0.600861771875 0.051122109375 0.6413577546875 0.065932634375 0.717551303125 0.15485509375 0.6770375359374999 0.1455723671875 0.6000961125 0.1382876140625 0.600861771875
0 0.9525386109375 0.1569668640625 0.9239401484374999 0.06894985000000001 0.9219968640625 0.069154096875 0.770952009375 0.17560484375000002 0.7972628390625001 0.2582281203125 0.7984928265625 0.25809884375 0.9525386109375 0.1569668640625
0 0.780563984375 0.1941098828125 0.7810670875 0.195864409375 0.8745987640624999 0.3511597625 0.9623115609375 0.3244877046875 0.9619097 0.3206642609375 0.866323165625 0.1659271125 0.8414370437500001 0.17306309375 0.780563984375 0.1941098828125
0 0.7507235046875 0.13502778437500002 0.7513027859375 0.1350682921875 0.9493711625 0.0893325359375 0.9498318906250001 0.08274378437499999 0.9517464468749999 0.014694221875 0.9503996984375 0.0018807625000000002 0.758033315625 0.043123759375 0.7515418296874999 0.11850445312499999 0.7505210796874999 0.1331018390625 0.7507235046875 0.13502778437500002
0 0.9774142749999999 0.408388109375 0.871432534375 0.260259471875 0.7873335484374999 0.287628840625 0.888346128125 0.4450947140625 0.9780809984375001 0.4147315625 0.9774142749999999 0.408388109375
0 1 0.662689496875 0.9996806812499999 0.662723059375 0.828343971875 0.73328101875 0.844911896875 0.821200825 1 0.76605430625 1 0.662689496875
0 0.8621156125 0.54206655625 0.8620675562500001 0.5424579453125 0.8771353546875 0.7340137875 0.95434801875 0.7434943109375001 0.9730590937500001 0.7456475421875 0.9740906921875 0.7455391171875 0.9743309515625 0.7435823625 0.9564648609375 0.5532719 0.895344075 0.5457672109375 0.8632074921875 0.5419517953125 0.8621156125 0.54206655625
0 1 0.52393215 0.9817052374999999 0.45565516562499997 0.9761423656250001 0.45623984687499997 0.8121201515625 0.544141984375 0.835252559375 0.637585271875 0.8370659703125 0.637394675 1 0.5538361421875 1 0.52393215
0 0.8873954703125 0.5475567203125 0.9826010765625 0.532477634375 0.98202560625 0.5270023968750001 0.9081309093750001 0.34773032812500004 0.8748386281249999 0.35300330625 0.8156566578125 0.36349469375 0.8873954703125 0.5475567203125
0 1 0.78068191875 0.8452639718749999 0.8012600203125 0.843267559375 0.8788787484375 0.8437163156249999 0.90458794375 1 0.87982709375 1 0.78068191875
0 0.12825474375 0.326398515625 0.125390640625 0.305278134375 0.11349595312500001 0.306528315625 0.0205663984375 0.3423006703125 0.029410678125 0.414544675 0.133015465625 0.37169374843749997 0.12825474375 0.326398515625
0 0.14028153125 0.5454614359375001 0.1361204546875 0.527247534375 0.1302621890625 0.5278632625 0.050899659374999996 0.570265684375 0.0639203515625 0.6374329234375 0.1512211515625 0.5969283062499999 0.14028153125 0.5454614359375001
0 0.1277253875 0.2873121421875 0.1090423484375 0.22215664687499997 0.1060639203125 0.22246969375 0.017516578125 0.2912512640625 0.032097329687499995 0.3511287328125 0.1288361390625 0.2914587734375 0.1277253875 0.2873121421875
0 0.12526020625 0.37680459375 0.1246809734375 0.3744814171875 0.11658075781249999 0.375332784375 0.0317998953125 0.4256629296875 0.052987221875000004 0.4958204140625 0.1403418015625 0.44439400312500005 0.12526020625 0.37680459375
0 0.0801512046875 0.5585032265625001 0.151446259375 0.5470510484375 0.1506981796875 0.5399335437499999 0.1061954625 0.45831212031249996 0.07852074375 0.4630966296875 0.0359662140625 0.4713683921875 0.0801512046875 0.5585032265625001
0 0.020292753125 0.21489453281249998 0.110490025 0.1463516953125 0.1044534109375 0.11583251562500001 0.0952851859375 0.07906076875 0.092464325 0.079357253125 0.002293128125 0.14700590156249999 0.01928246875 0.2151464265625 0.020292753125 0.21489453281249998
0 0.09502729531250001 0.1469033328125 0.030393868750000004 0.20860050000000002 0.0120245875 0.226743128125 0.0151081140625 0.23521505 0.0348356640625 0.28628854375 0.1251835375 0.2132852421875 0.123120671875 0.2076175625 0.0978513390625 0.14634864218750002 0.096023453125 0.1465407609375 0.09502729531250001 0.1469033328125
0 0.099853303125 0.115969175 0.087909396875 0.040558328125 0.044044134375 0.045168753125 0.008911843749999999 0.0507331609375 0.061059854687500005 0.13749564375 0.10169436875 0.13348574375 0.099853303125 0.115969175