0 0.3746193265625 0 0.3483847453125 0.052815054687499995 0.46505236875 0.06552529375 0.49068108437499997 0.012932340625 0.49294763750000004 0.0059566046875 0.4880829578125 0.0036881671875 0.46077791562500003 0 0.3746193265625 0
0 0.32828386875 0.1269278875 0.44666110468750003 0.1363779765625 0.47296038593749995 0.0741137859375 0.3548050171875 0.06412124218750001 0.32828386875 0.1269278875
0 0.3634898359375 0.40732373749999995 0.36392163437499997 0.4060697015625 0.3675856 0.2939240046875 0.3092803375 0.27209754375 0.2951147765625 0.2674948734375 0.29036405468750004 0.384725125 0.3634898359375 0.40732373749999995
0 0.398739275 0.320683746875 0.3875627640625 0.213452471875 0.33659970625 0.1999956765625 0.3107257125 0.19496628124999998 0.324523103125 0.3112550609375 0.397333184375 0.32550941718750004 0.39849824843750004 0.321923715625 0.398739275 0.320683746875
0 0.3008354484375 0.20305537031249998 0.3008789234375 0.20308046875 0.4196449828125 0.22815137968750002 0.45599576875 0.16518996875 0.4578917359375 0.15935478281249998 0.3408266890625 0.132910359375 0.3008354484375 0.20305537031249998
0 0.3269376296875 0.4876462015625 0.3556885328125 0.3724696265625 0.285768434375 0.33650325468750003 0.2851464796875 0.3376252921875 0.2605807890625 0.4508640046875 0.3269376296875 0.4876462015625
0 0.3008183 0.43166665000000004 0.23104385781249998 0.4283566796875 0.2528460421875 0.546679865625 0.3342625515625 0.549959003125 0.334753165625 0.54844904375 0.31310116250000003 0.4325255515625 0.3008183 0.43166665000000004
1 0.12424100468749999 0.7738738171875 0.11787762500000001 0.85392764375 0.12015446406250001 0.854667434375 0.2566767484375 0.8415463093750001 0.2624893890625 0.7584216796875001 0.12424100468749999 0.7738738171875
0 0.2922864390625 0.6838749609375 0.1558037578125 0.6857222562499999 0.141831765625 0.7613169390625 0.1404550484375 0.769124690625 0.14327764375000002 0.769622390625 0.2816749609375 0.7695533515624999 0.2976153828125 0.6876512484374999 0.2979564 0.6857172421875 0.2922864390625 0.6838749609375
1 0.2579535515625 0.4821420015625 0.21271741249999998 0.620467125 0.2798946515625 0.6601337078125 0.28170905 0.6607232421875 0.281787778125 0.660592215625 0.32544929843750003 0.521446725 0.2831697796875 0.496042628125 0.2589954578125 0.48248053750000003 0.2579535515625 0.4821420015625
1 0.24914550468750002 0.5753252375 0.2005610171875 0.5713126468749999 0.219319428125 0.7115089234374999 0.29193789375 0.720671753125 0.292853996875 0.717852278125 0.2827787390625 0.57886023125 0.24914550468750002 0.5753252375
0 0.639943465625 0.0690348671875 0.4879467203125 0.05273074531250001 0.45421785937500003 0.130582159375 0.613433378125 0.1421058046875 0.634017421875 0.0936128359375 0.6409498 0.07631383281250001 0.6429062515624999 0.07029249374999999 0.639943465625 0.0690348671875
0 0.6610797546875 0.0497546953125 0.6593422859375 0.048669003125 0.502784246875 0.0090304125 0.48010522499999997 0.03826591875 0.49967726093750003 0.050495884375 0.6164444062500001 0.121321021875 0.6388894625 0.08840075625 0.658958271875 0.056283951562500004 0.6610797546875 0.0497546953125
0 0.5257243390624999 0.362139378125 0.5228330046874999 0.3619371984375 0.37927395937499997 0.3947288015625 0.3779150765625 0.41416173125 0.374719803125 0.471415015625 0.5229151609375 0.446103278125 0.5240068515625 0.43049135937500005 0.526242996875 0.36230790156250003 0.5257243390624999 0.362139378125
0 0.5489206796875 0.2744144375 0.5520241828125 0.26903901406249997 0.580701328125 0.13144058593750002 0.510105053125 0.090912990625 0.5087714953125 0.090479690625 0.4793115265625 0.241300696875 0.5489206796875 0.2744144375
0 0.5554579453125 0.2896549265625 0.5532150359375 0.28933970625 0.4077828734375 0.3149184875 0.39619445 0.39069768437499997 0.3967867734375 0.3908901421875 0.5420543921875 0.3712720671875 0.5592608890624999 0.2919396328125 0.5594018859375 0.290936390625 0.5554579453125 0.2896549265625
0 0.534541153125 0.3531502875 0.5358536234375 0.3500583015625 0.549771875 0.2029189234375 0.49481188749999994 0.17958979375 0.47464249062499997 0.173036359375 0.4647785984375 0.3250965890625 0.534541153125 0.3531502875
0 0.480565175 0.5540497671875 0.4561925953125 0.424306765625 0.41831200312499994 0.422321528125 0.3742361796875 0.42238645156250004 0.37419374843750003 0.42319608437499995 0.40436031874999995 0.573160275 0.482002371875 0.5753692 0.48235467187500003 0.5686469 0.480565175 0.5540497671875
0 0.246839571875 0.84641 0.2163756515625 0.9286929468749999 0.35532428125000004 0.961699059375 0.38318005 0.89492933125 0.3861836875 0.8856850828124999 0.3774163109375 0.8823196015624999 0.246839571875 0.84641
1 0.3732807453125 0.7696636765625 0.308789946875 0.744111603125 0.278114246875 0.8721374562499999 0.35255397187500004 0.907177875 0.354549209375 0.9078261671875 0.3891774796875 0.776411440625 0.3732807453125 0.7696636765625
1 0.3127039328125 0.703652284375 0.3152354671875 0.7044748296875001 0.444876046875 0.7013705109374999 0.45980074687499994 0.6167283390625 0.45746426875 0.615969171875 0.32798825 0.6230390781249999 0.3127039328125 0.703652284375
1 0.35140236406250003 0.6722474875 0.32066324687500003 0.6662724078125 0.320899728125 0.8031352671875001 0.39964774062499997 0.8189652078125 0.40225739843749997 0.810933509375 0.40465140312500003 0.68395055625 0.35140236406250003 0.6722474875
0 0.3668290125 0.5306283656249999 0.33293589687499997 0.607257953125 0.4639612140625 0.626775584375 0.49163195625 0.5611486859375 0.49365605312499994 0.5549191546875 0.487673040625 0.552379515625 0.3668290125 0.5306283656249999
0 0.849492084375 0.26265611718750004 0.872009053125 0.097485303125 0.8576161734375001 0.09046542656249999 0.8050919109375 0.073399259375 0.7733724203125 0.23017481874999998 0.7786305046875001 0.23273935781250002 0.8482688234375001 0.2651641734375 0.849492084375 0.26265611718750004
0 0.534875190625 0.935163915625 0.6147225656249999 0.9759325171875 0.6151369812499999 0.9760671703125 0.6693331484375 0.7957427984375001 0.5987276296874999 0.7619100000000001 0.58835194375 0.7570717390625 0.5830746437500001 0.7553570406250001 0.534875190625 0.935163915625
0 0.9093486343749999 0.22113286250000003 0.730883425 0.1747193578125 0.696309325 0.24615785625000003 0.8804841359375001 0.28782680156249996 0.8900185890625 0.2708523890625 0.9108179953125 0.23173439375 0.9135387453125 0.223360784375 0.9093486343749999 0.22113286250000003
0 0.7115789546875 0.778477178125 0.6922118890625 0.591984525 0.6741757703125 0.5900888546874999 0.6042430984375 0.586265528125 0.61928936875 0.773662715625 0.710114871875 0.7837024640625 0.711467203125 0.7795404125000001 0.7115789546875 0.778477178125
1 0.6532370140625 1 0.671708715625 0.9603873093749999 0.6744963734375 0.9540012046875 0.678583503125 0.9414223109375 0.669314665625 0.9371001812499999 0.5021291859375 0.8836861203125 0.4658457859375 0.9731414328125 0.5588166921875 1 0.6532370140625 1
0 0.70386800625 0.2702606140625 0.6608464140625 0.3458032375 0.8470518125 0.39257737812500004 0.8827934734375 0.3280977171875 0.8854987859375001 0.319771621875 0.8802144859375 0.3168424859375 0.70386800625 0.2702606140625
0 0.60747249375 0.556715003125 0.5885762078125001 0.6367019640625 0.5875065625 0.6422048078125 0.772498828125 0.6404049140625 0.7786165078125 0.6089321765625 0.788285053125 0.5525967484375001 0.7825571921875001 0.5507356531250001 0.60747249375 0.556715003125
1 0.5736445765625 0.6764765374999999 0.573497625 0.678578028125 0.5966869875 0.8586520671875 0.6866197453125 0.8711820937500001 0.6877834171874999 0.8676006781250001 0.6698766390625 0.6832057390624999 0.5736445765625 0.6764765374999999
0 0.854003278125 0.39144546406249997 0.6710764328125001 0.363741640625 0.6356011968749999 0.44958980937500004 0.822196109375 0.4804775453125 0.8351598578124999 0.4513604875 0.8584446 0.3934228671875 0.854003278125 0.39144546406249997
1 0.6300475203125 0.48630563281250005 0.62638314375 0.5713584859374999 0.62661864375 0.5713708296875 0.7838055374999999 0.5443228140625 0.8036027828125001 0.54055576875 0.813921084375 0.4475656296875 0.8113666171875 0.44673563281249995 0.6300475203125 0.48630563281250005
0 0 0.8192457609374999 0.0093123375 0.82152590625 0.0341271375 0.7657909515625 0.038328884375 0.752859309375 0.0329942515625 0.750484178125 0 0.7413110265625 0 0.8192457609374999
0 0 0.752542084375 0.0394054296875 0.7595027640625001 0.0389305296875 0.6603650390625 0 0.6535005375 0 0.752542084375
0 1 0.14065574375 0.96199891875 0.1379984484375 0.9521894140624999 0.2782808921875 0.9552523359375 0.2784950734375 1 0.27873748125 1 0.14065574375
1 0 0.6615380453124999 0.061995009375 0.6725166453125 0.08726366875 0.6123662375000001 0.0913639734375 0.5997468015625 0.091173640625 0.5996737390625 0 0.5871810609375 0 0.6615380453124999
0 0 0.5969289796874999 0.0969324359375 0.5891675234375 0.10740290781249999 0.526887753125 0.10895085 0.515873575 0.10516601249999999 0.51464380625 0.0062720234375000005 0.525023890625 0 0.5601779203125 0 0.5969289796874999
0 0.11313732968750001 0.5270080328125 0.13595524375 0.46756533749999996 0.1400453515625 0.454977278125 0.1378484921875 0.45413398281250006 0.044174078125 0.441792165625 0.0118651453125 0.510699521875 0.01070069375 0.514283334375 0.11313732968750001 0.5270080328125
0 1 0.293048634375 0.8852682812499999 0.29562248593749996 0.86185100625 0.38646577656250003 1 0.37880312968749996 1 0.293048634375
0 1 0.3745211890625 0.8503853140625001 0.40010892656249997 0.8501601046875 0.40225166874999996 0.8456503796874999 0.49044529531250003 1 0.4658334953125 1 0.3745211890625
0 1 0.1429633578125 0.9818883953125 0.1341297390625 0.9742376828125 0.1316438703125 0.9426499250000001 0.3311310640625 1 0.35620049374999996 1 0.1429633578125
0 0.8651025812500001 0.602207971875 0.9574926828124999 0.6240582359375 0.9599722906249999 0.6164267890625 0.9487067953125001 0.43649595625000004 0.86288325625 0.41514082500000005 0.8651025812500001 0.602207971875
0 0.7510835265625 0.9835739531250001 0.8387724656250001 0.9995542046875 0.8391300265625 0.9984537437500001 0.8439191781250001 0.806005696875 0.7463837640625 0.788807571875 0.7510835265625 0.9835739531250001
0 0.929215171875 0.752821234375 0.9286150078125001 0.7526262296875 0.9277943953125 0.75246671875 0.736359759375 0.754129421875 0.725842509375 0.80823599375 0.71802788125 0.85013620625 0.7183177 0.850230375 0.7193898375 0.8504387765624999 0.91112710625 0.8458762656250001 0.929215171875 0.752821234375
0 0.88917009375 0.8187969359375 0.8914412859375 0.8122009140625 0.91356746875 0.6280012703125 0.903432815625 0.6245116281249999 0.8187877296874999 0.5970087734375 0.7995484875 0.7860078015624999 0.88917009375 0.8187969359375
0 0.8554673875000001 0.7085635531250001 0.948198821875 0.713338071875 0.9487574609375 0.7116187593750001 0.92069468125 0.51910303125 0.822967153125 0.51226925625 0.8554673875000001 0.7085635531250001
0 0.8156542343750001 1 0.8092774921875 0.8979403843749999 0.7423253921875 0.8915250421875 0.7068997171875 0.8896684609375001 0.7064676359375001 0.89099826875 0.7160094984375001 1 0.8156542343750001 1
0 0.170022128125 0.14047949531249998 0.1411701828125 0.1309502984375 0.1315252234375 0.2423964984375 0.19921790781249998 0.265731984375 0.2005913046875 0.2619586046875 0.2072493203125 0.154029084375 0.170022128125 0.14047949531249998
0 0.1613858703125 0.391912846875 0.0747895375 0.3652553015625 0.0390466015625 0.4293902625 0.13228169218750002 0.4524376421875 0.132789109375 0.4515941234375 0.16317231875 0.39896886249999997 0.164820621875 0.393895903125 0.1613858703125 0.391912846875
0 0.12305909374999999 0.1538078140625 0.2352158171875 0.17224069375 0.23709795625000002 0.1683824703125 0.26205796718749996 0.114855553125 0.26515080156250004 0.10533679062500001 0.151338015625 0.0990518796875 0.12305909374999999 0.1538078140625
0 0.10437479375 0.3031875859375 0.167750028125 0.338600796875 0.1689994609375 0.3366012875 0.19546500312499998 0.24126204687500002 0.181610978125 0.232119596875 0.132777375 0.2016049765625 0.13222259375 0.20142471718750002 0.10437479375 0.3031875859375
0 0.07500121093749999 0.39045982968750004 0.171156325 0.36845680000000003 0.1742592875 0.332071934375 0.17613942656249998 0.2961967375 0.1723307765625 0.29495923125 0.080241996875 0.318947746875 0.07500121093749999 0.39045982968750004
0 0.2084373828125 0 0.21370372031249998 0.04150104375 0.2801775921875 0.06414544062500001 0.281002965625 0.061605198437499994 0.2735717734375 0 0.2084373828125 0
0 0.28080978125 0.022982078125 0.193763103125 0.0378120421875 0.1683890484375 0.0425809921875 0.1662079703125 0.0513288171875 0.1540029140625 0.10470216875 0.26972762499999997 0.09470157968750001 0.2711867578125 0.08884932031250001 0.2844494609375 0.024164682812499998 0.28080978125 0.022982078125