0 0.6370832 0.9176742890625 0.6328236890625 0.9524650046875 0.630678678125 0.9831400796875001 0.63543955 0.9836404671875 0.7423507781249999 0.962263021875 0.7515326546875001 0.8917087921875 0.6370832 0.9176742890625
0 0.6380400703125 0.81066920625 0.6807879578125 0.9210745203125 0.7488643015625 0.91737895 0.7054648218749999 0.8068395484374999 0.63805243125 0.8104924484374999 0.6380400703125 0.81066920625
0 0.6644004859375 0.551008 0.6705246046875 0.663046284375 0.7404682593749999 0.682473996875 0.7425341375000001 0.682989078125 0.7450280140625 0.6831634671875 0.7395384609375 0.5658603890625 0.6647213453124999 0.5497211015625 0.6644004859375 0.551008
0 0.6653334984375 0.6274685890625 0.6641737515624999 0.63083674375 0.6617494546875 0.7434160859375 0.7291873468750001 0.766636815625 0.7338213640625 0.76696085625 0.737743228125 0.65737639375 0.666811240625 0.6275719234375 0.6653334984375 0.6274685890625
0 0.6899435546875 0.7216021046875001 0.641354915625 0.718465996875 0.6408615140625 0.7255219796875 0.6672694625 0.8374902375 0.7330484859374999 0.8420899546875 0.7479487671875 0.8430504921875001 0.717979475 0.7235625671875 0.6899435546875 0.7216021046875001
0 0.6386805265625 0.573663490625 0.6410735625 0.5744874796875 0.7555673703125 0.5789657953125 0.78026801875 0.507229903125 0.6618486921875 0.49891599218750005 0.6386805265625 0.573663490625
0 0.6761136484375 0.5106010140625 0.6882002828125 0.5129504171875 0.757051253125 0.52473908125 0.7498315484375 0.40464084062500005 0.66865265625 0.39133797187499997 0.6761136484375 0.5106010140625
1 0.650105253125 0.16774260624999998 0.7880952828125001 0.17138053125 0.8034419500000001 0.08955533125000001 0.6642315953125 0.0880428625 0.6508726109375 0.1567688828125 0.650105253125 0.16774260624999998
0 0.7476142125 0.1427660828125 0.6645315640625 0.14063159218750002 0.6638583828125 0.15025851875000001 0.6845058109375 0.280201675 0.7163030406249999 0.2813196484375 0.7716518906250001 0.2822857671875 0.7476142125 0.1427660828125
1 0.7806411640625 0.390141315625 0.77475006875 0.34822399375 0.7692093843750001 0.3108791234375 0.63196740625 0.36515893906249997 0.6334907359375 0.37599799218749996 0.6443724015625001 0.43961130624999994 0.64842290625 0.4398945453125 0.65137455 0.43947971875 0.7806411640625 0.390141315625
1 0.7582338046875 0.37082381249999996 0.745565059375 0.23014914218750002 0.6632966437500001 0.2247983125 0.684498959375 0.36464585625 0.7110030203125 0.3675211140625 0.7582338046875 0.37082381249999996
0 0.48650909843749995 0.827325015625 0.5340046390625 0.974723284375 0.585841340625 0.9756280984375 0.6124134390625 0.9755529140625001 0.6124730406250001 0.9747005625 0.5698581625 0.824876653125 0.4868246921875 0.8228118171875 0.48650909843749995 0.827325015625
0 0.5573563421875 1 0.547550940625 0.8830342375000001 0.513803103125 0.8715442203125001 0.48818950625 0.982488903125 0.487392171875 0.9938913109374999 0.513851815625 1 0.5573563421875 1
0 0.5363014859375 0.6364934296875 0.60524068125 0.649893853125 0.6119368374999999 0.65036209375 0.60491015625 0.5009503140625 0.5224454484375001 0.4880685359375 0.5215328609375 0.4927633875 0.5363014859375 0.6364934296875
0 0.5073796921875 0.7255733359375001 0.506064296875 0.7304824546875001 0.51629484375 0.8787366703125 0.5940675765625001 0.89306800625 0.5857959828125 0.7463783421875 0.5073796921875 0.7255733359375001
0 0.47830048906249995 0.698320684375 0.48415860781250003 0.6992485203125 0.6224013390625001 0.68303040625 0.641754053125 0.6007612921875001 0.6417911234375 0.60023115625 0.48957439843749995 0.6242724578125001 0.47865952187499994 0.6931862859375 0.47830048906249995 0.698320684375
0 0.47922461250000004 0.7274314421875 0.4931701015625 0.8065202375 0.494010825 0.806579028125 0.49594439843749993 0.8062380859375 0.628157684375 0.7320782859375 0.61348630625 0.6572520468749999 0.47922461250000004 0.7274314421875
0 0.57585055 0.56066195 0.619869365625 0.5629038671875 0.6199541109375 0.5620975640625 0.597677403125 0.410760096875 0.5202573625 0.40449072812500003 0.5195537265625 0.411185378125 0.5205768171875 0.42585616093749995 0.5381257703125 0.556696915625 0.57585055 0.56066195
0 0.6655948375 0.0965871015625 0.667572925 0.010496892187499999 0.6579414828125 0.0098233953125 0.52548608125 0.022898321875 0.5203458015625 0.10357858906249999 0.5369027046875 0.10473636093750001 0.6655948375 0.0965871015625
1 0.6075164828124999 0.0762358796875 0.524446503125 0.0832006578125 0.5242293515625 0.0863060578125 0.5591959078125 0.21466865781250002 0.5763367671874999 0.212564025 0.6449634734374999 0.202447371875 0.6075164828124999 0.0762358796875
1 0.5337472156249999 0.2399281234375 0.531666428125 0.24827370937499998 0.52593360625 0.3731598953125 0.6102741484374999 0.39289265625 0.612293734375 0.2605870015625 0.5337472156249999 0.2399281234375
1 0.53826179375 0.1565198078125 0.5328816046875 0.1561435875 0.5324871671875 0.158633971875 0.5346137671875 0.2910727390625 0.5882387984374999 0.3009103140625 0.6067666968750001 0.30384484375 0.619127409375 0.3047091890625 0.6141549359375 0.1690377421875 0.53826179375 0.1565198078125
0 0.5032976859375 0.369216271875 0.5009452671875 0.3968846359375 0.49725304843749996 0.44968581875 0.5082939421875 0.45045787343750004 0.626440459375 0.42850210312500003 0.63178500625 0.3493336921875 0.5032976859375 0.369216271875
0 0.18098149218749998 0.9689633234375 0.1825809296875 0.9790248453125001 0.20535274375 0.98061720625 0.352730284375 0.9079802499999999 0.345945915625 0.8358497874999999 0.17240696093750002 0.9079523625 0.18098149218749998 0.9689633234375
0 0.22270636718749998 0.1785676625 0.22898129687500002 0.23826962968749998 0.23516262187499998 0.23870186875 0.408351246875 0.1890606171875 0.40214180468749994 0.099178928125 0.21959305625 0.1456148359375 0.22270636718749998 0.1785676625
0 0.2341360859375 0.730274 0.23169743281250002 0.9169724031250001 0.27854344375 0.9315837015625 0.2971276515625 0.9369126375000001 0.30266685312499997 0.9372999765625 0.3112294703125 0.747124465625 0.2347044515625 0.7282918671874999 0.2341360859375 0.730274
0 0.211831965625 0.42497059375 0.219852765625 0.4248305890625 0.3960990796875 0.3886829453125 0.39497085 0.29529989843750004 0.3948662671875 0.295292584375 0.2070910015625 0.3383983953125 0.20747916093750002 0.36063601562500003 0.211831965625 0.42497059375
1 0.2864720859375 0 0.2618690390625 0.1533689828125 0.314036028125 0.1703190640625 0.3493940828125 0.1808477921875 0.3832055171875 0.0022160640624999998 0.376385171875 0 0.2864720859375 0
0 0.2387244953125 0.624908328125 0.2264248921875 0.810249334375 0.2958827953125 0.8337076 0.30715290624999997 0.83736948125 0.30881992343750003 0.8374860515625 0.3192385515625 0.6451580015625 0.2401585328125 0.6204948156250001 0.2387244953125 0.624908328125
0 0.3790325578125 0.4817142 0.3968251859375 0.4140778765625 0.39621230937499996 0.41390213593749997 0.21584485937500003 0.40431045 0.191919553125 0.4766879015625 0.18929279062499998 0.4858485109375 0.1891573390625 0.48778555468749996 0.373191690625 0.502083728125 0.3790325578125 0.4817142
1 0.39535890937499996 0.28530289531249997 0.392035825 0.19328415625 0.39125378125 0.19322947031249998 0.20951140937499999 0.243790509375 0.21321033125 0.278983390625 0.21970787656250002 0.3378653578125 0.22536055312499997 0.33826063125 0.225913525 0.3382025125 0.39535890937499996 0.28530289531249997
0 0.30275594375 0.5429836984375 0.20867572656250002 0.546441909375 0.20867572499999998 0.5508979171874999 0.2576346359375 0.7287859578125 0.290949521875 0.728785959375 0.3507358765625 0.72717026875 0.30275594375 0.5429836984375
1 0.366830490625 0.46825773593750003 0.21581006875000003 0.5195621921875 0.1968458578125 0.5263798296875 0.201212446875 0.6200751312499999 0.20385332812499998 0.6202598 0.37675095625 0.55281203125 0.367065021875 0.4682330859375 0.366830490625 0.46825773593750003
0 0.8883138640625001 0.08032324843750001 0.8990461281250001 0.15668725781249998 0.90310185625 0.1569708625 0.9935800828125 0.1271501609375 0.9828545015625 0.05290562812500001 0.981431684375 0.052806134375 0.8883138640625001 0.08032324843750001
0 0.8852351203125 0.1427327015625 0.9081469312499999 0.23248140468749998 0.984921528125 0.22845781875 0.9622632156250001 0.1324152265625 0.88562200625 0.13719996406249998 0.8852351203125 0.1427327015625
0 0.022960803125000002 0.960561596875 0.06366021093749999 0.9707090984375 0.0958525296875 0.9729602046875 0.09062757187500001 0.8338106875 0.055997665625000005 0.8244461390625 0.0233118125 0.9555419328125 0.022960803125000002 0.960561596875
1 0.956342621875 0.21156968125 0.8804018140625001 0.211852196875 0.87981405 0.220257628125 0.9047731609375 0.31213587187499997 0.9480089093749999 0.311348325 0.9790513203125 0.3102643 0.956342621875 0.21156968125
0 0.8888339468750001 0.2795484078125 0.8812878749999999 0.37712744531250003 0.9289947218749999 0.39313005 0.9514612078125 0.39999874375 0.9534369 0.40013689843750005 0.9588242062500001 0.2976174875 0.8905448578125 0.27395226875 0.8888339468750001 0.2795484078125
0 0.8774818796874999 0.44933690937500004 0.95172895625 0.47363429375 0.953512046875 0.47375897968749997 0.9536581984374999 0.37040182499999996 0.8788212609375 0.3517428828125 0.8783256015625 0.35373086875 0.8774818796874999 0.44933690937500004
0 0.0767729484375 0.860130690625 0.1687230234375 0.8472079499999999 0.1688185984375 0.8458411765625 0.08984444999999999 0.677820375 0.0043358390625 0.6893264765625 0.0041862421875 0.6914658296875 0.0767729484375 0.860130690625
0 0 0.717588753125 0.17126468125 0.7233904265625 0.1754735984375 0.709623678125 0.19738190312499998 0.633652521875 0.0104604796875 0.6294272375000001 0.0091966078125 0.6335611765625 0 0.6706473468749999 0 0.717588753125
0 0 0.9244267484375 0.1719509921875 0.890688446875 0.179757065625 0.8154325265625 0.18119863593750002 0.798955303125 0.18028515 0.7988753828124999 0 0.8372034640624999 0 0.9244267484375
0 0 0.62212069375 0.17634597031250002 0.6234053359375 0.20363583125 0.5392805140625 0.016869557812499998 0.528445290625 0 0.582587325 0 0.62212069375
0 0.051988271875000006 0.097462375 0.09055566875 0.2857741296875 0.18945999062500002 0.2805907734375 0.14106778125 0.0918734578125 0.052088725 0.0960258296875 0.051988271875000006 0.097462375
0 0.0207956875 0.25234550312500004 0.014177637500000001 0.346988015625 0.015636393749999998 0.34709002187500004 0.20544147031249999 0.3221096984375 0.209286396875 0.26712469843750003 0.21193873281250003 0.2245473734375 0.21054774531249998 0.22445010625 0.0207956875 0.25234550312500004
0 0.13289620625 0.2884970296875 0.035258775 0.291906603125 0.0347640109375 0.2989820546875 0.08335172656249999 0.4779679984375 0.158442578125 0.4767826734375 0.18017510781249998 0.47602375625000004 0.13289620625 0.2884970296875
0 0 0.48733622812500005 0.0157461609375 0.567948178125 0.016799728125 0.5680218499999999 0.198619584375 0.49347610781249995 0.1816037359375 0.3969744296875 0.0005028906250000001 0.4753479484375 0 0.48253961093750003 0 0.48733622812500005
0 0.038955940625000005 0.0324523484375 0.030318754687499998 0.075006721875 0.027057734374999996 0.095595996875 0.0243907296875 0.1337359265625 0.026455785937499997 0.134063 0.216865475 0.137377165625 0.22970841718749999 0.040529871875 0.038955940625000005 0.0324523484375
0 0.8406952375 0.73455303125 0.8466839484375001 0.7685877156250001 0.85146236875 0.76892185625 0.9496060890625 0.72217280625 0.9366436203124999 0.6537194734375 0.8350730296875 0.6990558124999999 0.8406952375 0.73455303125
0 0.8568569484375 0.5066316625 0.8565271265625001 0.508477434375 0.8552247765625 0.5271018921875 0.9488251875 0.518723509375 0.9630839078125 0.4518081515625 0.8668966828125001 0.45498170625 0.8568569484375 0.5066316625
0 0.8389621328124999 0.7522108125 0.8196681703124999 0.8115915203125 0.819207590625 0.8181781046875001 0.932532103125 0.810573115625 0.9539271703125 0.752778990625 0.84036004375 0.748151971875 0.8389621328124999 0.7522108125
0 0.8506689640625 0.6053707359375 0.8372887890625 0.6716016890625001 0.83688141875 0.677427371875 0.842218690625 0.6783684765625 0.9422083156250001 0.6666303921875001 0.95138835 0.5939206796875001 0.8506689640625 0.6053707359375
0 0.8602050140624999 0.5106987984375 0.8710098437499999 0.60407238125 0.89846170625 0.6100033953125 0.9306593828124999 0.6162619890625 0.9409053187499999 0.6169784546875 0.9326899078125 0.5209331546875 0.861383646875 0.5046352515625 0.8602050140624999 0.5106987984375
0 0.9178929578125 0.9550539390624999 0.9442449093749999 0.889207578125 0.944279696875 0.8887100984374999 0.8285678031250001 0.8965541765625 0.8079795859375001 0.9563467046874999 0.8074987671875 0.9632227328124999 0.9178929578125 0.9550539390624999
0 0.90506434375 0.8796329578125001 0.9300439234375 0.873105621875 0.931609471875 0.8642269609375001 0.940061659375 0.810132240625 0.8253164546875 0.8281810171874999 0.8242691093750001 0.83412080625 0.8154597734375001 0.900257053125 0.8182415734375 0.900747559375 0.90506434375 0.8796329578125001
0 0.9180892953124999 1 0.9307118125 0.9591778281250001 0.8181170718749999 0.96904381875 0.806626596875 1 0.9180892953124999 1