0 0 0.42531226406249995 0.00033015625 0.4270107703125 0.034514643750000004 0.4222064546875 0.0678412875 0.41668044374999996 0.08628158281250001 0.3041641328125 0.0859670765625 0.30254614062499996 0.019605932812499997 0.3130331171875 0 0.415981953125 0 0.42531226406249995
0 0.1686337421875 0.4052365921875 0.1705813296875 0.40485802031249996 0.1718607046875 0.33832845625 0.0598740234375 0.29881318281249997 0.05855653281249999 0.36697703125 0.1686337421875 0.4052365921875
1 0.40442096875000005 0.2462851875 0.3284619265625 0.258551290625 0.3167958796875 0.375857265625 0.32143031875 0.374956421875 0.392294884375 0.359215903125 0.40442096875000005 0.2462851875
0 0.2595787 0.2688728734375 0.22294419375 0.3766933890625 0.22354962031249997 0.3798080359375 0.24784386249999998 0.38023209375 0.3009064921875 0.3776449234375 0.3357469171875 0.2701000671875 0.2595787 0.2688728734375
0 0.1300784671875 0.2958512203125 0.1383207984375 0.3425958078125 0.144389546875 0.373816809375 0.25654756875 0.3897396203125 0.264547425 0.38818460625 0.2514269921875 0.3113334921875 0.1300784671875 0.2958512203125
0 0.4833356875 0.2592789765625 0.36606685625 0.261358659375 0.3690774421875 0.2768467796875 0.38555596406250003 0.3343142171875 0.500950478125 0.3358451015625 0.5026184734375 0.3353668125 0.4833356875 0.2592789765625
0 0.469012296875 0.23993979375 0.48861728125 0.3581041796875 0.56472306875 0.32688098593750003 0.5447415062500001 0.20823677499999999 0.469012296875 0.23993979375
1 0.9017209234375001 0.185094571875 0.7624563578125 0.196079821875 0.7663267281249999 0.21599114375 0.7815979468750001 0.27485060156249996 0.9163012890625 0.26632274375 0.921115221875 0.265122496875 0.9017209234375001 0.185094571875
1 0.72680983125 0.326981303125 0.8010453562500001 0.3119161328125 0.80049174375 0.17065685 0.8002566984374999 0.16944764375000002 0.79715433125 0.1700506828125 0.7150302734375 0.1875271546875 0.717350009375 0.32433573125000004 0.718189946875 0.3286568390625 0.72680983125 0.326981303125
1 0.5504810421874999 0.2212292953125 0.5676048171875 0.3585279171875 0.5699740453125 0.3650373171875 0.6320517953125 0.344515525 0.6423372734374999 0.3407719171875 0.625832296875 0.1941116125 0.590257540625 0.20675183437500003 0.5504810421874999 0.2212292953125
1 0.621529909375 0.3273351953125 0.6214727828125 0.3306080140625 0.62242679375 0.33551597499999997 0.6942500625 0.33527598593749997 0.7299542796875 0.1984107859375 0.6475772234375 0.1951329140625 0.621529909375 0.3273351953125
0 0.07203913749999999 0.594523834375 0.0726616234375 0.595800125 0.073863490625 0.5955665046874999 0.1483201296875 0.5592515765625 0.1235279625 0.4048570515625 0.052405010937499996 0.43777755625000003 0.07203913749999999 0.594523834375
0 0 0.515357459375 0.112045353125 0.5579015515625 0.11783268281249999 0.5567766078124999 0.1188653328125 0.47389278749999997 0 0.4660788453125 0 0.515357459375
0 0.3811990421875 0.379280259375 0.3918128765625 0.52615379375 0.393039446875 0.5293491203125 0.4577147484375 0.507233053125 0.47232531875 0.5016245796875001 0.4532029265625 0.3525042171875 0.399385546875 0.3722991140625 0.3811990421875 0.379280259375
0 0.166153665625 0.41791708749999995 0.12419839218749999 0.5647397468750001 0.12426922343749999 0.5651041390625 0.20690568593749997 0.5607733453125 0.2449113 0.42115336875000003 0.24485395625 0.42005919062499997 0.166153665625 0.41791708749999995
0 0.43384626718749997 0.492591421875 0.4084723078125 0.4217033265625 0.2560992125 0.4244289125 0.25791227031249997 0.43375628749999995 0.2581930640625 0.43457176875 0.28742050468749997 0.50264174375 0.42831511874999995 0.49449594843750005 0.43384626718749997 0.492591421875
1 0.2263058375 0.561549515625 0.2266936609375 0.5626758390625 0.23790782500000002 0.5604960265625001 0.30333759374999997 0.5379667515625 0.299626515625 0.3865151828125 0.2270691875 0.40995978749999995 0.2263058375 0.561549515625
0 0.4229566078125 0.38869017499999997 0.4305463578125 0.43210766093749997 0.43907933125 0.46906802968749994 0.5710835000000001 0.4705406984375 0.5857696125 0.46976824375000004 0.592328609375 0.46825398125 0.5766708406250001 0.3921750609375 0.4237465734375 0.3885077984375 0.4229566078125 0.38869017499999997
0 0.8676260546875 0.3988269 0.987504984375 0.3875741890625 0.9782645421874999 0.3400362359375 0.9696079515625 0.3025404265625 0.8482814421875 0.31824772968750004 0.85325509375 0.3438349453125 0.8676260546875 0.3988269
1 0.776302234375 0.40122065156250003 0.8997911109375 0.428655459375 0.9049814984375001 0.42764654999999996 0.911439746875 0.3434431859375 0.77858770625 0.31704642031249997 0.77706469375 0.34610725000000003 0.776302234375 0.40122065156250003
0 0.7206995171874999 0.353087096875 0.5916679640625 0.38199594375 0.592912046875 0.3883962015625 0.6248331359375 0.457683296875 0.747164146875 0.43418245625 0.7540853109375 0.43110095625 0.7206995171874999 0.353087096875
1 0.8156516890625 0.448193996875 0.8223679078125 0.4468884953125 0.82469268125 0.36389961875 0.6934183390624999 0.3337857078125 0.6890884015625 0.41640584374999995 0.8156516890625 0.448193996875
0 0.63118518125 0.47898926093750005 0.625471975 0.3466793875 0.6251720015625 0.3467376953125 0.54571774375 0.3723390375 0.5547181 0.49479468437499996 0.5567807484375 0.5015413015625 0.63118518125 0.47898926093750005
0 0.2233092921875 0.8125789749999999 0.1988813015625 0.75096495625 0.0398360234375 0.7530830984375 0.049705121875 0.8038552109375001 0.0591317921875 0.8312322484375001 0.21966481093749998 0.8187730234374999 0.2242091390625 0.8172082843749999 0.2233092921875 0.8125789749999999
0 0.799115403125 0.5631948375 0.8150115703124999 0.7446681953125001 0.8157497109375 0.7474229718750001 0.8336931046875 0.7439351296875001 0.8754405937499999 0.7327489234375 0.90732041875 0.7238462140624999 0.8852524515625 0.536781134375 0.799115403125 0.5631948375
0 0.12138876093749999 0.825665921875 0.30572665625 0.7879005765625 0.309201421875 0.7862802656250001 0.276681828125 0.720547534375 0.0905786375 0.752520409375 0.12114110468749999 0.8251348234375 0.12138876093749999 0.825665921875
0 0.642477928125 0.7882856312500001 0.6434484296874999 0.7904654171875001 0.6480587734375 0.78956925625 0.7284500578124999 0.75377675 0.68495761875 0.571349115625 0.602869259375 0.6030726703125 0.642477928125 0.7882856312500001
1 1 0.5761057562499999 0.84296500625 0.5835612015625 0.8484703781249999 0.6200404703125 0.8525815812499999 0.643356259375 0.8585474578125 0.6740480359375 1 0.6712984390625001 1 0.5761057562499999
0 0.2577297796875 0.8500272703125 0.2595027265625 0.8571381765625 0.266699140625 0.8557393359375001 0.33946719999999997 0.8375962203125 0.3424803515625 0.6456295812499999 0.258376971875 0.6676333796875 0.2577297796875 0.8500272703125
0 0.624888284375 0.604575753125 0.5431946562500001 0.61358323125 0.51592241875 0.7866341734375 0.517071590625 0.7925461515625 0.5741654015625001 0.7898152359374999 0.606149103125 0.7875787171875 0.6304804671875 0.604184709375 0.624888284375 0.604575753125
1 0.7141391203125 0.5826955890625001 0.7071121375 0.7548066640625 0.7092681671875 0.765898478125 0.7673868125000001 0.7570019984374999 0.8023378781250001 0.75146629375 0.8041453531249999 0.5620288796875 0.7141391203125 0.5826955890625001
1 0.30384332187499996 0.77384479375 0.4829874546875 0.79141271875 0.49162610000000007 0.7897335359375 0.47991353593749997 0.700188071875 0.2910885890625 0.67904754375 0.298382503125 0.7393665421875 0.30384332187499996 0.77384479375
1 0.5880115406249999 0.7433675875 0.5919323078125001 0.7415393046875 0.557056353125 0.6648939828125 0.37263138906250004 0.6963823 0.3733151609375 0.6998999984375 0.37429548281249997 0.7020023078125 0.4164611765625 0.7802087765625 0.43622802343749995 0.7762853421875 0.5880115406249999 0.7433675875
0 0.7947299421875 0 0.8073948874999999 0.0680875921875 0.8093504812500001 0.0737670453125 0.8181957359375 0.0720477015625 0.8802302953125001 0.050687490625 0.8724212203124999 0 0.7947299421875 0
0 0.7211122249999999 0 0.7264987328125 0.08377434218749999 0.7272408718750001 0.086544046875 0.7455714515625 0.08298094375000001 0.8027829046875 0.06765118125 0.7971906062499999 0 0.7211122249999999 0
0 0.17407844374999998 1 0.169610896875 0.8720661906249999 0.169579153125 0.8719028765625 0.1325914359375 0.8739267093749999 0.1008060859375 1 0.17407844374999998 1
1 0.749555696875 0.07238995000000001 0.749310034375 0.071126128125 0.7196624468749999 0.0005519640625 0.6211922796875 0.017989892187500002 0.6225636140625 0.025044801562500003 0.6310719640625 0.047209809375 0.647240575 0.0873162453125 0.7458812828125 0.073800425 0.749555696875 0.07238995000000001
0 0.5733714828124999 0.018579903124999998 0.5724002765625 0.1148580578125 0.57373915625 0.1211569921875 0.5908585984375 0.1178293109375 0.6436830125 0.1045450375 0.64728595625 0.0009516031249999999 0.6410678125 0.002273309375 0.5733714828124999 0.018579903124999998
0 0.5651281874999999 0.0331422203125 0.47152077031250006 0.050500828124999994 0.47328817812499996 0.059593353125000005 0.5009857796875 0.121803184375 0.5986030125 0.1044482703125 0.6023448671875 0.1027822875 0.5651281874999999 0.0331422203125
0 0.1751801046875 0.9089060968749999 0.1755532453125 0.9108257359374999 0.2083517875 0.9962688609375 0.39323014375 0.9777671140624999 0.3614667921875 0.8964504718749999 0.1751801046875 0.9089060968749999
0 0.4641473453125 0.9940429703125 0.4650581515625 0.9938659265625001 0.4667373375 0.9041922375 0.28561227499999997 0.86002171875 0.28486703750000003 0.8601665796875 0.2848675296875 0.8601925250000001 0.2881284125 0.95357196875 0.462799259375 0.9940900453125 0.4641473453125 0.9940429703125
0 0.23466079374999999 1 0.2374503421875 0.8548394046875 0.2373845046875 0.854593690625 0.1517827734375 0.873746103125 0.1473690015625 1 0.23466079374999999 1
0 0.49917379375 1 0.5368884421875 0.817557565625 0.4485669703125 0.8221444421875 0.40229667343750003 1 0.49917379375 1
0 0.7967012953125 0.9290943265625 0.79814928125 0.936543565625 0.8944824625000001 0.9314949578125 0.9132842046875 0.738855971875 0.8239678484375 0.7440499109375 0.7967012953125 0.9290943265625
0 0.6665639828125001 0.7881842921875 0.66584676875 0.82160864375 0.664772053125 0.88317905625 0.8495807031249999 0.9270810390625 0.8529650921874999 0.9264231796875 0.8534378406249999 0.9075566578125001 0.85479550625 0.8297759875 0.66720090625 0.788195409375 0.6665639828125001 0.7881842921875
0 0.6149652578125 0.976853209375 0.6165063296875 0.983528321875 0.6347260984374999 0.9799867578124999 0.7091059421875 0.9613098359375 0.7097361796875 0.7687971328125001 0.612213828125 0.7913119421875 0.6149652578125 0.976853209375
0 0.4702742515625 0.9249386124999999 0.6608576875 0.9633708343749999 0.663330059375 0.963284496875 0.6658370921875 0.962797178125 0.6624727640625 0.8664554687500001 0.4681040625 0.831155390625 0.469097884375 0.891251871875 0.4702742515625 0.9249386124999999
0 1 0.7783662703124999 0.8559347687500001 0.76067003125 0.8565635109375 0.7966906109375 0.8606383515625 0.8638258171875 1 0.8774295109375 1 0.7783662703124999
0 0.3048080328125 0.1720601546875 0.2903476921875 0.1056126453125 0.177261959375 0.1007345765625 0.17904361093750001 0.109900378125 0.1848876390625 0.1351725015625 0.193981034375 0.17164411562499998 0.29874786875 0.1735711234375 0.3048080328125 0.1720601546875
0 0.4268564625 0.1494358140625 0.426925809375 0.149694615625 0.44971384687500005 0.1452650703125 0.4979952109375 0.13232811875 0.494451353125 0.036153825 0.4286936359375 0.055045590624999995 0.4268564625 0.1494358140625
0 0.159308090625 0.09963103281249999 0.119420684375 0.20441906250000003 0.119992125 0.20735887343749998 0.1877630265625 0.20617592812500002 0.1920532234375 0.2060257890625 0.2208321984375 0.096068196875 0.159308090625 0.09963103281249999
0 0.37770367031249996 0.15605560000000002 0.356240775 0.08670244375 0.252106865625 0.0927150125 0.25367755625 0.10079551718749999 0.2706674875 0.1474749671875 0.276729740625 0.162927071875 0.37548808437500003 0.15686200781249998 0.37770367031249996 0.15605560000000002
0 0.35965831718749997 0.1643618375 0.41907004375 0.1515258515625 0.43052709375 0.0525158921875 0.43041139062499995 0.05192065312500001 0.42385967343750003 0.053194178125000005 0.3573899796875 0.068386625 0.34906559531250003 0.1657059359375 0.3491995015625 0.166394825 0.35965831718749997 0.1643618375
0 0 0.2438228015625 0.0077603328124999996 0.24231434531249998 0.029505690624999997 0.2360789640625 0.0589543828125 0.22604723437500002 0.0732155875 0.1136626859375 0.07292858906250001 0.11266180781249999 0.0054224921875 0.13201886875 0 0.17697178281249998 0 0.2438228015625
0 0.0456245484375 0.1588540765625 0.0492809515625 0.19364243125 0.1562682328125 0.21822256874999998 0.1610712265625 0.2172889609375 0.1558301390625 0.15590944375 0.1311847109375 0.14759410625 0.04316095 0.11955539687500001 0.0456245484375 0.1588540765625