0 0.1411587546875 0.8846398703125 0.22177847812499998 0.80888653125 0.223853575 0.8028600078125001 0.163057903125 0.7724353890625 0.0808253984375 0.8537900468749999 0.0845993234375 0.855796678125 0.1411587546875 0.8846398703125
0 0.246804753125 0.7266063453125 0.2476103859375 0.7242666140625 0.184939646875 0.7013303046875 0.11111792499999999 0.7943508796875001 0.1751391765625 0.81778856875 0.246804753125 0.7266063453125
0 0.2632031375 0.46590054687500004 0.19644630624999998 0.5623838453125 0.21052938281250003 0.5672330375 0.270229528125 0.5848906328125001 0.3347943203125 0.49312206718749996 0.3352041671875 0.4918606875 0.2632031375 0.46590054687500004
0 0.24075337343749997 0.661164096875 0.308933178125 0.5797674140625 0.311076471875 0.5735428359375 0.24318164062499997 0.5448307453125001 0.16671522656249999 0.633523109375 0.19097814062500001 0.6438221046875 0.24075337343749997 0.661164096875
0 0.15195848125 0.6973779328124999 0.2613654359375 0.74670998125 0.2633629515625 0.740908771875 0.272223046875 0.6687491046875 0.162284203125 0.6172964249999999 0.162234378125 0.6172903062499999 0.15195848125 0.6973779328124999
0 0.3155319171875 0.525719290625 0.319695290625 0.5271528546875001 0.35449935625 0.45818987812499995 0.2635402953125 0.381909428125 0.231476515625 0.45067042187500006 0.3155319171875 0.525719290625
0 0.397672240625 0.3604448796875 0.3984794 0.3581007203125 0.330829984375 0.31369035 0.24383023593750003 0.3960203015625 0.312273253125 0.44165507187499997 0.397672240625 0.3604448796875
1 0.4211610125 0 0.3718085953125 0.125353696875 0.38139419218750004 0.1286542828125 0.38281207031250003 0.12895566249999998 0.45096465781250006 0.14276595625 0.5023499296875 0.017957028125 0.5033814421875 0.0131041390625 0.44366780625 0 0.4211610125 0
0 0.35384780312499997 0.082166246875 0.35324476250000003 0.0852686140625 0.338684453125 0.1679595171875 0.46640014531249996 0.217058090625 0.469942625 0.217746678125 0.4717981625 0.21235780625 0.47239678749999997 0.20927814374999998 0.486237721875 0.134804653125 0.3550570078125 0.0824012921875 0.35384780312499997 0.082166246875
1 0.35023716875 0.3787193328125 0.436660915625 0.26641075625 0.438159634375 0.2620581609375 0.366689578125 0.2295790109375 0.2791953796875 0.34614921718749997 0.3051768140625 0.35865716875000003 0.35023716875 0.3787193328125
1 0.36806221250000004 0.3013005421875 0.4644207515625 0.20018824531249998 0.46499759531249996 0.19851297031249998 0.3951839390625 0.156101209375 0.303367428125 0.26495929218750003 0.331191509375 0.281023534375 0.36806221250000004 0.3013005421875
0 0.22293123750000002 0.8351790578125 0.34269673749999996 0.93168064375 0.348066496875 0.9335296 0.3666842828125 0.8823776531249999 0.3758969203125 0.8556222124999999 0.2512243046875 0.7620918750000001 0.22293123750000002 0.8351790578125
0 0.22632028750000002 0.8337703875000001 0.1944646375 0.9137639671875 0.226792709375 0.928674996875 0.2868766078125 0.955426071875 0.34083976250000003 0.9740070765625 0.343920190625 0.9670883203124999 0.351115725 0.9452003984375 0.2265360375 0.8338446765624999 0.22632028750000002 0.8337703875000001
0 0.42728493749999996 0.6111112453125 0.479188384375 0.473698928125 0.4794574734375 0.47150737343750004 0.4039577578125 0.46115758749999997 0.3428299203125 0.5993171359375 0.380534546875 0.60537101875 0.42728493749999996 0.6111112453125
0 0.396816128125 0.80234215 0.402936971875 0.7917405359374999 0.30269359375 0.6766367390625 0.30238749375 0.676531340625 0.260860528125 0.748051346875 0.357458928125 0.8561948140625001 0.3590783375 0.85712978125 0.396816128125 0.80234215
0 0.44310518125 0.6849262203125 0.44921201093749996 0.685893446875 0.449580934375 0.68482201875 0.461123334375 0.6119461765625 0.323703675 0.5420021890625 0.3166402015625 0.626782525 0.44310518125 0.6849262203125
1 0.40683988437499996 0.774126103125 0.4087069890625 0.7747327609375 0.423965640625 0.7304184171875 0.43436471875000005 0.69841334375 0.3111767359375 0.6102313125000001 0.28623434062499997 0.6822874875 0.40683988437499996 0.774126103125
0 0.3633275296875 0.47317770625 0.48949237500000004 0.5182002203125 0.49767428125 0.5205446671875 0.5104624015625 0.5218887515625 0.5196052359375 0.45120664687499995 0.5201653703125 0.44587732343750003 0.3761159796875 0.39238097031249997 0.36357791562499997 0.47079544218749997 0.3633275296875 0.47317770625
0 0.526432678125 0 0.5111995968749999 0.06954724375 0.6391779375 0.12031440468750002 0.6435786859375 0.121411634375 0.6460104921875 0.11434915781249999 0.649400078125 0.1014138796875 0.6654439359375 0.037065478125 0.5614860203125 0 0.526432678125 0
1 0.5526056921875 0.211325571875 0.6381093703125 0.118098471875 0.6398308234375001 0.11309901093750001 0.5701376953125 0.06540431875 0.4808514046875 0.167259178125 0.5052573171875 0.1831085609375 0.5526056921875 0.211325571875
1 0.4303791890625 0.34357519999999997 0.49353878125 0.368877703125 0.511290265625 0.3749900296875 0.573564634375 0.2767541828125 0.57883700625 0.26144210625 0.5046122468750001 0.23403836562500002 0.4303791890625 0.34357519999999997
1 0.594428115625 0.28335246875000003 0.596181765625 0.2782594953125 0.6042602625 0.201397740625 0.473541765625 0.1611859765625 0.4666382359375 0.246902490625 0.594428115625 0.28335246875000003
1 0.5086808703125001 0.45176056249999996 0.520625253125 0.4558733421875 0.5481925953125 0.380705853125 0.44014627656250005 0.308385025 0.411532065625 0.38239467656250004 0.5086808703125001 0.45176056249999996
0 0.64230280625 1 0.6475439796875 0.97027583125 0.47724342656249996 0.8924424484375001 0.4761975953125 0.8954797624999999 0.46732953125 0.9640105078125 0.53434573125 1 0.64230280625 1
0 0.7059118453125001 0.28563196875 0.8801258203125 0.338874415625 0.882577725 0.339175471875 0.885171996875 0.3316411546875 0.8917115765625001 0.2783805625 0.8953995203125 0.2454870890625 0.7136889937500001 0.195872340625 0.7059118453125001 0.28563196875
0 0.49507467343749995 0.9626656546874999 0.564888425 0.98670445625 0.6696009968750001 0.8329229421875001 0.6704061718750001 0.8305845421875 0.5970221453125 0.8021584624999999 0.49507467343749995 0.9626656546874999
0 0.805533540625 0.535445271875 0.8081147546875 0.536234428125 0.815050025 0.516092940625 0.8358921515625 0.44792141875 0.6696786609375 0.36106228281249997 0.6397659203125 0.4438276796875 0.805533540625 0.535445271875
1 0.8986218265625 0.2637842 0.928088509375 0.1782067390625 0.7673198390625 0.09313293593750001 0.73127905 0.18268626875 0.8883076578125 0.260232746875 0.8986218265625 0.2637842
1 0.5914159375 0.8899198921875 0.715942853125 0.751128740625 0.7179314921875 0.745353315625 0.642233159375 0.707877646875 0.5167304984375 0.8512215078125 0.559656390625 0.8737375953125 0.5914159375 0.8899198921875
0 0.6337989765625001 0.4590952625 0.6185279640625 0.5398527984375 0.77838011875 0.6176658578125 0.7814816437500001 0.6183819015625 0.7824010453125 0.615711765625 0.7961144390625 0.56176058125 0.803326775 0.5305205187500001 0.6350600140625 0.4536331015625 0.6337989765625001 0.4590952625
1 0.6794855265625 0.373374503125 0.8448280609375001 0.437965171875 0.8499059359375 0.4388605375 0.8520039703125001 0.4327674015625 0.861631228125 0.3797764375 0.8677760703124999 0.34492730625 0.6892479328125 0.281543515625 0.6794855265625 0.373374503125
0 0.66084548125 0.80669836875 0.73187484375 0.6360684421875 0.7324439828125 0.63201880625 0.6418851578125 0.6167864453125 0.5664612984375 0.7911797468749999 0.6262771765624999 0.8018401078125 0.66084548125 0.80669836875
1 0.5926796015625 0.6091844671875 0.60770898125 0.622609790625 0.7265962234375001 0.7250987125 0.729194421875 0.72599334375 0.7693863828125 0.6520705921875 0.63307614375 0.5235694750000001 0.632211784375 0.5231098875 0.5926796015625 0.6091844671875
0 0.181159659375 0 0.1692820921875 0.0580050484375 0.25995238125000003 0.09330936875 0.263158834375 0.08399715625000001 0.2759198109375 0.018347625 0.2312304984375 0 0.181159659375 0
0 0.779024490625 1 0.787631675 0.9868219609375 0.7885755171875 0.9837347890625001 0.707617709375 0.9531601421874999 0.7046814718750001 0.9522624453124999 0.6900866359375 1 0.779024490625 1
1 0.257352034375 0.073812484375 0.1810203609375 0.0586801984375 0.14052092031250002 0.1498245 0.1541647765625 0.15452245625 0.170162296875 0.158215775 0.21245341406249998 0.167238621875 0.25640747343750003 0.07790381874999999 0.257352034375 0.073812484375
0 0.1686123734375 0.1315498234375 0.11257260468750001 0.21787014062500001 0.1436237640625 0.22856191250000002 0.184605803125 0.24144944375000002 0.232427115625 0.1636499421875 0.2363960296875 0.15212338125 0.1686123734375 0.1315498234375
0 0.13874846093749998 0.20183913437499998 0.088771509375 0.2923013828125 0.0917398984375 0.29332348124999996 0.1671052796875 0.3078083265625 0.2127180765625 0.223780353125 0.21324835625 0.2218013203125 0.13874846093749998 0.20183913437499998
0 0.7796302625 1 0.8642976812500001 0.8358554265624999 0.778800246875 0.8182061984375 0.6878457796874999 0.9811186328125 0.6913679515625 0.9823314140624999 0.774492109375 1 0.7796302625 1
0 0.7142447984375 0.8194175046875 0.8667629578125 0.9076863484375 0.8730969406250001 0.909383534375 0.89928856875 0.829120975 0.9004073984375 0.8249454453125 0.739649984375 0.729475428125 0.7179707 0.805512253125 0.7142447984375 0.8194175046875
0 0.823131434375 1 0.684727803125 0.89907094375 0.6843198421875 0.8989304718750001 0.650931528125 0.979983065625 0.677492759375 1 0.823131434375 1
0 0.74726751875 0.74439766875 0.9183828 0.8159055640625 0.91966325625 0.81218685 0.9238151421874999 0.7886403328125 0.9322317124999999 0.7289580046874999 0.7620845203125 0.6475005796875 0.74726751875 0.74439766875
0 1 0.2692689171875 0.952801928125 0.2610626390625 0.8947840734374999 0.444241309375 0.902078215625 0.44675288437500005 0.98273981875 0.4595284265625 1 0.41307326250000004 1 0.2692689171875
0 1 0.376328646875 0.9476396890625001 0.3551737078125 0.8418716328125001 0.5149861734375001 0.8415024453125 0.5160583703125 0.87230164375 0.5286456375 0.92939743125 0.5517138312500001 1 0.44845891718750003 1 0.376328646875
0 1 0.558992690625 0.8496566281250001 0.4449272546875 0.8089473359375001 0.53636181875 0.9560009265625 0.6437934515625 0.9664660171874999 0.6473968718750001 0.9699366406250001 0.639601721875 1 0.5684468609375 1 0.558992690625
0 0.8447794 0.7357626578125 0.9855124937499999 0.601749565625 0.987217309375 0.5967984203125 0.9071133515625001 0.5447783015625001 0.7667119140625 0.683748528125 0.8165101015625 0.7174043625000001 0.8447794 0.7357626578125
0 1 0.216683390625 0.9126368984375001 0.1981092609375 0.9108432421874999 0.22375973437500002 0.9087746703124999 0.30137657500000004 1 0.318408109375 1 0.216683390625
0 0 0.5747941078125 0.012588437499999999 0.5816925562499999 0.0478868625 0.5996780015625001 0.1222807625 0.5212008828125 0.123057859375 0.5196757437499999 0.1238171125 0.5174707125 0.060870989062500006 0.48403047343749994 0 0.5515071734375 0 0.5747941078125
0 0.07869060781250001 0.32348102968750003 0.139906046875 0.3941875640625 0.14228211562499998 0.395005709375 0.1532467265625 0.378669390625 0.18190382031250002 0.3345413359375 0.11491705781249999 0.2654412109375 0.07869060781250001 0.32348102968750003
0 0 0.654168990625 0.010880817187499999 0.6608853765625 0.106438521875 0.5960400859375 0.10692917500000002 0.595312659375 0.10698711406250001 0.595144390625 0.045083098437500004 0.5549500593750001 0 0.593228090625 0 0.654168990625
0 0.0791585375 0.52663785625 0.1481526046875 0.4563939171875 0.14909237656250002 0.45366462187499995 0.0872425203125 0.41678865 0.012933568749999999 0.49189171875 0.06431392968750001 0.5192111421875001 0.0791585375 0.52663785625
0 0.1026902875 0.45277533437499995 0.1716161546875 0.3882508203125 0.172954909375 0.38436279375 0.1124840671875 0.349718828125 0.038592221875 0.41486167500000004 0.088947534375 0.4451182 0.1026902875 0.45277533437499995
0 0 0.782542325 0.0596069375 0.7183485078125 0.060987634375 0.7143386765625 0 0.6954732234375001 0 0.782542325
0 0 0.7133677015625 0.04621919375 0.745657525 0.0513496671875 0.7471286640625 0.053637628125 0.740483946875 0.0665574578125 0.698538071875 0.0695827734375 0.68798754375 0.0500243609375 0.671197690625 0 0.6297130531249999 0 0.7133677015625