0 0.39974640625 0.999963496875 0.40803143437499995 0.9986512781249999 0.4024379296875 0.9344607625 0.28896437812500003 0.9045168562500001 0.29567835468750003 0.975348546875 0.39974640625 0.999963496875
0 0.3868553765625 0.9371441890625001 0.3889518359375 0.9368121421875 0.3971530734375 0.87098434375 0.2899103375 0.8199797421874999 0.281475003125 0.8876324671875 0.3868553765625 0.9371441890625001
0 0.24383620781249998 0.5891480828125 0.253340575 0.661114865625 0.35959819375 0.6820171140625 0.3646518546875 0.6812166937499999 0.35918553593749997 0.606298309375 0.24476390625 0.584720775 0.2433936875 0.584937796875 0.24383620781249998 0.5891480828125
0 0.27819424062500003 0.676077365625 0.2878311078125 0.78513855625 0.29381767812500004 0.7841903765625 0.3585868375 0.7580219375 0.350273915625 0.645723759375 0.348760334375 0.641977515625 0.27819424062500003 0.676077365625
0 0.38863340625 0.8530178078124999 0.39126114218749997 0.852601615625 0.3884797859375 0.772953925 0.271314540625 0.74096529375 0.27364675 0.8198717640625001 0.38863340625 0.8530178078124999
0 0.34579295625 0.6130146953125 0.3498766671875 0.6123678984375001 0.35361405625 0.5353744921875 0.23949276406250003 0.50268521875 0.2381686609375 0.578543025 0.34579295625 0.6130146953125
0 0.23665860625000001 0.5194669296875001 0.3560820265625 0.5102352531250001 0.331610703125 0.431697790625 0.2116764609375 0.4412627921875 0.23665860625000001 0.5194669296875001
1 0.323982278125 0.1777362859375 0.32355134375 0.1750154703125 0.2980391328125 0.10092262656249999 0.1603940578125 0.12179471093750001 0.1869792375 0.20068775 0.323982278125 0.1777362859375
0 0.17521655625000002 0.2041562296875 0.202571165625 0.28353830156250004 0.33807728593749997 0.264563084375 0.340760178125 0.2636913609375 0.3391885515625 0.25376849687499997 0.31555036406250003 0.183005159375 0.1754114765625 0.20076982187499998 0.1742399265625 0.20115047968750002 0.17521655625000002 0.2041562296875
1 0.21236130625 0.3752332546875 0.2116225578125 0.4175560734375 0.344151303125 0.4503311015625 0.3529571375 0.44893639375000005 0.3559525109375 0.385585046875 0.35614353906249996 0.3746411375 0.21330949375000002 0.3374915078125 0.21236130625 0.3752332546875
1 0.3002775859375 0.38720496875 0.32742546875 0.24941677968749998 0.3271321921875 0.2475651 0.2534571 0.24781127656250002 0.2177528828125 0.384676475 0.26646424375 0.3866147546875 0.3002775859375 0.38720496875
0 0.5270135515625001 0.96695558125 0.518424628125 0.8103756171875001 0.5174223765625 0.80789495625 0.43984117500000003 0.8399104515625 0.45382788593749995 0.9959366640624999 0.47894407812499995 0.9863769093749999 0.5270135515625001 0.96695558125
0 0.533670828125 1 0.5589413484375 0.9968971703125 0.5840768781250001 0.9929160937500001 0.5826559359375 0.9813434328125 0.5775506 0.9588758468749999 0.415141390625 0.9279181937500001 0.4132835703125 0.92821244375 0.4250214671875 1 0.533670828125 1
0 0.35030356875 0.546005403125 0.3764361875 0.6145174609375 0.38094518437499997 0.6251399906249999 0.52864219375 0.60093403125 0.5280881234375 0.5974357640625 0.5118535515625 0.5576429015625 0.500031203125 0.529791196875 0.3506975875 0.5458381515624999 0.35030356875 0.546005403125
0 0.5605609109375 0.8581226421875 0.5473648578125 0.7929176625000001 0.5439905921875 0.7811501953125 0.3915390671875 0.7733005109375 0.391250028125 0.7733833906250001 0.413868628125 0.853002375 0.558763415625 0.858638065625 0.5605609109375 0.8581226421875
0 0.5338833984375 0.6957102749999999 0.538702815625 0.694418915625 0.5366221312499999 0.681281996875 0.5206601421875 0.62171104375 0.366672253125 0.6137076421875001 0.394702721875 0.69403130625 0.5338833984375 0.6957102749999999
0 0.55128789375 0.7759462609375001 0.553109259375 0.7753894140625001 0.5510714906249999 0.7625234562500001 0.532747125 0.702587153125 0.3794651859375 0.69646148125 0.4026357546875 0.774399021875 0.55128789375 0.7759462609375001
0 0.350591215625 0.5043951796874999 0.3503824453125 0.50678145 0.4773138265625 0.5495952265625 0.485535403125 0.5517965234375 0.49651536093750004 0.5527571453125 0.49839615937500004 0.5524592562499999 0.5062529015624999 0.482086315625 0.506719940625 0.476748028125 0.3617588484375 0.42577383125 0.350591215625 0.5043951796874999
0 0.43855214531250003 0.1174021484375 0.43913840156250006 0.0974584328125 0.44029581406249996 0.03115019375 0.338560240625 0.0193369828125 0.2965060203125 0.0259977171875 0.2973115546875 0.09749687968750001 0.4334299453125 0.11817402031249999 0.4336540359375 0.1181779328125 0.43855214531250003 0.1174021484375
1 0.3194678234375 0.1884846703125 0.44942216874999996 0.2026892265625 0.45401610937500003 0.20196161875000002 0.45299365625 0.172682421875 0.44905546249999995 0.11914905468749999 0.318539840625 0.10190692500000001 0.3194678234375 0.1884846703125
1 0.351999053125 0.3569877515625 0.48161149999999997 0.3731903578125 0.48310034375 0.3729545484375 0.47406624375 0.287000809375 0.34394035 0.2747650921875 0.342318246875 0.27502200781249997 0.351999053125 0.3569877515625
1 0.3510109328125 0.2923073140625 0.4828862625 0.2621014109375 0.482291321875 0.2583451015625 0.4618396140625 0.21240981093750003 0.4483009203125 0.183891465625 0.31684169687499997 0.2168631203125 0.3510109328125 0.2923073140625
0 0.5021832125000001 0.44594122656249996 0.4848762984375 0.3701448875 0.3524523484375 0.366613696875 0.3725239640625 0.4479645859375 0.49530914687500005 0.44752823125 0.5021832125000001 0.44594122656249996
0 0.6745499421875001 0.8377906359375 0.6720392390625001 0.8381882921875 0.6840279390624999 0.9088690890625 0.86178588125 0.944185378125 0.867789546875 0.943234490625 0.8657081124999999 0.9233223562499999 0.8591027421874999 0.869525928125 0.85793221875 0.8621355359375 0.6745499421875001 0.8377906359375
0 0.564959096875 0.1942514609375 0.7449704234375 0.2108617046875 0.74861711875 0.21067058906249997 0.7509409578125 0.2103025296875 0.7487927109375 0.1693115546875 0.74459694375 0.1218122828125 0.5589641203125 0.0990393328125 0.564959096875 0.1942514609375
0 0.6719984343750001 0.8470823734374999 0.8563435015625 0.8516585265625001 0.860866484375 0.8506971359375 0.8559331968749999 0.8195495875000001 0.8514668265625 0.7985369671875 0.8469805046875001 0.7795920640625 0.6584547953125 0.768881365625 0.6719984343750001 0.8470823734374999
0 0.707562453125 0.438476103125 0.7493465640625 0.2564583625 0.74838150625 0.250365221875 0.6573244890625001 0.24926509531250002 0.6195524 0.433431775 0.6894297484374999 0.43815959531250004 0.707562453125 0.438476103125
1 0.5877172015625 0 0.6041250875 0.16386049687499998 0.64026623125 0.1564534921875 0.6937120078125 0.14411456250000002 0.6833473828125001 0 0.5877172015625 0
0 0.7712909875 0.5978419890625 0.694124021875 0.6279614390625 0.7178319234375 0.8182796296875001 0.7230900328125001 0.8174468265625 0.730575440625 0.8144225265625 0.7982277796874999 0.786176265625 0.7730294015625 0.6021447171875 0.7712909875 0.5978419890625
0 0.7842314171875 0.396318303125 0.60403946875 0.38385723125000004 0.603409740625 0.3839569703125 0.6128269515625 0.45325751875 0.6161418624999999 0.47418703906250004 0.800704603125 0.48243062812500004 0.8009506500000001 0.4823916578125 0.799157796875 0.47107202499999995 0.7842314171875 0.396318303125
1 0.5797091437499999 0.186799728125 0.586012959375 0.2785179578125 0.7596495296875 0.31333369218749996 0.7661967328125 0.3122967171875 0.7665031421874999 0.2531933625 0.7665031421874999 0.217806628125 0.5809587875 0.18660180312500002 0.5797091437499999 0.186799728125
0 0.6327211140625 0.5582142921875 0.642514771875 0.6530687281249999 0.8269823046875 0.6744151296875 0.8280267671875 0.6742683406250001 0.8314482359375001 0.6737264328125 0.8244059640625 0.611453353125 0.8232244874999999 0.6030467125000001 0.819969284375 0.582494165625 0.6327211140625 0.5582142921875
1 0.713441040625 0.6169266515625 0.744498146875 0.61420950625 0.7765353765625 0.4381099796875 0.7751904640625 0.42961852812499995 0.6841703796874999 0.44294837343750004 0.6810965437500001 0.46286502656249995 0.6595181546875 0.62113920625 0.713441040625 0.6169266515625
0 0 0.19403096875 0.058748403125 0.194617859375 0.07280955156249999 0.10011353125 0.0722228484375 0.0964092328125 0.02118874375 0.0962130578125 0 0.0962130578125 0 0.19403096875
0 0 0.20951611250000002 0.003282921875 0.2796786484375 0.0094284 0.2787053 0.0796636703125 0.26119368125000003 0.073244128125 0.1626054390625 0.069445884375 0.163207021875 0 0.180544409375 0 0.20951611250000002
0 1 0.8901420968749999 0.9838345234375 0.7880772921875 0.9486875515625 0.7943581078124999 0.9306649218749999 0.9380219406249999 1 0.9270403421875001 1 0.8901420968749999
1 0.1005332515625 0.348120478125 0.1033877765625 0.34766836562500003 0.10216251406250001 0.27427745468750003 0.00099994375 0.25055394375 0.003457334375 0.3293252109375 0.1005332515625 0.348120478125
0 0.0968937546875 0.422088246875 0.10917917031249999 0.3297422734375 0.10755065781249999 0.3194602484375 0.037582828125 0.3281950609375 0.0214656625 0.430047759375 0.046902289062500005 0.42782234375000006 0.0968937546875 0.422088246875
0 0.1342985984375 0.487433103125 0.1387260359375 0.4863292171875 0.1381609171875 0.48276119375000004 0.1148066203125 0.41139596718749993 0.01709364375 0.41225828125 0.0358715359375 0.487572284375 0.1342985984375 0.487433103125
0 1 0.707617921875 0.8524450625 0.6530792 0.8453469046875 0.7400902484375 1 0.8031234984375001 1 0.707617921875
0 0.917556334375 0.727635690625 0.9434414109375 0.7271838640625 0.9902412359375001 0.548857859375 0.990023890625 0.5474855984375 0.8971986203125001 0.5476254515625001 0.8531578 0.72348115 0.8531896546875 0.7253061062499999 0.917556334375 0.727635690625
0 1 0.8826309999999999 0.985113271875 0.71239905625 0.983061003125 0.7073195171875 0.8993554406250001 0.7427159156250001 0.9197144015625 0.9397563328125 0.9218255328125 0.9394219625 0.9842434546875 0.9171817296875 1 0.9108156718749999 1 0.8826309999999999
0 0.9848576796874999 0.464926384375 0.9838598796875001 0.45862651874999993 0.8893240875 0.452523059375 0.8325085953125001 0.63076739375 0.9208256921875 0.6354377546875 0.9848576796874999 0.464926384375
0 0.9396599828125 0.2167978375 0.9477142375 0.21552216875000002 0.9443495390625 0.11916975156250001 0.752068028125 0.097008859375 0.755702390625 0.186402259375 0.9396599828125 0.2167978375
0 0.7771379953124999 0.2846713890625 0.7814057703125 0.3017884984375 0.973457925 0.29630031875 0.9739502609375 0.29617756562499997 0.9723707703125 0.28620505937499996 0.9511332703125 0.2010260984375 0.7602102734375 0.20936989062500003 0.7587708906249999 0.20972876875000002 0.7771379953124999 0.2846713890625
0 0.954584509375 0.2661119421875 0.954650634375 0.264218390625 0.9538438515625 0.25912456875 0.8594084203125 0.2576338859375 0.8092206546874999 0.44251404218749996 0.90922983125 0.4460064390625 0.954584509375 0.2661119421875
0 0.999401821875 0.511045865625 0.99526909375 0.4307793765625 0.993127465625 0.4172576765625 0.797462278125 0.384861603125 0.7970925796875 0.3849201578125 0.8039195703124999 0.4825506625 0.999401821875 0.511045865625
0 0.7917451203125 0 0.78337626875 0.15953581562500002 0.8192652453125 0.1563959375 0.8859526671875001 0.14764790781249998 0.89001295625 0 0.7917451203125 0
0 0.1831938796875 0.7865608281250001 0.1892722515625 0.785489046875 0.17968813749999998 0.7249773312500001 0.178467715625 0.7180559703125 0.0668529 0.7053982999999999 0.078264378125 0.7772815078125 0.1831938796875 0.7865608281250001
0 0.0453984703125 0.5500267125 0.1329626703125 0.5733088953125 0.1362935375 0.5734252125 0.1380465171875 0.5731475671874999 0.1403375015625 0.5075423296875 0.1403541828125 0.5065580953125 0.049073090624999996 0.47669631093750003 0.0453984703125 0.5500267125
0 0.192181490625 0.763904421875 0.13183967968750002 0.7663430546875001 0.0891920203125 0.872758321875 0.08920555 0.872843740625 0.1628490078125 0.872843740625 0.19224211093750002 0.768042159375 0.192242109375 0.7642871578125 0.192181490625 0.763904421875
0 0.0888624109375 0.6242044812499999 0.074740275 0.7287161531249999 0.1394162296875 0.7184724874999999 0.14851515625 0.71679901875 0.16134548906249999 0.6191546171875 0.16090654843750002 0.6163832515625 0.0888624109375 0.6242044812499999
0 0.0674039609375 0.6309600203125 0.16431418281250001 0.631976065625 0.164928440625 0.63178826875 0.163181315625 0.620757359375 0.1554535078125 0.5954808375 0.14364041875 0.5609274296875 0.045018509375 0.5628400124999999 0.0674039609375 0.6309600203125
0 0.193426584375 1 0.1961781703125 0.9987279203125 0.1985645875 0.8877597453125 0.1974041359375 0.8848875265625 0.19718665 0.884921971875 0.1331108921875 0.910810259375 0.13174383437499998 1 0.193426584375 1
0 0.1909066546875 0.8191307921875 0.1201062203125 0.8402199984375001 0.12022788437500001 0.9546152046874999 0.1205638671875 0.9555909687499999 0.1246206875 0.9549484312500001 0.180995215625 0.9355371265624999 0.18340030000000002 0.91120206875 0.19091666093749998 0.8191598484375 0.1909066546875 0.8191307921875