0 0.28515625 0.31640625 0.1234375 0.1234375
0 0.2890625 0.47890625 0.128125 0.0859375
0 0.28984375 0.40390625 0.1125 0.1125
0 0.29453125 0.5640625 0.1359375 0.1015625
0 0.3015625 0.8046875 0.1421875 0.1015625
0 0.2890625 0.0765625 0.1140625 0.1125
0 0.29296875 0.23125 0.1546875 0.09375
1 0.3015625 0.634375 0.1421875 0.090625
0 0.29375 0.15390625 0.1515625 0.0921875
1 0.30859375 0.71796875 0.11875 0.1203125
1 0.3171875 0.8921875 0.13125 0.096875
0 0.4265625 0.43515625 0.125 0.1265625
0 0.43046875 0.5265625 0.1359375 0.0859375
1 0.43515625 0.69375 0.1 0.1015625
0 0.43046875 0.35078125 0.1515625 0.096875
0 0.428125 0.18359375 0.15625 0.096875
1 0.43984375 0.77890625 0.1390625 0.09375
1 0.43671875 0.6109375 0.1328125 0.090625
0 0.42890625 0.09453125 0.1265625 0.1265625
1 0.43515625 0.2703125 0.1171875 0.11875
0 0.44765625 0.946875 0.1140625 0.10625
1 0.45 0.8625 0.1109375 0.1109375
0 0.07265625 0.85703125 0.134375 0.0875
0 0.07578125 0.93359375 0.1109375 0.1109375
0 0.0609375 0.1140625 0.1125 0.1140625
0 0.071875 0.54609375 0.14375 0.0828125
0 0.0734375 0.62265625 0.1140625 0.1140625
0 0.70703125 0.16015625 0.125 0.1234375
0 0.71171875 0.0703125 0.1546875 0.09375
0 0.71796875 0.2578125 0.1578125 0.0921875
1 0.07890625 0.77578125 0.15 0.096875
0 0.07265625 0.47109375 0.1453125 0.075
0 0.071875 0.2484375 0.14375 0.075
0 0.07734375 0.69921875 0.115625 0.115625
0 0.72421875 0.34921875 0.16875 0.1109375
1 0.74140625 0.90703125 0.1515625 0.1515625
1 0.73671875 0.43671875 0.1359375 0.1359375
1 0.74296875 0.71484375 0.1421875 0.140625
0 0.7484375 0.8109375 0.140625 0.140625
0 0.74609375 0.625 0.15 0.15
0 0.75 0.525 0.1671875 0.090625
0 0.07578125 0.39609375 0.1203125 0.11875
0 0.075 0.32109375 0.1078125 0.10625
1 0.075 0.18125 0.1359375 0.0921875
0 0.9046875 0.18984375 0.1453125 0.14375
0 0.903125 0.09609375 0.1453125 0.1453125
0 0.91171875 0.48046875 0.153125 0.1515625
0 0.9078125 0.284375 0.15 0.1515625
0 0.915625 0.68359375 0.14375 0.14375
0 0.91171875 0.578125 0.1765625 0.103125
0 0.9109375 0.3796875 0.175 0.1078125
0 0.91484375 0.78046875 0.1703125 0.1140625
0 0.91796875 0.88203125 0.1640625 0.1109375