0 0.23748488750000002 0.10529707343750001 0.35247060625 0.094615071875 0.36030790625 0.061755085937499996 0.3664536625 0.032841575 0.366768453125 0.0268349984375 0.363253403125 0.026087851562499997 0.25244048750000003 0.03926714375 0.23756271718750002 0.1038119984375 0.23748488750000002 0.10529707343750001
0 0.3226547234375 0.08538598124999999 0.2552292171875 0.077235303125 0.25497449687499996 0.07722195312499999 0.27851606093750003 0.1936003734375 0.3456173078125 0.20171852812500002 0.3226547234375 0.08538598124999999
0 0.3530507703125 0.3437489875 0.2430707859375 0.3555582328125 0.2273302671875 0.4264228 0.22642942187499998 0.43105723906250004 0.3437353984375 0.419391190625 0.3558620921875 0.344295453125 0.3530507703125 0.3437489875
0 0.2822768953125 0.3592323546875 0.3591031453125 0.35222893125 0.359353559375 0.3474507671875 0.308982225 0.24758689843749998 0.23374289531249998 0.2595036375 0.2822768953125 0.3592323546875
0 0.2878479640625 0.283038434375 0.3648114390625 0.27316339218749996 0.365146675 0.266766715625 0.316058825 0.161880803125 0.23756331875 0.1715188390625 0.2878479640625 0.283038434375
0 0.327101775 0.532027015625 0.3276091015625 0.530367621875 0.32809236249999996 0.414963965625 0.25762135625 0.393418815625 0.2555195859375 0.3933086671875 0.251362059375 0.5114192515625 0.327101775 0.532027015625
0 0.2518707484375 0.5997047984375 0.33326944375 0.611588871875 0.3237281609375 0.4924742078125 0.31160236406249997 0.49033610312500003 0.242556140625 0.47975084843750004 0.2518707484375 0.5997047984375
1 0.32323820468750003 0.9519523359375001 0.3238868625 0.9473368984375 0.32034476562499997 0.8111451578125 0.24583302499999998 0.801173175 0.2378556421875 0.8007550984374999 0.24363669687499998 0.9399921499999999 0.32323820468750003 0.9519523359375001
0 0.36639733125 0.7504410312500001 0.3645665125 0.75008515625 0.22476870781249997 0.749537271875 0.2094795359375 0.824876596875 0.20796676406249998 0.8326591328124999 0.21078024218750002 0.8332060171875 0.349157684375 0.83555235625 0.36611224375 0.7558808359375 0.36639733125 0.7504410312500001
1 0.23206939218749997 0.589259940625 0.2154987109375 0.6653048296875 0.36032610625 0.6681088609375 0.3774384046875 0.59947518125 0.37787563281250003 0.591132375 0.3745650328125 0.5903069484375 0.23206939218749997 0.589259940625
1 0.3613214859375 0.7275020624999999 0.36407295781250004 0.655599371875 0.35300319999999996 0.6550192296875 0.22289264375 0.6759667328125001 0.2232936015625 0.7584080015625 0.3613214859375 0.7275020624999999
0 0.5081352156250001 0.029766746875 0.3672914703125 0.08919632499999999 0.375534659375 0.173638784375 0.5203744609375 0.1065283765625 0.5148678140625 0.054136125 0.5117922109374999 0.029660071875 0.510029225 0.029567678125000003 0.5081352156250001 0.029766746875
0 0.41728865156249995 0 0.3991812796875 0.111319178125 0.481657596875 0.1292810984375 0.48261180000000004 0.123869540625 0.4656614453125 0 0.41728865156249995 0
0 0.426062146875 0.357671078125 0.3885608390625 0.350464125 0.3987488671875 0.501198584375 0.47323522812499996 0.517295390625 0.4737319234375 0.5151439703125 0.47195641874999994 0.36826660625 0.426062146875 0.357671078125
0 0.3651577765625 0.23373105624999999 0.366216121875 0.23401463906250003 0.510686878125 0.22586816562499998 0.5308219921874999 0.150722896875 0.5310778875 0.145840121875 0.37942519531249996 0.1563051875 0.3651577765625 0.23373105624999999
0 0.38026516250000003 0.30966876249999997 0.349448515625 0.388965246875 0.5036219125 0.3863408203125 0.5253230328125 0.31535965625 0.5253594828125 0.31466414375 0.51941965 0.312848153125 0.38026516250000003 0.30966876249999997
0 0.3762485671875 0.23377005781250002 0.3571886890625 0.3128134375 0.5099399671875 0.2986740046875 0.5265621140625 0.232006215625 0.5269281625 0.22502157031249997 0.5246160046874999 0.2244450859375 0.3762485671875 0.23377005781250002
0 0.51729021875 0.48209939999999996 0.5048698046875 0.47877136093750006 0.4963911625 0.47802795624999994 0.3624715046875 0.47484665625 0.3618515328125 0.477160421875 0.345455590625 0.5548598796875 0.49910866093750006 0.556539415625 0.5004955890625 0.551363328125 0.51729021875 0.48209939999999996
0 0.35395285 0.8889730281249999 0.3307762890625 0.97359796875 0.47207284843749997 0.9943683125 0.49509546249999997 0.9219912484374999 0.49542337812500004 0.915734259375 0.48716243593749997 0.913365471875 0.35395285 0.8889730281249999
1 0.3457578171875 0.8919376124999999 0.4768069640625 0.9044970234375 0.4926866109375 0.8532216140625 0.5001615359375 0.825324815625 0.5002472546875001 0.8236892078125001 0.3661377671875 0.8077876015625 0.3457578171875 0.8919376124999999
0 0.4161874671875 0.752014171875 0.49521728906250007 0.7405355109375 0.495559303125 0.7340095109375 0.49521648125000006 0.73184501875 0.45169665 0.6146466875 0.36648149218750004 0.6294143734375 0.366465490625 0.6297197203125 0.4161874671875 0.752014171875
1 0.4892814828125 0.8097304546874999 0.5014730953125001 0.7405883765625 0.5021202484375 0.7282399890625 0.36953350937499996 0.7280547109375 0.352542934375 0.8123535796875 0.4892814828125 0.8097304546874999
0 0.3792939078125 0.5640519171875 0.36638886875 0.6468425984375 0.498001140625 0.6317833359375 0.5077435343750001 0.561230903125 0.508086340625 0.5546897640624999 0.5016498875 0.5537851796875 0.3792939078125 0.5640519171875
0 0.7882793359375 0.164250728125 0.75449823125 0.012651514062499999 0.750642296875 0.0124494328125 0.6719879578125 0.0097027625 0.718581896875 0.16969456249999998 0.7877008859375 0.17528821875 0.7882793359375 0.164250728125
0 0.638784803125 0.911112334375 0.7298232921875 0.9298045546875 0.7322424671875 0.9299313375 0.7355197625 0.743304296875 0.67610486875 0.729534825 0.6562418421875 0.72567384375 0.6476423437500001 0.7252231640625 0.638784803125 0.911112334375
0 0.67999593125 0.247375546875 0.7558170843750001 0.2688673578125 0.75645428125 0.2669062671875 0.765407128125 0.08040670625 0.71909958125 0.064169403125 0.7012321765625 0.05836393125 0.6951558703125 0.058045485937499995 0.67999593125 0.247375546875
0 0.7064242140625 0.5417750828125001 0.636474996875 0.54528265625 0.6710271796875 0.7300805015625 0.76172920625 0.7305677703125 0.7622687828125 0.720272040625 0.7245596828124999 0.5417750828125001 0.7064242140625 0.5417750828125001
1 0.776867328125 0.8799575796875001 0.6007954375 0.8734594921875001 0.5855559421875001 0.9637314453125001 0.7713959546875 0.97580830625 0.7745673203125001 0.9594930406250001 0.7856139515625 0.8816577515624999 0.776867328125 0.8799575796875001
0 0.687430753125 0.3549978671875 0.77215513125 0.3694215625 0.7727358328125 0.36575515625 0.7533205046875 0.1778529828125 0.7181147765625 0.1722769421875 0.6807914640625 0.1668177796875 0.670243746875 0.16626499687500002 0.687430753125 0.3549978671875
0 0.722199484375 0.4554933375 0.6510922609375001 0.46010163593750003 0.6347423234375 0.46182008437500005 0.6905500734375 0.6382028281250001 0.7026022375000001 0.636936096875 0.77966801875 0.62711635625 0.7798637484375 0.62338163125 0.722199484375 0.4554933375
1 0.6003119921875 0.7883872953125 0.600641096875 0.788410309375 0.7825604687500001 0.76498330625 0.7939307375 0.683374578125 0.7944428984374999 0.6736019734375 0.606559959375 0.6918474734375 0.6003119921875 0.7883872953125
0 0.7974074203125 0.4373827 0.730122346875 0.2655867453125 0.696989965625 0.2690691 0.6377000109375001 0.2769253140625 0.70466984375 0.4550876234375 0.7971974671875001 0.4419105296875 0.7974256640624999 0.43755627812500003 0.7974074203125 0.4373827
1 0.792703178125 0.3713926484375 0.792093175 0.3714892640625 0.6221294046875 0.4482696796875 0.63621976875 0.532173284375 0.636468028125 0.5321862953125 0.7845898906250001 0.4730509578125 0.803171303125 0.46525015156249994 0.7938615671875 0.3714533578125 0.792703178125 0.3713926484375
0 0.0196171125 0.8693462249999999 0.0133244265625 0.9446026921874999 0.1116516 0.9386527140625001 0.117542496875 0.8713194578125 0.118101525 0.8606525671874999 0.1161967703125 0.8604859218750001 0.0196171125 0.8693462249999999
0 0.11311722500000002 0.877567796875 0.11360515156249999 0.8729254875000001 0.104936846875 0.779856125 0.042729765625 0.7733178984375 0.028534398437500004 0.7725739500000001 0.035833021874999996 0.8702246718750001 0.11311722500000002 0.877567796875
0 0.9614146531250001 0.0252823953125 0.92750628125 0.021718481249999998 0.8866718421875 0.0195784390625 0.9118473234375 0.160196209375 0.9474435109374999 0.1646500703125 0.9607413703125 0.0381293828125 0.9614146531250001 0.0252823953125
1 0.045461 0.6986076890625 0.02053265 0.70166850625 0.056128040625 0.798425003125 0.12802020625 0.7908135953125 0.1283230609375 0.7850347859375 0.09873634375 0.6937469234375 0.045461 0.6986076890625
0 0.0449496640625 0.6194296593749999 0.031045009374999998 0.6196723656249999 0.05531653125 0.7201680109375 0.1301207640625 0.720877378125 0.13032112499999998 0.717054284375 0.1044880390625 0.6205895015625 0.0449496640625 0.6194296593749999
0 0.0595512203125 0.6398586328125 0.13734509374999998 0.642739353125 0.13767506406250002 0.636443153125 0.1111209859375 0.5433414078125 0.0335458046875 0.5460503937500001 0.0595512203125 0.6398586328125
0 1 0.1782585125 0.828637071875 0.1791113234375 0.8036379296874999 0.269532090625 0.990487471875 0.26243653437500003 1 0.22693529687499997 1 0.1782585125
0 0.98917935625 0.38872801875 0.9132305859375001 0.226298328125 0.82121373125 0.242523384375 0.8208660109375 0.24259043125000002 0.9020648046874999 0.41127084375 0.9891853906250001 0.391040896875 0.9892774484375 0.389284325 0.98917935625 0.38872801875
0 1 0.06866237343750001 0.8221260359375 0.1003494890625 0.8130077546875001 0.1754577109375 0.8124464093749999 0.1807985546875 0.8118610203125 0.191968459375 0.8121907890625 0.19200311875 1 0.1554891671875 1 0.06866237343750001
0 0.940683665625 0.5207059468749999 0.9424877234375 0.5148051421875001 0.9561006484375 0.3346123703125 0.8660753187499999 0.3048289265625 0.8630170312500001 0.30466864843749997 0.85837181875 0.49240721406250004 0.940683665625 0.5207059468749999
0 0.8744762796875 0.90306074375 0.9614823796874999 0.8897906453125 0.9616964546875 0.8857058546875001 0.9044435421875001 0.704942328125 0.8066228359375 0.7204356046875 0.8744762796875 0.90306074375
0 0.9912765421874999 0.649691246875 0.9901981531249999 0.6495779015625 0.7992512281249999 0.6708716265625 0.797407228125 0.6884161125 0.7896488671874999 0.7651856046875001 0.791124190625 0.7653406671874999 0.98135036875 0.7470319125 0.9909734703125 0.6554742250000001 0.9912765421874999 0.649691246875
0 0.80343438125 0.5721820281250001 0.7964526234375 0.6720258109375 0.986496584375 0.6412877109374999 0.9915685953125 0.5844081578125 0.993564446875 0.5463250546875 0.9871217453125001 0.5458745359375 0.80343438125 0.5721820281250001
0 0.8508161031249999 0.404166459375 0.8587139078125 0.601360653125 0.950042809375 0.6174644015624999 0.9541298687499999 0.6176785953125 0.9549108734375 0.6132493046875 0.943376759375 0.419171884375 0.910181575 0.4133186765625 0.8526679703125 0.40426351250000003 0.8508161031249999 0.404166459375
0 0.77704145625 0.955194425 0.9727534078125 0.9517685484375 0.9801797515624999 0.8912858421875001 0.9820329093750001 0.8559254812500001 0.96958424375 0.854396978125 0.79295451875 0.8530874718750001 0.7801750953125001 0.9296729750000001 0.77704145625 0.955194425
0 0.0765016546875 0.3460765625 0.1478289421875 0.352342540625 0.14824868125 0.3483489921875 0.1285984109375 0.2420147203125 0.0891990828125 0.237873684375 0.07320273125 0.23667728281249997 0.058950292187499996 0.23593034375 0.0765016546875 0.3460765625
0 0.0748012203125 0.5682818546874999 0.1450837515625 0.554787359375 0.145276371875 0.5511119421874999 0.1046315203125 0.46820058124999997 0.0880049 0.47082534843749996 0.037931545312499995 0.479654634375 0.03787090625 0.480811709375 0.0748012203125 0.5682818546874999
0 0.058140640625 0.1915134390625 0.046515426562500004 0.264876525 0.15975171875 0.23698075312500003 0.1691355046875 0.1854181390625 0.16953010468750002 0.1778887203125 0.1645503078125 0.17718885625 0.058140640625 0.1915134390625
0 0.0484568015625 0.41998084531249996 0.152007265625 0.392823621875 0.15209768125 0.39109839218750003 0.151129553125 0.32212275625000003 0.142704146875 0.3216812 0.05294728125 0.344870003125 0.0484568015625 0.41998084531249996
0 0.06291141875 0.4831929671875 0.1325258828125 0.505643603125 0.134228503125 0.49970585468750006 0.13160283281250001 0.4057458828125 0.10477235625 0.3974448515625 0.066762134375 0.386545596875 0.0630990296875 0.386353621875 0.06291141875 0.4831929671875
0 0.170026821875 0.0971119125 0.172450953125 0.062445215624999995 0.174313225 0.026910946875 0.1741597875 0.0269002171875 0.068604496875 0.0637245328125 0.061154867187499996 0.12609284375000002 0.0607147265625 0.13449120625 0.170026821875 0.0971119125
0 0.10946650312499999 0.2093796890625 0.18129457499999999 0.19225077343750002 0.1812982171875 0.19218128750000002 0.1287897484375 0.1162603734375 0.11453935468750001 0.0963881390625 0.052693734375 0.10840970781249999 0.052578701562499996 0.11060467031250001 0.10946650312499999 0.2093796890625
0 0.13327763125 0 0.073300728125 0.013855237500000001 0.0642202984375 0.05527887031249999 0.1132389984375 0.063371590625 0.16986088125 0.07233961562499999 0.1815540171875 0 0.13327763125 0