0 0.7868824875 0.943050009375 0.739338234375 0.8442274234375 0.737849859375 0.8426313359375 0.734752709375 0.840620025 0.6879207328125 0.8858137515625 0.7355792937500001 0.9917722390625 0.768236925 0.9613185046874999 0.7868824875 0.943050009375
0 0.6180178640625 0.8581848703125001 0.6971059390625001 0.9465342812499999 0.7310050312499999 0.888059215625 0.65221665625 0.7992061578125 0.6180178640625 0.8581848703125001
1 0.4674094859375 0.8115003671875 0.523253390625 0.7591087421875 0.467693159375 0.6560111187500001 0.46706150625 0.65560091875 0.46398993437499997 0.658672490625 0.41404253437499994 0.711348934375 0.4665525234375 0.810643403125 0.4674094859375 0.8115003671875
0 0.5905312328125001 0.745098434375 0.5428677875 0.7226609359375 0.4617094578125 0.80117066875 0.463171921875 0.8021204046875001 0.5282926781249999 0.838103178125 0.61175251875 0.7596369546874999 0.6120611671875 0.7590801375 0.5905312328125001 0.745098434375
0 0.6852978625 0.8085229406250001 0.6861576625 0.8071989640625 0.6202120734375 0.7643733984375001 0.5269474984375 0.839681784375 0.52692015625 0.8397238859374999 0.5943977828125 0.88406790625 0.6852978625 0.8085229406250001
0 0.46466931562499997 0.7110936796875 0.40263202031249995 0.6156229890625 0.3986501671875 0.61303714375 0.34922046406249996 0.6679343906249999 0.4093146984375 0.767005890625 0.41026806875000005 0.7678643093749999 0.46466931562499997 0.7110936796875
0 0.33262226250000004 0.7085484921874999 0.4136670359375 0.6203502953125 0.34220742187500003 0.5796010328125 0.261016384375 0.6683913890625 0.33262226250000004 0.7085484921874999
1 0 0.42917327031249997 0.078486325 0.542850259375 0.13774074375 0.484371225 0.0587511046875 0.373673434375 0.054554429687499996 0.37094808125 0 0.4265499984375 0 0.42917327031249997
1 0.133948503125 0.4161419984375 0.13113314375000001 0.413226609375 0.12936228125 0.4120765984375 0.06875913593750001 0.47270864843749993 0.147195609375 0.589120725 0.2084829859375 0.5299361921875 0.133948503125 0.4161419984375
1 0.361774096875 0.5808810859375 0.3653885125 0.5753153734375 0.30977998125 0.5216148390625001 0.18844529375000002 0.6007396171875 0.24279567812499997 0.65644821875 0.361774096875 0.5808810859375
1 0.135642046875 0.5455249 0.2543010375 0.6230135625 0.2564297859375 0.619735578125 0.26743193593750003 0.5938161375 0.28306439375000003 0.5547491171875001 0.169540228125 0.4703741375 0.135642046875 0.5455249
0 0.750770653125 0.8469145703125 0.8855919515625 0.7748586703125 0.8867963078125 0.7736543124999999 0.8878807953125 0.7719843484375 0.8708903484375 0.7542903109375 0.8336393687499999 0.717039328125 0.69033414375 0.7873670484375 0.750770653125 0.8469145703125
0 0.8079713359375 0.7335341421875 0.8002999828125 0.72855230625 0.754375453125 0.7973772875 0.852353953125 0.8705708328125 0.8802185671875 0.83221848125 0.8079713359375 0.7335341421875
0 0.5889065812500001 0.6094407640624999 0.4826981671875 0.5079721203124999 0.48078597343749996 0.5068681140625 0.44175885625 0.5723219859374999 0.5450508421875 0.6825736921875001 0.56535584375 0.650231840625 0.5889065812500001 0.6094407640624999
0 0.70439285 0.6401865390625 0.696666515625 0.6351689984375 0.6499357578125 0.6991568218750001 0.7358223203125001 0.8183615859375 0.78724408125 0.7582800796875 0.70439285 0.6401865390625
0 0.662823609375 0.59429426875 0.6648457890625 0.5884214296875 0.66426168125 0.5880421078125 0.594081115625 0.563877 0.5013370609375001 0.6870632999999999 0.5836028343749999 0.7087414125 0.662823609375 0.59429426875
0 0.741138078125 0.6511051140624999 0.7419129343749999 0.649647825 0.7220226734375 0.6367309390625 0.67615505625 0.6123426953125 0.563436853125 0.7163978890625 0.63493108125 0.7551239859375001 0.741138078125 0.6511051140624999
0 0.4093752390625 0.6173125984375 0.41115535625 0.6189154234375 0.521737171875 0.5433094890625 0.5284430734375001 0.53806821875 0.5315428671875 0.5346255484375 0.5360961609375 0.5276140921875 0.4852381296875 0.47956984062499997 0.48125585312499997 0.47598418281250005 0.35330628750000004 0.561078221875 0.4093752390625 0.6173125984375
0 0.092874971875 0.2374729828125 0.090474925 0.23591437499999998 0.049824878125 0.2751696671875 0.0348186640625 0.2982772109375 0.1048824515625 0.3934398046875 0.1118866453125 0.386835634375 0.1681395859375 0.332512803125 0.092874971875 0.2374729828125
1 0.1453912625 0.26971439375 0.095183521875 0.3368465390625 0.1820379328125 0.4351061609375 0.18246155 0.43538126093749996 0.227319078125 0.38264755156249997 0.2381871796875 0.3692265640625 0.14731609375000002 0.27096439375000003 0.1453912625 0.26971439375
0 0.2879705875 0.366032625 0.2400572546875 0.4348897 0.33401642656249997 0.5300760125 0.334033415625 0.5300870453125001 0.335912484375 0.5273012125000001 0.3795613046875 0.460761459375 0.29714200625 0.3719886140625 0.2879705875 0.366032625
1 0.2469275734375 0.32692504843750003 0.159012271875 0.43133152656249996 0.161386396875 0.4328733015625 0.23504170625 0.47138691406250005 0.3189245796875 0.36750370625 0.3118785796875 0.3629279796875 0.2469275734375 0.32692504843750003
0 0.45335533124999994 0.4567540890625 0.45557478749999997 0.4506561859375 0.45344377031249994 0.4492722859375 0.38277406406250003 0.4233578234375 0.30768930625 0.53249466875 0.3868476875 0.5599680640625 0.45335533124999994 0.4567540890625
0 1 0.4746655859375 0.9840665546875 0.46917926093749995 0.8801759125 0.6257719984375 0.94968661875 0.6461948578125 1 0.57999820625 1 0.4746655859375
0 0.4352486890625 0.198162434375 0.3305966734375 0.047183746875 0.3266667015625 0.04463159375 0.264288078125 0.1071148671875 0.3660659046875 0.2638027578125 0.378553759375 0.25215764375 0.4352486890625 0.198162434375
0 0.890628175 0.60862728125 0.98949543125 0.4529696125 0.9911382718749999 0.4481984609375 0.9868797125000001 0.4454329203125 0.9414496953124999 0.4297901109375 0.9229001171875 0.4238782953125 0.8166213390625 0.57995995 0.890628175 0.60862728125
0 0.61553081875 0.2446385796875 0.6185273171875 0.240024378125 0.557799646875 0.17257946562499998 0.39774055937499997 0.270316471875 0.45327815156250006 0.338584025 0.61553081875 0.2446385796875
1 0.2636872625 0.2006793 0.3548209671875 0.050683653125000006 0.358961384375 0.041384125 0.35048253906250004 0.035877900000000004 0.34135005 0.031537996875 0.27719010312500003 0.002972146875 0.17761586875 0.1569705703125 0.2636872625 0.2006793
0 0.9086119921875 0.3927422015625 0.8356967031250001 0.36475264531249996 0.7232210578125 0.5201359171875 0.72385045625 0.520544653125 0.804635246875 0.5504894984375001 0.9097822359375 0.4014523828125 0.9122250765625 0.395088565625 0.9086119921875 0.3927422015625
0 0.5252871140625001 0.2138373734375 0.495535896875 0.286517371875 0.4911929953125 0.2978310140625 0.6468579640625001 0.3972200890625 0.64766053125 0.39598424374999996 0.6530131046875 0.3820403140625 0.675868284375 0.3145487265625 0.5276655078125 0.214750353125 0.5252871140625001 0.2138373734375
1 0.41592985625 0.3025616015625 0.5281031078125 0.1512260453125 0.5221615374999999 0.14736754375 0.44388717499999997 0.11403198125 0.3301109125 0.25790151875 0.3299611375 0.258195471875 0.41592985625 0.3025616015625
1 0.826452678125 0.44865580937500005 0.7224100250000001 0.2979041765625 0.7175256265625001 0.2947322109375 0.655116471875 0.36378934531249996 0.765370665625 0.518936953125 0.8050382828125 0.474176490625 0.826452678125 0.44865580937500005
1 0.7297133687499999 0.419621596875 0.748475396875 0.39472354374999996 0.6390450359375001 0.253081659375 0.6318347359375001 0.24839923437500003 0.5808364171875 0.3249597453125 0.5935805765625 0.34057089375 0.6967624546875 0.46251285937500003 0.7297133687499999 0.419621596875
0 0 0.7095580781249999 0.039751406249999996 0.6698066703125 0 0.6101544390625 0 0.7095580781249999
1 0 0.691826625 0.054059659375 0.7689106125 0.075636675 0.7465669578125 0.1051523 0.7149635078125 0.051432209375 0.6316130265625 0.047537979687499995 0.629084084375 0 0.68148699375 0 0.691826625
0 0.0987187828125 0.79071125 0.18429149375 0.739277559375 0.1845653859375 0.73900366875 0.1863140859375 0.7363109062500001 0.1783637984375 0.7283606171875 0.1325208078125 0.6849230687500001 0.044803101562499996 0.74063778125 0.0987187828125 0.79071125
0 0.2450532640625 0.7749597687499999 0.24927935781250002 0.7684521578125 0.1892047140625 0.72318266875 0.108695240625 0.7885666703124999 0.17587809062499998 0.8319947781250001 0.2450532640625 0.7749597687499999
0 1 0.30451497656250004 0.9298400843750001 0.22581032343750002 0.9263045203125 0.2235143015625 0.8798108125 0.2960366390625 0.9994582359375 0.43951329218749996 1 0.4386790484375 1 0.30451497656250004
0 0.7761338 0.3100387890625 0.8392236375 0.3574315296875 0.8508700640625 0.3658931546875 0.985790534375 0.25686975156249997 0.9908532515624999 0.2490738515625 0.926242790625 0.196617325 0.9227455515624999 0.19407643125000001 0.7763956390625 0.3096355921875 0.7761338 0.3100387890625
0 1 0.2866492421875 0.9895520937500001 0.27756630625 0.9845472718750001 0.2753380171875 0.9489229328125001 0.35894682499999997 1 0.40195910625 1 0.2866492421875
0 0.7635235734375 0.3055760296875 0.917795103125 0.20378554218749997 0.9193760890625 0.2013510359375 0.8939981515625 0.17929033125 0.8455527999999999 0.1390787546875 0.694818709375 0.2498861421875 0.7635235734375 0.3055760296875
0 0.4183224671875 0 0.3683164921875 0.037161696875 0.44076900781250006 0.10440242656250001 0.5677551734375 0 0.4183224671875 0
0 0.5616140234375 0 0.45236041250000003 0.09712568125 0.451444896875 0.098535453125 0.4856451984375 0.12378271249999999 0.5302376234375 0.15618100625 0.671112365625 0.027082365625 0.672102465625 0.02555774375 0.6369252484375 0 0.5616140234375 0
0 0.7518230890625001 0.089275465625 0.755990990625 0.0828574625 0.6790650234375 0.0227563109375 0.53098294375 0.146350934375 0.608499865625 0.2045614921875 0.7518230890625001 0.089275465625
0 0.7023549703125 0.0594490875 0.6972427390625 0.056129165625 0.638221821875 0.1263366078125 0.759617275 0.2839781640625 0.821269384375 0.20784414999999998 0.7023549703125 0.0594490875
0 0.460345553125 1 0.4789034140625 0.9714234015625 0.491894671875 0.9498023171875 0.41917593281250004 0.8743583781250001 0.4138223328125 0.8711416109375 0.37706185468750003 0.9283521 0.44278414843749997 1 0.460345553125 1
0 0.250125140625 0.869518434375 0.305770071875 0.7932522515625 0.3058278953125 0.7930933812500001 0.300213540625 0.7894473765625001 0.2871275484375 0.78445850625 0.23768405 0.7664625453125 0.1854237 0.8472765859375 0.250125140625 0.869518434375
0 0.5493450546875 1 0.5530211484375 0.9951216578125001 0.48749054531249997 0.9092034171875 0.48339000624999995 0.906540496875 0.44930404218750003 0.9557930953125 0.4760353171875 1 0.5493450546875 1
0 0.43755775 0.8852922703124999 0.4404330390625 0.880506984375 0.43212343750000004 0.8751106656250001 0.376921778125 0.8437789453125 0.3022024484375 0.91228091875 0.363099809375 0.953054521875 0.43755775 0.8852922703124999
0 0.35542255 0.8784739374999999 0.316593146875 0.79287225625 0.31607253125 0.7922940546875 0.3114255796875 0.7892762890625 0.25973254843750004 0.8389772921875001 0.30273033125 0.9267040484375 0.334946409375 0.8976965609375 0.35542255 0.8784739374999999
0 0.6188609140625 1 0.5992988718750001 0.9789343921875 0.5916745046874999 0.9710391296875001 0.5673548578125 0.9795822859375001 0.512251628125 1 0.6188609140625 1