0 0.12013366875 0.855329921875 0.12026967656250001 0.8554481515625 0.12601781875 0.8582517078125 0.16725731093750001 0.80913900625 0.1081929328125 0.70772755 0.0628548609375 0.762560615625 0.12013366875 0.855329921875
0 0.0933039609375 0.70863550625 0.17979124062500002 0.789755740625 0.20846489687499997 0.7285486890625 0.12223228125 0.646900603125 0.0933039609375 0.70863550625
1 0.186610296875 0.50292954375 0.243669671875 0.5539947140625 0.3416753453125 0.4895665046875 0.3419342421875 0.4890356890625 0.33855858437499997 0.4862031765625 0.28172938593749997 0.4410368953125 0.1873893109375 0.5020011515625 0.186610296875 0.50292954375
0 0.29689761406250004 0.5330618281249999 0.29466790781249996 0.531974328125 0.2252298109375 0.5121641609375 0.1604449765625 0.609061553125 0.163129684375 0.6103709734375 0.1854794421875 0.6167796625 0.236997115625 0.6279263125 0.2956374390625 0.537456578125 0.29689761406250004 0.5330618281249999
0 0.22816993281250003 0.7187227578125001 0.23326708593749998 0.7082720453125 0.2533835484375 0.6424740640625 0.1530161125 0.5740829453125 0.1295318265625 0.6494497734375 0.22816993281250003 0.7187227578125001
0 0.287229175 0.4908774734375 0.3746406265625 0.4148490015625 0.375864234375 0.4123402328125 0.313901065625 0.37054555 0.2241572234375 0.4438430390625 0.2234398453125 0.44490660000000004 0.287229175 0.4908774734375
0 0.34105245625 0.42120528593750006 0.40887278125000004 0.3228196 0.33243740625 0.29241216406250004 0.26439374375 0.3916380265625 0.32948215625 0.416994040625 0.34105245625 0.42120528593750006
1 0.4999934234375 0 0.40631943281250005 0.0889249234375 0.41567819375 0.09597725781250001 0.47160893281250005 0.1372961625 0.5696745359375 0.047049209375 0.572642125 0.040964746875 0.5190185234375 0 0.4999934234375 0
1 0.5279169625 0.089436521875 0.5266597171875 0.0888233234375 0.44716787187499996 0.066735953125 0.3842312953125 0.191461953125 0.393739103125 0.1960992203125 0.436601753125 0.2083898875 0.46733645937499996 0.216617375 0.5257432468750001 0.097017171875 0.5279169625 0.089436521875
1 0.33794746249999996 0.2311830890625 0.31188696562499996 0.26453900625000004 0.399165934375 0.3719006234375 0.4015147203125 0.3737356953125 0.40516417968749996 0.37551565625 0.446394634375 0.32586574375 0.4531334046875 0.3172405125 0.361418271875 0.201611825 0.33794746249999996 0.2311830890625
1 0.43008377343750004 0.294369053125 0.48799721875 0.165180321875 0.48817537499999997 0.1644657796875 0.41582005000000005 0.14801569375 0.350242959375 0.273341346875 0.39726983437499996 0.28618761875 0.43008377343750004 0.294369053125
0 0.2208588828125 0.8887784484375001 0.352437571875 0.8061121453125001 0.354242646875 0.8024111921875001 0.2897130484375 0.75094306875 0.160030340625 0.83881913125 0.1805680609375 0.8561515859375 0.2208588828125 0.8887784484375001
0 0.30838886875 0.9045322171875 0.167810425 0.8139634390625 0.1676157671875 0.8143625453125001 0.15139175 0.886273365625 0.2101444515625 0.9149289734374999 0.299814396875 0.9389559625 0.30372452656250004 0.93093900625 0.3047059484375 0.9272762906249999 0.30838886875 0.9045322171875
0 0.4942585859375 0.49038565624999997 0.42875479062500005 0.4528626703125 0.3205386796875 0.5578534125 0.3204105171875 0.5581161828125001 0.3530138640625 0.5778005484375 0.3942097453125 0.600635796875 0.4923958046875 0.4942049234375 0.4942585859375 0.49038565624999997
0 0.22784029062500002 0.7447130328125 0.358174859375 0.8228636125 0.36009273125 0.8189313921875 0.37637623750000004 0.7423235218750001 0.251350271875 0.669476609375 0.2502785359375 0.6692488046875 0.22784029062500002 0.7447130328125
0 0.4086107359375 0.6832213953124999 0.41309415625 0.6853120484375 0.42042340625 0.6702848578125 0.44387419531249994 0.6084286125 0.332241540625 0.5124394171875 0.30057226406250004 0.582561190625 0.4086107359375 0.6832213953124999
1 0.4305000703125 0.663881959375 0.4320955296875 0.660610784375 0.3770306734375 0.6108673828125 0.242983075 0.6873623921875 0.304476715625 0.7408179968749999 0.4305000703125 0.663881959375
0 0.367449884375 0.45392605 0.485018359375 0.5181307921875 0.49273278125 0.5217263078125 0.50515319375 0.5250543484375 0.5252405828125 0.45667271249999997 0.5266275125 0.451496625 0.39272028125 0.3761246109375 0.3680698546875 0.45161228593749997 0.367449884375 0.45392605
0 0.708952390625 0.0537624546875 0.6653143578125 0.0243282296875 0.6344570218750001 0.009278100000000001 0.5584331609375 0.1010989734375 0.6286012984375 0.1455509265625 0.7074330171875001 0.056877631250000005 0.708952390625 0.0537624546875
1 0.6722871546875 0.1608282734375 0.6793008390625 0.142557 0.5606894671875 0.0761643234375 0.5600597609375 0.0774554125 0.533339225 0.15597971093750002 0.64320785625 0.22076352500000002 0.6470011359375001 0.2222196296875 0.6722871546875 0.1608282734375
0 0.5216832359375 0.23438477343750003 0.4565269265625 0.350152165625 0.46213997031250004 0.3528898296875 0.5352662328125 0.37561589687499997 0.5996571296875 0.2689811078125 0.6019982921875 0.26177575625 0.5216832359375 0.23438477343750003
1 0.6463333046875 0.1928436015625 0.5704540609375 0.15648085312499999 0.49043535 0.26297858281250003 0.48979848906249995 0.26428434218749997 0.547886259375 0.2938815390625 0.5634557499999999 0.3014752875 0.6425519343749999 0.20059655781250002 0.6463333046875 0.1928436015625
0 0.5416946125 0.4517164796875 0.5619977406250001 0.37666717968749996 0.44673212500000004 0.31138004375 0.4262623796875 0.39263166875 0.5348801203125 0.44989054062499995 0.5416946125 0.4517164796875
0 0.520544371875 1 0.5909308953125 0.93019335 0.5939372781250001 0.9240293546875 0.5274132578125 0.8886095015625 0.5222007328125 0.8859535859375001 0.4210804875 1 0.520544371875 1
0 0.7306086078125 0.2975038921875 0.8833982234375 0.396703696875 0.8854708921875 0.397583490625 0.9011793109375 0.3653764609375 0.9112095312499999 0.3417467390625 0.9238212796875 0.3111440390625 0.762825590625 0.21336507187499998 0.7306086078125 0.2975038921875
0 0.44028062031250004 0.8927317390624999 0.5992938859375 0.9861063953125001 0.6045927203125 0.9877264109375 0.606648290625 0.9835118640625 0.6207824937499999 0.9372809734375 0.6260433390625 0.9185363750000001 0.46634768906249996 0.8177695109374999 0.44028062031250004 0.8927317390624999
0 0.7740779250000001 0.5832619609374999 0.777524325 0.58494288125 0.8339885812500001 0.512671928125 0.7099424515625 0.3720163515625 0.6523560374999999 0.43856473749999997 0.7740779250000001 0.5832619609374999
1 0.8146164421875 0.3009159171875 0.8661601015624999 0.319676275 0.9519722578125001 0.1641406296875 0.9025751265625 0.1400480375 0.86360468125 0.12586395625 0.7803430484375 0.28730589375000004 0.7820830859375001 0.288154565625 0.8146164421875 0.3009159171875
0 0.49052165312499996 0.782382575 0.6240304375 0.906443353125 0.6327313375 0.9106870640625001 0.6677194171874999 0.84488405625 0.6719682875 0.8366655546875 0.53083658125 0.7086803125000001 0.49052165312499996 0.782382575
0 0.65528679375 0.46480629218749997 0.6158077468750001 0.5368922703125001 0.7408415390624999 0.6574504 0.7475571703125 0.66072583125 0.77793264375 0.6126050484375 0.7944456921875 0.58512271875 0.6581740140625 0.46000114999999997 0.65528679375 0.46480629218749997
1 0.69357280625 0.3930065203125 0.8467754921875 0.4826672421875 0.85181811875 0.4844035578125 0.854815578125 0.47825785468750004 0.872474509375 0.42782350156250004 0.8839953015625 0.39436468593749996 0.7175805515625 0.3038333015625 0.69357280625 0.3930065203125
1 0.5352699203125 0.6880690265625 0.6454647062500001 0.8375382531250001 0.648971803125 0.8403782453125 0.6489754140625 0.84038000625 0.6897549734374999 0.7927142078125 0.7081279031250001 0.7700255281249999 0.5979628031249999 0.61621583125 0.5352699203125 0.6880690265625
0 0.7519905 0.582168640625 0.75318293125 0.5780101390625 0.6724572875 0.5540474984375 0.5751722531250001 0.7139848921875 0.57912241875 0.715911515625 0.5805613765625 0.71632413125 0.6672477328124999 0.7358093390625 0.677254896875 0.71831710625 0.7519905 0.582168640625
0 0.23138148281249998 0 0.22447621406249998 0.015101656250000001 0.3047589046875 0.069814375 0.323800528125 0.0307732609375 0.337301796875 0.00044891718749999997 0.33666826250000004 0 0.23138148281249998 0
1 0.31054184375 0.046323434375 0.2362100765625 0.0232952140625 0.1859937265625 0.1104209953125 0.1911498453125 0.11293580156250001 0.21500719531249998 0.1211505453125 0.2561234921875 0.134544590625 0.309174796875 0.050293623437500004 0.31054184375 0.046323434375
0 0.278487540625 0.11401642812499999 0.20616211093749998 0.092652125 0.153629525 0.1815579453125 0.1543787453125 0.181923365625 0.16679518437500002 0.1859577109375 0.22407111875000002 0.20225588437500003 0.2777239859375 0.11636640625000001 0.278487540625 0.11401642812499999
0 0.1770775515625 0.164534021875 0.1169387734375 0.24015405312500002 0.1533953203125 0.2579351 0.1868354875 0.27352850625 0.24912230000000002 0.19638792031250002 0.25085333125 0.192675709375 0.1770775515625 0.164534021875
0 0.7945390999999999 1 0.811689578125 0.9595960078125 0.668818590625 0.83896856875 0.6328496 0.9256121140625 0.7270912484375 1 0.7945390999999999 1
0 0.675285440625 0.9185017171875 0.7361584984375 0.9395485046875001 0.7610446203125 0.9466844859375 0.8586830765625001 0.7886256515625 0.7693202203125 0.7614518359375 0.6757885421875 0.916747190625 0.675285440625 0.9185017171875
0 0.7681852984375 1 0.7850074859375 0.981383115625 0.7892337281249999 0.9727180359375 0.71442145 0.9322867171875 0.6512728953125 1 0.7681852984375 1
0 0.9162524765625 0.7479343187499999 0.919369284375 0.741543915625 0.8446175609375001 0.6837816640625001 0.697842415625 0.79978209375 0.768448975 0.8530402921875 0.9162524765625 0.7479343187499999
0 1 0.321970928125 0.9909973624999999 0.3179883953125 0.8903397328124999 0.48176854531249996 0.9117815125 0.4922264 0.97203275 0.5178015328125001 1 0.4769293046875 1 0.321970928125
0 1 0.42672907968749996 0.9413380671875 0.40879432656250003 0.84966016875 0.5776606703125 0.8494739234375001 0.57826985625 0.88140578125 0.5881722859375 0.940294828125 0.606176475 1 0.5000572625 1 0.42672907968749996
0 0.9632805015624999 0.6870907984375 0.964833496875 0.6875361125 0.9790394499999999 0.658409590625 0.9953262703125001 0.5972179234375 0.8272564125 0.5033346937500001 0.7996685328125 0.5995450625000001 0.9632805015624999 0.6870907984375
0 0.8950150453125 0.7984304234375 0.94268860625 0.732939865625 0.9485552203125 0.7209115265625 0.8172709156250001 0.5730366609375 0.8172222046875 0.5730129015625 0.761029415625 0.6532645234375 0.8950150453125 0.7984304234375
0 1 0.289951821875 0.9293381453125 0.387199375 0.9611472750000001 0.40411258906249997 1 0.4226665625 1 0.289951821875
0 0 0.48256989843750003 0.0745918046875 0.5532806390625 0.0798931140625 0.5558662609375 0.0963912421875 0.524811065625 0.104772484375 0.5083619515625 0.11247183281249999 0.492575946875 0.030857540625000002 0.41895137968749996 0.029985309375 0.41852596406250003 0 0.47324380312500003 0 0.48256989843750003
0 0.2159528765625 0.2768440359375 0.15844997968750002 0.233718709375 0.086343290625 0.2966442078125 0.0861687609375 0.29700204375 0.1275952515625 0.32710015000000003 0.141388534375 0.33674790468750004 0.2144684578125 0.27988754375 0.2159528765625 0.2768440359375
0 0 0.5721891625 0.0615592796875 0.618307196875 0.061576940625 0.618311928125 0.06415371875 0.6130287515624999 0.08052567031249999 0.5519277921875 0.08156388437499999 0.5477624062500001 0 0.4993970015625 0 0.5721891625
0 0.0359927546875 0.4040847515625 0.091272953125 0.48822634374999996 0.091773096875 0.4886460125 0.096792665625 0.4910942203125 0.09857624375 0.4889686359375 0.1417607359375 0.4348310140625 0.0857908140625 0.3503155359375 0.0359927546875 0.4040847515625
0 0.18253670625 0.3190070515625 0.111302534375 0.302396903125 0.06169764062500001 0.385316765625 0.0665573546875 0.3876870078125 0.10302081562500001 0.3974573625 0.1302943703125 0.40416070625 0.180937971875 0.3249736109375 0.18253670625 0.3190070515625
0 0 0.653948396875 0.06910649375 0.5993097234375 0.0693306125 0.5988502140625 0.005814671875 0.561566446875 0 0.5670002890625 0 0.653948396875