0 0.4390625 0.22421875 0.1609375 0.1609375
0 0.34453125 0.35625 0.1484375 0.1375
0 0.38984375 0.296875 0.1546875 0.153125
0 0.29765625 0.42734375 0.1546875 0.153125
0 0.1578125 0.62421875 0.1734375 0.1734375
0 0.58671875 0.059375 0.1671875 0.11875
0 0.496875 0.16015625 0.1671875 0.153125
1 0.26015625 0.48828125 0.159375 0.159375
0 0.54375 0.09921875 0.165625 0.1640625
1 0.215625 0.559375 0.171875 0.1578125
1 0.11796875 0.703125 0.1578125 0.1578125
0 0.48046875 0.40390625 0.178125 0.1640625
0 0.428125 0.47890625 0.1640625 0.1546875
1 0.33125 0.61640625 0.15 0.140625
0 0.534375 0.33828125 0.16875 0.1546875
0 0.6328125 0.20390625 0.1703125 0.1703125
1 0.284375 0.68671875 0.1578125 0.146875
1 0.3828125 0.55078125 0.15 0.15
0 0.6875 0.1328125 0.178125 0.1625
1 0.5859375 0.27734375 0.171875 0.1625
0 0.1890625 0.828125 0.1625 0.1515625
1 0.2421875 0.759375 0.16875 0.1609375
0 0.1296875 0.278125 0.159375 0.1453125
0 0.08515625 0.34140625 0.1625 0.15
0 0.8703125 0.35390625 0.1828125 0.1828125
0 0.92109375 0.28359375 0.1578125 0.1734375
0 0.81953125 0.4375 0.18125 0.18125
1 0.03984375 0.465625 0.0796875 0.153125
0 0.1765625 0.21953125 0.1578125 0.1421875
0 0.30625 0.0578125 0.165625 0.115625
0 0.0609375 0.40546875 0.121875 0.1609375
0 0.76953125 0.5140625 0.1984375 0.1859375
1 0.44765625 0.934375 0.2046875 0.13125
1 0.72734375 0.59140625 0.18125 0.18125
1 0.56484375 0.8171875 0.178125 0.178125
0 0.51171875 0.89765625 0.1796875 0.1796875
0 0.62109375 0.74765625 0.196875 0.184375
0 0.684375 0.6703125 0.196875 0.18125
0 0.2234375 0.16171875 0.1546875 0.153125
0 0.26796875 0.1015625 0.159375 0.1453125
1 0.3515625 0.03046875 0.153125 0.0609375
0 0.95625 0.4953125 0.0875 0.19375
0 0.840625 0.73203125 0.19375 0.19375
0 0.92890625 0.57265625 0.1421875 0.1953125
0 0.71953125 0.89609375 0.2140625 0.2
0 0.78203125 0.81015625 0.209375 0.19375
0 0.9 0.65078125 0.2 0.2046875
0 0.66640625 0.94375 0.1953125 0.1125