0 0.3434157390625 0.08112091406250001 0.261661090625 0.0013191125 0.25681051093749996 0.0079953609375 0.23084615468749997 0.061183339062499995 0.30908056875 0.14158437343750002 0.3134095453125 0.143790096875 0.3434157390625 0.08112091406250001
0 0.27042212656250003 0.1141999171875 0.2689817421875 0.11618243749999999 0.312731790625 0.16670186250000002 0.42201635781249996 0.120686371875 0.377763559375 0.06959653125000001 0.27042212656250003 0.1141999171875
0 0.51453730625 0.19612507968749998 0.48360375937500005 0.266171775 0.57563104375 0.3398451578125 0.577399628125 0.3354677578125 0.602794128125 0.2674628296875 0.5156609859375 0.196579075 0.51453730625 0.19612507968749998
0 0.406477178125 0.2485728515625 0.4268760546875 0.2576550171875 0.47673135 0.27600673593749997 0.550510265625 0.19098509375 0.5487446593749999 0.1897023046875 0.4811895421875 0.1597334796875 0.40488607343750005 0.245175121875 0.40413193906249995 0.24686893593749998 0.406477178125 0.2485728515625
0 0.4695707171875 0.18535470625 0.3924073515625 0.09250726718749999 0.3751844125 0.116212609375 0.3483081328125 0.15759845 0.421811490625 0.24862761562500002 0.42614183906249997 0.25143977500000003 0.4695707171875 0.18535470625
0 0.6292306953125 0.2578944015625 0.52584814375 0.31290090625 0.5249195109375 0.31417906093750003 0.5761736109375 0.3691423546875 0.68084306875 0.31754796406249997 0.68113725 0.31714305781249996 0.6292306953125 0.2578944015625
0 0.6745860218749999 0.4414339734375 0.678020809375 0.4439294921875 0.731278128125 0.38327386875 0.6618574296874999 0.28566268125 0.607141346875 0.347088484375 0.6745860218749999 0.4414339734375
1 1 0.56130740625 0.8864638234375001 0.4917600828125 0.8833086343750001 0.49610282968749997 0.8809512796875 0.5019374875 0.8555162203125001 0.566656553125 0.9695060625 0.638934009375 0.9741061046875 0.640792546875 1 0.57789865625 1 0.56130740625
0 0.782201125 0.5524539765625 0.8504455625 0.59343723125 0.9431027468750001 0.490634178125 0.9443171703125 0.4886906953125 0.9376796109375001 0.483868225 0.8723711906249999 0.44380274531249997 0.777430015625 0.5464180453124999 0.7763257375 0.5481852578125 0.782201125 0.5524539765625
1 0.6416922390625001 0.4299167 0.6383431093749999 0.4345263828125 0.693422525 0.4896058 0.8161196500000001 0.41261065625000004 0.762749790625 0.35596199375 0.6416922390625001 0.4299167
1 0.8660281828124999 0.4762350875 0.754645815625 0.3887556421875 0.751401321875 0.39322130624999996 0.7389486546875 0.41664136718749994 0.7199707656250001 0.45419726718750003 0.8257091765625001 0.54814545625 0.8660281828124999 0.4762350875
0 0.30021863125000003 0.2244042 0.18383860000000002 0.11640743125 0.18101518125 0.12029353281249999 0.1486480828125 0.1929912296875 0.2639918046875 0.292825865625 0.2673704421875 0.29433013125 0.30021863125000003 0.2244042
0 0.244833196875 0.1582574875 0.25997433124999997 0.14083960625 0.229738640625 0.1195122546875 0.1023260328125 0.19670045 0.0930986734375 0.2094008203125 0.1227862171875 0.2352078078125 0.153697425 0.2599845890625 0.15388271874999998 0.2601192125 0.244833196875 0.1582574875
0 0.42625111875000005 0.36384855781250003 0.4885104671875 0.49551507812500006 0.49138614374999995 0.49760437968750004 0.5503231734375 0.4512349515625 0.493402475 0.31128957968750004 0.4628558421875 0.3342066359375 0.42625111875000005 0.36384855781250003
0 0.1982492015625 0.28269656875 0.26533620468749997 0.3314381296875 0.38251605 0.24701051562499998 0.38316007500000004 0.2461240921875 0.323346528125 0.19493166875 0.1982492015625 0.28269656875
0 0.3367419296875 0.3825423953125 0.33391879062499996 0.3870603640625 0.3461223328125 0.39592675625 0.3968801609375 0.42764376718749997 0.5149580796875 0.3284775984375 0.4396772875 0.288849321875 0.3367419296875 0.3825423953125
1 0.42983046406250003 0.3254101296875 0.3186844578125 0.2232192453125 0.31464044687500003 0.22878535000000003 0.285230596875 0.2918549765625 0.39274295000000004 0.3967298328125 0.39532663437500004 0.397934625 0.42983046406250003 0.3254101296875
0 0.5741736890625 0.5478610328125 0.6303573375 0.489852403125 0.5527571250000001 0.38050001718750004 0.5405403359375 0.365419375 0.5396269765625 0.36462540625 0.53891785625 0.36411019843750003 0.519947071875 0.3849074484375 0.486778934375 0.4230630265625 0.5711267999999999 0.5452124109375001 0.5741736890625 0.5478610328125
0 0.8177506359375 0.7405161312499999 0.8882525546875 0.7917387734375 0.9835948546875001 0.6844402359374999 0.9150208109375001 0.637566528125 0.8206185359375 0.7365688078125 0.8177506359375 0.7405161312499999
1 0.8051879281250001 0.5828867203125 0.7974228015625 0.5930482671874999 0.75390865 0.6529403578124999 0.8502248124999999 0.7467277953125 0.8505034874999999 0.7469302640625 0.8974203265625 0.6768271421875001 0.8051879281250001 0.5828867203125
1 0.7191327624999999 0.502000446875 0.6021880390625001 0.5587215140625 0.6008886796875 0.560509928125 0.6548762234375001 0.627178990625 0.7711691968750001 0.566309384375 0.7720190546875 0.5656211828125 0.7191327624999999 0.502000446875
1 0.754739225 0.5414564109375 0.6790451984375 0.6532602265625 0.6835490375 0.65653245625 0.7281742265625 0.675474725 0.757525265625 0.6870983546875 0.831181840625 0.5733294390625 0.754739225 0.5414564109375
1 0.5524399734375 0.4923636875 0.6285574875 0.5953338390625 0.6319829578125 0.5978225875 0.6829142078125 0.5329615296875 0.6025044203125 0.4307921875 0.560759784375 0.482089575 0.5524399734375 0.4923636875
0 0 0.43370893906249997 0.08247655625 0.5112598375 0.0850055796875 0.512439140625 0.11871912031250001 0.44341551093750003 0.121191503125 0.43811347031250003 0 0.33799017187499997 0 0.43370893906249997
0 0.6982190796875 0.9449114625 0.73294931875 0.8562774093750001 0.572048559375 0.7623602593750001 0.569628984375 0.7656905187499999 0.560339640625 0.78868245 0.5395280203125 0.8460113640625 0.6981002515625 0.9450750156250001 0.6982190796875 0.9449114625
0 0 0.509480484375 0.0223615421875 0.5257270968750001 0.0403779109375 0.5374270625 0.056946287500000005 0.5476508234375 0.197827703125 0.421916621875 0.132954440625 0.376196959375 0 0.5027104109375 0 0.509480484375
0 0.38243542812500003 0.7941219921875 0.38136785156249997 0.7962172296875 0.387010296875 0.80031670625 0.4633578796875 0.8392177437499999 0.5777601015625 0.6906123421875 0.501446390625 0.6467819828125 0.38243542812500003 0.7941219921875
1 0.7110689125 1 0.8036689546875 0.8534184171874999 0.721679859375 0.8126869062500001 0.6234444640625 0.9589515375 0.61967879375 0.9670270390625 0.6818951890625 1 0.7110689125 1
1 0.22884108281249999 0.44540887656250006 0.073984753125 0.541411509375 0.0692950453125 0.5478663390625 0.127675690625 0.6042438734375 0.29121767656249997 0.505586134375 0.29178554375 0.5048045328125 0.22884108281249999 0.44540887656250006
0 0.3077834203125 0.7416483656249999 0.3597641671875 0.7684334234375 0.388581125 0.78248839375 0.5011793375 0.636051775 0.4999035796875 0.6351248828125 0.49631121250000004 0.6333727671875 0.4210587171875 0.6003266578125 0.309281090625 0.73857768125 0.3077834203125 0.7416483656249999
1 0.653076946875 0.802620815625 0.4907304015625 0.706813225 0.488751396875 0.7095370890625 0.462657778125 0.7945233593750001 0.6142100421875 0.8904714078125 0.6182292406250001 0.8920142343749999 0.653076946875 0.802620815625
0 0.175760484375 0.52576250625 0.2550353109375 0.6927213125 0.2552971625 0.693033375 0.25838803593750004 0.6952790265625 0.3295794796875 0.6387481187499999 0.25044841406249996 0.46600537343750004 0.202501584375 0.503324059375 0.175760484375 0.52576250625
1 0.266394765625 0.5682459796875 0.2463553859375 0.59212798125 0.3482228125 0.7393028937499999 0.3551781734375 0.744356259375 0.4101134671875 0.6705697171875 0.39820379687499996 0.6543129859375 0.3015452765625 0.5271380156250001 0.266394765625 0.5682459796875
0 1 0.3391202796875 0.9558868984375 0.3643080140625 0.95554134375 0.364783628125 1 0.4177673921875 1 0.3391202796875
1 1 0.320237546875 0.9606292875 0.254823140625 0.9375462171875 0.2756072296875 0.9058979468749999 0.305074790625 0.9529636671875 0.3906795078125 0.9579004843750001 0.3942663140625 1 0.353912875 1 0.320237546875
0 0.9076774359374999 0.22826732187499998 0.831412053125 0.285754265625 0.8268593078125 0.2920205828125 0.834986140625 0.2986015609375 0.885118459375 0.3370092546875 0.9665318640624999 0.272430759375 0.9076774359374999 0.22826732187499998
0 0.8243096609375 0.304932325 0.8282436484375 0.307790534375 0.88395258125 0.253765775 0.8405084078125 0.1666516484375 0.781046146875 0.21654640937499997 0.8243096609375 0.304932325
0 0 0.676231478125 0.083007946875 0.743870203125 0.084749803125 0.7445739578125 0.084914475 0.7443473078125 0.11904430156250001 0.657903625 0 0.5672649578125 0 0.676231478125
0 0.068239246875 0.5956095265625 0.0312288859375 0.6483231843749999 0.017509796875 0.6702783171875 0.14253289375 0.8077013453124999 0.1932857828125 0.7292903703125 0.06978713125 0.5965767515625 0.068239246875 0.5956095265625
0 0.237583671875 0.8532102374999999 0.2729012328125 0.7687561656249999 0.123124278125 0.6571983359375 0.12236353281250001 0.6582454125 0.089696071875 0.7389903171875 0.23062134531249998 0.8555018578125001 0.2346239578125 0.8572839359375 0.237583671875 0.8532102374999999
0 0.5602644265625 1 0.4587889484375 0.8816805499999999 0.397813803125 0.9597251765625 0.4359338265625 1 0.5602644265625 1
0 0.393535590625 1 0.5299385796875 0.9223961781250001 0.530974809375 0.9214631531249999 0.502671521875 0.8895447046875 0.46578953125 0.8485831046874999 0.3023053859375 0.9448917375000001 0.30042629062500004 0.9474780921875 0.347717228125 1 0.393535590625 1
0 0.3684331875 0.782317325 0.23293855156249998 0.8994779546875 0.2247370203125 0.91076639375 0.231624603125 0.9159565578125 0.300488296875 0.9658135296875001 0.44836669218749997 0.8425515406249999 0.3684331875 0.782317325
0 0.2704656125 0.719009075 0.1565876625 0.8685303203125001 0.2006817484375 0.90056655 0.2349244421875 0.91730674375 0.3590584140625 0.7606949125 0.35761996093750004 0.759649815625 0.2704656125 0.719009075
0 0.56252905 0 0.5516360406249999 0.01832938125 0.532429653125 0.052978621875 0.60826265625 0.1300660140625 0.6117747328124999 0.1320127890625 0.64755359375 0.069990878125 0.575211825 0 0.56252905 0
0 0.782150009375 0.2585497578125 0.8237035078125 0.1989148609375 0.7580883218750001 0.12882219687500002 0.756566590625 0.13091668125 0.7293021390625001 0.17133789375 0.7201416390625 0.18545947499999998 0.7800231375 0.25711516562500003 0.782150009375 0.2585497578125
0 0.48042039687500004 0 0.4770187453125 0.009507907812499999 0.560314575 0.08949535 0.56128825 0.08988874062499999 0.5877501765625001 0.020937596875 0.5606277359375 0 0.48042039687500004 0
0 0.7031056640625 0.1205273125 0.638307196875 0.03849153125 0.6035307390625 0.0863572171875 0.5950604484375 0.099116334375 0.65667411875 0.17653565625 0.658605496875 0.177888021875 0.7031056640625 0.1205273125
0 0.64270346875 0.162306221875 0.6422396171875 0.1629939140625 0.673282453125 0.18554785468749999 0.7034823578125 0.20451096093749999 0.77892235 0.14095982812500002 0.7186562765625 0.10210825781249999 0.64270346875 0.162306221875
1 0.4390058296875 0 0.4704888078125 0.059059253125 0.47198089374999996 0.06045064375 0.5158337140625 0.0152287796875 0.5095706453125 0 0.4390058296875 0