0 1 0.327545946875 0.983458425 0.31315649687499997 0.8855484328125 0.36791581875 0.8822974468749999 0.37152640625 0.9350650546875 0.416730140625 1 0.378186025 1 0.327545946875
0 0.8291036500000001 0.3972292296875 0.8278558125 0.39843425312499997 0.8623705203125 0.45612077968750003 0.9779853125000001 0.42978143593749996 0.943276475 0.3717833484375 0.8291036500000001 0.3972292296875
1 0.7692398484375 0.61667906875 0.739401184375 0.5117299390625 0.7363285453125 0.5085481281249999 0.6723453328125 0.5472567125000001 0.7054723546874999 0.660391096875 0.7094318703125 0.6578197578125 0.7692398484375 0.61667906875
0 0.7922924515624999 0.4517857875 0.789301815625 0.44868889375 0.73065664375 0.49450752187499997 0.7711102984375 0.6042585468749999 0.830531940625 0.5511455953125 0.7922924515624999 0.4517857875
0 0.9212812625 0.4683936421875 0.8663422031250001 0.41150258125 0.7616192515625 0.46239815625 0.7576519578124999 0.46622932656250005 0.812194696875 0.5233281203125 0.9212812625 0.4683936421875
0 0.6707116671875 0.5598131359375 0.6679697578125 0.55697380625 0.608643353125 0.607145696875 0.662566465625 0.712902759375 0.7189483906249999 0.6621362468750001 0.6707116671875 0.5598131359375
0 0.5259584625 0.67043646875 0.5652418156250001 0.742141525 0.6807096046875001 0.7102923984375 0.6417022343750001 0.6378672375 0.527097634375 0.6697787671875 0.5259584625 0.67043646875
1 0.39127836562499996 0.8441724921875 0.283784665625 0.9129769984375 0.27501018906249997 0.9214504109374999 0.329731028125 0.9809116609374999 0.44717639218749994 0.903146265625 0.4391844359375 0.8945759421874999 0.39127836562499996 0.8441724921875
1 0.41122263124999997 0.9389048171875001 0.4129670640625 0.9407112296875001 0.41917832187500004 0.9365216828125 0.4825545796875 0.8930105062499999 0.42742689531250005 0.7645400234374999 0.42732331874999996 0.764386465625 0.425578884375 0.7625800500000001 0.4231123734375 0.76424373125 0.3547746328125 0.8121186187499999 0.4110028234375 0.9385789375 0.41122263124999997 0.9389048171875001
1 0.45045762500000003 0.72812935625 0.448616446875 0.7299073609375 0.48965448125 0.7948407765625001 0.626929959375 0.7437312546875 0.5821216546875 0.677300209375 0.45045762500000003 0.72812935625
1 0.5264751171875 0.7313901828125 0.39607159531249997 0.778477203125 0.393408196875 0.78104921875 0.4311057359375 0.84331623125 0.566811140625 0.8034299296875 0.5433843625 0.7606778578125 0.5264751171875 0.7313901828125
0 0.9004039390624999 0.32636849687499997 0.8428354312499999 0.18475387031249998 0.8426804234375 0.184562453125 0.8403080015625 0.1821057375 0.8208430109375 0.197224959375 0.7799023093749999 0.23037808593750003 0.834865290625 0.3802495171875 0.9004039390624999 0.32636849687499997
0 0.7938306984375 0.24014442812499998 0.7895897234375 0.24423989218750003 0.8338654343749999 0.3143145328125 0.9405825140624999 0.2545772171875 0.91687945625 0.21352231718749998 0.7938306984375 0.24014442812499998
0 0.5325099171875001 0.4664334078125 0.601007421875 0.6000976328125 0.60130476875 0.60040554375 0.6559011921875 0.551456115625 0.6642022984375 0.54343983125 0.5885292953125 0.413979509375 0.588162125 0.4135992921875 0.554274975 0.44541513593750004 0.5325099171875001 0.4664334078125
0 0.7650802078125001 0.2443654453125 0.7159850999999999 0.2892597171875 0.7076362875 0.29821272187500003 0.779426134375 0.43293206875 0.7796460421875 0.43313713906249995 0.8362433921875001 0.37274240625 0.766447790625 0.24564073749999998 0.7650802078125001 0.2443654453125
0 0.7133136921875 0.487142165625 0.6589315484375 0.3609219796875 0.6533055765625 0.3550961140625 0.596014346875 0.4014896375 0.6505865609375 0.54347159375 0.6519289765625 0.5448617062500001 0.7133136921875 0.487142165625
0 0.6770384828125 0.45794138125000006 0.8065797187499999 0.37885770937499996 0.8021075484375 0.374226640625 0.749150890625 0.328192121875 0.6187042875000001 0.4026322015625 0.6168340078125001 0.4047837109375 0.6770384828125 0.45794138125000006
0 0.4453194359375 0.5636650609375 0.4395065265625 0.5692785203125 0.4886299546875 0.6285960562499999 0.623593540625 0.5609339453125 0.6255935109374999 0.559002596875 0.5989029953125 0.5247363734375 0.574016984375 0.49610829375 0.45677284531250006 0.55678020625 0.4453194359375 0.5636650609375
0 0.19372437343749999 0.7805620203125 0.188385328125 0.7861521859375 0.1431563296875 0.8346543484375 0.23887399999999998 0.943313940625 0.239587759375 0.9426246718750001 0.293808940625 0.8810242953125 0.2064889703125 0.7745772046875 0.20314801562499998 0.771461715625 0.19372437343749999 0.7805620203125
1 0.2565295140625 0.8634904703125 0.3663071296875 0.7844267125 0.343193065625 0.7604914 0.30643731406249997 0.7252530125 0.20799824218750002 0.7928434734375001 0.19927987656249999 0.8012627 0.2565295140625 0.8634904703125
0 0.46498543750000004 0.7124529984375 0.42228337812500005 0.592718728125 0.41869705 0.589004978125 0.34963242499999997 0.6305031921875 0.3897659171875 0.754948021875 0.390312859375 0.7558582859375 0.46498543750000004 0.7124529984375
1 0.38414745 0.670895234375 0.26047091093749997 0.7161056375 0.25766688437499996 0.7188134546875 0.2987229703125 0.78888674375 0.428206334375 0.744552153125 0.412549109375 0.7174330421875 0.38414745 0.670895234375
0 0.4752307 0.5350819296875 0.4697905828125 0.5294485234375 0.40848014375 0.575418309375 0.45911591406249996 0.697829871875 0.5252697875 0.6464051515625 0.4752307 0.5350819296875
0 0.6069178203125001 0 0.6759949875 0.16462550468749998 0.7362572734375 0.1141176515625 0.7399915265625 0.11087151718749999 0.6848629359375 0 0.6069178203125001 0
0 0.21333365781250002 0.6129002265625 0.1062422921875 0.46553432812500006 0.10390813437499999 0.4632802609375 0.0857246671875 0.48083983124999996 0.060583387499999995 0.5068743859375 0.0378422796875 0.5309248234374999 0.15310385625 0.679905046875 0.21333365781250002 0.6129002265625
0 0.6889473453125 0.1543167515625 0.576491575 0.008173859375 0.5721104796875001 0.00462611875 0.56835015 0.008257428125 0.5382773609375 0.045394228125000005 0.526377740625 0.0608031703125 0.6366970375000001 0.2140556234375 0.6889473453125 0.1543167515625
0 0.32795580156250004 0.3630516125 0.1585939171875 0.43870851093749996 0.1532861828125 0.44383413125000004 0.20707913281249998 0.5170434625 0.37689299374999996 0.43637532031250004 0.3386155609375 0.37772351406250004 0.32795580156250004 0.3630516125
1 0 0.7020131125 0.0036245437499999996 0.7057664375 0.041314385937499996 0.7284127796875 0.15606290625000002 0.5911089109375001 0.0835081140625 0.542313025 0.07567017499999999 0.5376035171875 0 0.6334810171874999 0 0.7020131125
0 0.47885956875 0.2598016953125 0.641107115625 0.15802105625 0.6236958968749999 0.1399912125 0.5782547484375 0.0985871734375 0.4221148171875 0.1991997546875 0.41894990625000006 0.20259370468750001 0.47885956875 0.2598016953125
0 0.3899107109375 0.3039558875 0.3550273265625 0.282158328125 0.22774795 0.41601377343749996 0.22851774531250002 0.4168109203125 0.3038264421875 0.459780225 0.43082073281250005 0.3325905515625 0.43161901562500005 0.3313130328125 0.3899107109375 0.3039558875
1 0.2745629921875 0.5486483109375 0.18896265 0.39834349062499996 0.1815960453125 0.3907151484375 0.1370380625 0.4290450703125 0.11033135624999998 0.45226085625 0.2091850640625 0.6138707109375 0.2745629921875 0.5486483109375
1 0.4270041546875 0.1342133265625 0.39020929843749996 0.1846621671875 0.37238637343750003 0.21108574062500002 0.4974608984375 0.35295919375 0.5514652625 0.27738189062499996 0.4310346296875 0.136931915625 0.4270041546875 0.1342133265625
1 0.45235393593750006 0.2367597 0.43332549531250003 0.24339596718749998 0.287600390625 0.2971175515625 0.2864426015625 0.297869428125 0.2842801578125 0.29995767500000003 0.3291757390625 0.37051932656250003 0.5082799062500001 0.3133973421875 0.5049935125 0.308336740625 0.45235393593750006 0.2367597
1 0.64090431875 1 0.662582275 0.9889343593750001 0.643459009375 0.96445769375 0.6162709015625001 0.9308309640625 0.529844675 0.9707693718750001 0.52378355 0.9766225328125 0.5432518328125 1 0.64090431875 1
0 0.5763278578125 0.9396949625 0.6377573578125 0.9834421640625 0.7158333890625 0.916942428125 0.7122473890625 0.913229015625 0.7053568453125 0.90803661875 0.6565075515625 0.8739791734375 0.577814890625 0.9377216031250001 0.5763278578125 0.9396949625
0 0.6891579984375 0.80619899375 0.6877499390625 0.805249246875 0.6830880171875 0.8097512140625 0.6436368125 0.8682400328125001 0.71314475 0.9452172359375 0.7529972609375 0.87585360625 0.6891579984375 0.80619899375
0 0.3335207328125 0 0.3274586625 0.001949265625 0.3252248734375 0.0041064109375 0.3788083859375 0.0793531421875 0.5523940296875 0.01714968125 0.552604121875 0.0169467984375 0.5407378453125 0 0.3335207328125 0
0 0.31463868281249996 0 0.2868314578125 0.0381713203125 0.284477078125 0.041796746875 0.4078646078125 0.182270903125 0.45197950468750003 0.1166548515625 0.4598200046875 0.10458153750000002 0.365851890625 0 0.31463868281249996 0
0 0.257645740625 0.21851396875 0.414774715625 0.1148380984375 0.41241150781249997 0.112390925 0.3396749671875 0.052016693749999995 0.19407658125 0.15904873125000002 0.1900284203125 0.16370560781250001 0.257645740625 0.21851396875
0 0 0.4753006078125 0.0233812859375 0.5240624390625 0.10321120624999999 0.4657712171875 0.013303625 0.29966760625 0.0101805546875 0.2964335734375 0 0.30410517187499997 0 0.4753006078125
0 0.11590945 0.4349872078125 0.1626532421875 0.40577844531249996 0.0961964765625 0.228054171875 0.0939757171875 0.2257545078125 0.014369165625 0.2754982 0.0788221890625 0.45613541875 0.0795611 0.457317925 0.11590945 0.4349872078125
0 0.23724439375 0.33301188125 0.16539606874999999 0.1625047140625 0.159642440625 0.1565466578125 0.1524221078125 0.16160239062499998 0.083725259375 0.211689003125 0.1552574390625 0.390419765625 0.23724439375 0.33301188125
0 0.2837904328125 0.120029865625 0.11359532187500002 0.21281895468749998 0.109597078125 0.21668001406249998 0.17415007031250002 0.28837337500000004 0.3457355859375 0.1904770109375 0.306345 0.14507925156249998 0.2837904328125 0.120029865625
0 0.842644303125 0.6725146953125 0.8933998328125 0.717772284375 0.9870520968750001 0.6557146125 0.9779853062500001 0.646325675 0.9613439578125 0.6318699953125 0.9325497703125001 0.6077088015625 0.8466589546875 0.6677302203125 0.842644303125 0.6725146953125
0 0.8193808453125 0.8217561906249999 0.7927128296875 0.7922744859375 0.781637075 0.78039719375 0.7694009625 0.7677263265625001 0.6960571343749999 0.8102598656250001 0.6880753625 0.817967775 0.733719896875 0.865186196875 0.8193808453125 0.8217561906249999
0 1 0.57639258125 0.8944330828125 0.5991412656249999 0.89256458125 0.60094565625 0.9343205687499999 0.6605698578125 1 0.638806378125 1 0.57639258125
0 0.9025678390625 0.6891963875 0.8908228093749999 0.6704004078125 0.7904093515625 0.6978789390625 0.7890735890625 0.6987136140625 0.7888709515625 0.6989092984374999 0.8299746234375001 0.7611957968749999 0.9266204890624999 0.7343675453125 0.9275013078125 0.7338171499999999 0.9025678390625 0.6891963875
0 0.7372822828125 0.779452603125 0.73744758125 0.779623775 0.79655371875 0.8177275703125 0.8725056 0.7575303375 0.867434075 0.75227861875 0.8250508125 0.723690746875 0.8117276375 0.7153248671875 0.73949189375 0.77617671875 0.7372822828125 0.779452603125
0 1 0.501649090625 0.969235621875 0.52619665625 0.9646836515625001 0.530153621875 1 0.6172976875 1 0.501649090625