0 0.1168336328125 0.20281200781250003 0.14782055624999998 0.20716693749999998 0.18137935624999998 0.21104106250000002 0.23079185781249997 0.106543321875 0.23009615 0.1063037703125 0.16358163125 0.0981133890625 0.11329689843749999 0.1977358859375 0.11277967656250001 0.20141611875 0.1168336328125 0.20281200781250003
0 0.26041010625 0.25224935312499996 0.26228605312500003 0.2528952921875 0.29665880625 0.1959186890625 0.21943313125000002 0.10570411718749999 0.18421022812500001 0.1640769953125 0.26041010625 0.25224935312499996
1 0.4144363703125 0.3144859453125 0.48996559531250006 0.3235282078125 0.5334780390625 0.214071596875 0.5331173328125 0.2139473953125 0.5288104140625001 0.2135705890625 0.456352346875 0.20916842500000002 0.4146859796875 0.3116329015625 0.4144363703125 0.3144859453125
0 0.3876476546875 0.179143503125 0.3307759140625 0.27858242187500004 0.3305380671875 0.2797014109375 0.34072363437500003 0.2832085828125 0.3548800765625 0.2862176265625 0.407461453125 0.2938028171875 0.4621822875 0.1948817296875 0.3876476546875 0.179143503125
0 0.3582890421875 0.28284989843749997 0.360813153125 0.27551935 0.37195288125000003 0.234818959375 0.37922683125 0.2076722109375 0.2766354234375 0.1408443453125 0.2730141421875 0.151361309375 0.2720629734375 0.1548354390625 0.2549965375 0.21852824843750002 0.3558034859375 0.2821838953125 0.3582890421875 0.28284989843749997
1 0.5648594124999999 0.36699484843749997 0.60610895 0.30041181250000004 0.5225796 0.2169290921875 0.5220069484375001 0.2167319125 0.48420961093750003 0.282198825 0.5632681500000001 0.366270134375 0.5640268734375 0.3667081828125 0.5648594124999999 0.36699484843749997
0 0.6310527296874999 0.2567577453125 0.5455030875 0.3405935140625 0.6147321171875 0.3850268375 0.7004588125 0.30060737656250003 0.6310527296874999 0.2567577453125
1 1 0.43447647187499994 0.8864120625 0.362453853125 0.8547176609375 0.4394366328125 0.9690583828125 0.5094767796874999 0.9754731046874999 0.511685546875 1 0.44927728437500003 1 0.43447647187499994
1 0.9331614593750001 0.379126490625 0.93042444375 0.377546275 0.8569790312500001 0.33685770625 0.7700860046875 0.44030793749999997 0.7680620109375 0.44618604375000004 0.774379025 0.4498331734375 0.8402889281249999 0.48716623124999997 0.9325455390625 0.38019329375 0.9331614593750001 0.379126490625
1 0.6334972078125001 0.4236997953125 0.698431640625 0.4313359265625 0.709335565625 0.43228989687499997 0.7563363859375001 0.2924604125 0.756066303125 0.292367415625 0.7187746328125 0.28881660625 0.67660644375 0.28512736875 0.63410095 0.41679899843749996 0.6334972078125001 0.4236997953125
1 0.690947028125 0.4109818890625 0.6891000421875 0.416345925 0.755847271875 0.4601550796875 0.85186414375 0.35406248281249997 0.7880198593750001 0.31599073125 0.690947028125 0.4109818890625
1 0.207807796875 0.380597396875 0.22892861875 0.2993708890625 0.0966834984375 0.21712756562500002 0.0908664640625 0.23402146093749998 0.0884225890625 0.24245414062499998 0.07500422031250001 0.2925321765625 0.2052234828125 0.37990493281250004 0.207807796875 0.380597396875
0 0.100140459375 0.1944262296875 0.08035578593750001 0.22402368906249998 0.050257012499999996 0.270371734375 0.0277960484375 0.3356031109375 0.0445854328125 0.34423094062500004 0.1733754703125 0.239162328125 0.173726628125 0.2381424921875 0.100140459375 0.1944262296875
0 0.5408863875 0.360036578125 0.47119672812499996 0.337229403125 0.4601038671875 0.3340485765625 0.3859780203125 0.46404414843749997 0.4064926296875 0.47110789531249997 0.43017565468749996 0.478260778125 0.4592605390625 0.4866007359375 0.540768403125 0.36044804375 0.5408863875 0.360036578125
0 0.2785833484375 0.41157335625 0.3056532453125 0.339398740625 0.1794429265625 0.25119743125 0.15640428125 0.330803265625 0.2726167921875 0.4098624734375 0.2785833484375 0.41157335625
0 0.3160740859375 0.4443300359375 0.315328821875 0.449632871875 0.320406903125 0.451381396875 0.389357475 0.46107176718750004 0.4568925078125 0.322452346875 0.3720018078125 0.316869571875 0.3160740859375 0.4443300359375
0 0.340454784375 0.44807525625 0.34223438281249996 0.44898200624999995 0.343050190625 0.4492629109375 0.38000872812500003 0.37809333437500003 0.271516159375 0.2711188046875 0.2366680046875 0.339512159375 0.340454784375 0.44807525625
0 0.5837435859375 0.5222251 0.5864402171875 0.5231536250000001 0.6218607890625 0.45080138124999997 0.5142668546875 0.370780865625 0.49890943906249996 0.360811775 0.4959014625 0.35977604531249996 0.4844246109375 0.385111446875 0.464670559375 0.431649075 0.5826363812500001 0.52175511875 0.5837435859375 0.5222251
0 1 0.5526411234374999 0.8832658453125 0.5243498140625 0.8801505359374999 0.5333973265624999 0.872020034375 0.606405571875 0.9816096046875 0.637080890625 0.9956616453124999 0.5962708015625 1 0.5654018015625 1 0.5526411234374999
1 0.8650212921874999 0.4869722125 0.7823363718749999 0.5919030796875 0.781745771875 0.5936183046875 0.8076644453125 0.60858245625 0.8551502421875 0.6336110406250001 0.9389351390625 0.5320644546875 0.8650212921874999 0.4869722125
0 0.681623803125 0.435742646875 0.6274001171875 0.5554351046875 0.6349392953125 0.5580310515625 0.7076746968750001 0.5748233421875 0.765251721875 0.45742615468750003 0.7654906078125 0.456391428125 0.681623803125 0.435742646875
1 0.784898825 0.6070142781250001 0.84929008125 0.48641510312499997 0.8484969515625 0.48614200625 0.7664896453125001 0.463238040625 0.705942815625 0.582479525 0.716189203125 0.5860076390625 0.784898825 0.6070142781250001
0 0.5461443453125 0.518025665625 0.5443542375 0.52353505 0.55055821875 0.5256712515624999 0.6228642484375 0.5479711578125 0.6894312546875 0.43628793281249995 0.6140254796875 0.411586303125 0.5461443453125 0.518025665625
0 0 0.584986078125 0.0793360890625 0.6459994874999999 0.086470784375 0.648456159375 0.11081737656249999 0.5828964890624999 0 0.48575677031250003 0 0.584986078125
0 0.8188096078125 0.86981055625 0.8250187468749999 0.7799332984375 0.6460217421875 0.728627184375 0.64511401875 0.731263403125 0.64362471875 0.7454331578125 0.63626055625 0.8233790781250001 0.818779421875 0.869807384375 0.8188096078125 0.86981055625
0 0.014035246874999999 0.5516767812500001 0.149825578125 0.6801861578125 0.1546221859375 0.6818377625 0.1892156328125 0.6185919828124999 0.0562805828125 0.48448406093749996 0.014328246875 0.5511692859374999 0.014035246874999999 0.5516767812500001
0 0.5915529671875001 0.8315000546875 0.5952915859375 0.8335724062500001 0.5999869234374999 0.8351891406249999 0.645104734375 0.7626215625 0.499192234375 0.6360995140625 0.45395576562500006 0.7177082687499999 0.5915529671875001 0.8315000546875
1 0.872697453125 0.915870646875 0.8812369703125 0.9188110390625001 0.9040116203125 0.8624418 0.915285384375 0.8297004109375001 0.758305546875 0.74167281875 0.7436433015625 0.7755263968749999 0.723095521875 0.8263839328125 0.872697453125 0.915870646875
0 0.23754482968750001 0.530507440625 0.09951958749999999 0.6552260828125 0.09749724531250001 0.6610993921875 0.15983738281249998 0.7015835515625 0.167654296875 0.7065325437500001 0.30745295625 0.577092534375 0.23754482968750001 0.530507440625
0 0.4583753703125 0.7533151703125001 0.4593716984375 0.7534023375000001 0.467140134375 0.673208528125 0.46752368750000006 0.668824509375 0.29233288125 0.6039816640625 0.29088696875000003 0.6081808984375 0.2907189375 0.6101015078125 0.2881470046875 0.6984071578125 0.3072273109375 0.7048927875000001 0.4583753703125 0.7533151703125001
0 0.5420468578125 0.786541378125 0.55603691875 0.7092639859375 0.557932678125 0.6972946359375001 0.384991915625 0.6324370312500001 0.3844435890625 0.6340294859375 0.3821406296875 0.6485698015625 0.3738171796875 0.719338396875 0.53953061875 0.786142846875 0.5420468578125 0.786541378125
1 0.6483226671875 0.6709821109375 0.5438785890625 0.828501046875 0.543678309375 0.8290827015625 0.630270540625 0.8607165312499999 0.7363190375 0.7111492140625 0.73645036875 0.710767803125 0.6483226671875 0.6709821109375
1 0.20307620937499998 0.7267206171875 0.2641293359375 0.7398149984375 0.29551770781250003 0.745349615625 0.374253165625 0.573383221875 0.28324430624999997 0.5547878374999999 0.203920421875 0.7219328453125 0.20307620937499998 0.7267206171875
0 1 0.20539497343750002 0.9428099890625001 0.15862804375 0.9055378468749999 0.22586877031250002 0.9756043734375 0.28533381874999997 0.9815806140625 0.287391603125 1 0.2549311703125 1 0.20539497343750002
1 0.9311543312499999 0.2537412234375 0.939576290625 0.17638115000000001 0.845633996875 0.1441117984375 0.8423785734375 0.15356623593750002 0.8394731343749999 0.1742395015625 0.8341705359375 0.2171560796875 0.9269962421875 0.2531568421875 0.9311543312499999 0.2537412234375
0 0.7599567734375 0.1717199484375 0.8313121875 0.24060763125 0.8356080406249999 0.24208681250000003 0.8708889203125001 0.1769901984375 0.7947605171875 0.10704059218749999 0.7878071296875 0.11908421093749999 0.7599567734375 0.1717199484375
0 0.677494815625 0.166891115625 0.6755641406249999 0.1724982015625 0.7464926390625 0.20389872968749997 0.8112345578125 0.1307068375 0.742700484375 0.094266625 0.677494815625 0.166891115625
0 0 0.773247825 0.15782830781249998 0.869152878125 0.18139854375 0.7850948578125 0.02545670625 0.68314751875 0.0210059453125 0.6960734671875 0 0.7693299 0 0.773247825
0 0.2143538890625 0.723521228125 0.2016431734375 0.7167628203125 0.0813275328125 0.845515778125 0.0783224375 0.8511675406249999 0.078270440625 0.8513185515625 0.1505626109375 0.894881125 0.1543794390625 0.8969105687500001 0.2835651171875 0.7617494375 0.2143538890625 0.723521228125
0 0 0.808056278125 0.0458292234375 0.8509438812499999 0.0517157625 0.8529707796875 0.09351296718749999 0.7787576390625001 0 0.6884462250000001 0 0.808056278125
0 0.31015409531250004 0.9417190171875 0.31129331875 0.9423504984375001 0.3159387828125 0.9439500609374999 0.355103103125 0.8671754796875 0.22074571562499998 0.7347614609375 0.175189359375 0.8215555171875 0.31015409531250004 0.9417190171875
0 0.6737545828125 1 0.7238464828125 0.8944225109374999 0.628307096875 0.8690668671875 0.5738733468749999 1 0.6737545828125 1
0 0.5655722234375 1 0.6415425390625 0.8760161999999999 0.64209300625 0.874417528125 0.5697591609375 0.847761915625 0.553181925 0.8417282953124999 0.4528824453125 1 0.5655722234375 1
0 0.5468487671875 0.891418396875 0.36694965 0.8288146453125 0.36541324999999997 0.8332766749999999 0.3554597140625 0.927978240625 0.531752215625 0.9857712421875 0.5386900859375 0.9865004421875 0.5468487671875 0.891418396875
0 0.291489759375 0.7778876890624999 0.2692747125 0.83892303125 0.2584838140625 0.8702620734375 0.4171348828125 0.9705320109375 0.4246116015625 0.9731064515625001 0.45759448750000004 0.8874182140625001 0.291489759375 0.7778876890624999
0 0.8244017734375 1 0.6709540109375001 0.909340778125 0.6395250390625 0.9753929234375001 0.6295086765625 0.997890040625 0.6328849453125 1 0.8244017734375 1
0 0.4430502203125 0 0.404881646875 0.10224976875 0.40467039531250004 0.1052708078125 0.40889457656249995 0.106725309375 0.4402533046875 0.109457565625 0.4761054546875 0.11196459218749999 0.5124168140625 0.0068291859375 0.444270253125 0 0.4430502203125 0
0 0.615186140625 0.130735471875 0.682321703125 0.1888690078125 0.6846543015625 0.19010927187499999 0.68929079375 0.19170574375 0.7191912828125 0.1329491921875 0.6502389281250001 0.0660946 0.631045684375 0.1009080078125 0.615186140625 0.130735471875
0 0.38621213593750003 0 0.3164821375 0.0491175953125 0.3156743109375 0.05146369375 0.372635234375 0.08845454999999999 0.37627592656250003 0.090729128125 0.4616222828125 0.01566315 0.43522755625 0 0.38621213593750003 0
0 0.47329434218750005 0.081097196875 0.5453667828125 0.14710632968749998 0.5487563 0.148273434375 0.58335875625 0.0853425734375 0.50570809375 0.013699946874999999 0.4801984609375 0.0660024421875 0.47329434218750005 0.081097196875
0 0.548328378125 0.10051182968750001 0.61048863125 0.17102050468750002 0.6111186 0.17139902812500002 0.6163428140625 0.1731978703125 0.651384884375 0.110305609375 0.5846170796875 0.03898343125 0.562289659375 0.0761424984375 0.548328378125 0.10051182968750001
0 0.1902702953125 0 0.1800998125 0.0084641140625 0.179528225 0.0101241296875 0.2416054671875 0.0417540640625 0.2911516203125 0 0.1902702953125 0
0 0.2877643359375 0 0.2475666921875 0.028494675000000004 0.2465929375 0.031322665625 0.301739659375 0.067703009375 0.30690959375000004 0.07080942031250001 0.391114934375 0 0.2877643359375 0