0 0.8903379093750001 0.8455495781250001 0.9335508375 0.742662071875 0.9337439140624999 0.7399009750000001 0.9170994125 0.7369661 0.8984534015625 0.7356622453125 0.8647061031250001 0.7341385 0.8226449125 0.841978390625 0.8903379093750001 0.8455495781250001
0 0.8606520578125 0.8301333640624999 0.86082553125 0.8291495515625 0.8632943859375001 0.7620533484374999 0.7519862234375 0.7211750515625 0.7495074828125 0.788720128125 0.8606520578125 0.8301333640624999
0 0.508394471875 0.671857040625 0.50595445625 0.7483562140625 0.6184450874999999 0.7820608874999999 0.618879203125 0.7795989015625 0.6188792015625 0.7774697796875001 0.616949478125 0.7049037609375 0.5097207671875 0.671857040625 0.508394471875 0.671857040625
0 0.7131828609374999 0.7126763781250001 0.7138923312500001 0.708652775 0.644128640625 0.6832608671875 0.5724916640625 0.77572669375 0.649022675 0.797973528125 0.7131828609374999 0.7126763781250001
0 0.800539753125 0.7301413234374999 0.8012176984374999 0.7262965015625 0.7293204359375001 0.694285778125 0.6492073796875 0.7855703078125 0.7211504203125 0.818064453125 0.800539753125 0.7301413234374999
0 0.45429987031249996 0.6426692218750001 0.4265178140625 0.7158866265625 0.52457849375 0.781989565625 0.5250124375 0.78206608125 0.5496527203125 0.710505503125 0.4560051484375 0.6430639 0.4554456734375 0.6428712578125 0.45429987031249996 0.6426692218750001
0 0.41090785468749996 0.7603272015625 0.4788670625 0.6648412421875001 0.4794059953125 0.6617848000000001 0.4134464984375 0.6347543140624999 0.40457958281249995 0.6313506249999999 0.3350148046875 0.7285904140625 0.41090785468749996 0.7603272015625
1 0.14325976406250002 0.568785209375 0.11707290937499999 0.5641677609375 0.0609203421875 0.5582658890625 0.0236602359375 0.692714221875 0.10456750937499999 0.700440840625 0.14325976406250002 0.568785209375
0 0.096285634375 0.6949428765625 0.1039436859375 0.6969948453125 0.1783605546875 0.7162796140625 0.23755536562500001 0.5936952609375 0.23864725468749998 0.5875028453125 0.236544475 0.58693940625 0.15557924843749998 0.5667730093750001 0.0970274453125 0.6921743984375001 0.096285634375 0.6949428765625
1 0.26566025 0.6052680406250001 0.2647448015625 0.6104598015625 0.25508502499999997 0.6844401890625 0.39209965156250004 0.734013975 0.3924436296875 0.7320631750000001 0.39650767343750004 0.7055263375 0.4025188421875 0.656569296875 0.2659899859375 0.6053085265625 0.26566025 0.6052680406250001
1 0.326542303125 0.621493384375 0.3286452453125 0.6169836078125 0.329219034375 0.6137294890625 0.26333894999999996 0.584661159375 0.17505343281250002 0.6951715265625 0.2489753859375 0.73167178125 0.326542303125 0.621493384375
0 0.7991341875 0.6522038390625 0.9461476984375 0.7141847265625 0.9465869859374999 0.711693403125 0.9523077828125001 0.62988219375 0.8097746796875 0.5755182 0.8060853109374999 0.5752602140625 0.7991341875 0.6522038390625
0 0.8600829609374999 0.6429262234374999 0.9770647453124999 0.673816628125 0.9819617671875 0.6460442328125 0.9796550140625 0.602028765625 0.9757846125 0.601346309375 0.8546277531250001 0.6076958718750001 0.8600829609374999 0.6429262234374999
0 0.4884575296875 0.651433996875 0.5616755046875 0.6554270265625 0.5732136421875 0.655628425 0.6112470203125 0.510577259375 0.611255390625 0.510097703125 0.61091733125 0.51003809375 0.5647972125 0.5085841421875 0.5345448312500001 0.5080560859375 0.488465 0.6510060156249999 0.4884575296875 0.651433996875
0 0.7068059859375 0.6705007078125 0.7849995359374999 0.69764020625 0.8726152125000001 0.582325365625 0.8729794609375 0.5802596109375 0.8123513125 0.5538233203125 0.8007765687499999 0.5498378171875 0.7069038812499999 0.6702163999999999 0.7068059859375 0.6705007078125
0 0.5477744625 0.6429691890625 0.6201239578125 0.668313396875 0.7109849453125 0.5519129296874999 0.7117596046875 0.549784571875 0.71247970625 0.5457006671875 0.711527703125 0.5453541656249999 0.633403359375 0.5233022796875 0.5478826109375 0.6423558453125 0.5477744625 0.6429691890625
0 0.7936682203125 0.56134565625 0.7939806234375 0.5603841765625 0.794291034375 0.5586237515625 0.7179554625 0.5338208203125 0.6297734312500001 0.657008803125 0.70182960625 0.6819512 0.7936682203125 0.56134565625
0 0.391643265625 0.6190123578125 0.4669015640625 0.6425541421875 0.53956290625 0.5185757359375 0.5413032171875 0.5087059484374999 0.48394386562499997 0.48886098437500003 0.46690201406250004 0.4839743125 0.40107022968750006 0.5996749265625 0.391643265625 0.6190123578125
0 0 0.5182767828125 0.10971707343749999 0.54486745625 0.1142434078125 0.519197334375 0.12053431562500001 0.46270783125000003 0.0045850828125 0.43025237499999996 0 0.4562556671875 0 0.5182767828125
1 0.1722560828125 0.559904690625 0.182141428125 0.4265003125 0.1756032046875 0.42534744687500003 0.15180347656249998 0.42701168593750005 0.0984401625 0.4328157703125 0.0857634640625 0.5638536265625 0.1722560828125 0.559904690625
1 0.30578705624999997 0.59432574375 0.3797342453125 0.4892089109375 0.3803645375 0.48563435000000005 0.301299328125 0.45368993281250003 0.2290973734375 0.5633076421875 0.2286877171875 0.5643215781250001 0.30578705624999997 0.59432574375
1 0.1922416265625 0.442160246875 0.16599225625 0.5759667703125 0.1679717234375 0.576315803125 0.251882515625 0.5742718234375 0.274866375 0.4428502234375 0.27095333125 0.442160246875 0.1922416265625 0.442160246875
0 0.45656561875 0.5441368453125001 0.35717161875 0.4621226703125 0.35367020937500004 0.4615052765625 0.3201455171875 0.5363095062500001 0.42288379374999996 0.61599109375 0.450978475 0.5561185156249999 0.45656561875 0.5441368453125001
0 1 0.28872748593750003 0.9622820453125 0.27932334375 0.873478725 0.44245696093750003 0.8731163687500001 0.44451198124999997 0.9434608609374999 0.45866175 1 0.3690075296875 1 0.28872748593750003
0 0.22376497031249998 0.3359030640625 0.30766968125 0.178061053125 0.3089824625 0.17061590468750001 0.25209905312499997 0.1521333640625 0.22051361875 0.1422368078125 0.137138428125 0.311141859375 0.22376497031249998 0.3359030640625
0 0.869352903125 0.450260496875 0.9587602171875 0.2917304984375 0.9602630265625001 0.2832076453125 0.9107451609374999 0.269008625 0.8919116031250001 0.26407572031250004 0.7939471593749999 0.42550567343749995 0.869352903125 0.450260496875
0 0.49430288906250003 0.352348346875 0.510505378125 0.26045946249999996 0.3445251640625 0.19810308593749998 0.3343757859375 0.1963134765625 0.3151983484375 0.28024398906250003 0.49430288906250003 0.352348346875
1 0.1299504375 0.322101715625 0.21235887187500002 0.166369940625 0.21356692187499998 0.162861509375 0.2144885546875 0.157634671875 0.142329140625 0.1285940765625 0.12661402187499998 0.1231829265625 0.044152884375 0.2901635296875 0.1299504375 0.322101715625
0 0.7791087390625 0.43052984062500005 0.854728671875 0.269853346875 0.8568784765625 0.2576612015625 0.8043405781249999 0.2474488671875 0.7772282703125 0.2426682359375 0.6935859859375 0.4149284296875 0.7791087390625 0.43052984062500005
0 0.5857014703125001 0.32649006875 0.5970394625 0.2869497859375 0.436618534375 0.20323540312500002 0.43271035781249995 0.20254628593750001 0.4121854625 0.28669156562500003 0.5694523953124999 0.3737080875 0.5709004609375 0.3741233140625 0.5857014703125001 0.32649006875
1 0.23135899843750002 0.2795552234375 0.40726472031250005 0.324517240625 0.4087600125 0.32459560625 0.409628153125 0.319672140625 0.41441714999999996 0.22829264375 0.229896359375 0.18722769374999998 0.2298606875 0.18743000468749998 0.23135899843750002 0.2795552234375
0 0.6725010921875 0.41334442656250003 0.78226034375 0.2644060515625 0.7830835078125 0.2622616390625 0.7835404546875 0.25967015937500004 0.7265697140625 0.2353640421875 0.6968140921875 0.223941928125 0.586712490625 0.37772538125 0.6725010921875 0.41334442656250003
1 0.6848285484375001 0.295742275 0.666997725 0.286351678125 0.5326098640625 0.21857466093750003 0.5237019109375 0.2170039484375 0.502995621875 0.296879290625 0.6669207453125 0.3889106875 0.6683805203125 0.3830558484375 0.6848285484375001 0.295742275
0 0 0.8803590859374999 0.0246013015625 0.8875158515624999 0.06552246874999999 0.8045055921875001 0.0666837203125 0.7979198125 0 0.7787985640625 0 0.8803590859374999
0 0.060148257812499994 0.787361209375 0.05468626875 0.7863981124999999 0.031502471875 0.8596052171874999 0.119210646875 0.9048252859374999 0.141688171875 0.8313046171874999 0.060148257812499994 0.787361209375
0 1 0.1472039328125 0.920314696875 0.1513800625 0.9228994937499999 0.1871605609375 1 0.2051739234375 1 0.1472039328125
1 0.1123310953125 0.8804991953125001 0.20665659062500003 0.912900178125 0.2134694203125 0.8742627031250001 0.21773685 0.839724265625 0.12491114375000001 0.8037235015625 0.1207530546875 0.803139121875 0.1123310953125 0.8804991953125001
0 0.2442086265625 0.9243941796874999 0.302881978125 0.843613296875 0.3030270796875 0.843254159375 0.3035846203125 0.8400921875 0.2931599171875 0.8358803328125 0.23398881875000002 0.8138081421875001 0.1750137171875 0.8993678421875 0.2442086265625 0.9243941796874999
0 0.37769575 0.8571796734375001 0.37889736093750004 0.8538782734374999 0.37918009375 0.8522748218749999 0.30375833124999996 0.8308198296875 0.24983282031249998 0.91230975625 0.322771421875 0.9388572359375 0.37769575 0.8571796734375001
0 0.7672878109375 0.09989727968749999 0.772700178125 0.1895486109375 0.9524240328125 0.22868591875000002 0.952988071875 0.22548709687500001 0.9486001765625 0.141761053125 0.7690291593749999 0.09640681250000001 0.7678927734375 0.0964663671875 0.7672878109375 0.09989727968749999
0 0.6772926781249999 0.1650556265625 0.85639443125 0.2154159671875 0.8575161281250001 0.20905450625 0.8575161281250001 0.1219393375 0.6843657453125 0.0753500203125 0.6821081984374999 0.07535001875 0.6772926781249999 0.1650556265625
0 1 0.14236511093749998 0.86213339375 0.1102802203125 0.857258071875 0.110535725 0.8581802546875 0.196927903125 1 0.23229336250000002 1 0.14236511093749998
0 0.704271459375 0.21706133125 0.7447754375 0.0370338125 0.7361516453125 0.0355132046875 0.7171848046875 0.0355132046875 0.6569476625 0.037588228125 0.606273509375 0.21929543749999997 0.704271459375 0.21706133125
0 0.19825294843750002 0 0.192248040625 0.0734807890625 0.378341121875 0.1281884734375 0.3800113546875 0.1187161140625 0.3877934390625 0.0297664828125 0.264513175 0 0.19825294843750002 0
0 0.3785914796875 0 0.286040428125 0.1297631453125 0.2857321734375 0.1315113484375 0.3556600796875 0.1629811234375 0.37177605156250004 0.170156415625 0.48542061406250003 0.0158048375 0.485748459375 0.0139455296875 0.4544262875 0 0.3785914796875 0
0 0.463377015625 0 0.39988177187499996 0.173037015625 0.496118671875 0.1846903765625 0.5638133359374999 0.01005076875 0.5642712328124999 0.006792654687499999 0.53443728125 0.0015321234375 0.52353565625 0 0.463377015625 0
0 0.47753415468749993 0.044745931249999996 0.48597082656249996 0.14117754062500001 0.6810364046874999 0.1661436 0.6816663000000001 0.1625712921875 0.6777829484375 0.106294659375 0.6748451656250001 0.07271565156250001 0.48251153125 0.0443104671875 0.47753415468749993 0.044745931249999996
0 0.10284655000000001 0 0.08855569375 0.03445586875 0.2512135578125 0.1344267296875 0.28379051093749996 0.0689331546875 0.294197975 0.046614275 0.22242608125 0 0.10284655000000001 0
0 0.5608525109375 0.8797435328125 0.5558833 0.9511728765624999 0.6618649875 0.98571834375 0.66258699375 0.9816236453125 0.6647403359374999 0.9555584343750001 0.6668136953125 0.9159963781249999 0.5648625546875 0.8799536890624999 0.5608525109375 0.8797435328125
0 0.4440102671875 0.855334565625 0.44404978125000005 0.8550534046875 0.39880511093750004 0.8470755499999999 0.3718421953125 0.843286159375 0.33752604218750004 0.933199759375 0.40543794218749996 0.9415033828125001 0.4440102671875 0.855334565625
0 0.7374862609374999 0.897553384375 0.7377479078125 0.892560871875 0.73172861875 0.8914995093750001 0.6778772953125001 0.8908549765625 0.62888754375 0.9966880343750001 0.7031209406250001 0.9992747453125 0.7374862609374999 0.897553384375
0 0.59123430625 0.9057475296874999 0.5072631609375 0.858266609375 0.502547825 0.85743516875 0.48303583437500003 0.92637006875 0.5748124 0.9787089 0.5879027203125 0.9220084937499999 0.59123430625 0.9057475296874999
0 0.4726475 0.954744859375 0.52313660625 0.872678203125 0.523612165625 0.869981171875 0.487584775 0.8609985359375001 0.45188253281249996 0.853328009375 0.402727896875 0.9388485375 0.4726475 0.954744859375
0 0.87585651875 1 0.87566235 0.9888761 0.8731664515625001 0.9514119171875001 0.77042395 0.9094165671875001 0.767332571875 0.9094705265625 0.7672820875 0.9097568328125 0.7684869515625 0.9787834203125 0.8213231109375 1 0.87585651875 1
0 0.7651114609375 1 0.7726423984374999 0.9835845734375 0.8085128390625 0.9017473468749999 0.8085128375 0.898922634375 0.7418516234375 0.8961136953125 0.7358202046875 0.8961136968750001 0.700172828125 1 0.7651114609375 1
0 0.91452618125 1 0.9228439640625 0.9813179546875 0.9305315921874999 0.9377192546875 0.9017465546875 0.9268791265624999 0.826007334375 1 0.91452618125 1