0 0.5927383421875 0 0.5782052453125 0.07696917343750001 0.6381232109375 0.110751553125 0.6400507296875 0.10861082656250001 0.6410113859375 0.10680409531249999 0.6583433734375 0 0.5927383421875 0
0 0.5642264406249999 0.17124075 0.6246132890625 0.0689866421875 0.5801794515625 0.018054179687499998 0.519402309375 0.119871078125 0.5642264406249999 0.17124075
1 0.46025384375 0.2505214765625 0.398441259375 0.20532603124999999 0.397695121875 0.20628104375 0.3576774859375 0.3112347453125 0.4136722296875 0.357431490625 0.41627979687499994 0.35946874375000004 0.418842940625 0.356622084375 0.46025384375 0.2505214765625
0 0.49485039531249997 0.27096604062499996 0.5413991625000001 0.21348309843750002 0.53679480625 0.2093373171875 0.4399640140625 0.17011748437500002 0.38582210156249996 0.228603128125 0.49485039531249997 0.27096604062499996
0 0.47100762031250004 0.197018603125 0.537022796875 0.2393807765625 0.539758559375 0.23634240312500002 0.5403732546875 0.23539585624999998 0.5704970171875 0.12234006718749998 0.504426053125 0.07943307968749999 0.5039866156249999 0.07992112500000001 0.47100762031250004 0.197018603125
0 0.28143723125000003 0.3380877828125 0.3842272390625 0.397471890625 0.43781779531250004 0.340445540625 0.43602816093749996 0.3386559046875 0.3350849734375 0.284440040625 0.28143723125000003 0.3380877828125
0 0.25061955625 0.43586237499999997 0.316751575 0.48168163125 0.3198178203125 0.47827622031250006 0.3623149078125 0.37072044375 0.2943638796875 0.3243562703125 0.25061955625 0.43586237499999997
1 0.0453325609375 0.5973612296875 0.006958496875 0.66790581875 0.00873759375 0.669507725 0.13879375 0.713049596875 0.17791369375 0.6394756828125 0.0453325609375 0.5973612296875
1 0.06304088906250001 0.5813165640625 0.06463284687500001 0.5829650859375 0.17663920625 0.6642571328125 0.2348714421875 0.6099806453125 0.23973092187499997 0.604583646875 0.23828334999999998 0.6030846421875 0.124081946875 0.5224511140625 0.0685307546875 0.5752194515625 0.06304088906250001 0.5813165640625
1 0.2539182390625 0.5600535953125 0.25525984375 0.558664321875 0.3284832765625 0.437324390625 0.3078192859375 0.41736940625 0.2699151 0.383240325 0.196671659375 0.507976071875 0.2539182390625 0.5600535953125
1 0.20038335625 0.6161886046875 0.271914975 0.4941636 0.24226051875 0.46431030624999997 0.2293521109375 0.4518448015625 0.21887065625000002 0.4424072578125 0.13981617500000001 0.5602570375 0.20038335625 0.6161886046875
0 0.7637102578125 0.20858116875000002 0.803721465625 0.136399040625 0.8009412078124999 0.1338956859375 0.6474225234375 0.10644003906249999 0.6108248484375001 0.17574259375 0.7637102578125 0.20858116875000002
0 0.661892534375 0.09490029375 0.8149611046875 0.157391415625 0.8314795234375 0.1413290796875 0.8389741484375 0.1323973296875 0.8200619687499999 0.1153687265625 0.745608546875 0.0528948875 0.718034909375 0.030375173437500003 0.6604946953125 0.09364167343749999 0.661892534375 0.09490029375
0 0.5299249421875001 0.3413651796875 0.50431231875 0.3130406015625 0.42173457968749994 0.4395538015625 0.47153473124999995 0.49723629375 0.47322616718750005 0.49581701093749997 0.560201190625 0.37744700625 0.5299249421875001 0.3413651796875
0 0.5616373703125 0.217761984375 0.5623705234374999 0.2185762328125 0.6879707828125 0.2904284390625 0.747361609375 0.23695269843750003 0.7493159265625 0.234782209375 0.6157721859375 0.16059778125 0.5616373703125 0.217761984375
0 0.4772065625 0.3647368078125 0.51920274375 0.4352907328125 0.5202173375 0.43620427812499996 0.5238986390625 0.43362660468750003 0.6132389734375 0.315174571875 0.57100493125 0.25485810937500003 0.5687971828125 0.25287024375 0.4772065625 0.3647368078125
0 0.5929452109375 0.380041259375 0.59536148125 0.37770789374999997 0.6656652359375 0.24770367499999998 0.618058290625 0.198405240625 0.60864370625 0.1899283109375 0.53968989375 0.326959290625 0.5929452109375 0.380041259375
0 0.5260306781249999 0.456156490625 0.5199016140625 0.45261787499999995 0.37992002343750003 0.41346515000000006 0.34213723281249997 0.4826784984375 0.36235133125 0.4900401625 0.4900791546875 0.5275376203125 0.4989434703125 0.5121841765624999 0.5269615937500001 0.4569946921875 0.5260306781249999 0.456156490625
0 0.164657996875 0.709773840625 0.15690116406250001 0.7040724921875 0.097220078125 0.81015169375 0.12013137656249999 0.8307811203125001 0.16148766406249998 0.8619453187499999 0.16621083125 0.8566997093750001 0.227111921875 0.7568362484375 0.164657996875 0.709773840625
1 0.1490082203125 0.7578868703125 0.210925396875 0.8140445125 0.21393783125 0.8106988671875 0.28270438124999997 0.699625759375 0.26554152656249996 0.68417225625 0.216181434375 0.6447487187500001 0.2144556546875 0.6466653921875001 0.1490082203125 0.7578868703125
0 0.300126834375 0.5382192671875 0.24505242656249998 0.5999555437499999 0.24587775 0.6006729843749999 0.3595523578125 0.6653233875 0.37785230468750003 0.6449992375 0.41606581875000004 0.6010396203124999 0.4120286734375 0.5974045578125 0.300126834375 0.5382192671875
1 0.28818556093750003 0.5954318796875 0.26106645156249997 0.5797746546875 0.2167318578125 0.7092580203125001 0.287084240625 0.750477625 0.28934670156250003 0.74796490625 0.3347233703125 0.623833540625 0.28818556093750003 0.5954318796875
0 0.3681809109375 0.620993021875 0.371225546875 0.6188611468749999 0.456007409375 0.525371640625 0.4124206484375 0.46109166874999996 0.40802956718749994 0.45713792187499996 0.3229977171875 0.5567941578125 0.3681809109375 0.620993021875
0 1 0.292635125 0.8699595796875 0.2567234140625 0.8674856140625 0.26100845 0.8294043203125 0.3298008984375 1 0.3653252703125 1 0.292635125
0 0.3685098671875 0.934321234375 0.4413739921875 0.9854323078125 0.44379736718749996 0.982740878125 0.5210629578125 0.8149698843750001 0.45585318125 0.7716399546875 0.44214607812500006 0.7627384562499999 0.440665734375 0.7643825453125 0.3685098671875 0.934321234375
0 0.8001940859375001 0.41998292187499997 0.8478134562499999 0.48277735625 0.8495025578125001 0.48159463437500005 0.9688908578125 0.33803741875000004 0.9416798578125001 0.2972011546875 0.9321192484375 0.283547190625 0.9260676828125 0.2780983359375 0.8001940859375001 0.41998292187499997
0 0.5323769078125 0.8356302031249999 0.5398490218750001 0.8303981734375 0.664797971875 0.7028469234375 0.6133923593749999 0.6294321046875 0.6107127203125 0.6270193453124999 0.47939085312499996 0.7674946874999999 0.5323769078125 0.8356302031249999
1 0.4600515203125 1 0.4680028046875 0.9935611765625 0.4757008625 0.9870054890625 0.48246568125 0.979492396875 0.47605945156249996 0.9715813624999999 0.349209321875 0.85028383125 0.277383390625 0.9147801390625 0.3716531140625 1 0.4600515203125 1
0 0.7738025562499999 0.3759330265625 0.707538384375 0.432205621875 0.8665165234375 0.539844934375 0.920865425 0.49260015468749996 0.9278117984375 0.484885425 0.923582103125 0.480019715625 0.7738025562499999 0.3759330265625
0 0.7424123234375 0.655192503125 0.5676352453125 0.596907696875 0.557040040625 0.61525913125 0.5234132218750001 0.676581940625 0.5239653796875 0.6769007265625 0.6966547046875 0.729842334375 0.73737901875 0.665402859375 0.742979253125 0.65570296875 0.7424123234375 0.655192503125
1 0.6155584390625 0.81877025625 0.46611758593749997 0.72297078125 0.3975629546875 0.7848456328125 0.5537777234375 0.892021871875 0.578359415625 0.8665667859375 0.6056551796874999 0.838006359375 0.6195257921875 0.822601484375 0.6155584390625 0.81877025625
0 0.6431211921875 0.521472109375 0.81225939375 0.6062140125 0.832102875 0.5841755953125001 0.8724797750000001 0.5368200328125 0.8690060296875 0.533692259375 0.704282428125 0.4483107640625 0.6431211921875 0.521472109375
1 0.761984896875 0.563242621875 0.769607940625 0.5445875734375 0.7008839359375 0.488274084375 0.6960022671874999 0.48472734375000004 0.629584978125 0.6605965203124999 0.696951525 0.708590059375 0.7019748890625 0.7030110484375001 0.761984896875 0.563242621875
1 0 0.49251675156249997 0.0000430125 0.492582875 0.0022818875 0.49107273593749995 0.072368071875 0.42108997812500004 0.0438505984375 0.3758280421875 0.03198523125 0.3582369109375 0.029165542187499997 0.3556980515625 0 0.38719163125 0 0.49251675156249997
0 0 0.354981921875 0.0751423390625 0.422659571875 0.13339778124999999 0.386421340625 0.135679803125 0.383886896875 0.1320780546875 0.3785470859375 0.062146690625 0.3123652875 0.0033908859375 0.3497344421875 0 0.3520216234375 0 0.354981921875
0 0.1497776390625 0.36058045 0.1860614015625 0.295122809375 0.1815596171875 0.2910693828125 0.0933452890625 0.2665960671875 0.0496345046875 0.33359534375 0.1497776390625 0.36058045
0 1 0.49578112343749997 0.943012784375 0.46456231875 0.8784630468750001 0.5303522875 0.877376321875 0.53155921875 1 0.593568753125 1 0.49578112343749997
0 1 0.58502425 0.8624984890625 0.54833465625 0.8553006015625 0.5608017624999999 0.816864015625 0.6298974875 0.9980441703125 0.6760626484375 1 0.6726750531250001 1 0.58502425
0 0.7547857421875 0.6635969609375 0.9140298296875 0.7647241046875 0.9601832124999999 0.7259596312500001 0.9753493421874999 0.7123039890625 0.9802951375 0.7068111265625 0.82910731875 0.5996837953124999 0.7547857421875 0.6635969609375
0 0.6514786171875 1 0.6917641875 0.9223659578125 0.6116391015625 0.8641516749999999 0.5493920937500001 1 0.6514786171875 1
0 0.6877042453125 1 0.7470647078125 0.8423820718749999 0.6954195484375 0.8088433140625 0.66730844375 0.7907472515625 0.6669614984375001 0.7912815 0.5965317921875 0.9700560375 0.64264145 1 0.6877042453125 1
0 0.763943496875 0.7304033859375 0.74753175 0.7161368734375 0.6542164296874999 0.8855293718749999 0.7279913625 0.9496609421875 0.7342071203125 0.94275764375 0.8196698578125 0.7807483328125 0.763943496875 0.7304033859375
0 0.87617806875 0.8294502046875 0.88418231875 0.8205605828125 0.9241656687500001 0.74827234375 0.7359759078125 0.6881898843750001 0.686980721875 0.773052034375 0.87617806875 0.8294502046875
0 0.32196871875 0.1638098484375 0.3262282671875 0.1592420421875 0.3753348390625 0.06667667187500001 0.356151028125 0.0487874796875 0.32147639843750003 0.0175663015625 0.2708629296875 0.11894815781250001 0.32196871875 0.1638098484375
0 0.10561663437499999 0.2505641109375 0.18134024531249998 0.3099609828125 0.2222310796875 0.2768482390625 0.22794347343750002 0.27207723281249996 0.236751778125 0.26229461875000004 0.15955181093749998 0.20846930156250001 0.10561663437499999 0.2505641109375
0 0.352201925 0 0.3175258984375 0.059262317187500003 0.36789052031249997 0.11327989375 0.3686459296875 0.112550403125 0.41591265625 0.0071841703125 0.4095150046875 0 0.352201925 0
0 0.3132253125 0.11896865625 0.2818939671875 0.0785825578125 0.28104316093750004 0.0791782984375 0.218585078125 0.157658653125 0.259892021875 0.21988086562500003 0.2614091703125 0.21881854843749998 0.325937953125 0.137124190625 0.3132253125 0.11896865625
0 0.2373572125 0.2678435703125 0.2670260921875 0.178652046875 0.2446528109375 0.161675065625 0.2095811078125 0.13619398124999998 0.1759888140625 0.227934653125 0.233630621875 0.2727663734375 0.23440727031250003 0.271903815625 0.2373572125 0.2678435703125
0 0.3839372875 0 0.42592934531250004 0.024569125 0.44839601875 0.037205553125 0.457275553125 0.03075419375 0.49786998281250006 0.000031190625 0.49784732187499997 0 0.3839372875 0