0 0.5374112203125 1 0.5187487015625 0.9457389656249999 0.40140171249999995 0.9441362578125 0.4210906171875 1 0.5374112203125 1
0 0.40116214687499996 0.9486679765625 0.5176257421875 0.926379575 0.48496215156250005 0.867205496875 0.3682212015625 0.8889776078124999 0.40116214687499996 0.9486679765625
1 0.311145275 0.7482687609374999 0.38430442187499997 0.7256598390625 0.379614209375 0.6099227453125 0.37881143281249996 0.608119678125 0.3750671359375 0.6094089421875 0.307082875 0.63485871875 0.3107507109375 0.747122859375 0.311145275 0.7482687609374999
0 0.3904527640625 0.6758202468750001 0.3308936125 0.7208268265625 0.3690684328125 0.830243190625 0.3737857359375 0.8281429109375 0.3905208953125 0.8155320640625 0.43042711718750004 0.781096440625 0.3934654015625 0.6798181515625 0.3904527640625 0.6758202468750001
0 0.3663358765625 0.8695141640624999 0.48481730624999997 0.8659373 0.4872825234375 0.8648397140625 0.46187889843749996 0.791062228125 0.34051115 0.7930108812500001 0.3404636859375 0.793027225 0.3663358765625 0.8695141640624999
0 0.3632991125 0.6504863656250001 0.3427431125 0.534097525 0.3164154515625 0.5458193546875 0.2738915625 0.5656485703125 0.290498278125 0.6803250546874999 0.29104045 0.68148774375 0.3632991125 0.6504863656250001
0 0.35436735 0.5648398343750001 0.3579018640625 0.563266165625 0.3311008625 0.486761925 0.21157349375 0.5005067453125001 0.23926970625 0.5777913781249999 0.35436735 0.5648398343750001
1 0.2080260828125 0.2854206140625 0.1924600828125 0.151348190625 0.19226881093749998 0.1507225671875 0.19050237187500002 0.1467550828125 0.1121063078125 0.170159728125 0.13051672187500002 0.309809028125 0.141723121875 0.3063828890625 0.2080260828125 0.2854206140625
1 0.1182951140625 0.26145509843750003 0.11884391718750001 0.2645675171875 0.134884465625 0.34698407656249997 0.271135475 0.34705204375 0.27581515 0.3449685171875 0.27452295625 0.3376401203125 0.2607556671875 0.2631529796875 0.11950823749999999 0.26124119375 0.1182951140625 0.26145509843750003
1 0.35004389375 0.4651652109375 0.3535320546875 0.46298556562500004 0.3509226703125 0.4571247921875 0.3124597578125 0.395571265625 0.1755872140625 0.44299218281249997 0.21484602968750002 0.51019455 0.35004389375 0.4651652109375
1 0.306366434375 0.41660977812500005 0.3079170390625 0.4161942953125 0.3139832953125 0.41349342343749995 0.293955221875 0.34451790312499997 0.1525505328125 0.34792196875000003 0.1721058328125 0.42801138125 0.306366434375 0.41660977812500005
0 0.6269184515624999 0.9597469828125 0.6292326984375001 0.805627603125 0.6271061015625 0.8008511859375 0.548820640625 0.8269304921874999 0.55188944375 0.983552296875 0.577611309375 0.9757678453124999 0.6269184515624999 0.9597469828125
0 0.592058859375 1 0.59254448125 0.9998399703124999 0.654731253125 0.978427346875 0.7068696203125 0.95521385 0.704403921875 0.9480529453125 0.6947388765625 0.927137790625 0.5276826406249999 0.9306605140625 0.5274741859375001 0.9307533234375001 0.5544531109374999 1 0.592058859375 1
0 0.3905243890625 0.6105866890625 0.397187071875 0.6288922625 0.543499696875 0.6208829609375 0.5472862843749999 0.6191970640625 0.5264557609375 0.55462129375 0.5211031312500001 0.539915065625 0.37167175 0.5564320390625 0.3905243890625 0.6105866890625
0 0.523691121875 0.74595913125 0.5238314890625 0.8992660890625 0.524089984375 0.8998466781250001 0.6022558078125 0.8731468874999999 0.6003674046875 0.733111984375 0.597612 0.7269232453125001 0.523691121875 0.74595913125
0 0.577116878125 0.6897237171875 0.5861087359375 0.685720284375 0.58399216875 0.6809663953125 0.5478233609375 0.6136174609375 0.4021417828125 0.6348931140625 0.43428644375000003 0.7047982421875 0.577116878125 0.6897237171875
0 0.619937665625 0.758060621875 0.6213812109375 0.757260453125 0.611734875 0.7355944296875 0.5865498437500001 0.69015943125 0.43534388437500005 0.7160367265625001 0.4742122453125 0.7874537109374999 0.619937665625 0.758060621875
0 0.44412182656250004 0.417366490625 0.371486346875 0.45266083124999995 0.40700597656250004 0.5819593000000001 0.4133281203125 0.6003088546875001 0.4140232828125 0.6015629609375 0.42336698593750005 0.5974028765625 0.4393447703125 0.5890393671874999 0.48356260000000006 0.5645290234375 0.446079084375 0.4208974796875 0.44412182656250004 0.417366490625
0 0.31190052343749997 0.059466089062500005 0.1767762140625 0.0965903625 0.17434154375 0.097674346875 0.2075054296875 0.1784709796875 0.325513284375 0.1415423484375 0.34547853125 0.13265324843749998 0.31190052343749997 0.059466089062500005
1 0.24322665156249998 0.2439051015625 0.371884215625 0.2286499390625 0.37722477187500003 0.2262721703125 0.3697754953125 0.1984710875 0.35389584687500003 0.147195678125 0.2228466984375 0.15975509062499998 0.24322665156249998 0.2439051015625
0 0.3145998375 0.393700825 0.44353117031249994 0.391732746875 0.4464406875 0.39043734531249996 0.4257387796875 0.307406521875 0.2946169453125 0.3134255875 0.2935558640625 0.3136901421875 0.3145998375 0.393700825
1 0.4135085734375 0.3024775171875 0.4173882 0.30075019531249997 0.389442321875 0.2239695265625 0.2543256375 0.24513064999999998 0.2856964328125 0.32519845 0.4135085734375 0.3024775171875
0 0.47127271249999997 0.47300548750000004 0.4729321796875 0.47271287968750003 0.4779909640625 0.4704605625 0.4649040953125 0.3951821828125 0.33284643593749996 0.3847252984375 0.348632965625 0.4670151640625 0.47127271249999997 0.47300548750000004
0 0.8008971953125 0.74067076875 0.7961643203125 0.7441094046875001 0.853433665625 0.8899593328125001 0.9010761953124999 0.8687475125 0.9163437328124999 0.8576549968749999 0.8654872390625 0.698903528125 0.8638470406250001 0.6966459921875 0.8008971953125 0.74067076875
0 0.49919467031250003 0.19873885468750002 0.6680909171875 0.130479596875 0.670140940625 0.12919860156250002 0.6651442859375 0.11797593125000001 0.639024721875 0.07617589218750001 0.6211902609375 0.048291965625 0.4487510859375 0.1240882015625 0.49919467031250003 0.19873885468750002
0 0.755969259375 0.7907393578125 0.9352173140625 0.7474475671875 0.9393373546875001 0.745348303125 0.9265105874999999 0.716538909375 0.9167579375000001 0.6973982578125 0.9075211812499999 0.6802600328125 0.722647196875 0.7187083375000001 0.755969259375 0.7907393578125
0 0.749235459375 0.304173084375 0.716868659375 0.24840324531250002 0.7047553375 0.229750365625 0.52487835625 0.2990550640625 0.576179303125 0.3771301234375 0.742507625 0.308542190625 0.749235459375 0.304173084375
1 0.468582371875 0 0.49330555 0.144361153125 0.528841971875 0.1344511125 0.5812968359374999 0.1184140515625 0.564415359375 0 0.468582371875 0
0 0.839744915625 0.7185235390625 0.8242125375 0.53342541875 0.8233722374999999 0.5309850093749999 0.8225304437500001 0.529094309375 0.7440641515624999 0.5550771703125 0.7578676953125 0.7476113640625 0.7707069953125 0.7431904390625 0.839744915625 0.7185235390625
0 0.60622865 0.440734834375 0.6075011796875 0.4438844515625 0.646571453125 0.5264199984375 0.666516546875 0.5235364578125 0.8171680421874999 0.4990379625 0.8235202765625 0.496209765625 0.8014122390624999 0.4399902421875 0.792789096875 0.4186472171875 0.6069529593749999 0.44044219375000004 0.60622865 0.440734834375
0 0.7872409031250001 0.37916161875 0.7522627156249999 0.3323005078125 0.7325234984375 0.30703546249999997 0.5670351421875 0.3893378515625 0.5673259765625 0.389991078125 0.570328346875 0.3938339359375 0.6234783828125 0.45652410468750004 0.7845487062500001 0.3812649953125 0.7872409031250001 0.37916161875
1 0.530479690625 0.156467184375 0.5974994421875001 0.3252059125 0.5982029265625 0.32628918281249997 0.602962190625 0.3241702203125 0.6795508703124999 0.2744329515625 0.6043890578125 0.10118694531250001 0.6034865203125 0.10158877968749999 0.530479690625 0.156467184375
1 0.80738289375 0.6311645421875001 0.7893406 0.44754644218750006 0.787743709375 0.44338639999999996 0.6986729484375 0.47387321875 0.719886384375 0.6630206656250001 0.77628076875 0.6431035281249999 0.80738289375 0.6311645421875001
0 0 0.3904396671875 0.032436464062499996 0.3917543984375 0.037097815625 0.38967903125 0.025148515625 0.3142341234375 0 0.3136746390625 0 0.3904396671875
0 1 0.67041820625 0.9748384031249999 0.6736461140625 0.9739425421875 0.6738202515625 0.97191946875 0.6747209828125 0.9986569296875001 0.8122732953125 1 0.8120122296875 1 0.67041820625
1 0 0.479034590625 0.00556553125 0.49094693749999996 0.0100320578125 0.4889583125 0.0311329515625 0.473627615625 0.06568804843750001 0.447629625 0.0271026765625 0.35584816875 0.0246442765625 0.352464475 0.0245811484375 0.35249258125 0 0.37155063906249997 0 0.479034590625
0 0 0.50998278125 0.020256007812499997 0.54053605625 0.11106005000000001 0.508519621875 0.11590252187500001 0.5054937109375001 0.1120190265625 0.49677123749999996 0.0769888515625 0.4450630203125 0 0.47009021406249996 0 0.50998278125
0 0.1149567671875 0.5033695109375 0.1127641671875 0.4984448515625 0.04010398125 0.5192798234375 0.0438738109375 0.62302723125 0.1189886890625 0.595508309375 0.1149567671875 0.5033695109375
0 1 0.5698510890625 0.8737591609375001 0.5694660687499999 0.9018987140625001 0.658959296875 1 0.6560222484375 1 0.5698510890625
0 1 0.45585903125 0.8300798468749999 0.522090803125 0.876650584375 0.5859872562499999 0.8853141796875 0.597484234375 1 0.5512873796875 1 0.45585903125
0 1 0.6522953703125001 0.9133447984374999 0.641652046875 0.912441753125 0.6418112765624999 0.9153139234375001 0.6581001609375 0.9296492765625001 0.7323893640625 1 0.7399088265625 1 0.6522953703125001
0 1 0.42809943281249996 0.985453140625 0.38412916875 0.7989044125 0.3982222640625 0.8276582984375 0.4818579984375 1 0.4775937484375 1 0.42809943281249996
0 0.8542753281250001 0.116497728125 0.8570587625 0.1152584640625 0.8356509765625001 0.029396532812499997 0.6423094734375 0.03823599375 0.6647747921875 0.13449601718749998 0.8542753281250001 0.116497728125
0 0.6778198015625 0.142039346875 0.676464603125 0.14264271875 0.7075663203125 0.2132573796875 0.7147416125 0.22937335 0.9029230515625001 0.19061904062499999 0.9041905078125 0.19005473281250002 0.8643933640625001 0.10066888593750001 0.6778198015625 0.142039346875
0 0.7631109031250001 0.188772234375 0.814932809375 0.3717554640625 0.8291310125000001 0.365434015625 0.9028352234374999 0.3245791046875 0.8490592546875 0.1470200390625 0.8456771812499999 0.1409186140625 0.7631109031250001 0.188772234375
0 0.8454378312499999 0.4629757875 0.90522688125 0.4375968421875 0.9355061796875 0.42411562968750005 0.9006392015625 0.23970165 0.89742291875 0.2324777609375 0.8122602359375 0.2667948421875 0.8454378312499999 0.4629757875
0 0.6649795171874999 0 0.707343934375 0.0998180796875 0.712901175 0.0973438359375 0.738516784375 0.081952425 0.794620159375 0.044855904687499996 0.774249228125 0 0.6649795171874999 0
0 0.1529952734375 0.8616682421874999 0.2615665984375 0.8739807624999999 0.2641868484375 0.873518740625 0.2655581265625 0.872908209375 0.2600031140625 0.8379160718750001 0.2537622515625 0.8025223796875001 0.142965303125 0.7927241781250001 0.1529952734375 0.8616682421874999
0 0.12562668593749998 0.5640595875 0.125202671875 0.5642483703125001 0.07096368125 0.6022678703125 0.1003493140625 0.6933292718749999 0.1023269265625 0.6924487828125 0.13374919999999998 0.6719404078125 0.16175549218750002 0.653049925 0.12977034999999998 0.5702028218749999 0.12562668593749998 0.5640595875
0 0.24711132187499998 0.82522858125 0.1866164 0.8675943515625001 0.22200626093750003 0.9743964703125 0.22558244374999997 0.97280425 0.23086992187500002 0.969237803125 0.2720255171875 0.9389902234375 0.2476985546875 0.826099190625 0.24711132187499998 0.82522858125
0 0.19001898281250001 0.695955190625 0.1285839859375 0.7346366734374999 0.1613789671875 0.8337733 0.167026665625 0.8312587828125 0.20943373125 0.801565034375 0.22279029062500003 0.7917100515625 0.1913713484375 0.6978865703125 0.19001898281250001 0.695955190625
0 0.08006628593750001 0.6664421046875 0.0825301765625 0.6725404484374999 0.11012650937499999 0.7348900515625 0.20701142187500002 0.724517225 0.20786047812500003 0.7241392 0.20390556875 0.7143504546874999 0.1799691234375 0.6584795109375 0.0808175796875 0.6661076078125 0.08006628593750001 0.6664421046875
0 0.322607965625 1 0.3141498625 0.952621225 0.313185865625 0.9511368015624999 0.2558452328125 0.9925096171875 0.2571347421875 1 0.322607965625 1
0 0.301587090625 1 0.30508706874999997 0.896621484375 0.30449057968750004 0.8946704625 0.243901990625 0.9119073343749999 0.240441996875 0.9376865999999999 0.233156546875 1 0.301587090625 1