0 0.755334640625 0.17492993437499998 0.7541112875 0.1794955546875 0.81810905625 0.20481499374999998 0.8919830890625 0.11772871250000001 0.892351478125 0.11635386562500001 0.8890036640625001 0.11493280312500001 0.8301456078125 0.09112884843749999 0.755397784375 0.1747811796875 0.755334640625 0.17492993437499998
0 0.7707137609375 0.150338965625 0.7682187015624999 0.14967041718750002 0.74300081875 0.2117519140625 0.833615075 0.2882345796875 0.8590461078124999 0.225610746875 0.7707137609375 0.150338965625
1 0.734521309375 0.39870606875000003 0.66050639375 0.48053747968750005 0.6596796578124999 0.4836229 0.7269940828125 0.5176655203125 0.805382834375 0.429620125 0.80110399375 0.4276248671875 0.734521309375 0.39870606875000003
0 0.6948655593749999 0.4308926421875 0.696713596875 0.431387821875 0.7693992390625 0.435099234375 0.8107452046875 0.32606250000000003 0.8085691921875 0.325479440625 0.7845974421874999 0.324223134375 0.7318927140625 0.324951125 0.6951066 0.42629332968750006 0.6948655593749999 0.4308926421875
0 0.8348631734374999 0.28405226250000004 0.72682093125 0.2330482578125 0.7230194609375 0.2472355375 0.7141172828125 0.31057782343749996 0.8231414078125001 0.3639413671875 0.8231911203125 0.36394835312499996 0.8348631734374999 0.28405226250000004
1 0.7719904734374999 0.5230456734375 0.6737603359375 0.46406037187500004 0.66990474375 0.46302726875 0.649305946875 0.5348638078125 0.7474407281250001 0.5980106125 0.7479090359375 0.5981448984375 0.7719904734374999 0.5230456734375
0 0.6667276249999999 0.5483126 0.6266823109375 0.6608990640625 0.7083832375 0.6704874625 0.748426825 0.55703164375 0.678993628125 0.549385734375 0.6667276249999999 0.5483126
1 0.52096375625 0.965095471875 0.51926656875 0.9714294640625001 0.5937508578124999 0.9992116125000001 0.6666509265625 0.8796767234375 0.5891267296875 0.8493306859375 0.52096375625 0.965095471875
1 0.6763739390625 0.9023680609375001 0.6836718562499999 0.8187228062499999 0.5521629390625 0.780942225 0.5493574328124999 0.7806473546875 0.54675719375 0.7903515796875 0.539569709375 0.8646116218750001 0.6748184937499999 0.9053824171875 0.676043584375 0.9055111796875 0.6763739390625 0.9023680609375001
1 0.6228361140625001 0.60570669375 0.6157984937500001 0.60382096875 0.5797472875 0.6716234296875 0.689251278125 0.7664480703125001 0.7278208265624999 0.6988477546875 0.6228361140625001 0.60570669375
1 0.7034001578125 0.7757118703125 0.6027625171875 0.68310280625 0.6017978359375 0.682568075 0.59832244375 0.681636846875 0.557749596875 0.751128353125 0.668304421875 0.8411213171874999 0.6688272937499999 0.8412614203125001 0.7034001578125 0.7757118703125
1 0.7522585609375 0.12211417499999999 0.608497534375 0.0701372328125 0.6055175140625 0.06998105624999999 0.60461143125 0.07336260312500001 0.6030495578124999 0.094825571875 0.6002924546874999 0.147434215625 0.748446046875 0.2068723234375 0.7522585609375 0.12211417499999999
0 0.7314890421875 0.0458434578125 0.692998084375 0.034075590625 0.659919978125 0.0252123390625 0.630919065625 0.12007005 0.6245280671875 0.143921584375 0.6586498421875 0.1506766390625 0.7314890421875 0.0458434578125
0 0.504612015625 0.49157974062500004 0.502876640625 0.4953012671875 0.5026976859375 0.4959691359375 0.57687781875 0.533964325 0.67091091875 0.41656066249999996 0.6010424828125001 0.383980475 0.504612015625 0.49157974062500004
0 0.5696364218750001 0.2762431703125 0.6483073218750001 0.2960636734375 0.7266583828125001 0.17177615 0.6516888484375001 0.14660565 0.5708659390624999 0.2713118421875 0.5696364218750001 0.2762431703125
0 0.6582662203125 0.45829111562499997 0.6797699875000001 0.38478009375 0.5598615031249999 0.30089651093750003 0.552504815625 0.29892529218749997 0.5521955671875001 0.2999368 0.5342626125 0.379108184375 0.6571991578125 0.45800519843750004 0.6582662203125 0.45829111562499997
0 0.593796515625 0.21131460781250003 0.5896674484375 0.210208228125 0.553741375 0.2807171140625 0.6616180015625 0.387084325 0.697525384375 0.3198171296875 0.593796515625 0.21131460781250003
0 0.49142254375 0.599383571875 0.5700823625 0.6176657062500001 0.6238485890625001 0.494828696875 0.630483109375 0.4765897609375 0.6307321 0.47517765624999997 0.620852653125 0.47253046718749997 0.6031722562499999 0.4689749890625 0.5533836890625 0.4601959203125 0.49212359218749996 0.5954077359375 0.49142254375 0.599383571875
0 0.50722301875 1 0.5195017859375 0.9327978124999999 0.389829659375 0.8865279562499999 0.3853613046875 0.8855781796875 0.3819706703125 0.8982322 0.3802733640625 0.9057737171875001 0.36648500624999997 0.970642840625 0.45889985156249996 1 0.50722301875 1
1 0.389402690625 0.9006807046875001 0.46556826874999996 0.938466265625 0.53851324375 0.827155459375 0.53912868125 0.824858615625 0.513435971875 0.8128779093749999 0.46262133906249997 0.7915251265625 0.39059818281249997 0.8962190703124999 0.389402690625 0.9006807046875001
0 0.519642090625 0.7671518984375 0.579037440625 0.647352303125 0.5717911499999999 0.6454106656249999 0.4986862421875 0.626825209375 0.44291040156249994 0.7311723921875 0.4393690171875 0.74438901875 0.519642090625 0.7671518984375
1 0.4317468546875 0.7124649484375001 0.42547587187499997 0.7358685796875 0.41334887499999995 0.792921615625 0.5391480078125 0.8465768984375 0.554973534375 0.7620515640625001 0.4317468546875 0.7124649484375001
0 0.50561010625 0.5380796953125 0.502414084375 0.5362344703125 0.5001079374999999 0.535616540625 0.4603680296875 0.606897065625 0.5557706484375 0.6952296703124999 0.5956102328124999 0.6266074515625 0.50561010625 0.5380796953125
0 0.379695834375 0 0.3352159015625 0.1070558296875 0.33442585 0.11267734375 0.4050688453125 0.1193218046875 0.4638781640625 0 0.379695834375 0
0 0.3116586140625 0.7674263640625 0.16664240156250001 0.6581728124999999 0.1619807640625 0.65692373125 0.13458385 0.71069320625 0.119868084375 0.7403416093749999 0.27365088125 0.8491128828125 0.3116586140625 0.7674263640625
0 0.44682546562500003 0.20752145312499998 0.47767107812500004 0.1403881296875 0.33980794531249997 0.019478403124999998 0.3362749546875 0.017755248437500003 0.3348981203125 0.017386326562500002 0.30701044375 0.0694524640625 0.2987923609375 0.0863020296875 0.44597435625 0.2072933984375 0.44682546562500003 0.20752145312499998
0 0.33720409375 0.656963728125 0.365584596875 0.56799403125 0.20760795625 0.48189643281250005 0.2007492875 0.47966791718749996 0.1999633703125 0.47945733125 0.1770063421875 0.5396683171875 0.1701334921875 0.560820771875 0.337077725 0.65692986875 0.33720409375 0.656963728125
1 0.1057517796875 0.7805973921875 0.0976402171875 0.8587930609375001 0.0967703609375 0.8753909171875 0.2800117875 0.9086315578124999 0.28706373125 0.8173543000000001 0.1146499 0.7810637218750001 0.1057517796875 0.7805973921875
0 0.41858180625 0.3083340625 0.45348543125 0.232373190625 0.308630621875 0.115493209375 0.3028330578125 0.11393975625 0.272359428125 0.18238464999999998 0.2686942 0.19087951718750001 0.41760050312499997 0.3080711234375 0.41858180625 0.3083340625
0 0.2443677703125 0.47789653125 0.24679680781250002 0.47793892812500005 0.3388326265625 0.47419136718750005 0.343971484375 0.4547051234375 0.38184029375 0.3001068234375 0.379531271875 0.29948812187499996 0.3247465640625 0.2980219375 0.2967455734375 0.297533178125 0.244393225 0.4764382140625 0.2443677703125 0.47789653125
0 0.3718506359375 0.4196370890625 0.307117790625 0.3898523203125 0.1923747140625 0.52681145625 0.1914551953125 0.528616115625 0.19131637343750002 0.5291342015625 0.260390128125 0.5662667531250001 0.2711878359375 0.5717684609375 0.38649878125 0.4271006921875 0.3718506359375 0.4196370890625
1 0.25093977343749996 0.56019709375 0.144996275 0.7140772375 0.144426440625 0.7162038875000001 0.22989481875 0.7491289562500001 0.33747831875 0.6028750796875 0.338368615625 0.6009658328125 0.25093977343749996 0.56019709375
1 0.2910270578125 0.19365700937500002 0.25876912343749997 0.2471207609375 0.2433169875 0.274997153125 0.38028065 0.4054297734375 0.42749251718750003 0.3254332734375 0.2952791359375 0.196013975 0.2910270578125 0.19365700937500002
0 0.8368434062500001 1 0.84507129375 0.9790725234375 0.8340884515625 0.9761296796875 0.7715684984375 0.9616958125 0.7551182984375 1 0.8368434062500001 1
0 0.8400715875 1 0.86521911875 0.930841859375 0.7851998484375 0.8821490656250001 0.7796799734375 0.8806700203125001 0.7533256453125 0.9530779390624999 0.8337053546875 1 0.8400715875 1
0 0.191116990625 0 0.18933950625 0.0509004984375 0.2252091296875 0.051444012500000004 0.242073728125 0 0.191116990625 0
1 0.8197668578125 0.8085085062499999 0.7666263859375 0.8874181218749999 0.76492478125 0.89376859375 0.8318713984375 0.9208759750000001 0.892757590625 0.8376790796875 0.869638596875 0.8278656484375 0.8197668578125 0.8085085062499999
0 0.7926955390625 0.8385213921875 0.8679731937499999 0.843068446875 0.8987377328124999 0.745956690625 0.89050288125 0.74375016875 0.8853419609375001 0.743298646875 0.8258677140625 0.7403024765625 0.79291089375 0.8360598796875 0.7926955390625 0.8385213921875
0 0.86657974375 0.77460569375 0.9329651171875 0.69526310625 0.933055378125 0.69492625 0.8589637937499999 0.66517271875 0.7983980296875 0.7386595515625001 0.797760153125 0.7410401375 0.86657974375 0.77460569375
0 0.1399193640625 0.021758592187500002 0.13171181875 0.0195593875 0.10697790468749999 0.10046037187500001 0.26167523125000003 0.205492915625 0.2883904625 0.11556422968749999 0.1399193640625 0.021758592187500002
0 0.242316253125 0.117416775 0.178070084375 0.1128422453125 0.15218500937499999 0.11239041875 0.0987821390625 0.290334221875 0.19213313125 0.2934533015625 0.2422843984375 0.11924172968749999 0.242316253125 0.117416775
0 0.1780423578125 0 0.13609029687500002 0.0983508734375 0.135495328125 0.1031964953125 0.22073515000000002 0.11729016562500001 0.2729615328125 0 0.1780423578125 0
0 0.06867215156249999 0.2295311546875 0.049536576562500004 0.28951242499999996 0.2087413796875 0.3877614609375 0.23463885 0.3031976203125 0.0800122578125 0.19659709218750002 0.06867215156249999 0.2295311546875
0 0 0.7130744796874999 0.1343402765625 0.73573485625 0.135567875 0.731153396875 0.1365609390625 0.6464713765625001 0 0.6164907453125 0 0.7130744796874999
0 0 0.669929809375 0.0289253515625 0.6705504859375 0.0895891453125 0.671609375 0.134051240625 0.4844428953125 0.1299355296875 0.48334009531250005 0.1144444984375 0.48295192656249997 0.036186134375 0.4815859234375 0 0.6448429906250001 0 0.669929809375
0 0 0.49329717500000003 0.1710224890625 0.5665535984375001 0.1884025171875 0.4679865625 0.0165358109375 0.39802252031249996 0.009995692187499999 0.3968693203125 0.007041659375 0.40789392343750003 0 0.4528386875 0 0.49329717500000003
0 0.03790601875 0.47761520625 0.1344701796875 0.48436762968749997 0.189668321875 0.29552545 0.18525786718749998 0.294343671875 0.13002279218749999 0.2894601484375 0.096397628125 0.2871088484375 0.0382545484375 0.4726309859375 0.03790601875 0.47761520625
0 0 0.8142942281250001 0.0958551046875 0.84730510625 0.10076139843750001 0.8220644171875 0.11227366718750001 0.7452782171875 0 0.7097163359375 0 0.8142942281250001
0 0.8836021390625 0.47247588125 0.954326578125 0.4836516609375 0.997977503125 0.3810841 0.9939613109375 0.380007965625 0.9681829625 0.375591084375 0.9289521578125 0.37007755468750003 0.8841609953124999 0.46849941250000005 0.8836021390625 0.47247588125
0 0.8277470625 0.6788138015625 0.898877521875 0.6937627875000001 0.9377611078125 0.6059744015625 0.9365380968749999 0.605646696875 0.8873767015625 0.5960906890625 0.8707984234374999 0.5931761468750001 0.8282365781250001 0.676295465625 0.8277470625 0.6788138015625
0 1 0.3140599546875 0.95862238125 0.29649619843749997 0.8909949749999999 0.3810089734375 0.8897691921875 0.3855836578125 0.9455534859375 0.40664690468750003 1 0.351894021875 1 0.3140599546875
0 0.9740233437500001 0.49788633281249994 0.89655986875 0.43802551718749994 0.888077528125 0.43575268125 0.8872140046875 0.43800223281250006 0.8640077500000001 0.5032498578125 0.9444438984374999 0.5649387890625001 0.9740233437500001 0.49788633281249994
0 0.8439193312500001 0.61424664375 0.9167719453125001 0.6207812640625 0.9545843312500001 0.5312188390625 0.9513791843750001 0.530360021875 0.91174320625 0.5254933359375 0.8838021515625 0.5226509734375 0.8446721234375 0.60811565 0.8439193312500001 0.61424664375
0 1 0.1662547671875 0.9807692515624999 0.1655832140625 0.9325886531249999 0.26948324375 0.9325268812499999 0.2712521390625 1 0.27029647031250004 1 0.1662547671875
0 1 0.23938339687500002 0.9749527828125 0.229263665625 0.9010777843750001 0.3144298984375 0.900313525 0.316321509375 0.9582472187500001 0.341055578125 0.97715955625 0.3231987703125 1 0.3008852125 1 0.23938339687500002
0 1 0.11656841874999999 0.9747376921875001 0.1107361546875 0.9737055265624999 0.1145882484375 0.9529387687499999 0.2045389578125 0.9941049421875 0.21152817031249999 1 0.203111559375 1 0.11656841874999999