0 0.77523795625 0.05271591875 0.7144352796875 0.1418243890625 0.7133842328125 0.1493029765625 0.77515078125 0.1670374421875 0.8430842421875001 0.0727846734375 0.8003817203124999 0.059729203125 0.77523795625 0.05271591875
0 0.70697069375 0.19443017812500002 0.8159869046875 0.24107787187500002 0.821997284375 0.1737550875 0.7130398421875 0.1265242765625 0.70697069375 0.19443017812500002
1 0.6744688953125 0.3700648671875 0.6730585625 0.3800999 0.6689962484375 0.446964175 0.7742098171875 0.48974843906250004 0.7833560312500001 0.41335092500000004 0.6744688953125 0.3700648671875
0 0.66619925625 0.376465390625 0.6653802125 0.3785990703125 0.6651333203124999 0.3803558 0.739616103125 0.4034243875 0.8078242828125 0.31596576875000004 0.73670674375 0.2886663015625 0.66619925625 0.376465390625
0 0.7013064828125 0.201675675 0.6997431859375001 0.20145596875 0.6887998515625 0.2793218359375 0.7964677421874999 0.33202154687499996 0.796517453125 0.332028534375 0.80818950625 0.25213244375 0.7013064828125 0.201675675
0 0.7715869843750001 0.48554900156249997 0.660747746875 0.44524185781250003 0.658769396875 0.45931855 0.653411525 0.5205593125 0.761792271875 0.5638209359374999 0.762277596875 0.5638633953125 0.7715869843750001 0.48554900156249997
0 0.7601352421875001 0.5646179015625 0.6465982984374999 0.5264532546875 0.6384372390624999 0.608309078125 0.7525746359375 0.6463664890625 0.7601352421875001 0.5646179015625
1 0.570833425 0.95029119375 0.5700545953125 0.9558328484375 0.6435896953125 0.984732671875 0.718564834375 0.8664882703125001 0.6415820546875 0.8347938703125 0.570833425 0.95029119375
1 0.7231934078125 0.8743416171874999 0.7225605609375 0.7974691765624999 0.5852266953124999 0.771332315625 0.583361609375 0.771332315625 0.582603496875 0.7767265734375 0.584044509375 0.8581693843749999 0.7203272703125 0.8822698156250001 0.7231934078125 0.8822698156250001 0.7231934078125 0.8743416171874999
1 0.691408875 0.7369729031250001 0.7350256109375 0.5993006296875001 0.7065319453125001 0.59529610625 0.6557141203125 0.5917425781250001 0.6145370171875 0.7273504546875 0.6144022953125 0.72927706875 0.691408875 0.7369729031250001
1 0.6147169906250001 0.6802194015625 0.6037399203125 0.678676675 0.592721159375 0.7497833171875 0.7223159515625001 0.8064583890625 0.738440078125 0.7256083046875 0.6147169906250001 0.6802194015625
0 0.5542289546875 0.1815030953125 0.6358772484374999 0.196747009375 0.7087110328125 0.05905724375 0.708829946875 0.058211124999999996 0.68285414375 0.052612934374999996 0.6319620765625 0.042720520312499996 0.554858603125 0.17702290625 0.5542289546875 0.1815030953125
0 0.6313016765625 0.1350848703125 0.6559528171875 0.017003953125 0.6285631515625 0.0131545859375 0.5851366 0.0177189015625 0.5840875875 0.025183009375 0.596405109375 0.142376415625 0.6313016765625 0.1350848703125
0 0.6517331937499999 0.462981559375 0.6554502265625 0.443859084375 0.5271147640625 0.3760044296875 0.5217076875 0.3752445140625 0.5063929578125 0.440943434375 0.5034067890625 0.4563059390625 0.6400013515625 0.51911098125 0.6517331937499999 0.462981559375
0 0.6102472718749999 0.2788604453125 0.69136854375 0.1487743875 0.6914569921875 0.1481450390625 0.6110198796875 0.1293661703125 0.5384141453125 0.2491232046875 0.537471328125 0.2558316953125 0.6102472718749999 0.2788604453125
0 0.596140875 0.4399689890625 0.657817353125 0.3012800015625 0.6337096859375 0.2978918890625 0.573944459375 0.29605274375 0.5217824203125 0.42718919062499994 0.52117094375 0.4330070015625 0.596140875 0.4399689890625
0 0.6172317125 0.356707571875 0.6574146453124999 0.20970777968749998 0.6486700734374999 0.20847881093749998 0.5766461484375001 0.2135152140625 0.54190221875 0.3571695703125 0.5421365312499999 0.3605203984375 0.6172317125 0.356707571875
0 0.5981030546875 0.4607302046875 0.5614629984375 0.4509125296875 0.49819050468750004 0.5667739171874999 0.49197782968750003 0.5801036296875 0.4918096890625 0.580731140625 0.49095438593749996 0.5868169359375 0.5647601578125 0.6084976859375 0.63979175625 0.475195246875 0.6400015921875 0.474412128125 0.5981030546875 0.4607302046875
0 0.53552154375 1 0.5584608015625 0.8884793249999999 0.53264835 0.884851621875 0.475973709375 0.880536003125 0.44758459375 0.9975472812499999 0.46503659375 1 0.53552154375 1
1 0.5726741625 0.82767479375 0.437994475 0.8176949468749999 0.43776653125 0.8193168609375 0.439781159375 0.8481273984375 0.44558524374999997 0.9014907140625 0.5766230984375 0.9141674109375 0.5726741625 0.82767479375
0 0.5938406921875 0.662970240625 0.4643816 0.6421752140625 0.46423861562499996 0.6421852140625 0.46365113750000003 0.6463653390624999 0.469405353125 0.7286544640625 0.59958035 0.7454959125 0.6006712515625 0.745419628125 0.5938406921875 0.662970240625
1 0.5242384875 0.8512258515625 0.593001521875 0.7364218515625 0.593122821875 0.7355587546875 0.5162061265625 0.7060332015624999 0.4458029609375 0.8182698125 0.4451311734375 0.8230498328125 0.5242384875 0.8512258515625
0 0.48792811562500005 0.5514852343750001 0.4833421578125 0.551164553125 0.48102816718749997 0.567629446875 0.47743235625 0.6331706984375 0.601902128125 0.6707417640625 0.6076277078125 0.5915999953125 0.48792811562500005 0.5514852343750001
0 0.3178437703125 0 0.2995082828125 0.1381153203125 0.300197134375 0.143725578125 0.3002767484375 0.1437367671875 0.3701557140625 0.1318840703125 0.39635795156250003 0 0.3178437703125 0
0 0.27149360625 0.877532871875 0.3193985625 0.698673615625 0.2905723265625 0.694622353125 0.224760159375 0.6895616625 0.1815243171875 0.872863015625 0.18152167187499998 0.8728932531250001 0.27149360625 0.877532871875
0 0.3283241125 0.033017675 0.2782856296875 0.21440905 0.2781518265625 0.2182406953125 0.35148370624999997 0.2191075609375 0.40748474687499997 0.038773021875 0.328909759375 0.0330381265625 0.3283241125 0.033017675
0 0.18380152656249998 0.5356178359375 0.1828217 0.600092053125 0.1835979 0.6223195125000001 0.373477125 0.6555572859375001 0.3697152578125 0.56221195625 0.1918186609375 0.535337871875 0.18380152656249998 0.5356178359375
1 0.324864321875 0.8327581359374999 0.149397428125 0.8288318546875001 0.1396484296875 0.829856515625 0.138555459375 0.83763339375 0.1395522625 0.850070840625 0.146893484375 0.9199179093750001 0.3300471484375 0.9291525140625 0.324864321875 0.8327581359374999
0 0.42175342968749996 0.2285092421875 0.25644214062500004 0.1517769140625 0.2468557140625 0.1504296296875 0.23391432031249998 0.223823921875 0.2324130609375 0.23295315312499998 0.40618690468749996 0.31106225625 0.42175342968749996 0.2285092421875
0 0.3710414125 0.5764841140625 0.378669253125 0.5069638578125 0.38051611875 0.485854084375 0.20342998437499998 0.43320559531249997 0.20328513906249998 0.433192925 0.20300933593749998 0.43515536875 0.2021829484375 0.4446010078125 0.1985813875 0.5207452421875 0.3704062609375 0.57642854375 0.3710414125 0.5764841140625
1 0.34503994531250004 0.651144653125 0.1682989 0.6346306953124999 0.1622629015625 0.63526510625 0.1622264390625 0.6355245484375 0.1681856484375 0.6951968796875 0.17188456875 0.7303897609375001 0.3609677703125 0.7421091484375 0.34503994531250004 0.651144653125
1 0.3171683140625 0.2258937359375 0.22140505625 0.38285219531250003 0.2206879421875 0.3879547296875 0.309327653125 0.41693545 0.40621762656250004 0.253109015625 0.3491926359375 0.23507656250000003 0.3171683140625 0.2258937359375
1 0.3950613125 0.469143928125 0.386950634375 0.3843994140625 0.20290600625000002 0.3542250890625 0.20174332499999997 0.354347290625 0.201464803125 0.35632907812500003 0.21647245937499998 0.44765838281250003 0.23643972343750003 0.45038415781249996 0.39482678125000004 0.46916857656250005 0.3950613125 0.469143928125
0 0.8929811265625001 1 0.9057489078125001 0.9702395796875001 0.8264268843749999 0.9182502250000001 0.821921578125 0.9176170453125 0.7919498546875 0.9882260015625001 0.8111912578125 1 0.8929811265625001 1
0 0.887879028125 0.9508160515625 0.9089998609375 0.85411803125 0.9051506890625 0.8535770656249999 0.830422534375 0.85227268125 0.8110934453124999 0.9492302171875 0.8132738875 0.9495366578125 0.887879028125 0.9508160515625
0 0.13000191562500002 0 0.1331563265625 0.0903305109375 0.1689764859375 0.0883705625 0.1912562984375 0 0.13000191562500002 0
1 0.81787859375 0.7754841124999999 0.817067903125 0.78125248125 0.8205987125 0.8496182187500001 0.9225275937499999 0.8697967546875001 0.9173226250000001 0.791159234375 0.81787859375 0.7754841124999999
0 0.8956027093750001 0.79844896875 0.934142178125 0.70302170625 0.9016214296875 0.6984512140625 0.8589332890625 0.6936202046875 0.8268354328124999 0.779115046875 0.8251388125 0.7911871374999999 0.8956027093750001 0.79844896875
0 0.8375734625 0.6248308078125 0.8358791734375 0.624949284375 0.8349772156249999 0.6313670499999999 0.8398985546875 0.7017454546875 0.94206345625 0.719610959375 0.9307631484375 0.6404160171875 0.8375734625 0.6248308078125
0 0.1375527828125 0.242362584375 0.2491205296875 0.0958301546875 0.24919273749999998 0.095316365625 0.16858109999999998 0.06274715 0.052252917187500005 0.205508028125 0.051829981250000004 0.20851737812499999 0.1375527828125 0.242362584375
0 0.19597480312499999 0.15062364687500002 0.1317172234375 0.1550349765625 0.10602117656250001 0.158190053125 0.07790301093749999 0.3418343625 0.1707796109375 0.3319311390625 0.1961972453125 0.1524352765625 0.19597480312499999 0.15062364687500002
0 0.148037590625 0 0.069866471875 0.125089171875 0.0687793703125 0.132824309375 0.155325646875 0.1545279984375 0.2485462671875 0 0.148037590625 0
0 0.212091675 0.31196467656250004 0.0328457234375 0.265008209375 0.0318170421875 0.2723276515625 0.031104812500000002 0.292723259375 0.0310763265625 0.3529961234375 0.2109043390625 0.40998089687499994 0.212091675 0.31196467656250004
0 0 0.8030652015624999 0.059306095312499994 0.8280723890624999 0.1577322921875 0.661473365625 0.0747806 0.62795870625 0 0.7414457375 0 0.8030652015624999
0 0 0.6662528203125 0.173302075 0.692145659375 0.174783490625 0.6920680234375001 0.17105356875 0.6149977 0.170130303125 0.59738075 0 0.569328321875 0 0.6662528203125
0 0 0.5667048859375 0.18811610625 0.5970059875 0.18119249375 0.5003136625 0 0.4677525625 0 0.5667048859375
0 0.0154061140625 0.3554164 0.007044520312499999 0.4149122328125 0.0037990859374999997 0.4520077171875 0.192136815625 0.5106450296875 0.20201355781250002 0.41749646562500003 0.0154061140625 0.3554164
0 0 0.920594834375 0.0831002296875 0.9226926140625 0.11029732343750001 0.729244865625 0.098999328125 0.7276570359375001 0.07449449062499999 0.7276570359375001 0.00729839375 0.7305595859375 0 0.7938775375 0 0.920594834375
0 0.8753363937499999 0.42407855781250003 0.9431082578125001 0.4296774375 0.9808193109375001 0.32300713281250004 0.9754780625 0.32225646874999997 0.9456735640625 0.32018302187500003 0.9081369328125 0.3182158109375 0.87566326875 0.41784143125 0.8753363937499999 0.42407855781250003
0 0.9429101171875001 0.5750016484375 0.8530970640625 0.5473457328125 0.8504987109375 0.565833975 0.8504375671875 0.5677079875000001 0.8495192796875 0.6203166453125 0.942944765625 0.6434192999999999 0.9429101171875001 0.5750016484375
0 0.9508471359374999 0.3514061125 0.9816996046875 0.2426602140625 0.9752506734375 0.24175387656249997 0.9088753281249999 0.2487302078125 0.8905979937499999 0.3560300875 0.891030759375 0.360147596875 0.9508471359374999 0.3514061125
0 0.9013772515625 0.39490369531249997 0.8573773109375 0.48320912031249996 0.857009846875 0.48582375781250003 0.9276341968749999 0.501874584375 0.9750980874999999 0.4074845921875 0.9177902921875001 0.39737968281249997 0.9013772515625 0.39490369531249997
0 0.8590291921875 0.5741260953125 0.859264834375 0.5741592140625 0.9293001437499999 0.5677960421875 0.9520899265624999 0.473599328125 0.9448602296875 0.472583259375 0.8938613109375 0.47614945156250005 0.87821195625 0.47775961406249995 0.8587535546874999 0.5701842921875 0.8590291921875 0.5741260953125
0 1 0.11598317968750001 0.9516081156249999 0.10657675 0.88939860625 0.1992306328125 0.8887855046875 0.20359307968749998 0.9574168015625 0.21346898281249999 1 0.150884878125 1 0.11598317968750001
0 0.923620715625 0.17642177187500002 0.8870288453124999 0.2830605921875 0.8870288437499999 0.285100759375 0.9500095765625 0.28633144375 0.9608555109375001 0.2626902140625 0.997941609375 0.17807950156250002 0.958600696875 0.1764217734375 0.923620715625 0.17642177187500002
0 1 0.06535663124999999 0.968539475 0.0609351421875 0.905212628125 0.0642539609375 0.9045257359375001 0.0691414578125 0.9085865265624999 0.1055496890625 1 0.137039596875 1 0.06535663124999999