0 0.9682999999999999 0.25260625000000003 0.9876921875000001 0.252071875 0.9813328125 0.1307046875 0.924096875 0.13271875 0.9682999999999999 0.25260625000000003
0 0.8413234375 0.13994374999999998 0.8905468750000001 0.2612203125 0.965325 0.25584375000000004 0.915459375 0.134621875 0.8413234375 0.13994374999999998
0 0.6107265625 0.280871875 0.6950375 0.2737421875 0.6520296875 0.15596875 0.5722296874999999 0.1580171875 0.5670453125 0.15828906250000002 0.6107265625 0.280871875
0 0.6572625000000001 0.1539953125 0.6997046874999999 0.27135 0.7873390625 0.272584375 0.7409234375 0.149725 0.6572625000000001 0.1539953125
0 0.74519375 0.1482015625 0.7920109375 0.2754296875 0.880671875 0.27029843750000004 0.8318562500000001 0.1431921875 0.74519375 0.1482015625
0 0.484303125 0.1643046875 0.5246359375 0.2889984375 0.61121875 0.2817484375 0.5676187500000001 0.1599375 0.484303125 0.1643046875
0 0.392046875 0.1716734375 0.4318578125 0.297775 0.521884375 0.2910234375 0.482203125 0.164259375 0.392046875 0.1716734375
1 0.1229109375 0.1834453125 0.0336171875 0.18727031249999998 0.06717656250000001 0.339265625 0.158565625 0.33386875 0.1229109375 0.1834453125
0 0.1234328125 0.184271875 0.1608 0.3371953125 0.254534375 0.3330609375 0.21945312499999997 0.18095 0.1234328125 0.184271875
1 0.30388281250000004 0.1756703125 0.347803125 0.33048125 0.43562812500000003 0.3252 0.3891796875 0.1686359375 0.30388281250000004 0.1756703125
1 0.219884375 0.180071875 0.25570624999999997 0.3339515625 0.3461109375 0.32717968750000004 0.30158593749999996 0.1775 0.219884375 0.180071875
0 0.9445499999999999 0.4354296875 0.9971781249999999 0.4330640625 0.9909453125000001 0.314125 0.9718984374999999 0.266471875 0.88594375 0.27273437500000003 0.9445499999999999 0.4354296875
0 0.6118609375 0.2931328125 0.5276578125 0.29873906250000004 0.5753671875 0.4583984375 0.6683546875 0.4500484375 0.6118609375 0.2931328125
0 0.8823796875 0.281590625 0.7913859375000001 0.286584375 0.8547062499999999 0.444309375 0.9409109375 0.4328390625 0.8823796875 0.281590625
0 0.70041875 0.29127187499999996 0.6158781249999999 0.294671875 0.6677953125 0.4486875 0.7613265625000001 0.45073749999999996 0.70041875 0.29127187499999996
1 0.704553125 0.293359375 0.7636921875 0.451309375 0.85294375 0.4459359375 0.7881890625 0.2873671875 0.704553125 0.293359375
0 0.437315625 0.3050609375 0.4426375 0.328209375 0.48489062499999996 0.470090625 0.5743125 0.4605390625 0.523775 0.29844375 0.437315625 0.3050609375
0 0 0.49698125 0.0961125 0.49078906250000004 0.0670875 0.33578437499999997 0 0.3373625 0 0.49698125
1 0.1634953125 0.3413703125 0.0706875 0.3426390625 0.0999921875 0.4905859375 0.19492343750000002 0.4832953125 0.1634953125 0.3413703125
1 0.34831249999999997 0.3326640625 0.2571640625 0.3362625 0.29372031249999997 0.47941406249999996 0.38875625 0.47304375 0.34831249999999997 0.3326640625
1 0.25590156249999996 0.33536875 0.164921875 0.33955156249999996 0.198278125 0.485434375 0.2928046875 0.482796875 0.25590156249999996 0.33536875
1 0.4372828125 0.329390625 0.3501578125 0.33416875 0.389109375 0.4723296875 0.4811859375 0.46889531250000005 0.4372828125 0.329390625
0 1 0.563296875 0.93841875 0.5636859375000001 1 0.75895625 1 0.563296875
0 0.22300468750000002 0.603853125 0.12394374999999999 0.605484375 0.1644765625 0.8094859375000001 0.2692921875 0.8051015625 0.22300468750000002 0.603853125
0 0.852365625 0.5677531250000001 0.9121484375 0.7713 0.9990671875 0.763415625 0.9339890625 0.5653703125 0.852365625 0.5677531250000001
0 0.33116875 0.59861875 0.3797921875 0.800421875 0.48240937500000003 0.7955984375 0.427434375 0.5887 0.33116875 0.59861875
1 0.020878125 0.6148640624999999 0.0576421875 0.8181453125000001 0.163228125 0.80716875 0.12125156249999999 0.6070984375 0.020878125 0.6148640624999999
0 0.7340203125 0.5770609375 0.7960296875 0.7780515625 0.8915484375 0.77415625 0.826209375 0.5711296875 0.7340203125 0.5770609375
0 0.4311625 0.5946078124999999 0.48260312499999997 0.79336875 0.582596875 0.7859078125 0.52775625 0.59343125 0.4311625 0.5946078124999999
1 0.22721874999999997 0.602734375 0.2725640625 0.80715 0.37884375000000003 0.8010265625 0.3287578125 0.604415625 0.22721874999999997 0.602734375
0 0.6269015625 0.5871140625 0.69285625 0.786234375 0.79468125 0.7781234375 0.7313468750000001 0.5777671875 0.6269015625 0.5871140625
1 0.6240015624999999 0.5872765625 0.53050625 0.593053125 0.5782640625 0.7628265625 0.5846640625 0.784134375 0.689121875 0.784765625 0.6240015624999999 0.5872765625
0 0 0.0316359375 0.0106734375 0.08443437499999999 0.0968984375 0.079046875 0.08332031250000001 0.021151562500000002 0 0.0255171875 0 0.0316359375
0 0.18392031250000002 0.0749203125 0.16909687499999998 0.01665625 0.08377812500000001 0.0211265625 0.09769375 0.08030781249999999 0.18392031250000002 0.0749203125
1 0.2713109375 0.074403125 0.2533171875 0.0122421875 0.1699 0.0166140625 0.184665625 0.0762265625 0.2713109375 0.074403125
0 0.35514999999999997 0.07227343750000001 0.3355578125 0.007931249999999999 0.2542828125 0.012190625 0.2715640625 0.0743890625 0.35514999999999997 0.07227343750000001
0 0.44060156250000004 0.0673421875 0.42173906250000004 0.003415625 0.33599531250000003 0.007909375 0.35536406249999997 0.071809375 0.44060156250000004 0.0673421875
0 0.8935890625 0.776178125 0.7976921875 0.7806375 0.8621109375 0.9762906250000001 0.9651703125 0.9717125 0.8935890625 0.776178125
0 0.79425 0.781384375 0.6953625 0.7919265625 0.7578421875 0.984225 0.8603140625 0.9772078125 0.79425 0.781384375
0 1 0.7763625000000001 0.9956046875 0.76424375 0.8994921874999999 0.7733265625 0.969453125 0.9760828125 1 0.9744828125 1 0.7763625000000001
0 0.64849375 0.9916031249999999 0.7052125 0.98993125 0.7558546875000001 0.9872781249999999 0.6900906250000001 0.7909609375 0.5928515625 0.7926890625 0.64849375 0.9916031249999999
0 0.3149515625 1 0.2661546875 0.8090609375 0.167878125 0.81364375 0.205925 1 0.3149515625 1
0 0.4277 1 0.3743171875 0.8050390625 0.2699203125 0.81093125 0.3186421875 1 0.4277 1
0 0.5130921875000001 1 0.5397046875 0.9986046875 0.4827796875 0.801825 0.3762375 0.8053593749999999 0.428759375 1 0.5130921875000001 1
0 0.48553281249999997 0.8002890624999999 0.5395765625 0.9986124999999999 0.6469375 0.9929859375 0.5882796875 0.7930015625 0.48553281249999997 0.8002890624999999
0 0.2018890625 1 0.165896875 0.8143140624999999 0.0587890625 0.8226546875 0.08862031249999999 1 0.2018890625 1
0 0.6707953125 0 0.6910203125 0.062271875 0.7708640625000001 0.0567109375 0.7508874999999999 0 0.6707953125 0
0 0.4869078125 0 0.4224984375 0.0033750000000000004 0.44051718749999996 0.06689375 0.521071875 0.061440625000000006 0.49985468749999995 0 0.4869078125 0
0 0.7520781249999999 0 0.771596875 0.057984375 0.853228125 0.055146875 0.8277984375 0 0.7520781249999999 0
0 0.5844203125 0 0.60624375 0.0618984375 0.68895625 0.059628125 0.6676890625 0 0.5844203125 0
0 0.5009953125 0 0.522490625 0.0630515625 0.6050875 0.061439062499999995 0.582078125 0 0.5009953125 0
0 0.9111312500000001 0 0.936340625 0.052167187500000003 0.9771046875 0.050029687499999996 0.9744828125 0 0.9111312500000001 0
1 0.8292531249999999 0 0.8533140625 0.0599578125 0.9342015625 0.052278124999999995 0.9080453125 0 0.8292531249999999 0