0 0.64591936875 0.1230561265625 0.7112563187500001 0.11389673125 0.734772725 0.001157928125 0.71640468125 0.002442346875 0.6906597359375 0.005603428125 0.6648372046875 0.009423365625000001 0.64521485625 0.1173183265625 0.64591936875 0.1230561265625
0 0.6385405375000001 0.1571280015625 0.754454615625 0.1821173703125 0.747508775 0.1148846625 0.6315411234375 0.08931167500000001 0.6385405375000001 0.1571280015625
1 0.684881675 0.3291692625 0.648823034375 0.43313179062499996 0.6490635640625 0.43657151406250005 0.7244339875 0.4416131375 0.7621891359374999 0.329937996875 0.7574708343750001 0.3297732296875 0.684881675 0.3291692625
0 0.724639596875 0.35607393906249996 0.7481930671875 0.24299838437500001 0.7162345 0.24523314375 0.670363878125 0.25314925 0.649884078125 0.3589983796875 0.6504073375 0.3639768765625 0.724639596875 0.35607393906249996
0 0.64231269375 0.1595559640625 0.6379795484375 0.15985896718749998 0.635221853125 0.2388290328125 0.7498702734375 0.2789127765625 0.7530479828125001 0.2000358296875 0.64231269375 0.1595559640625
1 0.6799261828125001 0.40534353125000006 0.6594351765625001 0.52174383125 0.6881841875 0.5197335046875 0.7349255640625 0.5156441640625 0.7585420234375 0.40220368593750006 0.7584302125 0.40092568125000005 0.6799261828125001 0.40534353125000006
0 0.7713383453125 0.5161063421875001 0.6594171359375001 0.487286153125 0.6547904703125 0.4876096796875 0.6531961875000001 0.5587376125 0.6531961875000001 0.568235365625 0.768907140625 0.5983320578125 0.7713383453125 0.5161063421875001
1 0.76360070625 0.937103875 0.7696694203125001 0.7975386015625 0.7494348343749999 0.798953540625 0.6891530125 0.8069377671875 0.681201096875 0.9416763359375 0.6818057265624999 0.946600659375 0.76360070625 0.937103875
1 0.78662093125 0.8433427 0.7877983562499999 0.8432603671875001 0.7877983562499999 0.8354145015625001 0.7871655093750001 0.7585420609375 0.6498316421875 0.7324052 0.648350778125 0.7324052 0.6471733562499999 0.7324875328125 0.6471733562499999 0.7358164171875 0.64864945625 0.8192422687500001 0.7849322171875001 0.8433427 0.78662093125 0.8433427
1 0.6729243046875 0.7087584359375 0.6748274296875 0.70862535625 0.74960543125 0.686388684375 0.739176875 0.5412287953125 0.73808401875 0.541305215625 0.7113468109375 0.5486161578125001 0.6641773671875 0.563037303125 0.6728796125 0.7086122546875 0.6729243046875 0.7087584359375
1 0.6816233359375 0.6324154296875 0.656796296875 0.7711483046875001 0.6568914703125001 0.7725093296875001 0.7308694453125 0.7709707609375 0.764179596875 0.6335032828125 0.715441828125 0.6324154296875 0.6816233359375 0.6324154296875
1 0.5161936140625001 0.031263025 0.5056362203125 0.18772259375 0.5063286859375 0.19030690625 0.587233315625 0.1679848203125 0.592365671875 0.011417051562499999 0.5662716515625 0.01784465625 0.5161936140625001 0.031263025
0 0.5271421515625 0 0.45369184218749997 0.0169573390625 0.453999471875 0.0213566375 0.455842265625 0.029338653125000003 0.4632681359375 0.0511495046875 0.62935108125 0.06507247031249999 0.629126609375 0.061862362500000004 0.612219009375 0 0.5271421515625 0
0 0.606070009375 0.498385678125 0.61046240625 0.349741009375 0.5985583937500001 0.35057341875 0.5351062343749999 0.36406059062499996 0.52284829375 0.5080264890625 0.5238426781250001 0.5127047015625 0.606070009375 0.498385678125
0 0.48873842187500005 0.2493545015625 0.48924596249999996 0.2566126703125 0.5656628796875001 0.2600281078125 0.6105461765625 0.11273925781250001 0.5277171953125 0.11542775937500001 0.48873842187500005 0.2493545015625
0 0.6247430109375001 0.31337544687499996 0.4770785796875 0.31343929375 0.4714198203125 0.31527793437499996 0.47153483593749995 0.3169227265625 0.47157605 0.317049571875 0.5022970734375 0.39218889218749997 0.649404503125 0.386257659375 0.6247430109375001 0.31337544687499996
0 0.47555739218750004 0.2164812390625 0.4739272296875 0.21673943125 0.47558160312500003 0.24039807500000002 0.48370810625000005 0.2917067953125 0.6346457859375 0.319105575 0.622547521875 0.2387018 0.47555739218750004 0.2164812390625
0 0.643432275 0.48843689062499995 0.5000192125 0.464762534375 0.49176225625000003 0.465484925 0.4936026328125 0.5205101625 0.49512937656249995 0.5423436078125 0.4953850875 0.5452663984375 0.62699291875 0.565262271875 0.6484242874999999 0.5671331859375 0.643432275 0.48843689062499995
0 0.5276132890625 0.8865153265625001 0.5214712796875001 0.9671749671875001 0.6255987484375 0.9924382296875001 0.6615398546875 0.9899249812500001 0.6704720015625 0.913702690625 0.53782465625 0.8864177812499999 0.5343024046875 0.8860475781250001 0.5276132890625 0.8865153265625001
1 0.5385548078125 0.796573759375 0.5451020453125001 0.9322818578125001 0.5469549203125 0.9321522921875 0.6272884859375 0.913299278125 0.62390119375 0.7816932578125 0.5555071 0.79327856875 0.5385548078125 0.796573759375
0 0.6246929031249999 0.6352418078125 0.4931341609375 0.6482068203125 0.4931512265625 0.6484508765625 0.5172709359375001 0.7273428921875 0.64772839375 0.7185074640625 0.6487439359375 0.71819698125 0.6246929031249999 0.6352418078125
1 0.6003446421875 0.837341575 0.63681973125 0.70946365 0.6367007046875 0.7077614890625 0.5550073546875 0.699175171875 0.516431325 0.8245763046875 0.5168537515625 0.830617296875 0.6003446421875 0.837341575
0 0.6005918484375 0.6563869078125 0.60407899375 0.5256147125 0.5947980453125 0.5262637 0.5227721515625 0.5440345703125 0.523220665625 0.67024095 0.5240567656249999 0.6738625015624999 0.6005918484375 0.6563869078125
0 0.2863954390625 0.1772680375 0.32291180937499997 0.0133938078125 0.2591644171875 0.015619915625 0.25016337499999997 0.0162493296875 0.204579221875 0.17277377656249998 0.2049969890625 0.17874810937500002 0.2805488484375 0.1774722046875 0.2863954390625 0.1772680375
0 0.2785879953125 0.9361958250000001 0.3651686421875 0.911290675 0.35222615625000003 0.7264848875000001 0.3432686984375 0.7271112546875 0.3355477578125 0.7290363015625 0.25978385937500004 0.7487753265625 0.278580653125 0.936166375 0.2785879953125 0.9361958250000001
0 0.360708271875 0.1544069640625 0.185952696875 0.110019359375 0.177635059375 0.11060098437500002 0.1764444125 0.1686811265625 0.176771590625 0.1874251328125 0.3637177859375 0.22860321093749997 0.360708271875 0.1544069640625
0 0.19620146249999998 0.6060723890624999 0.21194217499999998 0.6686033 0.21844481718750003 0.68987248125 0.410456634375 0.67283334375 0.3826634015625 0.5836423234375 0.203872959375 0.6037269765625 0.19620146249999998 0.6060723890624999
1 0.3691583953125 1 0.366974653125 0.825785290625 0.330325471875 0.830014203125 0.276007665625 0.8376480718750001 0.27349576249999996 1 0.3691583953125 1
0 0.175389321875 0.23030083750000002 0.1695533671875 0.231864578125 0.1701640546875 0.2405978265625 0.18924499374999998 0.3118088578125 0.381234984375 0.311471271875 0.35776673125 0.2277647203125 0.175389321875 0.23030083750000002
0 0.392820146875 0.589932434375 0.3753227046875 0.5096278703125 0.1977740359375 0.500459784375 0.19463928749999998 0.5010125249999999 0.19483627812499998 0.5038296359375 0.203293440625 0.5588502140625 0.2088609140625 0.5904249265625 0.3937935921875 0.59545310625 0.392820146875 0.589932434375
1 0.27583925468750004 0.6403300765625 0.2421103921875 0.8214912812499999 0.2424361125 0.8261493078125 0.3334592421875 0.821487675 0.3722548484375 0.644119959375 0.372291615625 0.642013659375 0.27583925468750004 0.6403300765625
1 0.17364308281250002 0.3189383265625 0.187577709375 0.3798051765625 0.195826940625 0.41059173125 0.384956465625 0.40927415156249997 0.363347603125 0.318933365625 0.17833905781249998 0.3176800453125 0.17364308281250002 0.3189383265625
0 0.273918178125 0.36628895625 0.26547364375 0.3845868078125 0.20288855312499998 0.526730825 0.202752053125 0.5274330578125 0.203013459375 0.531171353125 0.284570034375 0.5478131796875 0.3678961265625 0.379296159375 0.3619729140625 0.378144803125 0.273918178125 0.36628895625
0 0.952903534375 0.9424306375 0.9760396 0.939179075 0.9798909453125001 0.840792153125 0.9677469671875001 0.8416413421875 0.9020141 0.850210796875 0.90124024375 0.9460012703125 0.9017211828124999 0.9494233234375 0.952903534375 0.9424306375
0 0.973584884375 0.8594698749999999 0.972363253125 0.7630027671875 0.9546090234375001 0.7642442640625 0.896867884375 0.7754680031250001 0.8963440953124999 0.8689387 0.89723476875 0.8735208203125 0.973584884375 0.8594698749999999
0 0 0.1321156640625 0.003738728125 0.14434449062500002 0.18451072500000001 0.08907694375 0.1729746265625 0.0538486203125 0 0.056413725000000005 0 0.1321156640625
1 0.8762334015625 0.6929753625 0.8737588093750001 0.693148403125 0.8741024062499999 0.6980620703125 0.8814889499999999 0.7709476390625001 0.982542625 0.7832797328125001 0.9761137515625 0.7091486515625001 0.8762334015625 0.6929753625
0 0.870221259375 0.7097571484375 0.9413663968750001 0.7133412703124999 0.97487264375 0.615987478125 0.9748615671874999 0.6158290890625 0.9494886156250001 0.6136092421875 0.8992609140625 0.6105752984375 0.8697907875 0.703601109375 0.870221259375 0.7097571484375
0 0.94574751875 0.6355008843750001 0.9636076640625 0.53336664375 0.961867925 0.5334882984375 0.884435425 0.5445371234375 0.86957874375 0.633370675 0.8700976125000001 0.640790840625 0.94574751875 0.6355008843750001
0 0.02098758125 0.3248109828125 0.1070009390625 0.3197968484375 0.1522188875 0.1407654578125 0.15205860625 0.13847333125 0.09367521250000001 0.1415330765625 0.059250303125 0.14394030156249998 0.020714299999999998 0.3209028828125 0.02098758125 0.3248109828125
0 0 0.32404449375 0.001900025 0.33932854687499997 0.004908471875 0.3607347640625 0.18631692500000002 0.3832012046875 0.1787320359375 0.29521868906250004 0.17843218125 0.29308511406250004 0 0.26894405312499997 0 0.32404449375
0 0 0.1743982140625 0.182788671875 0.1907146171875 0.1830383796875 0.190666078125 0.16990389687500002 0.1039368640625 0 0.0860726 0 0.1743982140625
0 0 0.4155679765625 0.015970134375 0.4701604515625 0.2028970640625 0.462586396875 0.1770795390625 0.3779981140625 0 0.3761973953125 0 0.4155679765625
0 0.0351727359375 0.7408238453125 0.0316275953125 0.7410717453125 0.023924179687499998 0.8291222062499999 0.2096100078125 0.8837101703125001 0.21970783124999999 0.7853805359375 0.0351727359375 0.7408238453125
0 0.06451136406249999 0.8198509875 0.097902875 0.8134988859375 0.157461175 0.8019219234375001 0.16203330625 0.609780284375 0.151784559375 0.610496946875 0.1425492890625 0.6122193765625 0.06571705 0.62715405 0.0640634 0.817546409375 0.06451136406249999 0.8198509875
0 0.1709012765625 0.5176192328125 0.12114564375 0.520226815625 0.0708250734375 0.5237455718749999 0.042497225 0.6996112703125 0.0434244859375 0.712871728125 0.1370178578125 0.7061700156249999 0.1709012765625 0.5176192328125
0 0.0328709171875 0.6067473640625 0.033402315625 0.6143467265625 0.125142928125 0.612829603125 0.16447393593749998 0.417789125 0.06656744375 0.4212080953125 0.0328709171875 0.6067473640625
0 0.2090313921875 0.850523865625 0.02532403125 0.8796109109374999 0.028369937499999998 0.9231693999999999 0.032980420312499995 0.9382496093749999 0.0474559734375 0.9791877828125 0.23522788593750002 0.9446412546875 0.2090313921875 0.850523865625
0 0.9484987359374999 0.272887728125 0.8461311125 0.2346751625 0.8454762234375 0.2346293671875 0.8419879531250001 0.234873290625 0.838923315625 0.2700468203125 0.8364162890625 0.3058989703125 0.9415516953124999 0.34221033125 0.9484987359374999 0.272887728125
0 0.93716808125 0.555477025 0.9520141359375 0.460560515625 0.8989250015625 0.46427286875 0.884012015625 0.46558519687500005 0.8654569078125001 0.5520263171875001 0.8659705625 0.559371928125 0.93716808125 0.555477025
0 0.8826447312499999 0.160911125 0.8294833140625 0.26157350625000003 0.8296645078125 0.2641647 0.902179528125 0.27050345781249996 0.9439810625 0.165284009375 0.933614515625 0.164194440625 0.8826447312499999 0.160911125
0 0.8491416468749999 0.3926828953125 0.9554312421875 0.40516055156249997 0.9553537484374999 0.4040523421875 0.940681 0.3314232390625 0.8469426953125 0.320766809375 0.8402116625 0.321953671875 0.8491416468749999 0.3926828953125
0 0.885053675 0.38793415468750003 0.8458016921875 0.4725378421875 0.8461678234375001 0.47777376875 0.9145786875 0.487155296875 0.9586870734374999 0.39907552968750004 0.9006641468750001 0.3898856 0.885053675 0.38793415468750003
0 0.926203884375 0.0175317515625 0.8562258999999999 0.0224250890625 0.82107395625 0.13139978593749999 0.82122821875 0.133163025 0.8912803531250001 0.12355279374999999 0.926203884375 0.0175317515625
0 0.9269761421875 0.11968374687500001 0.9013312328125 0.11669642031250001 0.8124148296874999 0.1078706984375 0.8097283671875 0.1087435828125 0.8276563578125 0.1730101734375 0.8295201703125 0.17874639375 0.9456605874999999 0.18065007500000002 0.9297621250000001 0.1282581203125 0.9269761421875 0.11968374687500001
0 0.81377725 0 0.8149967468750001 0.0320066078125 0.8169413499999999 0.05981571249999999 0.873350253125 0.057845870312500006 0.9229898265625 0.05578735 0.9190253531250001 0.01356585625 0.8817690296875 0 0.81377725 0