0 0.30546875 0.70546875 0.134375 0.134375
0 0.29296875 0.54296875 0.1140625 0.115625
0 0.30078125 0.61796875 0.1203125 0.1203125
0 0.2890625 0.4578125 0.1234375 0.1234375
0 0.2703125 0.2171875 0.1359375 0.134375
0 0.33515625 0.93984375 0.1296875 0.1203125
0 0.321875 0.7890625 0.1609375 0.1046875
1 0.28828125 0.38671875 0.1484375 0.1
0 0.33125 0.86640625 0.153125 0.0921875
1 0.28671875 0.303125 0.153125 0.096875
1 0.27734375 0.12890625 0.1140625 0.1140625
0 0.43359375 0.57265625 0.134375 0.1359375
0 0.428125 0.48125 0.1453125 0.1015625
1 0.415625 0.3140625 0.1265625 0.090625
0 0.44609375 0.65625 0.1609375 0.1125
0 0.46171875 0.82265625 0.1640625 0.109375
1 0.4109375 0.22890625 0.1265625 0.1265625
1 0.42578125 0.39609375 0.1390625 0.1015625
0 0.471875 0.9109375 0.1421875 0.140625
1 0.459375 0.73515625 0.1234375 0.1234375
0 0.4015625 0.06015625 0.121875 0.115625
1 0.4125 0.14453125 0.1421875 0.1109375
0 0.053125 0.1890625 0.10625 0.090625
0 0.0515625 0.1125 0.103125 0.078125
0 0.10390625 0.9296875 0.1171875 0.11875
0 0.071875 0.49921875 0.14375 0.0921875
0 0.06796875 0.421875 0.1359375 0.096875
0 0.74140625 0.81640625 0.14375 0.1421875
0 0.75546875 0.9046875 0.1296875 0.13125
0 0.7421875 0.71796875 0.1671875 0.1078125
1 0.06328125 0.26875 0.1265625 0.096875
0 0.078125 0.5734375 0.1171875 0.1171875
0 0.0984375 0.79375 0.1546875 0.096875
0 0.06953125 0.34453125 0.1390625 0.1015625
0 0.73828125 0.6265625 0.1734375 0.11875
1 0.69765625 0.0703125 0.1875 0.128125
1 0.74140625 0.53828125 0.1640625 0.121875
1 0.71875 0.2609375 0.1703125 0.1109375
0 0.71484375 0.16484375 0.1734375 0.1265625
0 0.73125 0.35 0.1578125 0.1578125
0 0.7453125 0.4484375 0.1796875 0.1109375
0 0.08828125 0.64765625 0.1203125 0.11875
0 0.09609375 0.721875 0.11875 0.115625
1 0.11015625 0.8609375 0.1421875 0.0984375
0 0.91875 0.76484375 0.1625 0.1171875
0 0.93125 0.85859375 0.1375 0.1609375
0 0.9109375 0.4765625 0.1625 0.1609375
0 0.9265625 0.671875 0.146875 0.15
0 0.89453125 0.27421875 0.159375 0.159375
0 0.903125 0.37890625 0.15625 0.1546875
0 0.9234375 0.57734375 0.1484375 0.1484375
0 0.8890625 0.17734375 0.1484375 0.1484375
0 0.88046875 0.07734375 0.1578125 0.1546875