0 0.715625 0.3171875 0.096875 0.15625
0 0.5546875 0.29609375 0.0875 0.1296875
0 0.628125 0.30703125 0.090625 0.1359375
0 0.46953125 0.28828125 0.1046875 0.1390625
0 0.23046875 0.25703125 0.1078125 0.1484375
0 0.9515625 0.35859375 0.09375 0.1546875
0 0.79921875 0.33828125 0.0984375 0.1578125
1 0.3984375 0.28359375 0.096875 0.1453125
0 0.875 0.3515625 0.09375 0.153125
1 0.3140625 0.27734375 0.096875 0.1515625
1 0.14140625 0.2578125 0.1015625 0.134375
0 0.5765625 0.4375 0.096875 0.15625
0 0.4859375 0.4265625 0.103125 0.14375
1 0.31953125 0.40546875 0.0953125 0.1296875
0 0.65859375 0.45546875 0.1046875 0.1578125
0 0.82421875 0.478125 0.1015625 0.159375
1 0.23359375 0.396875 0.1015625 0.14375
1 0.40078125 0.42109375 0.0984375 0.1359375
0 0.91171875 0.49296875 0.1046875 0.1671875
1 0.7375 0.47265625 0.109375 0.1453125
0 0.06484375 0.38046875 0.0984375 0.1390625
1 0.15078125 0.39453125 0.1046875 0.1390625
0 0.21484375 0.0453125 0.0890625 0.090625
0 0.1375 0.0421875 0.084375 0.084375
0 0.95078125 0.128125 0.0921875 0.14375
0 0.52265625 0.071875 0.0890625 0.14375
0 0.4453125 0.06640625 0.090625 0.1328125
0 0.80390625 0.75859375 0.1046875 0.1734375
0 0.8921875 0.77734375 0.10625 0.1609375
0 0.70546875 0.753125 0.1078125 0.165625
1 0.29375 0.05859375 0.096875 0.1171875
0 0.596875 0.08359375 0.0875 0.1515625
0 0.815625 0.1140625 0.0875 0.153125
0 0.36796875 0.06484375 0.0953125 0.1296875
0 0.61484375 0.7453125 0.1171875 0.171875
1 0.0609375 0.675 0.121875 0.184375
1 0.5265625 0.74453125 0.11875 0.1609375
1 0.25078125 0.70703125 0.1140625 0.1703125
0 0.15546875 0.696875 0.1203125 0.16875
0 0.33828125 0.7234375 0.1234375 0.175
0 0.43671875 0.74296875 0.1078125 0.1765625
0 0.66953125 0.09765625 0.0921875 0.1484375
0 0.74296875 0.10859375 0.0890625 0.1453125
1 0.88203125 0.1296875 0.0921875 0.1375
0 0.7421875 0.9265625 0.109375 0.146875
0 0.8359375 0.9328125 0.121875 0.134375
0 0.45546875 0.9078125 0.1171875 0.184375
0 0.64921875 0.92109375 0.1171875 0.1578125
0 0.25390625 0.8828125 0.1234375 0.1875
0 0.359375 0.896875 0.121875 0.1875
0 0.5546875 0.9171875 0.121875 0.165625
0 0.15859375 0.87265625 0.1140625 0.1796875
0 0.06015625 0.8578125 0.1203125 0.18125