0 0.8713640625 0.22407343750000003 0.9057999999999999 0.334584375 0.976928125 0.336340625 0.9391421875000001 0.2252328125 0.8713640625 0.22407343750000003
0 0.7958515625 0.226684375 0.83478125 0.33868906249999997 0.9029453125 0.3373703125 0.8634296875 0.22538437500000003 0.7958515625 0.226684375
0 0.5506203125 0.2302734375 0.5458984375 0.2302734375 0.5797328125 0.3431984375 0.6566375 0.3407453125 0.6231859375 0.232203125 0.5506203125 0.2302734375
0 0.62803125 0.2306671875 0.6609906249999999 0.33880468750000003 0.7405140625 0.34407343749999997 0.704209375 0.23077031250000002 0.62803125 0.2306671875
0 0.7081609375 0.2295953125 0.744621875 0.34686875 0.8253812500000001 0.3464296875 0.7871 0.2291734375 0.7081609375 0.2295953125
0 0.470471875 0.23179218750000002 0.5011640625 0.3464671875 0.5801375 0.3440140625 0.546340625 0.23179218750000002 0.470471875 0.23179218750000002
0 0.386340625 0.23408437499999998 0.4164921875 0.35000624999999996 0.49856875 0.3481671875 0.4685671875 0.23165312500000002 0.386340625 0.23408437499999998
1 0.1413703125 0.231975 0.060098437500000004 0.23120156249999999 0.083340625 0.37024375 0.166590625 0.3696953125 0.1413703125 0.231975
0 0.1418046875 0.232746875 0.1684609375 0.372809375 0.25378124999999996 0.3735109375 0.22916093750000002 0.23429375000000002 0.1418046875 0.232746875
1 0.30608749999999996 0.2335203125 0.338603125 0.3756 0.4186109375 0.37498593750000003 0.38388125 0.23120156249999999 0.30608749999999996 0.2335203125
1 0.2295953125 0.2335203125 0.2548015625 0.37437343749999996 0.3372234375 0.3725328125 0.30391406249999997 0.235065625 0.2295953125 0.2335203125
0 0.9084078124999999 0.34729375 0.8300515624999999 0.3488828125 0.8755328125 0.4987875 0.9603734375 0.499415625 0.9084078124999999 0.34729375
0 1 0.4863640625 0.9981859375000001 0.34980781250000004 0.9120578125 0.34636875 0.9631890625 0.5057015625 1 0.5094421875 1 0.4863640625
0 0.5801796875 0.35433906249999997 0.5034453125 0.35541875 0.5391734375 0.5020609375 0.6240140625 0.49891874999999997 0.5801796875 0.35433906249999997
0 0.8263953125000001 0.3567234375 0.743521875 0.3569265625 0.7935187499999999 0.5025593749999999 0.8723515624999999 0.4962734375 0.8263953125000001 0.3567234375
0 0.660690625 0.356853125 0.5837546875 0.3559203125 0.623571875 0.49766093749999996 0.7084140624999999 0.503946875 0.660690625 0.356853125
0 0.6643453125 0.3589375 0.710534375 0.5045765624999999 0.7918406250000001 0.503946875 0.7405828125 0.35748281249999997 0.6643453125 0.3589375
0 0.5381125 0.503946875 0.49993437500000004 0.3549671875 0.42110156249999997 0.356853125 0.424834375 0.378040625 0.456453125 0.5083484375 0.5381125 0.503946875
0 0.083425 0.3670921875 0.000396875 0.36470625 0.014671875000000001 0.5096875 0.10240625 0.508640625 0.083425 0.3670921875
1 0.170709375 0.3767109375 0.08636875000000001 0.3734609375 0.1059390625 0.508640625 0.19249687499999998 0.5065453125 0.170709375 0.3767109375
0 0.3389625 0.3775984375 0.25601562499999997 0.3765328125 0.2824015625 0.50771875 0.369009375 0.5064625 0.3389625 0.3775984375
1 0.2549125 0.3756640625 0.1720921875 0.37513593749999996 0.19544062499999998 0.508640625 0.281409375 0.510734375 0.2549125 0.3756640625
0 0.4199140625 0.3788546875 0.3405671875 0.3790453125 0.3693640625 0.5058328125 0.45314375 0.507090625 0.4199140625 0.3788546875
0 0.863859375 0.61448125 0.9113953125 0.797471875 0.9949375 0.795965625 0.9362328124999999 0.6178015625 0.863859375 0.61448125
0 0.212259375 0.6168984375 0.122221875 0.6136796875 0.149321875 0.8000812500000001 0.2447171875 0.8010859375000001 0.212259375 0.6168984375
0 0.78551875 0.61408125 0.830121875 0.800984375 0.9094296875 0.7979734374999999 0.85975625 0.6157953125 0.78551875 0.61408125
0 0.3107359375 0.6172921875 0.3452875 0.8020890625 0.4387078125 0.802590625 0.3986296875 0.6128843749999999 0.3107359375 0.6172921875
1 0.028178125 0.6172765625000001 0.051890625 0.80285 0.14830000000000002 0.797928125 0.1197 0.6150109375 0.028178125 0.6172765625000001
0 0.677603125 0.616890625 0.72435 0.8015874999999999 0.811278125 0.802590625 0.7616046875 0.6158953125 0.677603125 0.616890625
0 0.40173437500000003 0.6184046875 0.43898906249999997 0.800584375 0.5301515625000001 0.7985765625 0.489509375 0.6219171875 0.40173437500000003 0.6184046875
1 0.21614062500000003 0.6160875 0.247590625 0.80309375 0.344396875 0.802590625 0.30827031250000003 0.6224203125 0.21614062500000003 0.6160875
0 0.579846875 0.620903125 0.630265625 0.8040968749999999 0.723121875 0.8015874999999999 0.6751421875 0.6174015625 0.579846875 0.620903125
1 0.5321140625 0.7970703125 0.62694375 0.802590625 0.5772062499999999 0.6209140625 0.49202500000000005 0.62170625 0.5273156250000001 0.777496875 0.5321140625 0.7970703125
0 0.10506249999999999 0.0386234375 0.02954375 0.0389140625 0.04415625 0.1371171875 0.1227171875 0.1363328125 0.10506249999999999 0.0386234375
0 0.1823 0.0386234375 0.10545 0.0386 0.12337968749999999 0.1375109375 0.20194062499999998 0.136725 0.1823 0.0386234375
0 1 0.7934140625 0.909653125 0.7992390625 0.9629375 0.9832453125 1 0.9839765625 1 0.7934140625
1 0.25760312500000004 0.039237499999999995 0.183203125 0.0379953125 0.2025546875 0.1379421875 0.2813265625 0.1404 0.25760312500000004 0.039237499999999995
0 0.3324578125 0.04169375 0.2589265625 0.0389765625 0.28155625 0.1404 0.3575640625 0.142446875 0.3324578125 0.04169375
0 0.41259843749999997 0.04701875 0.3328078125 0.0412703125 0.35778125 0.14203749999999998 0.4354 0.14203749999999998 0.41259843749999997 0.04701875
0 0.813034375 0.804515625 0.7257359375 0.804003125 0.774925 0.9839890625000001 0.8687343750000001 0.984734375 0.813034375 0.804515625
0 0.722575 0.804515625 0.6322703125 0.8093640625 0.6798578125 0.9862234375 0.77325 0.984734375 0.722575 0.804515625
0 0.9062468750000001 0.798559375 0.81853125 0.8022171874999999 0.8735796875 0.992925 0.966134375 0.994415625 0.9062468750000001 0.798559375
0 0.627528125 0.8082390625 0.539140625 0.8051953125000001 0.5802046875 0.9877125 0.678203125 0.989946875 0.627528125 0.8082390625
0 0.24167968750000002 0.804515625 0.1522140625 0.804003125 0.18137343749999998 0.99739375 0.280209375 0.9959046875 0.24167968750000002 0.804515625
0 0.340096875 0.80600625 0.24500937500000003 0.8063859375 0.283559375 0.9959046875 0.38155625 0.9951593750000001 0.340096875 0.80600625
0 0.382628125 0.9959046875 0.48272031249999997 0.9959046875 0.438746875 0.8082390625 0.341825 0.8063859375 0.382628125 0.9959046875
0 0.581371875 1 0.534975 0.8052609374999999 0.4413203125 0.80698125 0.48338281250000004 1 0.581371875 1
0 0.177865625 1 0.15038281250000002 0.804515625 0.05271875 0.80698125 0.0745796875 0.99665 0.152153125 1 0.177865625 1
0 0.634 0.0412953125 0.6630546875000001 0.1493203125 0.7358265625 0.148075 0.7036390625 0.039201562499999995 0.634 0.0412953125
0 0.43534375000000003 0.141628125 0.5087578125000001 0.140515625 0.4821 0.048246875 0.41369375 0.04701875 0.43534375000000003 0.141628125
0 0.7057375 0.039823437499999996 0.73643125 0.14926250000000002 0.8106984374999999 0.1505640625 0.767315625 0.042312499999999996 0.7057375 0.039823437499999996
0 0.5573171875 0.047764062499999996 0.5860828125 0.14496562500000001 0.6613046875 0.14683125 0.6305156249999999 0.044178125 0.5573171875 0.047764062499999996
0 0.554653125 0.04865625 0.48296406249999996 0.047165625 0.5099703124999999 0.14203749999999998 0.5850562499999999 0.1444953125 0.554653125 0.04865625
0 0.8404718750000001 0.0431609375 0.8863171875000001 0.1518078125 0.9569906250000001 0.1518078125 0.9118578125000001 0.0466671875 0.8404718750000001 0.0431609375
0 0.8843687499999999 0.1518078125 0.8472828124999999 0.067196875 0.8364375000000001 0.043556250000000005 0.7727609375 0.0448 0.810546875 0.15491875 0.8843687499999999 0.1518078125
0 1 0.04604375 0.9149859375 0.0457734375 0.957340625 0.1505640625 0.9996750000000001 0.15305312499999998 1 0.103371875 1 0.04604375