0 0.1047477859375 0.724248765625 0.071950653125 0.7833679796874999 0.1453834546875 0.8671978812500001 0.1496788515625 0.869110315625 0.1671591375 0.838833571875 0.1833225140625 0.8091696671875 0.1051422484375 0.7244243921875 0.1047477859375 0.724248765625
0 0.1003490546875 0.728806834375 0.1972844 0.7971009078125 0.21716063124999999 0.73249891875 0.120404009375 0.6636466859375 0.1003490546875 0.728806834375
1 0.2545336671875 0.563734009375 0.3377979140625 0.49168129687500006 0.33917890625 0.48857953906249996 0.276502296875 0.44657859999999994 0.1879678078125 0.5244145328125 0.19197159375 0.5269163781249999 0.2545336671875 0.563734009375
0 0.156924046875 0.6066134609375 0.21164299843749998 0.6333016765624999 0.22578405156249998 0.6395976796875 0.30244347656250004 0.5595640078125 0.3045434421875 0.5548474078125001 0.23249519531249999 0.5254323828125 0.156924046875 0.6066134609375
0 0.27735763750000003 0.6466401421875 0.2402208640625 0.6162364453125 0.21837965625 0.5985497859375 0.11505115625 0.665446778125 0.11501277812499999 0.6655329765625 0.126523396875 0.6749581906250001 0.1777681296875 0.7164553546875 0.275251725 0.6513700984375 0.27735763750000003 0.6466401421875
0 0.2868236703125 0.3763227390625 0.23183689687500003 0.4798075078125 0.23888745937500003 0.48294661874999995 0.30504641875 0.49822061875 0.3623297328125 0.3980364890625 0.36272007031250003 0.39634575 0.2868236703125 0.3763227390625
0 0.404501584375 0.3418624015625 0.4071497421875 0.33591454062500004 0.3366186140625 0.297962796875 0.25712545468750003 0.3875619875 0.3292853578125 0.42705790156249995 0.404501584375 0.3418624015625
1 0.41989071874999995 0 0.40183314374999995 0.0754752296875 0.5269402015625 0.1321671515625 0.5309873984375 0.123076996875 0.5486989703125 0.0520397609375 0.4289575515625 0 0.41989071874999995 0
1 0.5098833578125 0.09562211875 0.4412502671875 0.067911584375 0.36507535 0.1850826671875 0.39679281093749996 0.199204190625 0.4431664921875 0.21888865000000002 0.5187916578125 0.10581636093749999 0.5210150875 0.10057828437500001 0.5098833578125 0.09562211875
1 0.3489581578125 0.3623790578125 0.46344425625 0.27478137812500003 0.4643744390625 0.2726921515625 0.40345032031250005 0.2225787671875 0.288766825 0.31253177656250003 0.3106256671875 0.3313380203125 0.3489581578125 0.3623790578125
1 0.4310885171875 0.30170245156250003 0.4357654203125 0.3037847421875 0.48325566875000003 0.23908410937500002 0.3823336 0.13764636875 0.340972675 0.199410634375 0.4310885171875 0.30170245156250003
0 0.245819384375 0.9027999343750001 0.359567846875 0.7962080203124999 0.3610155140625 0.79295650625 0.28710827656250004 0.754358984375 0.176575746875 0.8653651421875 0.200043321875 0.8784603687500001 0.245819384375 0.9027999343750001
0 0.2112379046875 0.802627840625 0.191522196875 0.83393828125 0.265647659375 0.9429777546875 0.29572010937500004 0.956366871875 0.312656646875 0.93468909375 0.3359149171875 0.9023382453125001 0.22942434375 0.81683664375 0.2112379046875 0.802627840625
0 0.35266209375 0.48111870156250003 0.340402690625 0.49625780468749997 0.4228440015625 0.61787079375 0.42642209218750005 0.6194638625 0.4706436328125 0.5688103203125 0.480492521875 0.5566479546875 0.3893718640625 0.4370671296875 0.35266209375 0.48111870156250003
0 0.34998430156250004 0.8363210249999999 0.3786868015625 0.7763044296875 0.38307383281249996 0.764875828125 0.2660446890625 0.666859175 0.2657639734375 0.6667514171875 0.2359120890625 0.743950178125 0.3482385671875 0.8356509000000001 0.34998430156250004 0.8363210249999999
0 0.33551413750000003 0.5174157421875 0.304115596875 0.586938059375 0.41021963437500003 0.6857959375 0.4183183 0.689401696875 0.4186405671875 0.6887105906250001 0.447417525 0.61280548125 0.3375213140625 0.5183093953125 0.33551413750000003 0.5174157421875
0 0.38917415312500003 0.7619931609374999 0.3900589609375 0.762297825 0.398670825 0.7429552609375001 0.4180161671875 0.6867723078125 0.2963859328125 0.5964537812499999 0.27018978125 0.6680636765625 0.38917415312500003 0.7619931609374999
0 0.3679282671875 0.4428722453125 0.48344004687500003 0.5311038156250001 0.4910696484375 0.5343423890625 0.515277478125 0.4848939828125 0.524179625 0.4648994328125 0.5253260125 0.46219871250000005 0.4185106890625 0.38275726875 0.4004662546875 0.37104393281250003 0.3679282671875 0.4428722453125
0 0.56795975 0 0.5450481500000001 0.08159944062499999 0.6717940859375 0.12929904375 0.6810465812500001 0.13177824062500001 0.68236664375 0.12881333125 0.7005793328125 0.05209434375000001 0.57566129375 0 0.56795975 0
1 0.5193202953125 0.15989684531249998 0.6421883609375 0.2152136796875 0.644059459375 0.21101112500000002 0.6511940734375 0.18612976718750002 0.6639913468749999 0.1339995390625 0.545191728125 0.07726975625 0.5193202953125 0.15989684531249998
0 0.5910908953125 0.254706984375 0.508694184375 0.234420153125 0.4535394265625 0.3561678390625 0.45406141875 0.35640024531250003 0.456772046875 0.3570260421875 0.5345345953125 0.3739300125 0.58938663125 0.26208896406250004 0.5910908953125 0.254706984375
1 0.5634822359375 0.154368721875 0.47905574062499995 0.25892516875 0.4789362875 0.259193465625 0.5512295140625 0.2992662546875 0.6357978656250001 0.198834553125 0.6382005015625001 0.19343814374999999 0.5634822359375 0.154368721875
0 0.48224188124999995 0.31490570625 0.421758515625 0.43095726250000005 0.42863254843750004 0.43401777968750005 0.5029337390624999 0.4500012296875 0.5578558546875 0.3363710703125 0.55869195625 0.3327495171875 0.48224188124999995 0.31490570625
0 0.541554628125 1 0.595643846875 0.9033652812499999 0.5961762937499999 0.9006260796875001 0.5210469171875001 0.884612303125 0.515304246875 0.883496040625 0.45957967968749996 1 0.541554628125 1
0 0.8099342921874999 0.393288028125 0.9087286546875 0.24272736875 0.9120433734375 0.23528238906249999 0.83030915625 0.200669090625 0.723157315625 0.3537321640625 0.7386325125 0.3609483671875 0.8099342921874999 0.393288028125
0 0.5731631 0.8127929828125 0.4562555046875 0.9610808000000001 0.5275343640625 0.9945831984375 0.5275826640625 0.994604703125 0.5280957921875 0.9948225140625 0.6398155953125 0.8434112640625001 0.6413136500000001 0.8398820671875 0.5731631 0.8127929828125
0 0.7091968953125 0.5620019968750001 0.8406391234375 0.43023292968750004 0.8433959921874999 0.42404089999999994 0.7668592421875 0.37491989531250003 0.637233225 0.511085940625 0.6939872140625 0.5521247140625001 0.7091968953125 0.5620019968750001
1 0.76249433125 0.17825570625 0.8837918609375001 0.305105834375 0.8924902484375 0.31214965 0.8927961109375 0.312285828125 0.9057716750000001 0.2970491875 0.9499699843749999 0.2424688234375 0.8269906375 0.10642977499999999 0.76249433125 0.17825570625
0 0.6807741640625 0.736733375 0.5978920859375 0.7139996140625 0.5027235625 0.877493828125 0.5121032015625 0.8816699124999999 0.548480053125 0.8925686390625 0.582743815625 0.9023936156250001 0.67975096875 0.740301684375 0.6807741640625 0.736733375
0 0.6693918640625001 0.4525662625 0.6214220171875 0.5193036390625 0.7328541468750001 0.656694790625 0.73690980625 0.6585004859375 0.77311139375 0.6142101203125 0.7928506109375 0.5889450734375 0.6728431625 0.44814880312499994 0.6693918640625001 0.4525662625
1 0.6821702453125 0.37571587968750003 0.8391065953125001 0.47977367031249996 0.8467873015625 0.462522521875 0.8719046640625001 0.3937680046875 0.7222777046875 0.28767721874999996 0.72197631875 0.28754303281250004 0.6821702453125 0.37571587968750003
1 0.6967214890625 0.8179123015625 0.7171587703125 0.758910059375 0.7264774125 0.7284301531249999 0.5653882671875 0.6293241453125 0.5358403015625 0.7173884296875 0.6920722875 0.816490896875 0.6967214890625 0.8179123015625
0 0.656579125 0.72923383125 0.6694717515625 0.71374506875 0.7626625125000001 0.5976881625 0.7669983953124999 0.5879496093750001 0.6932721468749999 0.5511379921875 0.5691699078125 0.6923465531249999 0.5745933 0.6949917203125 0.656579125 0.72923383125
0 0.22642393906249997 0 0.1984691796875 0.0286252375 0.19800575 0.029666118749999998 0.2636643125 0.0723052890625 0.3302214234375 0.0016134968749999998 0.3309397984375 0 0.22642393906249997 0
1 0.29599713125 0.05537062499999999 0.22166536718750002 0.032342403125 0.1714807046875 0.1194132078125 0.1794617953125 0.12296661874999999 0.20046248437499997 0.1301977359375 0.24157878125 0.1435917796875 0.2946300859375 0.05934081249999999 0.29599713125 0.05537062499999999
0 0.2669980234375 0.1265319140625 0.19822562500000002 0.104340259375 0.14076980625 0.189547925 0.14522715 0.1915324625 0.1645676171875 0.1985718171875 0.21229860781249998 0.21450226562500002 0.26499657656250003 0.13203084062499998 0.2669980234375 0.1265319140625
0 0.1837557640625 0.295915334375 0.1867561890625 0.297251209375 0.230474203125 0.2348154140625 0.162320290625 0.1566368515625 0.12126328593749999 0.2252943953125 0.1837557640625 0.295915334375
0 0.7508235546875001 1 0.8265207015625 0.8586758718749999 0.82673783125 0.857558834375 0.8235551859375001 0.8561418281250001 0.7352575125 0.8397048046875 0.65608641875 1 0.7508235546875001 1
0 0.7224638718749999 0.915470921875 0.7436709140625 0.9303202531249999 0.8849773781250001 0.8146831406249999 0.8862608921874999 0.8118003203124999 0.811801496875 0.7578736140625 0.6728063390625 0.8742573203124999 0.671759428125 0.8757524640625001 0.7224638718749999 0.915470921875
0 0.74060013125 1 0.66327813125 0.9045077296875 0.662314346875 0.904078625 0.653188503125 0.9176082421875 0.6118948765625001 0.981005596875 0.6277761468749999 1 0.74060013125 1
0 0.9240517046875001 0.729462484375 0.9256409609375 0.727192790625 0.9270402296875 0.7240499828125 0.8546149749999999 0.6769677890625 0.7088821640625 0.7967481203125 0.7904388171875001 0.8511273625 0.9240517046875001 0.729462484375
0 1 0.30828080468749997 0.99001068125 0.3047096421875 0.8893102374999999 0.469798153125 0.9078715484375 0.4780621796875 0.981624584375 0.5049060890625 1 0.47116742343749995 1 0.30828080468749997
0 1 0.48272419062500005 0.903200721875 0.38422867968749996 0.9019708874999999 0.38339914531249997 0.858567659375 0.44719496562499994 0.8487028656250001 0.4618201234375 0.97933203125 0.598817634375 0.9831891296874999 0.6005349265625 1 0.5756117859375001 1 0.48272419062500005
0 0.8956753718750001 0.48732128125 0.814922478125 0.65902658125 0.8227280953125 0.662501865625 0.9120293328125 0.6814834296875001 0.987933321875 0.5121976921875 0.989383734375 0.5053740484375 0.8956753718750001 0.48732128125
0 0.9075211203125001 0.78406224375 0.9499003281249999 0.7188039859375001 0.9576295531250001 0.7014438625 0.8210060765625 0.5634133421875 0.768554828125 0.6410217921875 0.902736621875 0.7819320484375 0.9075211203125001 0.78406224375
0 1 0.2325521625 0.97040446875 0.2094272359375 0.9575479124999999 0.23169544375 0.9216637078125001 0.30055019375 1 0.358675321875 1 0.2325521625
0 0 0.504105846875 0.0826730609375 0.567474325 0.0862281984375 0.5688390140624999 0.089721634375 0.56099263125 0.09990758125 0.5357555953124999 0.11278721875 0.502203 0.02286214375 0.4367396546875 0 0.49133263281249995 0 0.504105846875
0 0.0949207265625 0.30582121562500003 0.1736315703125 0.35716161875 0.18122531718749998 0.340105784375 0.181800640625 0.3383212203125 0.197184265625 0.288003646875 0.11374588125 0.24004439687499998 0.0949207265625 0.30582121562500003
0 0 0.617787009375 0.0064605328125 0.6211768125 0.09594334374999999 0.5508599953125 0.0970031046875 0.5484797328125001 0.033189825 0.5131137171875 0 0.54553975 0 0.617787009375
0 0.0211659765625 0.4623346875 0.0682851 0.4821457515625 0.08911227187500001 0.4897262234375 0.151321684375 0.4062521484375 0.1519551390625 0.404511746875 0.08116207187499999 0.38071659687500004 0.0215212125 0.46135868437500005 0.0211659765625 0.4623346875
0 0.10729747187500001 0.296534440625 0.1033743921875 0.301934096875 0.0651227578125 0.3583773734375 0.1240833875 0.4335429234375 0.1266642265625 0.4346919859375 0.1322366546875 0.42702219531249996 0.16693351875 0.37711585 0.10778804374999999 0.2968908625 0.10729747187500001 0.296534440625
0 0 0.6859245515625 0.020257365625000003 0.7054452671875 0.027075528124999998 0.708480909375 0.049146984375 0.663466159375 0.05095218124999999 0.6595949015625 0.053701476562499996 0.6534198859375 0.037094415625 0.6338760375 0 0.5916990890625 0 0.6859245515625