0 0.8002115578125 0.064624890625 0.7227667359375001 0.145433025 0.7218561796875 0.15059705 0.7842147500000001 0.17782171093750002 0.862076784375 0.0922748296875 0.8582030125 0.090468459375 0.8002115578125 0.064624890625
0 0.7116055109375 0.23572571718750002 0.7114524953125 0.236593515625 0.7775224703125 0.2519773421875 0.838888315625 0.1505141734375 0.7730571984375 0.135192765625 0.7116055109375 0.23572571718750002
0 0.7843073453125 0.3845706828125 0.7078275296875 0.3807942203125 0.6720271296875 0.49311126875 0.6767475890625 0.49319366562500006 0.7493362343750001 0.49253068437499997 0.7842861953125 0.38578242500000004 0.7843073453125 0.3845706828125
0 0.7964587937500001 0.3423090453125 0.7039145046875 0.2932052046875 0.6980960265625 0.29217925 0.68512600625 0.35890421250000004 0.6840258140625 0.36514371562500003 0.7864579421875 0.4213780015625 0.7964587937500001 0.3423090453125
0 0.8176907140624999 0.2716470765625 0.7197720703125 0.20239168125 0.7184276281249999 0.20215461875 0.694173109375 0.27680235 0.79227443125 0.34828702031250003 0.792322175 0.3483025328125 0.8176907140624999 0.2716470765625
0 0.695397228125 0.4522329734375 0.65125540625 0.5615756984375 0.6656914859375 0.5641211687500001 0.7262619484374999 0.5715582859375 0.772947934375 0.4655068921875 0.773104278125 0.4642335703125 0.695397228125 0.4522329734375
0 0.7562020234375 0.5694102890625 0.6414023171875 0.5352312734375 0.6361029578124999 0.6173220500000001 0.7514990078125 0.6513729390624999 0.7562020234375 0.5694102890625
1 0.560847959375 0.8657623031250001 0.5595883578125 0.8729058578125001 0.5622391906249999 0.9488157703125 0.7005646875 0.9670016703125001 0.6969559953125 0.88580644375 0.560847959375 0.8657623031250001
0 0.6376963531250001 0.756327228125 0.5671078984375 0.869167075 0.566196084375 0.87142389375 0.5651848234375 0.8771590421875001 0.6420875796875001 0.9074957734375 0.7187290640625 0.788459496875 0.6674026859375 0.7677222953125 0.6376963531250001 0.756327228125
1 0.60689550625 0.6105042171874999 0.6027349390625 0.6102132828125 0.6013473109375 0.6180829078125 0.5963954171875 0.688898303125 0.735000946875 0.7309856375 0.7427404578125001 0.6535420281250001 0.60689550625 0.6105042171874999
1 0.7306559406249999 0.735103346875 0.6071791046875 0.6823187890625 0.5986734 0.680819003125 0.5838715015625 0.7516188890625 0.7095299640625 0.8146015 0.710385265625 0.8147523124999999 0.7306559406249999 0.735103346875
0 0.7191233078125 0.10415919375 0.5728390375 0.0597773578125 0.569690109375 0.059777356250000004 0.5691323625 0.0629404984375 0.5686906140625 0.0847169859375 0.568690615625 0.1373978265625 0.7197519171875 0.189000715625 0.7191233078125 0.10415919375
1 0.606530228125 0.14593219375 0.689891834375 0.14114575468749999 0.6894103781250001 0.025684854687499998 0.6541249515625001 0.01946308125 0.6419829734375 0.0196750203125 0.6055251734375 0.1404901921875 0.6056173546875 0.1457712296875 0.606530228125 0.14593219375
0 0.5994336375 0.5251177593749999 0.6474480671875 0.3832047046875 0.6408244234375 0.382036778125 0.5708434984374999 0.375914240625 0.5170296171875 0.5100056390625001 0.516612775 0.514770165625 0.5994336375 0.5251177593749999
0 0.6397188046875 0.28129472187500004 0.68451336875 0.1342970609375 0.683132484375 0.1340535734375 0.6017731203125 0.1366943734375 0.5624949875 0.271649678125 0.562711609375 0.277852903125 0.6397188046875 0.28129472187500004
0 0.6357522484375 0.4557128078125 0.6671286734375 0.3862394609375 0.559090203125 0.2855792578125 0.5575113390624999 0.284843021875 0.5528145140625 0.28401484374999997 0.552603703125 0.2844669296875 0.52382674375 0.3603720390625 0.6344352234375 0.45548058124999996 0.6357522484375 0.4557128078125
1 0.5473210828124999 0.216827528125 0.5452166953125 0.2165691421875 0.53991689375 0.246625809375 0.5344210796875 0.291385615625 0.6719595640625 0.35932707656249996 0.6824922484375 0.278703271875 0.5473210828124999 0.216827528125
0 0.6052437703125 0.46751957187500004 0.5700732953125 0.45330977812500006 0.49315247656250005 0.560596575 0.485361625 0.5730697953125 0.48284375468749996 0.5793017421875 0.48284194375 0.5793120171874999 0.55414108125 0.6101221406249999 0.6448588843749999 0.48695736875 0.6451625937500001 0.4862056609375 0.6052437703125 0.46751957187500004
0 0.5263923390625 1 0.5359059609375 0.8823563562500001 0.5264824953125 0.8806947453125 0.4531012125 0.88408535 0.43994714375 0.9971243671875 0.4562556703125 1 0.5263923390625 1
1 0.5650687 0.8382728500000001 0.43465666093750005 0.8075939406250001 0.4318546453125 0.8234849578125001 0.43061233750000005 0.837684603125 0.4279971015625 0.8912988875 0.555438590625 0.9243183484375 0.5650687 0.8382728500000001
1 0.513342815625 0.625736928125 0.46037128125000004 0.7337437109375 0.45832669062500003 0.7453391593750001 0.539183228125 0.7652467859375001 0.5943838765625 0.6433978015624999 0.591105365625 0.6426408953125 0.513342815625 0.625736928125
1 0.457182378125 0.8478494124999999 0.5411671671875 0.8443361765624999 0.5618734890625 0.7124086843749999 0.5560699484375 0.7113853625 0.47932956875 0.712724871875 0.45607408749999995 0.8432935968749999 0.4561504328125 0.8476674531249999 0.457182378125 0.8478494124999999
1 0.4984757765625 0.54574275625 0.4892167859375 0.544110146875 0.4705155109375 0.6183551390625001 0.5869029859375 0.6816206671875 0.6059515765625 0.6000241734375 0.4984757765625 0.54574275625
0 0.3680606546875 0 0.2787771453125 0.09495436562500001 0.2775978421875 0.09748338906250001 0.346621471875 0.13119692968750002 0.3519235125 0.1336693125 0.45885718124999997 0.0042343890625 0.4497765046875 0 0.3680606546875 0
0 0.233660034375 0.6775437921874999 0.158459578125 0.8443120234375 0.1575309015625 0.8495788140625 0.2436682578125 0.870978603125 0.32555653906250004 0.7030377484375 0.30914300625 0.69833124375 0.233660034375 0.6775437921874999
0 0.444733884375 0.1499289546875 0.3047815828125 0.0314436859375 0.302728075 0.030486118750000003 0.29958246875 0.029931464062500003 0.27286124375 0.081982528125 0.26493847812500004 0.09897295625 0.41491332343750004 0.21793538437499999 0.444733884375 0.1499289546875
0 0.1838694171875 0.5229771703125 0.1795166125 0.5873117484375 0.1791284546875 0.60954936875 0.367007925 0.6526791015625 0.36813653281250003 0.55926481875 0.1918902171875 0.523117175 0.1838694171875 0.5229771703125
1 0.14144351093750002 0.9318168609375 0.14063774375 0.9363865921875 0.20216189375 0.9551964125 0.22896625625000003 0.95992274375 0.305623675 0.8019576609374999 0.223419278125 0.772163815625 0.21467482499999999 0.7694903671875 0.14144351093750002 0.9318168609375
1 0.27720979375 0.320811228125 0.3628688765625 0.31382663593750004 0.3966088 0.126370028125 0.39639045 0.1263315265625 0.3482267953125 0.1291267296875 0.31266905 0.1316131703125 0.27695085 0.317108159375 0.27720979375 0.320811228125
0 0.3644856203125 0.5727276140625001 0.3783448921875 0.4917158625 0.22300925624999998 0.4194269765625 0.21340724375 0.4177338828125 0.20040312187499998 0.472910728125 0.1937370984375 0.504271903125 0.36332010000000003 0.57821095 0.3644856203125 0.5727276140625001
1 0.322981696875 0.5915490859375 0.3230023015625 0.5909590453125 0.3122733140625 0.5890672343750001 0.2266469296875 0.5860770953125 0.18880054531249998 0.7713257140625001 0.28109650625 0.768212709375 0.322981696875 0.5915490859375
0 0.414086765625 0.31923183593750004 0.25822511718749996 0.224137765625 0.25103778125 0.22287044374999998 0.23207126093750002 0.280880975 0.223285984375 0.311518871875 0.38608023281250003 0.407798390625 0.414086765625 0.31923183593750004
1 0.2319386578125 0.4931682796875 0.3257058296875 0.49098848281249996 0.3311839828125 0.47159489218750006 0.37148228906249997 0.31867845156249996 0.3596243875 0.316587584375 0.3178559671875 0.3147398171875 0.2866992203125 0.31365180000000004 0.23208881093749997 0.48886851875000004 0.2319386578125 0.4931682796875
0 0.8700653656249999 1 0.8891072671875 0.9515672796875 0.8201906515624999 0.9356566265625 0.8153546203125 0.934803903125 0.7873553640625001 1 0.8700653656249999 1
0 0.7986814328125 0.8666534828125 0.796993128125 0.8762283390625001 0.7981624296875001 0.9432175968750001 0.8948109984375 0.9608183374999999 0.8942246171875 0.882255553125 0.7986814328125 0.8666534828125
0 0.168040525 0 0.132650859375 0.05630587031249999 0.1319981046875 0.0585822953125 0.1318469078125 0.059439773437499996 0.21324011562499998 0.088566128125 0.216191575 0.08941244375 0.24183017968749998 0 0.168040525 0
1 0.8299812546875 0.77237615 0.8276299078125 0.77196154375 0.802440021875 0.8410069046875 0.8883816687499999 0.8994081328125001 0.9143165968750001 0.82498816875 0.8299812546875 0.77237615
0 0.9168815859375 0.7286867499999999 0.821439434375 0.7159894265625 0.81563845625 0.716496946875 0.8147156046875 0.721730703125 0.8229884015625 0.7879976765625 0.9253705796875 0.8041986250000001 0.924816525 0.79786575625 0.9168815859375 0.7286867499999999
0 0.8562229796875 0.6215160734375 0.852988503125 0.6209457484375001 0.8256736874999999 0.6921032796875 0.9107162421874999 0.7514716796875 0.933943915625 0.6749209703125 0.8562229796875 0.6215160734375
0 0.0726304375 0.07134222500000001 0.072121684375 0.074227509375 0.07527972187500001 0.164661890625 0.25584860625 0.207297115625 0.252289875 0.1200695875 0.0726304375 0.07134222500000001
0 0.233342665625 0.2574526078125 0.23873541718750002 0.24410507812499999 0.09811137187499999 0.1379068875 0.0950114625 0.13665444375 0.0917381671875 0.1360772734375 0.056253490625 0.2119227734375 0.054634131249999995 0.215930828125 0.202558415625 0.3302806265625 0.233342665625 0.2574526078125
0 0.080450184375 0 0.0802871671875 0.0009245203125 0.0808908875 0.057482315625 0.08123655937499999 0.064078103125 0.27847656718749997 0.11326366562500001 0.2793922859375 0.113215675 0.278526640625 0.0966981765625 0.2733517171875 0.021215671875 0.182189403125 0 0.080450184375 0
0 0.22117467031250002 0.316559909375 0.057727459375 0.23796934531249997 0.0531802515625 0.23716754999999998 0.0471844796875 0.263138090625 0.0356559125 0.32229813749999997 0.20130677187499998 0.41254874375000006 0.22117467031250002 0.316559909375
0 0 0.729348678125 0.126990090625 0.8008522203125 0.158948459375 0.7073142859375 0 0.627807409375 0 0.729348678125
0 0.004915396875 0.7086675859375 0.0247601109375 0.7088183890625 0.10255262812499999 0.7088183890625 0.1408065515625 0.5207545203125 0.13578671250000002 0.5198693875 0.10742111875 0.5197558890625 0.045841328125000004 0.5197558890625 0.004915396875 0.706470478125 0.004915396875 0.7086675859375
0 0.01915296875 0.6103659968749999 0.021308890625 0.6107461437499999 0.118179003125 0.6124370203125 0.16207624375000002 0.4245488828125 0.1593260046875 0.4240639421875 0.14043544531250002 0.4237342078125 0.06533534375 0.42385957812499997 0.019224760937499998 0.6062531984375 0.01915296875 0.6103659968749999
0 0.019775489062500002 0.3441032921875 0.00928983125 0.40357041562499996 0.0067488125 0.439908678125 0.1960812203125 0.4952501140625 0.2043307921875 0.40194336249999996 0.019775489062500002 0.3441032921875
0 0 0.8984172328125 0.0312031703125 0.9126018796875 0.1326501875 0.7437846578125 0.09948801874999999 0.7297081515625 0.03649956875 0.7061243562499999 0 0.7704399515625 0 0.8984172328125
0 0.915028096875 0.333481934375 0.880770190625 0.43604657968750005 0.8806300484375 0.4400596796875 0.9521352390625 0.4437815203125 0.9849410703125001 0.3368373375 0.9546203125 0.334864525 0.915028096875 0.333481934375
0 0.83699258125 0.6403820828125 0.9053797796874999 0.6611189265624999 0.9510637687499999 0.5783273640625 0.9513268203124999 0.576835525 0.9024354078125001 0.5628161375 0.8861742328125001 0.55846779375 0.8378649843750001 0.6354344390625 0.83699258125 0.6403820828125
0 0.9960115953124999 0.324497321875 0.9100904296874999 0.25022937968750003 0.908489175 0.24994703437500002 0.8861599828125 0.3147957140625 0.8848337328125 0.31887853125 0.9783170828125 0.3835296328125 0.9960115953124999 0.324497321875
0 0.9327299078125 0.41491898125000004 0.91153455 0.40843891093750007 0.8550103468750001 0.4932078671875 0.8543192765625 0.497127121875 0.925178975 0.5168830609375 0.9805176203125001 0.4332301296875 0.9808212890625001 0.4322368703125 0.9327299078125 0.41491898125000004
0 0.94707405625 0.586871046875 0.9531654453125 0.5189598875 0.8634916234375 0.48110047187499994 0.8605342 0.4978728484375 0.8550351546874999 0.5519296812500001 0.9456587984375 0.59342174375 0.9462606578124999 0.5934956421875001 0.94707405625 0.586871046875
0 1 0.1599744671875 0.921700371875 0.11498994062500001 0.917925 0.1364011375 0.915818415625 0.1535578828125 0.91354615 0.1845852546875 1 0.2349672171875 1 0.1599744671875
1 1 0.2345161671875 0.91800449375 0.183400865625 0.9106099406249999 0.1820970078125 0.8984465625 0.230451934375 0.8959775671875001 0.24114633749999997 0.9163878875 0.25688957343749996 0.9903911125 0.31198667812499997 0.9905018734375 0.3120062078125 1 0.2775537171875 1 0.2345161671875
0 1 0.0839737953125 0.9881944031250001 0.0789626171875 0.9190347234375 0.14810373593749998 0.918094903125 0.15343372500000002 0.9933648359375 0.1851021265625 1 0.169470659375 1 0.0839737953125