0 0 0.62217183125 0.0572668765625 0.6013508890625 0.0568213515625 0.4839938015625 0 0.505142134375 0 0.62217183125
0 0.0540923265625 0.5621325234375 0.1649162359375 0.5199590421875 0.1224734078125 0.467355925 0.0112867046875 0.5090691203125 0.0540923265625 0.5621325234375
0 0.2277312453125 0.34463484843750003 0.25034016875 0.41779399687499996 0.3661797625 0.41309962968749997 0.36778296875 0.41201825156250005 0.36659106406249997 0.408556709375 0.3411412875 0.34057244999999997 0.22887714531249997 0.344240284375 0.2277312453125 0.34463484843750003
0 0.189772171875 0.46764453906250003 0.29650111562500003 0.458213753125 0.3012833953125 0.454988065625 0.2737493171875 0.38710147968749997 0.15696442500000002 0.3957465328125 0.16683840781249998 0.42018549531250005 0.189772171875 0.46764453906250003
0 0.166687309375 0.55142841875 0.217363990625 0.49514626249999993 0.155567225 0.3911893265625 0.1538385984375 0.3923553 0.10216814999999999 0.4491264015625 0.1624943296875 0.5539527875 0.1626872484375 0.55412649375 0.166687309375 0.55142841875
0 0.334778415625 0.4087302421875 0.33720623125000004 0.4123296265625 0.40754544375 0.380687015625 0.38486181875000003 0.264163578125 0.3166708875 0.2974225203125 0.334778415625 0.4087302421875
0 0.37395600625 0.2634440265625 0.421565190625 0.3733555515625 0.4878567375 0.32464816406249997 0.4397660796875 0.21436216875 0.37395600625 0.2634440265625
1 0.794169871875 0.10114914531250001 0.7323808609375 0.04671821875 0.6239651515625 0.136121578125 0.6246766171875 0.13717636875 0.6325515890625 0.1440219765625 0.6854638203125 0.1891417640625 0.7909149609374999 0.1048934890625 0.794169871875 0.10114914531250001
0 0.6429879390625 0.2527761734375 0.70640175 0.20496673125 0.6457944109375 0.0805457828125 0.6443041171874999 0.0784945703125 0.6366923171875001 0.08362879375 0.57587655625 0.12858357812500001 0.6354542140625 0.255051871875 0.636822334375 0.2569349265625 0.6429879390625 0.2527761734375
1 0.438833465625 0.22134886250000002 0.5040233125 0.3433915578125 0.5085679375 0.34861955 0.5591681562499999 0.3072141296875 0.5674288875 0.3000331859375 0.49946181406249995 0.16902885 0.47077976875000005 0.193578365625 0.438833465625 0.22134886250000002
1 0.5753556 0.2976483953125 0.5802006546875 0.30266559375 0.5853712890625 0.2991779578125 0.6323914984375001 0.25184246718750003 0.5608598828125 0.1298174640625 0.5002927015624999 0.1857490328125 0.5753556 0.2976483953125
0 0.184010921875 0.602832728125 0.0317772 0.64688706875 0.07254292968750001 0.70732475 0.0790201453125 0.716575171875 0.224001540625 0.66912494375 0.22703107656250002 0.6670036390625 0.184010921875 0.602832728125
0 0.1409572390625 0.6465997203125 0.036711184375 0.7072919093750001 0.0521778109375 0.7302221249999999 0.0846277921875 0.7594402203125 0.0908766328125 0.755225325 0.16972627499999998 0.6676539265625 0.1409572390625 0.6465997203125
0 0.34646936093749997 0.4309621265625 0.40432228437499995 0.5663782562499999 0.406522328125 0.5690001640625 0.4604737375 0.52703279375 0.47246236406250003 0.5169731390625001 0.4058329453125 0.3822027125 0.3613922015625 0.418440378125 0.34646936093749997 0.4309621265625
0 0.163744065625 0.5526334171875 0.1745275734375 0.7048418859375001 0.1747959890625 0.70523983125 0.25089815781249997 0.672936375 0.23885890625 0.52873783125 0.238430790625 0.5277292515625 0.163744065625 0.5526334171875
0 0.3885632203125 0.47172639531250005 0.2476483859375 0.5024736296875 0.2468117875 0.5030379218750001 0.2826455234375 0.5704313765625 0.428117590625 0.544715865625 0.43266104062500005 0.5416512703125 0.3885632203125 0.47172639531250005
0 0.317312665625 0.5098888984375 0.1779125875 0.5673558859375001 0.1859760546875 0.5793104687499999 0.22579082499999997 0.6267598624999999 0.36627640625 0.573642609375 0.36846023125 0.5718101640625 0.317312665625 0.5098888984375
0 0.3855194375 0.430902825 0.41074710937500003 0.46704486406249995 0.43410073593750004 0.49693614375 0.5543595171875 0.4424834625 0.567343203125 0.43557676093750003 0.5726477171875 0.431432421875 0.5263046203124999 0.3690987625 0.3861583125 0.43040368124999995 0.3855194375 0.430902825
0 0.8294913375 0.284351159375 0.8989033078125 0.24157263125 0.8521590140624999 0.12795138281250001 0.8410458249999999 0.111475403125 0.7680629 0.15245872968750002 0.8239570984375 0.275810353125 0.8253036781249999 0.27814269999999996 0.8294913375 0.284351159375
1 0.7092708437499999 0.200640715625 0.7433113328125 0.3298248015625 0.744325740625 0.33132872343750003 0.771874890625 0.319634803125 0.8204412734375 0.2967735375 0.7897655718750001 0.16874768281250002 0.7092708437499999 0.200640715625
1 0.5688431078125 0.2996098546875 0.597192978125 0.4261464703125 0.5986284296875 0.4282746140625 0.6733491296875 0.39500681718749997 0.64868079375 0.2665985359375 0.6482488625 0.26562840312499997 0.5688431078125 0.2996098546875
1 0.6673803421875 0.379316409375 0.668577415625 0.38109114375 0.7450367875 0.3517411390625 0.721520775 0.2170143484375 0.6420126671874999 0.249777740625 0.6673803421875 0.379316409375
0 0.6384649453125 0.40101637187500005 0.5875340984374999 0.3354978296875 0.46993086718750005 0.38835974218749997 0.48172073437499996 0.4058389359375 0.508621428125 0.44171670625 0.516577609375 0.452274915625 0.6359947625 0.402877790625 0.6384649453125 0.40101637187500005
0 0.28286528125 1 0.315764584375 0.9839539374999999 0.2786553796875 0.8005393890624999 0.2782311 0.79991036875 0.21490594375 0.8344747234375 0.23747123124999997 1 0.28286528125 1
0 0.9348074343749999 0.41815875937499997 0.7674868375 0.499788334375 0.7778192515625 0.51510676875 0.8236036625 0.5767491484375 0.9902492703125001 0.4891541265625 0.9894900265625 0.4880285015625 0.9348074343749999 0.41815875937499997
0 0.2517048953125 0.9232831328125 0.4323889046875 0.8829683421875 0.4380419265625 0.8791553296875 0.40513973906249995 0.81547051875 0.2196228984375 0.8506864703125 0.2514480078125 0.9227564375 0.2517048953125 0.9232831328125
0 0.6975001765625 0.7089798828125 0.6999656484375001 0.7126350953125 0.7842352499999999 0.6768647734375 0.7439332359375 0.49370587656250003 0.661303725 0.5239919578125 0.6975001765625 0.7089798828125
1 1 0.42306059218750003 0.9398967765625 0.337585465625 0.8671278375 0.4010158953125 0.9720620921875 0.5417029531249999 0.9796998265625 0.549612059375 0.9825824578125 0.5476677 0.99485993125 0.536385025 1 0.53142131875 1 0.42306059218750003
0 0.3982384140625 0.9135617968749999 0.403750721875 0.921734128125 0.4745285984375 0.8825013109375 0.42775445625 0.6962959125 0.3522118328125 0.7393175046875 0.3982384140625 0.9135617968749999
0 0.5754360546874999 0.5968463546875 0.64216225625 0.7616346953125 0.64412185 0.7644332859375 0.6774552421875 0.7421703125 0.696689365625 0.7291967328125 0.71901285 0.713565659375 0.6454140015625 0.5438347343750001 0.6408219671875 0.5470501109375 0.5754360546874999 0.5968463546875
1 0.8379047984374999 0.46746131875 0.690391878125 0.573311890625 0.68953688125 0.5742287609375001 0.69165720625 0.5773722703125 0.7595067015625 0.6406429484375 0.909423978125 0.525801221875 0.9090011125 0.5251742984375001 0.8379047984374999 0.46746131875
0 0.4341190265625 0.8352202484375001 0.603742778125 0.7618204921875 0.606965296875 0.759302784375 0.5524040171875 0.6854380953125 0.37700486718750004 0.758492321875 0.4126275 0.8077123484375001 0.4341190265625 0.8352202484375001
1 0.49724375 0.7626481234375 0.517312421875 0.7608123796874999 0.671705296875 0.7439406484375 0.6723816984375001 0.7437077453125001 0.6754884546875 0.7416122125 0.6491224109375 0.6626612328125 0.46151934375000003 0.6747572296875 0.463483846875 0.6804625609375 0.49724375 0.7626481234375
1 0.449260365625 0 0.47284289218750003 0.07693175 0.47329170625000005 0.0775971453125 0.538189621875 0.0416880828125 0.5271735015625 0 0.449260365625 0
0 0.42570253906250005 0 0.38796463281250004 0.0185006890625 0.405245534375 0.11642483125 0.40747090625000004 0.11972408125 0.41763174375 0.11520018437499999 0.47461284687500005 0.08796868906250001 0.4568400171875 0 0.42570253906250005 0
0 0.43806282812499997 0.09242912187499999 0.376630428125 0.04464094375 0.297429590625 0.0990856125 0.3002095609375 0.1032070875 0.35409508437500004 0.15172583281250002 0.43621398281249996 0.09616682343750001 0.4387123609375 0.09339209375 0.43806282812499997 0.09242912187499999
0 0.52423199375 1 0.46279201406250003 0.8785026140625 0.39582805312499997 0.9442042140625 0.42639416875 1 0.52423199375 1
0 0.5209485968750001 1 0.6668576171875 0.943127328125 0.611842875 0.8676454453125 0.44368608125 0.9353810609375 0.442228384375 0.9364795140625001 0.47817749843749996 0.989922546875 0.48577140312499995 1 0.5209485968750001 1
0 0.426998884375 1 0.4075332203125 0.9273419140625 0.4066809328125 0.9260783453125001 0.3928563890625 0.9347168781249999 0.3293467578125 0.9758376125 0.3362291765625 1 0.426998884375 1
0 0.73581869375 0.9214306703125 0.742387171875 0.9170001765625001 0.7078426999999999 0.8393132281250001 0.5203838375000001 0.8603976875000001 0.55916594375 0.9504228953125 0.73581869375 0.9214306703125
0 1 0.6538721453125 0.9398450546875001 0.559874490625 0.8677140874999999 0.6274600390625 0.9771313296875 0.781279828125 0.9989495890625 0.7665632265625 1 0.76554885625 1 0.6538721453125
0 0.8790448124999999 0.8436705890624999 0.8969192046875 0.831614159375 0.9586453531249999 0.7867674874999999 0.879388109375 0.61287240625 0.8787769671874999 0.612031240625 0.8668726 0.6200608375 0.8159110125 0.6567759546875 0.801639040625 0.6671451484375 0.8786715953125 0.8431568984375 0.8790448124999999 0.8436705890624999
0 0.8521882453125 0.7050695218749999 0.680983721875 0.7878788421875 0.689674625 0.8007636343750001 0.7427074609375001 0.8662537328125 0.9082309046875 0.782461934375 0.9136523453125 0.778071740625 0.8521882453125 0.7050695218749999
0 0.8340610078124999 0.8200549468749999 0.7656131 0.7516070390625 0.6000629156249999 0.8579148015625 0.6026162125 0.86170021875 0.6410987718750001 0.90162333125 0.6649334140625001 0.925457971875 0.8305280265625001 0.823587928125 0.8340610078124999 0.8200549468749999
0 1 0.584526671875 0.9297978015625 0.6257548703125 0.9723312421875001 0.685265984375 0.9871516359375001 0.704933309375 1 0.697812178125 1 0.584526671875
0 0.0827896609375 0.2217161078125 0.0913756578125 0.33008558906249996 0.094054240625 0.33405675156250003 0.126523496875 0.322225784375 0.1600760953125 0.30934615 0.1485532203125 0.1987152703125 0.0827896609375 0.2217161078125
0 0.3703301265625 0.14661868281249998 0.3234820765625 0.0910464375 0.2393817765625 0.1359712390625 0.24277036718749997 0.1409950328125 0.2724118984375 0.1750937125 0.28368138906249996 0.1875970109375 0.36839394375 0.1483017828125 0.3703301265625 0.14661868281249998
0 0.0215148578125 0.2718420546875 0.049269740625 0.3818451171875 0.09005750312500001 0.3543334234375 0.10593541875000001 0.3427974421875 0.10936362656250001 0.3402137 0.06986889843750001 0.23363477187499998 0.0215148578125 0.2718420546875
0 0.14086335 0.1906079109375 0.1600535484375 0.286606053125 0.16496413906250001 0.2938863015625 0.16709168593749998 0.29275506406249996 0.2274119625 0.25873673125 0.2071776109375 0.1594086421875 0.14086335 0.1906079109375
0 0.2747896890625 0.11935078437499999 0.2686013453125 0.1218510375 0.2062517421875 0.1494473734375 0.21642151874999999 0.24443574687499997 0.21800128281250003 0.24677784531250002 0.22679133906249999 0.24322643125 0.2826622828125 0.21928998593750001 0.2750168421875 0.1199130109375 0.2747896890625 0.11935078437499999
0 0 0.394586178125 0.0800324921875 0.34826583437499997 0.0813709609375 0.34672610000000004 0.034646203125000004 0.30447821249999996 0.010950629687500001 0.315204903125 0 0.32038860156250004 0 0.394586178125