0 0.76796875 0.41015625 0.1796875 0.146875
0 0.703125 0.559375 0.1390625 0.1390625
0 0.73125 0.48984375 0.1453125 0.1453125
0 0.66640625 0.6359375 0.153125 0.1328125
0 0.56953125 0.85703125 0.159375 0.159375
0 0.85390625 0.1859375 0.15625 0.15625
0 0.79296875 0.328125 0.1625 0.1625
1 0.63359375 0.69921875 0.15625 0.1265625
0 0.82109375 0.25625 0.1453125 0.1453125
1 0.59609375 0.77421875 0.159375 0.159375
1 0.521875 0.93046875 0.159375 0.1390625
0 0.59296875 0.4671875 0.1609375 0.1609375
0 0.5546875 0.55078125 0.1671875 0.1421875
1 0.4875 0.70390625 0.146875 0.1265625
0 0.62109375 0.3875 0.178125 0.1484375
0 0.68515625 0.23359375 0.1703125 0.1359375
1 0.45078125 0.78125 0.146875 0.146875
1 0.51640625 0.6265625 0.14375 0.14375
0 0.71796875 0.15 0.1796875 0.140625
1 0.64609375 0.31171875 0.15625 0.15625
0 0.37890625 0.9328125 0.1609375 0.134375
1 0.41015625 0.8546875 0.1515625 0.1515625
0 0.7640625 0.959375 0.14375 0.08125
0 0.88125 0.70234375 0.15 0.1515625
0 0.85 0.7734375 0.1640625 0.134375
0 0.43515625 0.1078125 0.1859375 0.14375
0 0.46328125 0.046875 0.1765625 0.09375
0 0.3890625 0.19375 0.190625 0.1578125
1 0.78828125 0.91328125 0.165625 0.1296875
0 0.90703125 0.6328125 0.1515625 0.1515625
0 0.95859375 0.42734375 0.0828125 0.1515625
0 0.8171875 0.84296875 0.15625 0.1578125
0 0.34921875 0.2765625 0.178125 0.178125
1 0.1234375 0.78671875 0.209375 0.175
1 0.3046875 0.35234375 0.165625 0.165625
1 0.19453125 0.6078125 0.1796875 0.1796875
0 0.153125 0.69453125 0.1890625 0.1609375
0 0.225 0.5234375 0.18125 0.18125
0 0.259375 0.4296875 0.196875 0.159375
0 0.9234375 0.5625 0.153125 0.140625
0 0.940625 0.49375 0.11875 0.125
1 0.96796875 0.36328125 0.0640625 0.1296875
0 0.240625 0.06796875 0.2 0.1359375
0 0.27734375 0.028125 0.2046875 0.05625
0 0.12578125 0.32734375 0.1921875 0.1921875
0 0.20234375 0.146875 0.19375 0.19375
0 0.0703125 0.51328125 0.140625 0.1890625
0 0.08984375 0.41640625 0.1796875 0.1859375
0 0.1625 0.2328125 0.184375 0.184375
0 0.05 0.60234375 0.1 0.1890625
0 0.02734375 0.69609375 0.0546875 0.1796875