0 0.64375 0.23203125 0.10625 0.1671875
0 0.47734375 0.26328125 0.0953125 0.1390625
0 0.5546875 0.25078125 0.1 0.1453125
0 0.3890625 0.28203125 0.115625 0.1484375
0 0.13984375 0.32890625 0.1171875 0.1578125
0 0.89375 0.19609375 0.103125 0.1640625
0 0.73359375 0.22578125 0.1078125 0.1671875
1 0.3171875 0.30078125 0.10625 0.1546875
0 0.8140625 0.2140625 0.103125 0.1625
1 0.23125 0.3203125 0.10625 0.1625
1 0.05390625 0.3578125 0.1078125 0.14375
0 0.5453125 0.39765625 0.10625 0.1671875
0 0.45 0.41640625 0.1125 0.1546875
1 0.27734375 0.44921875 0.1046875 0.1390625
0 0.63203125 0.38671875 0.1140625 0.1671875
0 0.80546875 0.3578125 0.1109375 0.16875
1 0.18984375 0.4671875 0.1109375 0.153125
1 0.36328125 0.4375 0.1078125 0.146875
0 0.8984375 0.3453125 0.115625 0.178125
1 0.71640625 0.37890625 0.1203125 0.1546875
0 0.034375 0.503125 0.06875 0.14375
1 0.10546875 0.49296875 0.1140625 0.1484375
0 0.05390625 0.11953125 0.0890625 0.1046875
0 0.81875 0.01953125 0.09375 0.0390625
0 0.3734375 0.0671875 0.090625 0.1125
0 0.29375 0.08046875 0.09375 0.1140625
0 0.875 0.6453125 0.115625 0.184375
0 0.95546875 0.634375 0.0890625 0.171875
1 0.7765625 0.67109375 0.11875 0.1765625
1 0.1375 0.11171875 0.1 0.1203125
0 0.45078125 0.05703125 0.0890625 0.1140625
0 0.68125 0.03671875 0.0875 0.0734375
0 0.215625 0.09921875 0.096875 0.1234375
0 0.6828125 0.69296875 0.128125 0.1828125
1 0.10625 0.8015625 0.134375 0.196875
1 0.59453125 0.7203125 0.1296875 0.171875
1 0.3078125 0.771875 0.125 0.18125
0 0.209375 0.79453125 0.13125 0.1796875
0 0.40078125 0.7609375 0.1359375 0.1875
0 0.50390625 0.7484375 0.1171875 0.1875
0 0.5265625 0.05078125 0.096875 0.1015625
0 0.6046875 0.04375 0.090625 0.0875
1 0.75 0.03125 0.096875 0.0625
0 0.87578125 0.85 0.1203125 0.19375
0 0.95234375 0.8328125 0.0953125 0.196875
0 0.57578125 0.90390625 0.1265625 0.1921875
0 0.77734375 0.86796875 0.1265625 0.1921875
0 0.365625 0.92265625 0.134375 0.1546875
0 0.47421875 0.91328125 0.1328125 0.1734375
0 0.68125 0.88828125 0.13125 0.1890625
0 0.265625 0.93515625 0.125 0.1296875
0 0.1609375 0.94375 0.1375 0.1125