0 0.834571028125 0.267792225 0.8909225562499999 0.3052111703125 0.9819491828125001 0.23487672656249997 0.9822653578124999 0.234350521875 0.9789555046875 0.2320329390625 0.926332759375 0.1965118796875 0.838946759375 0.26050978593749996 0.834571028125 0.267792225
0 0.857846409375 0.3703065390625 0.9374448765625001 0.2824166890625 0.875746725 0.254815609375 0.795616040625 0.342460046875 0.857846409375 0.3703065390625
0 0.7241512015625 0.5813360578125 0.8103584078124999 0.50932905625 0.811018471875 0.5083126484375 0.7525786531249999 0.4676552328125 0.747872059375 0.4648272265625 0.6608853859375 0.5386511390625001 0.659199525 0.54145688125 0.662241215625 0.543432175 0.7241512015625 0.5813360578125
0 0.774948409375 0.3771930515625 0.7714463015625 0.3750887734375 0.72273984375 0.43111914375 0.7833917328125 0.5311348109375 0.831587203125 0.46765951093749997 0.774948409375 0.3771930515625
0 0.8807207859374999 0.391186534375 0.7990019140625 0.30271912031250003 0.7731848171875 0.3456859875 0.7588304953125 0.3705484015625 0.83992556875 0.46086737187500004 0.83996904375 0.4608924703125 0.8807207859374999 0.391186534375
0 0.7142451390625 0.5286160625 0.618655778125 0.5907304703125 0.616267103125 0.5947058921874999 0.67108585 0.6440649140625 0.7701573500000001 0.5839706796875 0.77101576875 0.5830173109375 0.7142451390625 0.5286160625
0 0.573454725 0.66595765625 0.571094596875 0.66988556875 0.6342469015625001 0.7197316781249999 0.7280911171875 0.6452975421875 0.6638858796875 0.593871225 0.573454725 0.66595765625
1 0.5176062078125 1 0.5456003796875 0.93844485 0.43375151718750005 0.85902400625 0.4243920140625 0.8746008359375 0.39696119375 0.933426421875 0.493863221875 1 0.5176062078125 1
0 0.541794846875 0.9453722375 0.546112853125 0.938723090625 0.5874498359375 0.8739077640625 0.48900444062500004 0.77958295625 0.4838103359375 0.7764620234375 0.48241980937499995 0.77860324375 0.43822079687500004 0.8493739921874999 0.5393911015625 0.9438112265624999 0.541794846875 0.9453722375
1 0.5810570687500001 0.7924063125 0.6789281468749999 0.685894059375 0.6352082328125 0.659624484375 0.6100836203125 0.645697684375 0.5154541265625 0.7511979625 0.51451780625 0.7528871296874999 0.5810570687500001 0.7924063125
1 0.5289489390625 0.7100173734374999 0.5220361140625001 0.7060262515625 0.519299040625 0.7105815062499999 0.4867483390625 0.7697700796875 0.589143590625 0.8673512562499999 0.631947671875 0.7968918046875 0.5289489390625 0.7100173734374999
0 0.7887017828125 0.1267107953125 0.680044078125 0.239779615625 0.678913371875 0.24220442343749998 0.755238275 0.27710920625 0.8598097109375 0.1604703515625 0.8356889453124999 0.14862126874999998 0.7887017828125 0.1267107953125
1 0.8571377968749999 0.144804371875 0.8163392109375 0.106759075 0.757910528125 0.07165158125 0.74496821875 0.08870368281249999 0.8266251718750001 0.23476358749999998 0.88285003125 0.16942801875 0.8571377968749999 0.144804371875
0 0.60489815 0.575004146875 0.6568579375 0.5232644468750001 0.6647281265625 0.5148247015625 0.5839136921875 0.3918312046875 0.5810611765625 0.3901172421875 0.5498212390624999 0.42268749687499996 0.5291860203125001 0.444816059375 0.604585096875 0.5747122203125 0.60489815 0.575004146875
0 0.627880725 0.276657071875 0.6788985796875 0.334442303125 0.8160278703125 0.26441321093750003 0.756556078125 0.20669861875 0.632192471875 0.27219212656249997 0.627880725 0.276657071875
0 0.6668078625 0.34730769375000003 0.543743503125 0.41639322031250003 0.5417418421875 0.4183948828125 0.540144128125 0.421053925 0.5934882890625001 0.47312027968750003 0.7304839750000001 0.40324286249999997 0.7229172265625 0.395676115625 0.6668078625 0.34730769375000003
1 0.660153021875 0.25170821875 0.6543128578124999 0.2481990953125 0.610812621875 0.3080720328125 0.698167815625 0.43417495468749995 0.7464671046875 0.3687661328125 0.660153021875 0.25170821875
0 0.6281120640625 0.553251778125 0.5128559218750001 0.48498306874999997 0.5052716828125 0.4811205140625 0.4929749796875 0.477361034375 0.47051334375 0.544999975 0.46894661718749997 0.5501245046875 0.60014183125 0.6301238984374999 0.6274117218749999 0.555542496875 0.6281120640625 0.553251778125
0 0.2545466640625 0.9267054890624999 0.2533109171875 0.9287621156249999 0.29475885156250003 0.9599953749999999 0.324924909375 0.978120971875 0.4060293796875 0.889992609375 0.406308465625 0.88952813125 0.338652690625 0.8415284656249999 0.2545466640625 0.9267054890624999
1 0.43906321249999997 0.8482367734375 0.3456900671875 0.76638558125 0.33616343125000003 0.7606614 0.32062145625 0.7845939421875 0.293141959375 0.8307047687500001 0.39016441562500004 0.9196893765624999 0.43906321249999997 0.8482367734375
1 0.5249882984375 0.6947548328125001 0.42377097499999994 0.6116976203125 0.4110436296875 0.6328794796875 0.383904196875 0.6839213328125 0.482399140625 0.7699210937500001 0.48333678124999996 0.7704196484375 0.5249882984375 0.6947548328125001
1 0.37582758906249997 0.6854213015624999 0.3633486171875 0.7061897984375001 0.3359654515625 0.7576900421875 0.442101940625 0.8439417499999999 0.48061275156249994 0.767052890625 0.37582758906249997 0.6854213015624999
1 0.5148102109375 0.5516707234375 0.41708586875 0.6258572625000001 0.41335856875 0.63206053125 0.4719147078125 0.6814356218750001 0.579764925 0.6045848171875 0.577747415625 0.6028919265625 0.5148102109375 0.5516707234375
0 0.47178306093750005 0 0.5768567531250001 0.1323899140625 0.578128821875 0.13315425 0.618724071875 0.073806975 0.5674975203125 0 0.47178306093750005 0
0 0.25397756875 0.668520009375 0.096205628125 0.57745254375 0.093193375 0.576356175 0.090706096875 0.5804957 0.0713086609375 0.6337897171875 0.060315817187499995 0.665010525 0.22620822343749997 0.7542296265624999 0.25397756875 0.668520009375
0 0.54905613125 0.013062165625 0.3975011515625 0.12147684218749999 0.394583915625 0.1263319375 0.4499443578125 0.17225597343750002 0.6069535421875 0.0673523125 0.5494983921875 0.0134466203125 0.54905613125 0.013062165625
0 0.347334671875 0.541192325 0.23803487968749998 0.398283365625 0.23468995312500002 0.39527158125 0.23158513281249998 0.3934060171875 0.186580971875 0.43861381093749996 0.1716988328125 0.45514210000000005 0.28519761875 0.610952546875 0.347334671875 0.541192325
1 0.1077914015625 0.6473007203125001 0.029927689062500002 0.800868759375 0.0723644390625 0.82636733125 0.11710921875 0.840905790625 0.1947522890625 0.6765158265625 0.159958390625 0.6642508031250001 0.1077914015625 0.6473007203125001
1 0.4986355609375 0.10415195625 0.338088696875 0.196085721875 0.335219978125 0.2008600703125 0.39093928437500003 0.259943596875 0.55960089375 0.16606487187500002 0.55016805 0.15629687812499998 0.4986355609375 0.10415195625
0 0.26835565 0.5066432062499999 0.27874327499999996 0.512884721875 0.40386484375 0.37661304218749997 0.3897730140625 0.3681458171875 0.32727553593750003 0.3339180671875 0.20391904374999997 0.46185410937500004 0.2021266234375 0.46483719843750004 0.26835565 0.5066432062499999
1 0.29766167656250003 0.5912983578125 0.1546703484375 0.486114765625 0.1504275265625 0.48413630625000004 0.1429129703125 0.49664262812500004 0.12337938281250001 0.5379717890625 0.1084243015625 0.5700430625 0.2644643078125 0.677473584375 0.29766167656250003 0.5912983578125
0 0.48645116093749996 0.295835615625 0.3660205265625 0.155385640625 0.3632504703125 0.15351721406250002 0.361942978125 0.15273159375 0.32519519531249996 0.20311589218749998 0.307372271875 0.2295394671875 0.43244679531249997 0.37141291875000004 0.48645116093749996 0.295835615625
1 0.24843617031249998 0.39063190937500003 0.334339309375 0.42828405937499997 0.34750028906249997 0.41302266562499995 0.44918083906249995 0.29082402812499997 0.43853625 0.2844281140625 0.40171082187499996 0.2652310265625 0.373933034375 0.2510775375 0.2503894109375 0.3867984578125 0.24843617031249998 0.39063190937500003
0 0.72978438125 1 0.7388875234375 0.9880595296875001 0.7335541578125 0.9848549203125 0.668494565625 0.9531232390625 0.6340923171874999 1 0.72978438125 1
1 0.7375225265625 1 0.7713100515625 0.94197785625 0.6993782296875 0.87499958125 0.69642879375 0.8732273828125001 0.6584324453125 0.9363552234375 0.721639125 1 0.7375225265625 1
0 0.6856500421875 0.9003607499999999 0.7542982687500001 0.9315828906249999 0.8181274328124999 0.8515623390625 0.8082819625000001 0.8456465828124999 0.8062677062500001 0.844664165625 0.751817446875 0.820553334375 0.6867332187499999 0.89813990625 0.6856500421875 0.9003607499999999
0 0.7864287531249999 0.8666011062500001 0.8606677218750001 0.794706215625 0.8608984 0.794322303125 0.790293384375 0.7569715328125 0.7237078671875 0.822417778125 0.7215275937500001 0.8260463609375 0.7864287531249999 0.8666011062500001
0 0.297175425 0 0.20495415625 0.0687768328125 0.2041893546875 0.070049675 0.272834165625 0.12303503125 0.4259210984375 0.016536737500000002 0.42620408593750003 0.0160657671875 0.4056408421875 0 0.297175425 0
0 0.344876090625 0.170217559375 0.3463177625 0.1686164203125 0.248354065625 0.0136228 0.2475727640625 0.012919312499999999 0.245333515625 0.0115738375 0.1974205546875 0.0631096484375 0.182956234375 0.07917390625000001 0.2823530484375 0.2325819921875 0.344876090625 0.170217559375
0 0.33633214843750003 0 0.378949728125 0.0801594875 0.3795981265625 0.0808078890625 0.39129379062499997 0.0691122234375 0.44392552187499995 0.014758853124999999 0.43577850468749996 0 0.33633214843750003 0
0 0.3040269328125 0.222627790625 0.1619424875 0.1009214359375 0.1584910234375 0.1066656390625 0.1466696609375 0.1320166328125 0.12136916093750001 0.1896691078125 0.26943200312500004 0.30402135937499997 0.3040269328125 0.222627790625
0 0 0.602089103125 0.12097765 0.5054526859374999 0.0451085671875 0.44179096875 0 0.48159526406250003 0 0.602089103125
0 0 0.4530455625 0.0837347375 0.566196775 0.0848371546875 0.5671893953125 0.136696646875 0.5100549921875001 0.148500865625 0.49694508125 0.0378774828125 0.342637846875 0.0347325171875 0.3407481609375 0 0.3793225296875 0 0.4530455625
0 0.20657657812500002 0.3723740078125 0.050233290625 0.27773549218750004 0.030148215625000002 0.311162671875 0.0116008859375 0.36824548125 0.1782905984375 0.46506817343750007 0.1785246046875 0.46467872187500003 0.20657657812500002 0.3723740078125
0 0.055259065625000006 0.3179112984375 0.051505904687500007 0.3241576078125 0.12658288906249998 0.376829821875 0.273044259375 0.2421569484375 0.1918266234375 0.18737496250000002 0.055259065625000006 0.3179112984375
0 1 0.5233548781249999 0.9507356109374999 0.49375384687499996 0.8805277734375 0.5614256234375 0.8744490546874999 0.5715423109375 0.930411734375 0.6075010109375001 1 0.5436680093749999 1 0.5233548781249999
0 0.767206253125 0.7699255953125 0.7676041 0.7701646453125 0.8298580578125 0.7927875375 0.8875962859375001 0.7164855625000001 0.8857407171875 0.715370625 0.850918165625 0.701394125 0.8193802390625 0.68928785 0.7698617890625 0.7630076890625 0.767206253125 0.7699255953125
0 1 0.434018925 0.9949687687500001 0.43022762031250006 0.9090450125 0.4957624296875 0.9065261 0.49995460625000004 0.95564020625 0.5339447265625 1 0.5071209999999999 1 0.434018925
0 0.9706746203125001 0.5957397484375 0.9263210765625001 0.5703339765625 0.9065729749999999 0.560271815625 0.83465433125 0.6355422671875 0.833813496875 0.637192496875 0.9011789828125 0.6694377859375 0.9702030875000001 0.596665184375 0.9706746203125001 0.5957397484375
0 0.915585959375 0.6795471859375 0.8442474953125 0.6139465203125 0.843664725 0.6136747703125 0.8360094984374999 0.6264152078125 0.8264121859375001 0.646996709375 0.8120702796874999 0.6805793953125 0.8866404078125001 0.7451490093750001 0.915585959375 0.6795471859375
1 1 0.39035725 0.9379300296874999 0.4355546640625 0.936400096875 0.43810089999999996 0.9868644796874999 0.474926415625 1 0.46723350625000004 1 0.39035725