0 0.60703125 0.2859375 0.0671875 0.121875
0 0.4421875 0.2875 0.090625 0.11875
0 0.53125 0.28828125 0.078125 0.1296875
0 0.93125 0.290625 0.06875 0.121875
0 0.85703125 0.2953125 0.0734375 0.128125
0 0.7765625 0.296875 0.084375 0.1375
0 0.690625 0.29921875 0.084375 0.1421875
1 0.11328125 0.309375 0.0859375 0.121875
0 0.1984375 0.31171875 0.09375 0.1109375
1 0.3640625 0.31171875 0.08125 0.1296875
1 0.284375 0.3125 0.078125 0.121875
0 0.64765625 0.428125 0.0828125 0.1375
0 0.5625 0.4296875 0.078125 0.13125
0 0.47578125 0.4296875 0.0859375 0.1375
0 0.90625 0.43046875 0.084375 0.1421875
1 0.1390625 0.43203125 0.0875 0.1359375
0 0.80859375 0.434375 0.0921875 0.128125
0 0.053125 0.4359375 0.084375 0.1375
1 0.39765625 0.43828125 0.0859375 0.1234375
1 0.728125 0.4390625 0.08125 0.121875
1 0.3125 0.43984375 0.084375 0.1328125
1 0.2234375 0.44140625 0.084375 0.1296875
0 0.15 0.06875 0.075 0.134375
0 0.0703125 0.0703125 0.078125 0.140625
0 0.30703125 0.07109375 0.0765625 0.1296875
0 0.75703125 0.07109375 0.0765625 0.1421875
0 0.6859375 0.071875 0.06875 0.140625
0 0.73984375 0.71171875 0.0828125 0.1484375
0 0.83671875 0.71328125 0.0828125 0.1609375
0 0.64609375 0.71640625 0.0890625 0.1578125
0 0.9234375 0.7171875 0.08125 0.15625
0 0.3734375 0.71953125 0.1 0.1671875
0 0.46953125 0.72109375 0.0859375 0.1640625
0 0.38671875 0.0734375 0.0765625 0.128125
0 0.61640625 0.075 0.0671875 0.1375
0 0.4640625 0.075 0.071875 0.13125
0 0.1765625 0.72734375 0.090625 0.1609375
1 0.2765625 0.7328125 0.096875 0.153125
1 0.55625 0.734375 0.090625 0.15625
1 0.08828125 0.74609375 0.0953125 0.1609375
0 0.53984375 0.0765625 0.0703125 0.13125
1 0.228125 0.08046875 0.078125 0.1265625
0 0.8984375 0.0875 0.078125 0.121875
0 0.89453125 0.90625 0.0984375 0.1875
0 0.115625 0.91171875 0.1 0.1609375
0 0.609375 0.91171875 0.09375 0.1765625
0 0.71015625 0.91171875 0.0984375 0.1765625
0 0.79921875 0.91171875 0.0828125 0.1765625
0 0.5109375 0.9125 0.103125 0.175
0 0.3125 0.91484375 0.096875 0.1703125
0 0.41328125 0.91640625 0.0953125 0.1671875
0 0.21171875 0.91953125 0.0953125 0.1609375
1 0.83203125 0.1 0.0703125 0.13125