0 0.404478790625 0 0.361414178125 0.0077621359375 0.3562205953125 0.011535495312500001 0.372749228125 0.0413539359375 0.389851403125 0.07048669375 0.5032017125 0.0470283625 0.4760716234375 0 0.404478790625 0
0 0.49721017500000003 0.037011671875 0.3943480765625 0.0960026078125 0.4444973046875 0.14131857187500002 0.547789734375 0.0827255015625 0.49721017500000003 0.037011671875
1 0.640860684375 0.2393186546875 0.5345055796875 0.289639328125 0.5357224234375 0.2913141703125 0.5374604671875 0.2932444640625 0.5874506734375 0.3458802859375 0.6904965859375001 0.29811075 0.640860684375 0.2393186546875
0 0.57059828125 0.305245696875 0.6194985281250001 0.248839575 0.559408978125 0.1497512125 0.5552314328125 0.152786378125 0.54148391875 0.1686010828125 0.5096093125000001 0.210581175 0.566820265625 0.3019615171875 0.57059828125 0.305245696875
0 0.56034803125 0.116585484375 0.44259108906250005 0.128399784375 0.440210540625 0.1301293546875 0.4705102765625 0.20151105937499997 0.591446446875 0.191100965625 0.5914926578124999 0.1910813515625 0.56034803125 0.116585484375
0 0.609336284375 0.3147717796875 0.63145553125 0.4283960578125 0.63315844375 0.43073991562499997 0.7002108406249999 0.39803627812500003 0.6816052734375 0.283667084375 0.6810428953125001 0.282514034375 0.609336284375 0.3147717796875
0 0.7247400093749999 0.3627180890625 0.6236293953125001 0.426935075 0.682107396875 0.48479094843750004 0.7835125515625 0.42003983749999996 0.7247400093749999 0.3627180890625
1 0.8653243125 0.7759060671875 0.866310140625 0.7782285328125 0.8675969125 0.7799996234375 0.9409390578125001 0.748041315625 0.9103430703125 0.6114144687499999 0.8334966984375001 0.6434381890624999 0.8653243125 0.7759060671875
1 0.8563578062499999 0.7142731718750001 0.9096977109375001 0.6506743578124999 0.821985259375 0.5422479546875 0.8187670312499999 0.544586134375 0.7655178421875 0.6058423187499999 0.8496865187499999 0.7127073828125 0.8537049703124999 0.7162005703125 0.8563578062499999 0.7142731718750001
1 0.7560273171875 0.5859540796875 0.8099262625 0.5270081328125 0.7267255484375 0.40866578281250004 0.7218836890625 0.4121836 0.7061741265625 0.4286186734375 0.6731694609375001 0.4652740671875 0.755605384375 0.5855741671875 0.7560273171875 0.5859540796875
1 0.6994807062499999 0.561034778125 0.7481154859375 0.626232646875 0.8746276359375 0.5593779171875 0.8276549390625 0.5017661437500001 0.7030855875 0.5582183359374999 0.6994807062499999 0.561034778125
1 0.3879944671875 0.1858080953125 0.33308133125 0.036072578125 0.32814885625 0.03965623125 0.26720530781249996 0.0890073453125 0.3246533421875 0.23032561093749998 0.3269808078125 0.233199790625 0.3879944671875 0.1858080953125
0 0.23462697812500002 0.142920571875 0.376882640625 0.056740264062500004 0.3747636984375 0.053823790625 0.321842528125 0.011404990625 0.26785875312499996 0.0506265 0.20699676875 0.12064020312499998 0.209655 0.12429894374999999 0.2157992265625 0.1296400390625 0.23462697812500002 0.142920571875
0 0.5480034859375 0.3339665328125 0.4287303609375 0.42485272500000004 0.4283977265625 0.42526349375 0.4641062234375 0.4550206796875 0.48762032031249997 0.4740620203125 0.6119404875 0.38978551562499997 0.612209865625 0.389452859375 0.5569716703125 0.341228825 0.5480034859375 0.3339665328125
0 0.28423396093750003 0.22135089843750003 0.332443575 0.2671947453125 0.3419571546875 0.2748986890625 0.471340525 0.1938861734375 0.47152975625 0.19365249375 0.407334109375 0.1414059375 0.28541075 0.219897684375 0.28423396093750003 0.22135089843750003
0 0.477414715625 0.435292209375 0.5335982375 0.37454001875 0.4678390875 0.24718233281250002 0.4554398359375 0.256190915625 0.41084303125000005 0.2977781078125 0.473603503125 0.4322165796875 0.4768524875 0.43570069062499994 0.477414715625 0.435292209375
0 0.4760111921875 0.3266257 0.42934789375 0.180511365625 0.3876332375 0.2108188390625 0.3639851265625 0.2286389671875 0.413086184375 0.3680405484375 0.41510768750000004 0.3707231734375 0.4760111921875 0.3266257
0 0.66099660625 0.486420346875 0.6208213203125 0.41856776093750003 0.4824598421875 0.46252840937500006 0.4755712234375 0.46753328437499997 0.5053156249999999 0.5213805093749999 0.51471036875 0.536415240625 0.641051740625 0.49448298749999997 0.66099660625 0.486420346875
0 0.8449491109375 0.755533296875 0.731296646875 0.8332435140625 0.7284965234375 0.8357647546875 0.7369316953125 0.8473747734374999 0.74124974375 0.8522870921875001 0.7856253734374999 0.9015712234375 0.9022790562499999 0.815640046875 0.8449491109375 0.755533296875
1 0.8260684640625 0.79168914375 0.763052240625 0.671976328125 0.736133009375 0.6915342953125 0.696122146875 0.7230281078125 0.74935475 0.8299159515625 0.7564786796875 0.8397212 0.8260684640625 0.79168914375
0 0.6786082578125 0.5489703078125 0.5732000687500001 0.627334090625 0.5757116718749999 0.6307910140625 0.6339652250000001 0.6832427484375 0.741238509375 0.60847875 0.7419490890625 0.6076895718750001 0.6786082578125 0.5489703078125
1 0.6269980859375 0.6934058546874999 0.654003475 0.7279711765625 0.6740392234375 0.7523671000000001 0.7934933390625 0.688637940625 0.7915302625 0.685935996875 0.7422111124999999 0.623635084375 0.621072440625 0.6850948984375 0.6210006015625 0.6851510265625 0.6269980859375 0.6934058546874999
0 0.5229144171875 0.55801160625 0.5787108609375 0.61215374375 0.6916941546875 0.542991996875 0.6305538140625 0.48569718437500004 0.52781515 0.5529367484375001 0.5229144171875 0.55801160625
0 0 0.3203802015625 0.0288110703125 0.3502149390625 0.1924699234375 0.2578551546875 0.1398072171875 0.2081010515625 0 0.2755751890625 0 0.3203802015625
0 0.5768543515625 0.7987670921875 0.412731746875 0.8743524484374999 0.40780990156249997 0.8779283781249999 0.43011972500000006 0.9122824921875001 0.4575030015625 0.9513201828125 0.6296522171875 0.8782257265625001 0.5768543515625 0.7987670921875
0 0.06575260000000001 0.26876574375 0.11944034375000001 0.44911070937500003 0.120194903125 0.4504176421875 0.12156562343749999 0.4523042796875 0.18400566406250002 0.41430620156250003 0.13593449375 0.231697809375 0.06626009375 0.2684727421875 0.06575260000000001 0.26876574375
0 0.48607573281249994 0.7806971218750001 0.402456215625 0.6123169765625 0.3446008734375 0.6515311984375 0.3442657265625 0.651774696875 0.329997746875 0.6625263921875 0.409447746875 0.8323565703125 0.41267021875000004 0.836632934375 0.48607573281249994 0.7806971218750001
1 0.591927078125 1 0.6827640140625 0.956247684375 0.6348177296874999 0.8782578031250001 0.47400094375 0.950240415625 0.4665281109375 0.95509333125 0.4925362 1 0.591927078125 1
0 0.1187640359375 0.3603998015625 0.1815782625 0.5349045890624999 0.18447061250000002 0.5388855671874999 0.253487590625 0.4935128640625 0.190322875 0.311111734375 0.1790652828125 0.318705075 0.1187640359375 0.3603998015625
0 0.30128005 0.4631358125 0.301033721875 0.46277061562500005 0.2533588390625 0.4942864328125 0.2301414296875 0.5099467734375 0.28824819687500003 0.6817231593749999 0.29198175000000004 0.6868619546875 0.2927022828125 0.6863759484374999 0.3659441 0.6305165484375 0.3589767546875 0.611606825 0.30128005 0.4631358125
0 0.4605363109375 0.652257209375 0.42169281718749996 0.5940985234375 0.40953849687500005 0.5767403546875001 0.2400620359375 0.6502288609375 0.2398421625 0.6503886078125001 0.246410396875 0.6597690171874999 0.2925960125 0.7204139234375 0.46001403906249994 0.652622909375 0.4605363109375 0.652257209375
1 0.394224353125 0.7363554375 0.4419449859375 0.9065600593750001 0.4460311578125 0.9121841937499999 0.53031511875 0.8697883109375001 0.47347507968749997 0.6890015171874999 0.47195512187500005 0.689775975 0.394224353125 0.7363554375
1 0.31673643125 0.4438163609375 0.1338095859375 0.4715201828125 0.130380053125 0.47304710937500005 0.12945680312500002 0.47371788906249995 0.15265300625 0.5314352078125 0.16561675468749998 0.5605522656249999 0.3522116671875 0.5296645296875 0.31673643125 0.4438163609375
1 1 0.4342967515625 0.9256597375 0.4553359 0.9214811703124999 0.45837180625 0.960874621875 0.5244894375 1 0.5117448828125 1 0.4342967515625
0 1 0.410223440625 0.9741498999999999 0.3690404234375 0.8794375140625 0.3962132125 0.8755358046874999 0.3990479703125 0.8810811921875 0.4086528625 0.9141196546874999 0.46247535156249997 1 0.4355257859375 1 0.410223440625
0 0.876137684375 0.41693697500000004 0.8795040984375 0.421570446875 0.944702175 0.37903477812499997 0.918678353125 0.2852316453125 0.8507882140625 0.32286376250000004 0.876137684375 0.41693697500000004
0 0 0.564369990625 0.025812740625000004 0.604554534375 0.0838461390625 0.539336196875 0 0.3988238484375 0 0.564369990625
0 0 0.5359801703125 0.062965859375 0.6822208921875 0.136481775 0.624605384375 0.062918834375 0.458914965625 0.061770178125 0.45749649375 0.00961430625 0.49528884218749997 0 0.5030743531249999 0 0.5359801703125
0 0 0.44758454375 0.066595703125 0.42861541093750005 0.066974396875 0.4283402734375 0.02367726875 0.352159384375 0 0.3585027078125 0 0.44758454375
0 0.107051484375 0.7513213328125 0.1132863078125 0.75990283125 0.189730540625 0.7037366921875 0.11868048281250002 0.53067331875 0.0480236109375 0.5838647484374999 0.107051484375 0.7513213328125
0 0.407267684375 1 0.352217459375 0.8521760921875 0.3520825953125 0.8519904671875 0.27388810937499997 0.8953343765625 0.3071256046875 1 0.407267684375 1
0 0.374904440625 0.8468111671875 0.34021676093750003 0.80397545 0.1704094203125 0.8923804875 0.16950851718749999 0.8931100234375 0.1729123328125 0.8977949734375 0.22897888906250002 0.9670314046874999 0.40041481718750005 0.8810446671875001 0.40149845781250004 0.8801671515624999 0.374904440625 0.8468111671875
0 0.11394353125000001 0.8140701937499999 0.1116192921875 0.8160906234375 0.12016902968750001 0.827858328125 0.1756484890625 0.8916801453125001 0.34459285156249997 0.7986116953125 0.27960723125000003 0.7266797046875 0.11394353125000001 0.8140701937499999
0 0.25418418125 0.7775343125 0.1477378640625 0.61108170625 0.1414470671875 0.6156522375 0.078937021875 0.6803832859375001 0.1869164890625 0.8422520140625 0.18815214062500002 0.8434452703125 0.25418418125 0.7775343125
0 0.6720827953125 0.07774113593750001 0.7013038796875 0.17364060312500001 0.70759675625 0.1823020046875 0.7646613921875 0.1489864265625 0.734263834375 0.0395989609375 0.70395935 0.057822454687500004 0.6720827953125 0.07774113593750001
0 0.8618442937499999 0.2402634109375 0.7886447015625 0.2936616234375 0.786464084375 0.2961701359375 0.7910401546875 0.30246855781250004 0.8351137906250001 0.340781184375 0.8358681859375 0.34141354687500003 0.9165202046875001 0.28926744531250004 0.8618442937499999 0.2402634109375
0 0.6523853203125001 0 0.63172149375 0.02320420625 0.6789882203125 0.1285704390625 0.6797436296875 0.12929993125 0.7301082531249999 0.075282353125 0.6860584578125 0 0.6523853203125001 0
0 0.8099386187500001 0.20268043750000003 0.775074228125 0.10314854062500001 0.7220980578125 0.14163798125 0.71475059375 0.1472598796875 0.7476483140625 0.24008652812500003 0.7492975875 0.24235655781249998 0.8099386187500001 0.20268043750000003
0 0.8777108281249999 0.2390575 0.8731589375000001 0.23417619374999998 0.825051440625 0.18585746718750001 0.738508371875 0.2301647625 0.7439758171874999 0.23769005468749999 0.7448618796875001 0.23864024062500003 0.7872308328125001 0.28222220625 0.87726735 0.23947105156249998 0.8777108281249999 0.2390575
0 0.5919504328125 0 0.63035775625 0.0751808390625 0.6318253296874999 0.07659805625 0.676460703125 0.0321484171875 0.6669888453125 0.007923925 0.663733921875 0 0.5919504328125 0