0 0.18923608593750002 0.18049916562499999 0.2552119234375 0.1804762765625 0.2551110328125 0.1746962671875 0.2206635703125 0.0705822359375 0.1945607109375 0.0703932765625 0.160339834375 0.0709906046875 0.1505339515625 0.072896675 0.18923608593750002 0.18049916562499999
0 0.158270790625 0.1511381390625 0.21298703749999998 0.2565355109375 0.2797265625 0.24584357343750002 0.22558791406249998 0.14034689843749998 0.158270790625 0.1511381390625
0 0.210124171875 0.39781680625 0.205523996875 0.39887884218749997 0.2638940984375 0.5012981734374999 0.3373007125 0.48186645468749995 0.33673454375 0.4789537734375 0.2812644203125 0.383373271875 0.210124171875 0.39781680625
0 0.204730671875 0.336449965625 0.1994607109375 0.41597445625 0.3108514546875 0.38028289375 0.310851453125 0.31304154687499997 0.3092972015625 0.30504560937499997 0.3077689953125 0.30504560937499997 0.204730671875 0.336449965625
0 0.230515909375 0.34031170781250003 0.25819332031250003 0.3354314328125 0.3073190859375 0.3264975484375 0.3067855328125 0.32347161406249997 0.25215801875 0.2175003125 0.2295783796875 0.2214817125 0.172988071875 0.2324817546875 0.230515909375 0.34031170781250003
0 0.3515827078125 0.559789496875 0.3512813921875 0.55808064375 0.299319815625 0.4550358359375 0.2777151125 0.45884532812499995 0.2250127640625 0.469089628125 0.274742396875 0.57581295625 0.3515827078125 0.559789496875
0 0.2986965171875 0.6605650921875 0.3750886453125 0.63532443125 0.3742142765625 0.630826190625 0.3138917984375 0.532157825 0.2359697734375 0.5585232718750001 0.2986965171875 0.6605650921875
1 0.40470880156250005 0.8466801531250001 0.321601465625 0.8515846546875 0.353995240625 0.9877964499999999 0.43148855937499997 0.9844737468750001 0.43439334374999994 0.9839091140624999 0.434172428125 0.9796938015625001 0.40470880156250005 0.8466801531250001
0 0.2986167125 0.8888270078125 0.2999481390625 0.89567660625 0.30207676875 0.8954903765625 0.43574044062499995 0.8596038296874999 0.430149859375 0.7793799234375001 0.42891597187499997 0.773032121875 0.42699440468749994 0.7732002359375 0.2924611125 0.8112070750000001 0.2985305484375 0.8878421484375 0.2986167125 0.8888270078125
1 0.2819862578125 0.7461209171875 0.282148815625 0.74608931875 0.40882825 0.6761849828125001 0.3874050703125 0.6014734796875 0.380150471875 0.6028836296875 0.25833021718750004 0.672028171875 0.2819862578125 0.7461209171875
1 0.3003956390625 0.695008259375 0.27104480937500003 0.7080760875000001 0.350979571875 0.8259352765625 0.42449249062499994 0.791219371875 0.4240164421875 0.7887703171875 0.339183884375 0.6786963671875 0.3003956390625 0.695008259375
0 0.2987801359375 0.212580565625 0.42481114687500005 0.114608325 0.40765994218749996 0.0647976125 0.3993072453125 0.042049237499999996 0.3952416640625 0.04283950625 0.2717528 0.132156675 0.2987801359375 0.212580565625
0 0.33176927031250003 0.1561736703125 0.40815329062499994 0.1257554484375 0.40676020625 0.118588653125 0.32385369375 0.0258366390625 0.28054605312500003 0.04511844375 0.33176927031250003 0.1561736703125
0 0.49016376250000004 0.392075225 0.4900402 0.39143954999999997 0.48962626093750006 0.3914395515625 0.3439334140625 0.4269356453125 0.3439334140625 0.438475540625 0.3466480046875 0.51175205 0.3470760515625 0.5117520515625 0.49080841406250003 0.468174059375 0.490808415625 0.43791706875 0.49016376250000004 0.392075225
0 0.3203645234375 0.2866054046875 0.44640426875 0.21608505 0.43058160624999997 0.134684503125 0.298171178125 0.21097013593749997 0.3192889734375 0.2868144703125 0.3203645234375 0.2866054046875
0 0.3432690953125 0.445444665625 0.47806950625000005 0.3707997515625 0.46401136875000004 0.29847690781249997 0.4534571890625 0.3005284328125 0.333251134375 0.36096248750000004 0.3432690953125 0.445444665625
0 0.394720278125 0.3639673140625 0.46660591562500003 0.3445799609375 0.46567141718749994 0.3397723875 0.389070571875 0.2152416609375 0.310011 0.2349534265625 0.394720278125 0.3639673140625
0 0.4850294703125 0.45515763124999997 0.478198 0.4576440828125 0.3582268421875 0.539709315625 0.38696103437499996 0.6131420953125 0.4055937671875 0.602389184375 0.5164203484375001 0.5286468953125001 0.5103568 0.5119874328125 0.4860505328125 0.45495915625 0.4850294703125 0.45515763124999997
0 0.5110294078125001 1 0.5985978015625 0.9687536812499999 0.5841248640625001 0.889542715625 0.5626717125 0.8937127859375 0.44482394531249997 0.9311491484375001 0.46031963749999993 1 0.5110294078125001 1
1 0.569484634375 0.9285040406249999 0.5383028171875 0.7959542046875 0.5210989500000001 0.7974593484375 0.4544493390625 0.804918690625 0.45220752812500004 0.8053544546875001 0.48518044375 0.932616290625 0.569484634375 0.9285040406249999
1 0.489666865625 0.623802459375 0.40675943593749997 0.6488836578125 0.47116325000000003 0.7644735093749999 0.5488777734375 0.743265525 0.547429603125 0.7358153359374999 0.5471451921875 0.7348234796875001 0.489666865625 0.623802459375
1 0.567575921875 0.7907832859374999 0.5479176546875 0.7119382828124999 0.5414882249999999 0.7131880390625 0.42496018593749996 0.76487466875 0.44372596406250003 0.8487962093749999 0.567575921875 0.7907832859374999
0 0.40070725625000003 0.6695167015625 0.528343378125 0.63405415 0.5267994078125 0.5563223640625 0.5197456 0.5564454890625 0.40050209687500005 0.58572651875 0.40070725625000003 0.6695167015625
0 0.57009524375 0 0.6040031453125 0.13052853125 0.6098532984375 0.13052853125 0.6866579109375001 0.12914433281249998 0.6866579109375001 0.1263538640625 0.6450244671875 0 0.57009524375 0
0 0.683157996875 0.70685095 0.6678111 0.7143361328125 0.7776179375 0.8655058375 0.85853303125 0.8295613453125 0.8577935703125 0.8257571515625 0.7538845125 0.6732718265625001 0.683157996875 0.70685095
0 0.7283520984375 0.17656302343750002 0.612754178125 0.0299364203125 0.5671528 0.048062459375 0.5441033281250001 0.057846379687500005 0.6578349453125 0.211984190625 0.72881939375 0.1786201703125 0.7284764859374999 0.1768560609375 0.7283520984375 0.17656302343750002
0 0.7992163765625 0.4991410421875 0.7915094359375 0.5012061109375 0.629243296875 0.57891785625 0.6529263109375 0.669242240625 0.653078309375 0.6692126953125 0.8248019609374999 0.5819835484375 0.8190455640625001 0.5605003843749999 0.79925904375 0.4991327484375 0.7992163765625 0.4991410421875
1 0.8622138406250001 0.8029245203125001 0.6890010109375 0.8312328625 0.697284128125 0.927410446875 0.87737014375 0.8927756499999999 0.8749190890625 0.8225866281249999 0.8743162906249999 0.8124933734375 0.8723872390625 0.8025692578125 0.8622138406250001 0.8029245203125001
0 0.640278921875 0.312937225 0.7262207921875 0.312429559375 0.72615600625 0.3087180140625 0.674406771875 0.1270419328125 0.6387676265625 0.1276640171875 0.5999169078125 0.12880251250000002 0.5907247921875001 0.130589278125 0.640278921875 0.312937225
0 0.62240460625 0.50694288125 0.6528043109375 0.5833028265625 0.655084409375 0.588424015625 0.8055888250000001 0.48084242499999996 0.792548115625 0.451552509375 0.76826953125 0.400101340625 0.76307233125 0.40111157343750004 0.62240460625 0.50694288125
1 0.6556355640625 0.6120964125 0.6540538921875 0.61273545 0.753204996875 0.7742399796874999 0.8407976843749999 0.738320896875 0.8397449109374999 0.73290484375 0.7417855015625 0.5839911328125 0.6556355640625 0.6120964125
0 0.7527832671875 0.2293894265625 0.5829717140625 0.3028317125 0.5983796078125 0.3944341 0.772989071875 0.3217481453125 0.768553265625 0.290185740625 0.757597584375 0.22871281875 0.7527832671875 0.2293894265625
1 0.6042306156249999 0.40747185156250004 0.6270283640625001 0.489494278125 0.6272561515625 0.48943324062500004 0.7683914749999999 0.4151356296875 0.7860556921875 0.4054352703125 0.7672446500000001 0.3143463359375 0.7616743140625 0.3154291 0.6042306156249999 0.40747185156250004
0 0.22160301875 1 0.1873387203125 0.9387958781249999 0.115869925 0.9634045562500001 0.13489016874999998 1 0.22160301875 1
0 0.21391125625 0.9395026859375 0.2076323984375 0.9038935125 0.199885759375 0.8640405078125 0.10798189843749999 0.8979902171875 0.1223967734375 0.9752214671875 0.21391125625 0.9395026859375
0 0.731712390625 0 0.70773184375 0.016266834375 0.71845788125 0.05164115625 0.7192982796875 0.0514778 0.87773065625 0 0.731712390625 0
1 0.110944946875 0.9019323328125 0.1114894890625 0.901826484375 0.2025591984375 0.8529996796875 0.184544328125 0.7809791578125 0.1839120578125 0.781102059375 0.0929699078125 0.8253744109375001 0.110944946875 0.9019323328125
0 0.1169560078125 0.81763454375 0.188957809375 0.8114820828125 0.18824464999999999 0.805673865625 0.15544935937499998 0.7134617140625 0.1053581390625 0.7182467296875 0.0849298578125 0.7207550078125 0.08014033125 0.7216859984374999 0.1169560078125 0.81763454375
0 0.1161418484375 0.7484555281249999 0.185981575 0.7188103234375001 0.185227840625 0.7149326968749999 0.1294746421875 0.639571115625 0.0537811984375 0.6654562187499999 0.1161418484375 0.7484555281249999
0 0.9208441109375001 0.147819453125 0.9135473140625001 0.0644166828125 0.91172211875 0.05502686875 0.7397189296875 0.12513164375000002 0.7468170859375001 0.21214269218749998 0.9208441109375001 0.147819453125
0 0.7566771671875 0.16064850625 0.7563402109374999 0.160757428125 0.8574907328125001 0.31828488125 0.9410423140624999 0.28775436718749997 0.94027384375 0.283800934375 0.8460308062499999 0.13333035625 0.7566771671875 0.16064850625
0 0.7928132515625 0 0.7157531671874999 0.0411478375 0.7302908828125 0.11539770468749999 0.7337026078125 0.1314486125 0.7349511609375 0.13120591875 0.9122048109374999 0.032943653125 0.9105627078125 0.0244957640625 0.9042785390624999 0 0.7928132515625 0
0 0.8837856531250001 0.22787808593749997 0.7953593640625 0.22946338125 0.845919609375 0.409581965625 0.93826704375 0.4068507921875 0.94231055 0.4060648140625 0.942055446875 0.401197165625 0.8837856531250001 0.22787808593749997
0 1 0.643493078125 0.8495769796875001 0.6715746 0.8545147875 0.7702979531249999 1 0.735685996875 1 0.643493078125
0 1 0.5480389328124999 0.8360479828124999 0.5750726359375 0.8351247171875 0.5926895859375 0.83139479375 0.6697599078125 0.8328762078124999 0.669837546875 1 0.6448677968750001 1 0.5480389328124999
0 1 0.548508203125 0.8946978343750001 0.414633271875 0.826039484375 0.445064703125 0.806331115625 0.454254865625 0.923124103125 0.6084007890625001 1 0.5725529703125 1 0.548508203125
0 0.8736868812499999 0.31727744375 0.8140369406250001 0.3246571078125 0.8760443765625 0.5122214046875 0.9723140578124999 0.5021030546875 0.9717917921874999 0.497134034375 0.907209503125 0.31375407499999997 0.8736868812499999 0.31727744375
0 1 0.7435812796875 0.9814037515624999 0.698852159375 0.9160106671875001 0.714583803125 0.8813801890624999 0.724513934375 0.9614973921875001 0.9044360984375001 1 0.8923361062499999 1 0.7435812796875
0 0.0333501515625 0.35026834375 0.0003325390625 0.3629291 0.06781643281250001 0.45422835156249997 0.1297553453125 0.42955145000000006 0.128390534375 0.4225301015625 0.068671453125 0.337412440625 0.0333501515625 0.35026834375
0 0.095683928125 0.6642826734375 0.1618851484375 0.6561882125 0.1608415046875 0.6487623046875 0.1291755640625 0.5657926703125 0.0957226328125 0.5704941734375 0.057617771875 0.5764399250000001 0.0564627859375 0.57666443125 0.095683928125 0.6642826734375
0 0 0.2898085 0.053825071875 0.3764868046875 0.11373374375 0.36840203125 0.11301480781249999 0.364324740625 0.06586964687499999 0.2662193921875 0.05579025 0.2679966609375 0 0.2788411875 0 0.2898085
0 0.027289265624999996 0.46614144687500003 0.0525039015625 0.5370359125 0.1373048609375 0.47150497031249994 0.10897396875000001 0.40728280781250004 0.10277873906249999 0.40848703906250006 0.102150209375 0.4087283078125 0.027289265624999996 0.46614144687500003
0 0.046788359375 0.5923181484375 0.1423039921875 0.5686998796875 0.14477147968749998 0.5322663999999999 0.1460100921875 0.49679723593749997 0.145618359375 0.49478194843749995 0.14388457500000001 0.49472140312499996 0.050539459375 0.5207850390625001 0.04660379375 0.591368646875 0.046788359375 0.5923181484375
0 0 0.199469203125 0.0183882828125 0.23678653593750001 0.0890961609375 0.23655386875 0.089003528125 0.23478632031250002 0.0390169625 0.131742984375 0 0.13378777656250002 0 0.199469203125
0 0 0.245900234375 0.0335565203125 0.3119321328125 0.1062144703125 0.2985800265625 0.10621019375 0.298549596875 0.057726774999999994 0.21995173281249997 0.04453594375 0.199360925 0.0000163890625 0.20561773906249997 0 0.205620925 0 0.245900234375
0 0 0.182410265625 0.0647174015625 0.1780913140625 0.0644391890625 0.174112675 0.020947146875 0.0849711390625 0.0112162375 0.0856515921875 0 0.0878318078125 0 0.182410265625