0 0.7270187390625 0 0.6583374625 0.0888871046875 0.696773503125 0.146770340625 0.7007533718750001 0.1439836046875 0.767036753125 0.053476903124999996 0.7477594953125 0.0249185703125 0.72965509375 0 0.7270187390625 0
0 0.7116502046875001 0.10521023437499999 0.680018171875 0.045986840625 0.67943098125 0.0451786421875 0.5976892671875 0.1311231859375 0.62952695625 0.190745690625 0.7116502046875001 0.10521023437499999
0 0.381214190625 0.24912523125 0.46445507812500003 0.326399696875 0.528263953125 0.29178787968750003 0.530513425 0.290489146875 0.5321882671875 0.289272303125 0.4465884953125 0.20854896250000002 0.381214190625 0.24912523125
0 0.5473487234375 0.27298551875 0.6007912375 0.22137668281249998 0.598281525 0.21792236250000002 0.505161803125 0.16619970625 0.44429584999999994 0.21765116562500003 0.5473487234375 0.27298551875
0 0.59418285625 0.0897220984375 0.5333590328125 0.1954132265625 0.552164534375 0.2162988515625 0.5852509328125 0.252651375 0.5886397921875 0.250189225 0.6489775734375 0.1486866546875 0.6048553359375 0.099683946875 0.5951484578125 0.0890205484375 0.59418285625 0.0897220984375
0 0.40459792187500004 0.391502678125 0.40568992968749995 0.39015416406250003 0.4493689703125 0.28333478749999996 0.3905724859375 0.23572233593749997 0.3902402984375 0.235963684375 0.34209308437499997 0.3440228953125 0.40459792187500004 0.391502678125
0 0.40981623906250003 0.3576738625 0.30272106718749997 0.30645479999999997 0.251729809375 0.3710061 0.3597153203125 0.4223282640625 0.36582035625 0.4150525625 0.410922759375 0.358787709375 0.41057775156250004 0.3583128484375 0.40981623906250003 0.3576738625
1 0 0.539411915625 0.07628889062500001 0.6392747921875 0.141080340625 0.6062619 0.1478135078125 0.6013699671875 0.06570176718750001 0.4903610828125 0 0.5243846859375 0 0.539411915625
0 0.2206392734375 0.5422903109375 0.22730300625000002 0.5366987734374999 0.2266092453125 0.5357438937500001 0.2245365359375 0.5332737359374999 0.11967616249999999 0.4453745359375 0.054412046874999995 0.49819861562499995 0.05205408593750001 0.5001771796875001 0.0527478515625 0.501132065625 0.052782825 0.5011737453125 0.1622135078125 0.5905013296875 0.2206392734375 0.5422903109375
1 0.25431450624999996 0.34943836093749997 0.188825409375 0.39149297656250004 0.28925109375 0.4958841578125 0.3416699390625 0.46438773749999995 0.35611082656250004 0.45389581874999996 0.35433379375 0.45093834062499993 0.25431450624999996 0.34943836093749997
1 0.257451121875 0.41748828906249996 0.2234164375 0.38258565624999996 0.1455965578125 0.5006997531249999 0.19476198125 0.5556717671875 0.196331659375 0.5545313296875001 0.280515278125 0.4422215703125 0.257451121875 0.41748828906249996
0 0.7405075375 0.297605675 0.7437422125 0.2958126640625 0.84994585625 0.18630506093750002 0.8138839046875 0.121247578125 0.8080676015625 0.113242125 0.7016898984375 0.23080874062499998 0.7405075375 0.297605675
0 0.7386984765625 0.192244209375 0.790112584375 0.2563878140625 0.7979415484375 0.2506997375 0.8610261093749999 0.14656764687499999 0.8299248984375 0.11078979687499999 0.7386984765625 0.192244209375
0 0.46622967343750005 0.485924228125 0.4706641375 0.4841325875 0.583162725 0.393465584375 0.5568766953125001 0.3284053796875 0.55292385 0.32296475625 0.43211974062499997 0.4097475859375 0.46622967343750005 0.485924228125
0 0.7299094 0.1718399546875 0.6359167484375 0.284763196875 0.6790778140625 0.353458796875 0.6833878437500001 0.35076559218750003 0.777014828125 0.23536210624999998 0.7299094 0.1718399546875
0 0.481092915625 0.346379009375 0.481102321875 0.34639195625 0.615917515625 0.4211974578125 0.6692664859375 0.3714487375 0.66377014375 0.3638836703125 0.547423465625 0.29311913125 0.481092915625 0.346379009375
0 0.5991976593749999 0.24915993749999998 0.547416415625 0.31184835781250003 0.6909066734375 0.366101671875 0.739332778125 0.3083896890625 0.7387574031249999 0.307597753125 0.7366372265625001 0.3058187125 0.5991976593749999 0.24915993749999998
0 0.43127872343749996 0.5441348609375 0.512618684375 0.42183002187499996 0.47878969375 0.38425911875 0.4594063609375 0.3637405734375 0.4578594515625 0.365133415625 0.4459077171875 0.380424971875 0.37022778437500004 0.49111501406249997 0.42672343437500004 0.5474444734375 0.43127872343749996 0.5441348609375
0 0.08762896406250001 0.637095259375 0.0174608265625 0.6815472125 0.1098607609375 0.7931469437499999 0.1462589171875 0.7685960781250001 0.1812510359375 0.743172815625 0.17910566249999998 0.73999216875 0.08762896406250001 0.637095259375
1 0.23325256562500002 0.630405425 0.18473025625 0.5808316718750001 0.10463380156249999 0.685312178125 0.15870219375 0.7479673703125 0.1636828765625 0.74434869375 0.24503039375000002 0.6430355999999999 0.23325256562500002 0.630405425
1 0.293571396875 0.644185090625 0.3046410625 0.6361425078125 0.382069275 0.5466765875 0.3385198015625 0.485087709375 0.3341102890625 0.479018534375 0.2435531203125 0.5774012078124999 0.293571396875 0.644185090625
1 0.2838456140625 0.5551822421875 0.26456651249999996 0.53050611875 0.1749548734375 0.6339529734375 0.22451042812500002 0.6982235343750001 0.230924478125 0.693563453125 0.31635526875000003 0.5989491734375 0.2838456140625 0.5551822421875
0 0.380434490625 0.446597259375 0.3069354984375 0.4764987609375 0.38113097812499996 0.58326645 0.4527528171875 0.55557200625 0.4572865140625 0.5522780828125 0.455575103125 0.54804219375 0.380434490625 0.446597259375
0 1 0.3879917 0.936841921875 0.3260608015625 0.9326007171875 0.32860917500000003 0.8659428234375 0.3703142296875 1 0.4858783390625 1 0.3879917
0 0.4683363984375 0.879474315625 0.33134161406249996 0.7615234484375 0.2586872796875 0.823350925 0.40402016406249996 0.94106458125 0.4411029046875 0.9110869984375001 0.4720445921875 0.8841898015625 0.47005489999999994 0.8814512265625 0.4683363984375 0.879474315625
0 0.993678440625 0.43499581562499995 0.9540789421874999 0.3668870984375 0.8165445734375 0.496273959375 0.8494702875 0.5618042062499999 0.8528554921874999 0.5600042625 0.9939535515625 0.4355132265625 0.993678440625 0.43499581562499995
0 0.6237309484375 0.755728478125 0.47529753125 0.6540577515625 0.408884915625 0.7197606171875 0.570421896875 0.8249493687499999 0.5861486640625 0.8092226015625 0.6286891640625 0.7621905203125 0.6246936828125 0.7566912125 0.6237309484375 0.755728478125
1 0.1938782375 0.91455678125 0.21308548593749999 0.955746859375 0.243059775 0.9970029281249999 0.38717576249999996 0.9002106203125001 0.363994465625 0.8504981718750001 0.34758055468750004 0.817458353125 0.1938782375 0.91455678125
0 0.7306418171875 0.5544082546875 0.772751278125 0.6293285875 0.775966059375 0.6274725328125 0.9097750124999999 0.49413332031249996 0.8919527265625 0.4632642140625 0.872706971875 0.430822990625 0.8664986718750001 0.4222779984375 0.7306418171875 0.5544082546875
0 0.5494613734375 0.6113552859375 0.49004959374999996 0.668146340625 0.48615545156250006 0.67217884375 0.6422833109375 0.771423334375 0.6645553125 0.748360003125 0.7037241578125 0.7059703015625 0.70144761875 0.7028369156250001 0.5494613734375 0.6113552859375
1 0.4680282625 0.6891540218750001 0.46682201718750005 0.6879477765625001 0.3568977375 0.8423216968749999 0.4239554984375 0.9086877515625 0.4295796328125 0.9046015796875 0.527560771875 0.7574738515624999 0.4680282625 0.6891540218750001
0 0.7988501859375 0.504239753125 0.751561959375 0.466089965625 0.6694281671875 0.6374253734375 0.7393660875 0.69497939375 0.7433031328124999 0.6921189640625001 0.82519560625 0.5271414796875 0.7988501859375 0.504239753125
1 0.7415669312500001 0.6114281625 0.7517120671875 0.5940155875 0.6914942046875 0.5286856046875 0.687153653125 0.52449398125 0.596906475 0.6894081140625 0.6574344671875 0.7467807765625001 0.661085753125 0.7441279625 0.7415669312500001 0.6114281625
1 0 0.336742325 0.05053296875 0.38036448125 0.111453071875 0.33763874375 0.0370500890625 0.268154053125 0 0.2933457015625 0 0.336742325
0 0.11339967343749999 0.21987508125000002 0.10322890468749998 0.210390684375 0.0508782359375 0.29954161562500004 0.10364991718750001 0.3514786875 0.107325590625 0.348808153125 0.1554223015625 0.2620682296875 0.11339967343749999 0.21987508125000002
0 0.1394194578125 0.3038186515625 0.141305428125 0.303018103125 0.21816757187500002 0.246154775 0.19338080625 0.1736731015625 0.1914834734375 0.171061646875 0.109283159375 0.2328219828125 0.1394194578125 0.3038186515625
0 1 0.6080683640625 0.92753414375 0.5632865671875 0.8584179625000001 0.6267202000000001 1 0.7078878937499999 1 0.6080683640625
0 0.949508190625 0.6050701578125001 0.8029556078125 0.7117807984375 0.8378145031249999 0.79843525 0.9867621234374999 0.687392603125 0.977484328125 0.663223121875 0.95121219375 0.604416053125 0.949508190625 0.6050701578125001
0 0.7137138765625 0.7167218546874999 0.8529781453125 0.8439650953125 0.9051617343749999 0.81380399375 0.907187665625 0.8125380515625 0.9275826437499999 0.7977202328125 0.798004746875 0.6666854796874999 0.7137138765625 0.7167218546874999
0 0.5753189703125 1 0.60615799375 0.9771182375 0.561261359375 0.8926799453125 0.5592942890625 0.88997250625 0.42526019374999996 1 0.5753189703125 1
0 0.584902103125 1 0.67852381875 0.9051839781250001 0.6449850609375 0.8535388203125001 0.6285812546875 0.828499090625 0.6265226296875 0.8256656359375001 0.6261303703125 0.8259203734374999 0.4890754765625 0.9605926968749999 0.514666878125 1 0.584902103125 1
0 0.69899461875 0.969173415625 0.775947946875 0.9090508859374999 0.77066468125 0.9017790953124999 0.6284294578125 0.7873682343749999 0.5509125375 0.8455787906250001 0.69899461875 0.969173415625
0 0.6291056 0.7987630703125 0.790892690625 0.906688078125 0.80664666875 0.8952421421875 0.8621607718750001 0.8416327953125 0.8588419890625 0.8370648828125 0.6952799953125 0.7324671078125 0.6291056 0.7987630703125
0 0.41155651249999997 0 0.3571437546875 0.0853122515625 0.40245914687499995 0.1343810734375 0.40906484687500005 0.1295817515625 0.4665072125 0.044247403125 0.441847171875 0.0158792703125 0.42755966875 0 0.41155651249999997 0
0 0.26662553125 0.16517841718749998 0.23159481093749998 0.12761256875 0.17770038906250002 0.20718349374999998 0.2267325796875 0.258191184375 0.23204069062500002 0.2543346171875 0.277882353125 0.177693121875 0.26662553125 0.16517841718749998
0 0.441019425 0 0.418143590625 0.0462185171875 0.471395390625 0.095884096875 0.4733510703125 0.0944632140625 0.508033309375 0 0.441019425 0
0 0.2794776015625 0.091279046875 0.3587385140625 0.1634123609375 0.41797713593749997 0.1237493609375 0.41445691562500003 0.117890734375 0.3449165453125 0.05413678281249999 0.2794776015625 0.091279046875
0 0.355874921875 0.1501066734375 0.274503578125 0.102916478125 0.223933203125 0.148651234375 0.2191320828125 0.1532876234375 0.2195533078125 0.1537238171875 0.3072290125 0.2011285296875 0.35182080312499997 0.1598237109375 0.3583522265625 0.1535163890625 0.355874921875 0.1501066734375
0 0.4771131171875 0 0.5058319124999999 0.05537371875 0.5058597625 0.0553607296875 0.5545492484375 0 0.4771131171875 0