0 0.9949414046875 0.6599712140625 0.994978871875 0.6597949421875 0.9946441625 0.6534083109375 0.9316959234375 0.6411497484375 0.87163444375 0.7419738687499999 0.9415728578125 0.755043840625 0.9949414046875 0.6599712140625
0 0.8085285609374999 0.7259679828125 0.9264197484375 0.7387041375 0.9124842281250001 0.6725657765624999 0.794478753125 0.6592548 0.8085285609374999 0.7259679828125
1 0.5520434625 0.7534148296875001 0.623644446875 0.7653668078125 0.6757930156249999 0.6678189640625 0.6761229921874999 0.6661213828125 0.676061303125 0.6649443046875 0.6021691859375 0.648119959375 0.54763345 0.7520861437499999 0.5476584124999999 0.7525624625 0.5520434625 0.7534148296875001
0 0.7286547640625 0.6429164968750001 0.7167148937500001 0.6445945359375 0.664710275 0.655450678125 0.64728439375 0.766093903125 0.658511375 0.765505521875 0.7225449515625 0.756418471875 0.7419767921875 0.6435251734375 0.74179446875 0.6422278734375 0.7286547640625 0.6429164968750001
0 0.81338428125 0.7487594015625 0.8181395921875 0.6288389296875 0.812012521875 0.6291600359375 0.7417881937499999 0.6479765859375 0.735265915625 0.7691846203125 0.7352789078125 0.769233109375 0.81338428125 0.7487594015625
0 0.5915019078125 0.6815507625 0.475476953125 0.6590314125 0.476985234375 0.6878111296875 0.480258203125 0.73461675625 0.5932692390625001 0.760209428125 0.594549 0.7601199375000001 0.5915019078125 0.6815507625
0 0.51154360625 0.6605547484375001 0.511426303125 0.6583164625 0.43024602031250003 0.651651359375 0.394186378125 0.7664355671874999 0.476054465625 0.7725683109375 0.51154360625 0.6605547484375001
1 0.1572999734375 0.641567046875 0.150056159375 0.641946678125 0.0766881203125 0.6616055843749999 0.0900847890625 0.8004767453125 0.1683872078125 0.7786955921875001 0.1572999734375 0.641567046875
1 0.1378544640625 0.7401560046875 0.273703625 0.7715906421875001 0.2746256671875 0.7715423203125 0.2790711125 0.6867181453125 0.1479598828125 0.65457369375 0.1408096390625 0.654948421875 0.1378544640625 0.7401560046875
1 0.4055434625 0.6235721421875 0.404218603125 0.6192387234375001 0.40225951093749995 0.6193413953125 0.3285933828125 0.6418633921875 0.33897325 0.786345553125 0.41404668125 0.7658177015625001 0.4055434625 0.6235721421875
1 0.23198708906249998 0.7509946484375 0.373530921875 0.7439382890624999 0.3733263640625 0.740035096875 0.36699222656249997 0.712598928125 0.35667613125000003 0.671804515625 0.21523878281250003 0.6702715546875 0.23198708906249998 0.7509946484375
0 0.9349874515625001 0.6244623859375 0.9453249828124999 0.47194362968750003 0.9446166296875 0.46887540781250003 0.9414090921874999 0.4690435078125 0.9200913625 0.4735117265625 0.8687607296875001 0.48536233749999996 0.8524618187499999 0.6441600734375 0.9349874515625001 0.6244623859375
0 1 0.486907046875 0.9991484312500001 0.47065815468750005 0.99292520625 0.470332009375 0.9699124203125 0.47145832812500005 0.910512121875 0.6278966796875001 0.9967027125 0.628970528125 0.9990380140624999 0.5934460390625 1 0.57509025625 1 0.486907046875
0 0.5057560078125001 0.50908620625 0.49789851875 0.509498 0.49343309687500003 0.5913779640625 0.6389333875000001 0.6295291046875 0.6402788171875 0.5524495578125 0.5057560078125001 0.50908620625
0 0.7477568703124999 0.4932741890625 0.738556896875 0.49375634062499996 0.73836201875 0.5729912265625 0.877912509375 0.6189470515625 0.884198565625 0.5401151375000001 0.7477568703124999 0.4932741890625
0 0.5665693468749999 0.516300775 0.58692068125 0.59650825625 0.729546825 0.610721959375 0.7287447078125 0.5954166468750001 0.7181559140625 0.535364609375 0.571224521875 0.5147795312500001 0.5665329765625 0.5156067765625 0.5665693468749999 0.516300775
1 0.675583359375 0.48220975 0.6723435359375001 0.4815799921875 0.6722829890625001 0.48158316562500003 0.6565329078125 0.555092028125 0.7898033265625 0.6329331515625001 0.8053504203124999 0.55295029375 0.675583359375 0.48220975
0 0.4004674140625 0.5267735499999999 0.4115887296875 0.6067605484375 0.5455350484375 0.6129347968750001 0.5649401625 0.6125924046875 0.5669018609375 0.6122110890625 0.5668641765625 0.6114920234375 0.5622618296875 0.5843666375 0.5526151671874999 0.53473886875 0.4044304078125 0.5260032234375001 0.4004674140625 0.5267735499999999
0 0.08789248281249999 0.507515840625 0.0718295921875 0.51015091875 0.0065187765625 0.5216669781250001 0.0175731734375 0.6661009046874999 0.017775348437499998 0.666090309375 0.098929171875 0.6493646703125 0.0932538015625 0.511801771875 0.0924559078125 0.5072766828125 0.08789248281249999 0.507515840625
1 0.077757021875 0.5221288171875 0.076597390625 0.6059512328125 0.2046196421875 0.6343931953124999 0.2051240546875 0.634366759375 0.2104184625 0.5653376999999999 0.21132228125000002 0.5480917828125 0.080048975 0.5220087 0.077757021875 0.5221288171875
0 0.260814953125 0.6110340109375 0.3928172921875 0.604405896875 0.3927803140625 0.603700309375 0.3703053453125 0.5207977546875 0.24569531093750002 0.530885546875 0.2374274265625 0.533256325 0.260814953125 0.6110340109375
1 0.2717600109375 0.4978797515625 0.2594116234375 0.49852690468749994 0.1902695453125 0.5107185171874999 0.1876464203125 0.647457065625 0.2719452890625 0.630466490625 0.2717600109375 0.4978797515625
0 0.4664841109375 0.5446275218750001 0.350945309375 0.49842375937499994 0.3453822390625 0.4987153078125 0.3331610671875 0.5746927625 0.45458203125 0.6275573515625 0.45499402812499995 0.6249561031249999 0.4664841109375 0.5446275218750001
0 0.9900136078124999 0.3262105140625 0.985698153125 0.2438667390625 0.8300314999999999 0.2120203203125 0.8235875015625 0.2123580359375 0.8305244109375 0.2827676765625 0.9900136078124999 0.3262105140625
0 0.06880206875 0.273444671875 0.0907429796875 0.3641178703125 0.27615413437499997 0.348782890625 0.2757762734375 0.3415728765625 0.270907425 0.3204835734375 0.2550727921875 0.2615854234375 0.06869349062499999 0.271372878125 0.06880206875 0.273444671875
0 0.9288423640625 0.2752587078125 0.75771023125 0.20172871875 0.755143234375 0.20186324843749998 0.741329959375 0.2788314609375 0.9196515609375 0.3487939640625 0.9231364609374999 0.3239976203125 0.9288423640625 0.2752587078125
0 0.42089994375 0.21211291875 0.42034035468750003 0.2041104390625 0.361859809375 0.205263271875 0.34469510312499996 0.2061628359375 0.3336843890625 0.20693278125 0.3070935515625 0.39785631875 0.40025073125 0.39083903750000004 0.42089994375 0.21211291875
1 0 0.3350544375 0.1560323265625 0.38541063124999997 0.17409558125 0.299859740625 0.17552601875 0.2908283171875 0.00090775 0.23982641093749998 0.0000878171875 0.23986938281249998 0 0.24042383906250003 0 0.3350544375
0 0.761135896875 0.368855365625 0.7867171125 0.18448383125 0.786154003125 0.1798976671875 0.7675617375 0.180872046875 0.71069765 0.187854078125 0.701528396875 0.1890875453125 0.6776388453125 0.37810519062500003 0.761135896875 0.368855365625
0 0.542733871875 0.34437165468750003 0.5436143921875 0.2731207015625 0.37501023437500003 0.22491446406249999 0.36918112812500004 0.2252199546875 0.3634459359375 0.3021870734375 0.3628117 0.314289015625 0.5418734703125 0.36078912343749997 0.542733871875 0.34437165468750003
1 0.1857398953125 0.35406752343750003 0.374407009375 0.34268235625 0.3742756171875 0.3401752234375 0.3481325796875 0.2542995703125 0.168836590625 0.2595019828125 0.1646417875 0.2604704296875 0.1857398953125 0.35406752343750003
1 0.7350400968749999 0.2765186484375 0.5683561984375001 0.1974135984375 0.5639678875 0.1966398203125 0.54422535625 0.2886902359375 0.7172820921875 0.367924909375 0.7292550265625 0.3093274046875 0.7350400968749999 0.2765186484375
1 0.633666425 0.257904228125 0.6140934640625 0.2531062359375 0.4681033390625 0.2200356609375 0.45827679843749997 0.2205506484375 0.457509784375 0.30299683437499997 0.6388300390625 0.3526374296875 0.6388300390625 0.3466033515625 0.633666425 0.257904228125
0 0.1291406359375 0.98372293125 0.1452612796875 0.8964279734374999 0.14478324843749998 0.8873065921875 0.0795926984375 0.8850300890625 0.0712077703125 0.8854695234375001 0.050654834375 0.9801968515624999 0.1291406359375 0.98372293125
0 0.21777812187499998 0.8806524484375 0.2174286734375 0.8778064109375 0.198780596875 0.8787837156249999 0.1399924328125 0.8860019937500001 0.1343288640625 0.9849938890625 0.21060349843749998 0.9756048406250001 0.21777812187499998 0.8806524484375
0 0.9705024968749999 0.1339974703125 0.9791683515624999 0.0894155140625 0.977506721875 0.05770971875000001 0.8487010828124999 0.0326724390625 0.84750560625 0.032735092187499995 0.8414071828124999 0.0677926953125 0.9705024968749999 0.1339974703125
1 0.2972955109375 0.868926834375 0.2890760140625 0.8693576000000001 0.2234841109375 0.8773606859375 0.210464928125 0.9804488578124999 0.28854781093750004 0.9697710921875 0.2972955109375 0.868926834375
0 0.35332578593749997 0.9681659234375 0.3787433609375 0.87325273125 0.378477696875 0.8681835734375 0.3673052265625 0.86798855625 0.30415428125 0.8685874171875 0.2797581359375 0.9695990640625001 0.35332578593749997 0.9681659234375
0 0.44362207500000006 0.8580685562499999 0.44248169062500003 0.853494728125 0.44086555625 0.8535794265625001 0.3675849390625 0.8775605359374999 0.3684472515625 0.9752735109374999 0.44376125625 0.9564956203125 0.44362207500000006 0.8580685562499999
0 0.792071271875 0.1802660765625 0.8464140656250001 0.0044385531249999995 0.846276178125 0.0018075031250000002 0.7536836984375 0.0018075031250000002 0.7053408421875 0.1786994796875 0.7054495875 0.1807744703125 0.792071271875 0.1802660765625
0 0.6902592765625 0 0.6406632250000001 0.0122988015625 0.636529284375 0.0135626734375 0.6407545703124999 0.2004840953125 0.7167257265625 0.1785757921875 0.7304924734375 0.174366875 0.7245857124999999 0 0.6902592765625 0
0 0.8417696234375001 0 0.80587428125 0.18294459999999999 0.8058964515625 0.1831980140625 0.8935234812499999 0.1792011546875 0.9316211078125001 0 0.8417696234375001 0
0 0.600485215625 0.18760311406250002 0.6622814890625001 0.013892290625000001 0.6621069734375 0.010562315625 0.6286862156249999 0.008225309375 0.56579610625 0.005266057812500001 0.512100059375 0.1844748125 0.600485215625 0.18760311406250002
0 0.1185365078125 0.0369376515625 0.11669558437500001 0.036613046875 0.112366253125 0.036839937499999996 0.0941506484375 0.13175914375 0.2775730390625 0.1933966078125 0.29310869687499996 0.10528951718749999 0.1185365078125 0.0369376515625
0 0.193216059375 0.0500033640625 0.19434444374999998 0.07153422968749999 0.2009761203125 0.1473346359375 0.3918894125 0.1690784578125 0.391907684375 0.16907685781249998 0.3908598390625 0.14908276874999998 0.389743496875 0.1357067171875 0.3843764640625 0.07436125625 0.19480545 0.049864309375 0.193216059375 0.0500033640625
0 0.4390304546875 0.0041023249999999995 0.43866702812499997 0.0025281515625 0.40630521562500005 0.0042241625 0.3448897703125 0.019645696875 0.3442595328125 0.2121584015625 0.441781884375 0.1896435921875 0.4390304546875 0.0041023249999999995
0 0.5891846843749999 0.08852950468750001 0.41067199531250004 0.01494781875 0.4042432921875 0.015284732812499998 0.3893582890625 0.10926494375 0.57342031875 0.18100375625 0.5839117046875 0.1218217859375 0.5891846843749999 0.08852950468750001
0 0 0.1476804890625 0.1875421671875 0.1875535296875 0.19005521875 0.15161522031250002 0.1918471015625 0.0843803390625 0.0148624484375 0.0513377609375 0.0039215015625000006 0.051911153125 0 0.09304329375 0 0.1476804890625
0 0.7342110015625 0.9463082484375 0.744626815625 0.837538575 0.7440480375 0.8345610171875 0.7352444828125 0.8350223921875 0.7085949031250001 0.8397312390625 0.6733155203125001 0.84658885625 0.6654524828125 0.9575399296875 0.7342110015625 0.9463082484375
0 0.5302164578124999 0.890262653125 0.4463587390625 0.8595501171875 0.439806546875 0.8598935031250001 0.43380155625 0.9303908828124999 0.5257609953125 0.958312246875 0.529344025 0.907072553125 0.5302164578124999 0.890262653125
0 0.8228111437500001 0.8354496921875001 0.8221112796875 0.8304698953124999 0.8145818609375001 0.8308644953125001 0.763019246875 0.8402482812500001 0.735123475 0.9534845734375 0.8084865609375 0.941859359375 0.8228111437500001 0.8354496921875001
0 0.6759522718750001 0.848410628125 0.6754657109375 0.842849196875 0.665571225 0.8433677453125 0.6024958218750001 0.8504665734374999 0.5823110625 0.949804753125 0.6555441859375 0.9469967203125 0.6759522718750001 0.848410628125
0 0.58520131875 0.8428858203124999 0.5537662328125 0.852496490625 0.5192128265625 0.8643095796875 0.521107896875 0.9620284921875 0.524397971875 0.9618560671875 0.5892454171875 0.9405460390625 0.5902614625 0.843635815625 0.589955984375 0.8426366390625001 0.58520131875 0.8428858203124999
0 0.9001823968749999 0.830892021875 0.8685050421874999 0.9422575343749999 0.8712640328125 0.9421129421875 0.9388320546875001 0.930427990625 0.9697298640625001 0.8242981781250001 0.9420856609375001 0.8257469484375 0.9001823968749999 0.830892021875
0 0.7971680421875 0.8270831828125 0.7927928625 0.9004473765625001 0.899286565625 0.9390797 0.9020854734375 0.9389330140625001 0.9031869265625 0.8758308140625 0.8811420406250001 0.8652476953124999 0.7979563125 0.8270418703125 0.7971680421875 0.8270831828125
0 1 0.8394456968749999 0.9336818578124999 0.82775201875 0.931854725 0.8278477734375 0.9270772031250001 0.868913790625 1 0.9144946218750001 1 0.8394456968749999