0 0.4293509984375 1 0.464608371875 0.9608153906249999 0.3591154109375 0.9145235984375001 0.314395828125 0.96596759375 0.319613490625 0.9705032375 0.39183 1 0.4293509984375 1
0 0.4268475578125 0.831843384375 0.38903252187500004 0.9427081859375 0.44355749375000003 0.9836358437499999 0.4813649203125 0.871061103125 0.4277483765625 0.8308071125 0.4268475578125 0.831843384375
1 0.619044384375 0.78897693125 0.64022904375 0.6786687234375 0.5770630031249999 0.6428971953125 0.573917059375 0.6412244671875 0.5724470609375001 0.6429155062499999 0.5497537984374999 0.7562718203125 0.61847541875 0.790047 0.619044384375 0.78897693125
0 0.46859953593750003 0.8018869093750001 0.5733198765624999 0.8242407796875 0.6164833265625 0.7572420203125 0.5017551734375 0.7344552609375 0.465750175 0.7994099968749999 0.46859953593750003 0.8018869093750001
0 0.4600234859375 0.7650991 0.4590519203125 0.7669263484375 0.43889624843749997 0.882177384375 0.508340490625 0.9191015437500001 0.5088805203125 0.9184803109375 0.5314983953125 0.79911195 0.46210924999999997 0.7626997015625 0.4600234859375 0.7650991
0 0.6272431296875001 0.5822614875000001 0.6268124765625 0.5828999578125 0.5926095671875 0.69311973125 0.65549131875 0.7355340078125 0.65552563125 0.7354945359375 0.6941879203125 0.6233128531250001 0.6278834765625 0.581524853125 0.6272431296875001 0.5822614875000001
0 0.7744956984375 0.5984605968750001 0.674703759375 0.53260921875 0.6676455531250001 0.5389644578125 0.6150481359375 0.588502084375 0.6160922656250001 0.589661709375 0.7150168796874999 0.6552870765625001 0.7744956984375 0.5984605968750001
1 0.8357840718749999 0.3687037234375 0.8791222484375 0.41135871562500004 0.894430775 0.424666215625 0.9735765625000001 0.30955218906250004 0.9139674953125001 0.252742271875 0.9105210843749999 0.2563111359375 0.8357840718749999 0.3687037234375
1 0.8758337671875 0.31740543906249996 0.8743006031249999 0.31607268125 0.8680012015624999 0.32032168125 0.7723033390625 0.4128283328125 0.789625690625 0.4395163421875 0.8194071015625 0.4836690984375 0.820967865625 0.4850258515625 0.9210814765625001 0.3856938921875 0.8758337671875 0.31740543906249996
1 0.8298757765625 0.525147859375 0.6954938562499999 0.46413016875 0.6887550874999999 0.47275540156250007 0.651251446875 0.5238235703125 0.66097859375 0.5322792515625 0.7808005078125 0.5884313375 0.8068610078124999 0.5550754203125 0.8298757765625 0.525147859375
1 0.7590295171875 0.4003949828125 0.7067951578125 0.44549608437500005 0.7042494078125 0.4484246328125 0.7093565484375 0.45409668593749997 0.81574720625 0.5367824406249999 0.8757674812499999 0.4802643875 0.7590295171875 0.4003949828125
0 0.269033640625 0.7764243484375 0.2059869828125 0.8239334140624999 0.20257956250000003 0.8278532015625 0.20297498281249998 0.8283779421874999 0.3337232328125 0.9170333968750001 0.3953447609375 0.8686079796874999 0.269033640625 0.7764243484375
0 0.169399928125 0.8707852953125 0.2421764828125 0.9363136000000001 0.2862404609375 0.97461783125 0.3427172890625 0.9167159609375 0.34578518593749996 0.9131867484375 0.19342451875 0.8446875140625 0.1871076265625 0.85041491875 0.169399928125 0.8707852953125
0 0.55930418125 0.651811 0.6039897171875 0.615875628125 0.48601738125000005 0.5226818734374999 0.47368498125 0.532317 0.42141756875 0.5763639359375 0.42352476718750004 0.5790610265625 0.5439534296875 0.663804321875 0.55930418125 0.651811
0 0.3008215828125 0.7234404484375 0.255752771875 0.7928403281249999 0.2560329296875 0.793083865625 0.40416271875 0.8301608625 0.4416577484375 0.7609333609375 0.4407388359375 0.7603366109375 0.3008215828125 0.7234404484375
0 0.4696673015625 0.7442447328124999 0.479201959375 0.7491028859375 0.5033253375 0.5972189359375 0.43732303906250003 0.5625750140625 0.435287859375 0.5649162203125 0.43400271406249996 0.567438459375 0.40632745156250005 0.7058282218749999 0.4696673015625 0.7442447328124999
0 0.496479696875 0.695691796875 0.49637126406250004 0.6955975359375 0.34488266562500003 0.6723854546875 0.3097962875 0.73837333125 0.31260966562500003 0.7408189640625 0.31268496562500003 0.7408590015625001 0.458901171875 0.7677043546875 0.496479696875 0.695691796875
0 0.4793356765625 0.5190687921875 0.6003672234375 0.5995619343749999 0.65768889375 0.5454116531250001 0.6407390234375 0.5321637953125 0.5308499953125 0.457031525 0.51767505625 0.46889429375 0.47378959062500003 0.5129092375 0.4793356765625 0.5190687921875
0 0.8415109921875 0.29052324375 0.8418664937499999 0.2901142859375 0.9006188875 0.1857461890625 0.8740585968750001 0.1626576796875 0.8315458859374999 0.1328899609375 0.8299717843750001 0.1347007578125 0.7749538125 0.241011490625 0.8415109921875 0.29052324375
1 0.7129937453124999 0.24852175625 0.6967527640625 0.2735306703125 0.6986560640625 0.2751851828125 0.8193089656250001 0.3308378140625 0.8646952359375 0.25710414843749996 0.7439411625 0.20466302343749998 0.7129937453124999 0.24852175625
0 0.6024042921875 0.4235282625 0.6543715140625 0.47684781562499995 0.6606940640625 0.48234392656249997 0.7344086937500001 0.37151321249999997 0.67354088125 0.3123872203125 0.6681837296875 0.3177443734375 0.6024042921875 0.4235282625
1 0.6566797984375 0.3620025375 0.6860268890625 0.38842677812500004 0.7185685109375 0.41671477812499996 0.7896940109374999 0.303243340625 0.7278671343750001 0.244785990625 0.7247894546875 0.2482041015625 0.6566797984375 0.3620025375
0 0.5339000515625 0.4756402125 0.65299459375 0.5131277984375 0.6948808671875 0.445735353125 0.5720989890625 0.4029694859375 0.528301965625 0.4707738703125 0.5339000515625 0.4756402125
0 0 0.7101547609375001 0.13599386093750002 0.738473746875 0.1750556546875 0.6774572921875001 0 0.629114259375 0 0.7101547609375001
0 0.470334465625 0.0792381359375 0.44107771093750003 0.1320187171875 0.44471999999999995 0.1351849109375 0.6163873359375 0.1943149890625 0.6628548750000001 0.11712662968750001 0.4866851546875 0.050459037500000005 0.470334465625 0.0792381359375
0 0.21955227656249998 0.6587684687500001 0.0682485015625 0.54579135 0.052634228125 0.557420234375 0.013752478125 0.5877979875 0.0113244109375 0.5905911609375 0.0147526 0.5949790453125 0.1589106078125 0.70996823125 0.21955227656249998 0.6587684687500001
0 0.442342028125 0.1570367640625 0.438759109375 0.1610159984375 0.34480976406249997 0.3232753984375 0.3580863796875 0.33522971562500004 0.358399028125 0.33550149687499997 0.41261646875 0.379608921875 0.5105930843750001 0.2191574359375 0.442342028125 0.1570367640625
1 0.5918392031249999 0 0.5266030125000001 0.10002024062499999 0.5509468453124999 0.121939525 0.5954512703125 0.1606266328125 0.69892883125 0.011287171875 0.6863931578125 0 0.5918392031249999 0
0 0.24694714687500002 0.477829765625 0.17820777968749998 0.4343384875 0.17370871875 0.4395140640625 0.1145672546875 0.6132738046874999 0.1755869921875 0.6539097765624999 0.186975390625 0.661305490625 0.24694714687500002 0.477829765625
0 0.433385609375 0.3959124078125 0.47423515 0.33914476875 0.473725959375 0.338761065625 0.3087757921875 0.26516854218749997 0.26050183437499996 0.32416465 0.25449632499999997 0.3321342328125 0.25872173906249996 0.33580732812499997 0.420632903125 0.412835821875 0.433385609375 0.3959124078125
1 0.39154948125 0.2236381609375 0.44323067031249996 0.297446546875 0.4481804078125 0.30174928749999996 0.448606353125 0.3014510375 0.573956625 0.170105253125 0.526299428125 0.091003884375 0.39154948125 0.2236381609375
1 0.35440843593750004 0.4993216828125 0.20023833125 0.38976214531250003 0.1758225140625 0.41024944999999996 0.1294961453125 0.45211608124999997 0.1326211421875 0.45584030625 0.2848901453125 0.5609301875 0.35440843593750004 0.4993216828125
1 0.41422331718749994 0.404934128125 0.4134313328125 0.4043587203125 0.2381808171875 0.3381750703125 0.18969427187500001 0.40623363437500004 0.19361374375 0.409640778125 0.3355347171875 0.470574990625 0.35418976406249997 0.47819803125 0.41422331718749994 0.404934128125
1 1 0.531211203125 0.9790103 0.5117730828125 0.9166361999999999 0.5523467125 0.9885688781249999 0.6243857015625001 1 0.617183475 1 0.531211203125
0 0.9423999609375 0.5549118359375 0.8814426937500001 0.6357811390625 0.917184209375 0.6834120875 0.9204444890625 0.687438196875 0.9268786484374999 0.6930313265625 0.99018463125 0.6132221625 0.9443202218750001 0.5533568390625 0.9423999609375 0.5549118359375
0 0.815302721875 0.6850641640624999 0.8211555562499999 0.69015195625 0.8995443109375 0.7309683312499999 0.9562298437500001 0.6745211328125 0.8650116703125 0.627880559375 0.815302721875 0.6850641640624999
0 0 0.56164838125 0.028322068750000002 0.5767074921875001 0.06897292499999999 0.39654332187499997 0 0.35916445937499997 0 0.56164838125
0 0 0.41666877812500003 0.12832279375 0.465773628125 0.13678441875 0.4541272 0.182232915625 0.3894277078125 0.00687085625 0.3245769609375 0.0043299640624999995 0.3280742 0 0.33476033437499997 0 0.41666877812500003
0 0.0416198328125 0.27614335625 0.026342057812500003 0.2898995265625 0.017219856250000002 0.30039341875000003 0.174278528125 0.4001327265625 0.2420010046875 0.343252253125 0.089356015625 0.235092415625 0.0416198328125 0.27614335625
0 0.341025696875 0 0.29661248281249997 0.072687659375 0.3374766890625 0.108210371875 0.3719832984375 0.1371648546875 0.446823003125 0 0.341025696875 0
0 0.4360736046875 0.0986840546875 0.43486375156249996 0.09763234531250001 0.26072081406250003 0.0177679015625 0.20373219062499998 0.0933943609375 0.205051025 0.09454080625 0.37758149375 0.17684238125 0.41075309843749996 0.132822175 0.4360736046875 0.0986840546875
0 0.2459024546875 0.2873977046875 0.33511321562499996 0.11828336718750002 0.2654392125 0.055337684374999994 0.2562065734375 0.065958621875 0.1703837203125 0.2217502703125 0.2459024546875 0.2873977046875
0 0.230013446875 0.1328029703125 0.2286352390625 0.1316049125 0.22490432187499998 0.13421732656250002 0.0958267109375 0.2796066390625 0.11516040937500001 0.3072180203125 0.15017264375 0.35531534374999996 0.1506269375 0.3557102546875 0.2845193015625 0.21064540156249997 0.230013446875 0.1328029703125
0 0.6295819687499999 0.888862171875 0.6136359437500001 0.911402471875 0.621976403125 0.9186527218749999 0.715251278125 0.9562364921875 0.758053275 0.8973687859374999 0.652857284375 0.8579747859375001 0.6295819687499999 0.888862171875
0 0.8971300734375 0.74057479375 0.81647805625 0.6884286921875 0.8157236593749999 0.6890610546875 0.7743617953124999 0.7250163749999999 0.76695571875 0.733536090625 0.7692545703125 0.7361806171875 0.8424541624999999 0.789578828125 0.8971300734375 0.74057479375
0 0.664945971875 1 0.6805391937499999 0.9221974015625 0.6161560640625 0.8879580859375 0.6147546828125 0.8895701921875 0.60478105625 1 0.664945971875 1
0 0.713899028125 0.780779515625 0.7126846828125 0.7828005250000001 0.687887071875 0.87858713125 0.7018985437499999 0.8874864046875001 0.7517787031250001 0.9174574281250001 0.7778826578125 0.8150812828125 0.713899028125 0.780779515625
0 0.8526290203125001 0.7919616703125001 0.7681762296875 0.7409943703125 0.740669090625 0.7650119546874999 0.7240606515625 0.780499575 0.714309371875 0.791717140625 0.7147479078125001 0.7921874125 0.7991826453125 0.8397626031250001 0.8526290203125001 0.7919616703125001
0 0.6335131015625 1 0.640730290625 0.9870124421875 0.5890310859375 0.9342426765624999 0.5890082484375 0.9342632390625001 0.559283490625 1 0.6335131015625 1