0 0.6935798609375 0.9743053343750001 0.7918282343749999 0.9270373390625 0.7931816375 0.9257752703125 0.795831553125 0.9219908 0.75081611875 0.8753435796875 0.6442393 0.923280259375 0.6439672843750001 0.9236687390625 0.6935798609375 0.9743053343750001
0 0.6503469765625 0.936374909375 0.7329642656249999 0.8513165453125 0.6722669625 0.8215790437500001 0.5891263453125 0.9063735718749999 0.6503469765625 0.936374909375
0 0.38351326406249997 0.7399119609375 0.441424671875 0.7899471890624999 0.5374301484374999 0.7244060421875 0.5383337265625 0.723115596875 0.53511600625 0.7205099390624999 0.47750720312499995 0.6763423421875 0.3841430640625 0.7390125140625 0.38351326406249997 0.7399119609375
0 0.5809692859375 0.8012177875000001 0.53391665625 0.7049574265625 0.5291914015625 0.7016487671875 0.47568114531249994 0.7516824203125 0.5256039593749999 0.8576123984375 0.5448811765625 0.839636103125 0.5809692859375 0.8012177875000001
0 0.5365618171875 0.8100943515625 0.6105610890625 0.908581053125 0.6191916625 0.8963968734375 0.657013090625 0.842382275 0.5866164734375 0.7513955375 0.5808224359375 0.747338509375 0.552681828125 0.7870725890625 0.5365618171875 0.8100943515625
0 0.45806877031250004 0.707709803125 0.3960135796875 0.6122115734375 0.39216961562499997 0.6095200000000001 0.3426199171875 0.6645505140625 0.4027141515625 0.763622015625 0.403667521875 0.7644804328125 0.45806877031250004 0.707709803125
0 0.4117820640625 0.6423330828125 0.41209868125 0.6418809078125001 0.35905526875 0.5793484296875 0.2523925625 0.635015103125 0.30594553750000003 0.6972410890625 0.4117820640625 0.6423330828125
1 0 0.4188212046875 0.0862226109375 0.5267435593750001 0.141253396875 0.46427359843750005 0.055783190625 0.36062746875 0.050411657812499996 0.3568662796875 0 0.41598431874999997 0 0.4188212046875
0 0.05279720624999999 0.5106254406249999 0.055321240625000004 0.5125274359375 0.12326051093749998 0.5618634625000001 0.2209053 0.470899246875 0.22534075781250001 0.46456475625 0.21901307656250002 0.4597965046875 0.1581442109375 0.41470932656250004 0.0535385453125 0.5096416484375 0.05279720624999999 0.5106254406249999
1 0.353623134375 0.5420186328125001 0.2952164390625 0.512634134375 0.2852963765625 0.5080083328125 0.19354054375000002 0.62303525 0.1956806953125 0.6245338015625 0.2273557984375 0.6396007734375 0.2657191421875 0.65748989375 0.3506955921875 0.5482967703125 0.353623134375 0.5420186328125001
1 0.20982073906249998 0.45997625781249996 0.13368799375 0.5811260453125 0.13370417343750002 0.5811373734374999 0.2031708015625 0.6075371374999999 0.28282492656249997 0.4963634296875 0.284538625 0.49212187968750004 0.20982073906249998 0.45997625781249996
0 0.7092429796874999 0.7581492640625 0.8049269359375 0.8844840250000001 0.8467412421875 0.8247670078124999 0.853056028125 0.8154049515624999 0.7568007390625 0.6970578 0.7537346421875 0.6949896921875001 0.7092429796874999 0.7581492640625
1 0.812940090625 0.7401050734375 0.80695343125 0.7359131703124999 0.7463029437500001 0.79107415 0.8236639390624999 0.8857966796875001 0.85997913125 0.8553246171875 0.812940090625 0.7401050734375
0 0.5798636046875 0.6277136109375 0.50272 0.5057194859374999 0.49881886406250003 0.5029878796875 0.4460666421875 0.5560991609375 0.5196181125 0.6880645140625 0.5471441687499999 0.661595578125 0.5798636046875 0.6277136109375
0 0.651898853125 0.6910437609375 0.714565415625 0.83144905 0.7147400953124999 0.8315713609375001 0.7754031859375 0.7752804203125 0.716508125 0.647659584375 0.7122749578125 0.6431200687499999 0.651898853125 0.6910437609375
0 0.5392999390625 0.5582875656249999 0.5088812765624999 0.6307831421875 0.6147286734375 0.7284260015624999 0.619753821875 0.721249346875 0.6504875593749999 0.660930990625 0.5455313421875 0.5560654953124999 0.5420853046875 0.5543096515625 0.5392999390625 0.5582875656249999
1 0.6465036453125 0.594953115625 0.642857775 0.5924002500000001 0.587815390625 0.6417984 0.649879559375 0.7831075796875 0.7094701671875 0.7275384390624999 0.6465036453125 0.594953115625
0 0.37056246718749997 0.5158997875 0.4681220953125 0.6337191375 0.46877800000000003 0.63419568125 0.49656626875 0.5999831921875 0.50169378125 0.5929257765625 0.5185212765625 0.5688936234375 0.43337139062499996 0.4687041234375 0.42738281718750004 0.46250512343750005 0.4169312640625 0.4551868671875 0.37056246718749997 0.5158997875
0 0.1027922375 0.2275945109375 0.096178509375 0.22296352812500003 0.057320882812499994 0.2604879015625 0.0410595890625 0.283711434375 0.11159500468750001 0.37951460625 0.11859920156249999 0.3729104359375 0.1748521390625 0.31858760468749997 0.1027922375 0.2275945109375
1 0.1341099796875 0.266467140625 0.0959578796875 0.3433715625 0.20881911875 0.417332578125 0.21049437499999998 0.41494006250000004 0.2215462375 0.391239265625 0.24289902031250002 0.34042463437500003 0.1380933546875 0.26832461875 0.1341099796875 0.266467140625
1 0.2431602484375 0.44023897500000003 0.351260184375 0.51628470625 0.35166544843750003 0.5157059281249999 0.3849948421875 0.4365408515625 0.280590128125 0.36777254375 0.2726153515625 0.3645505234375 0.2431602484375 0.44023897500000003
1 0.3232990203125 0.3791485734375 0.3267015921875 0.3742891953125 0.265499509375 0.3210870375 0.1575829125 0.40510084218750003 0.2238380671875 0.45992085312500003 0.3232990203125 0.3791485734375
1 0.357969425 0.40620439687500004 0.315054578125 0.47723218437500003 0.40655065312499994 0.56808024375 0.41864377812500003 0.550809471875 0.44249821406249995 0.5128380671875 0.4495039125 0.5016266093749999 0.36059244218750003 0.4078434390625 0.357969425 0.40620439687500004
0 1 0.504398428125 0.862805415625 0.6056872249999999 0.8616085218749999 0.6073965671875 0.9193823312499999 0.6499494796875 1 0.5980685671875 1 0.504398428125
0 0.45121312343750003 0.0900693828125 0.4175408515625 0.07364631875 0.37396290468750004 0.0542879140625 0.2643027390625 0.2052557015625 0.2663895 0.20671686718750001 0.35022948125000003 0.2465219265625 0.45202834999999997 0.097133278125 0.4543890265625 0.092293175 0.45121312343750003 0.0900693828125
0 1 0.4937252734375 0.9731896000000001 0.46783476874999996 0.9588764140625001 0.45463745156249996 0.7965921703125 0.5511801203125 0.8515498046875001 0.6084381859375 1 0.5135806546875 1 0.4937252734375
0 0.6094479500000001 0.19887869062500002 0.6106699390625 0.1959998671875 0.60942830625 0.195130465625 0.5255769 0.15953765625 0.421819546875 0.3157613578125 0.5010048125 0.3541615734375 0.6094479500000001 0.19887869062500002
1 0.356878784375 0.153202475 0.38006008125 0.10349002656249999 0.235320121875 0.00627864375 0.205632753125 0.0486766 0.18676255625 0.0891438671875 0.340219465625 0.18608726250000002 0.3413293359375 0.1845022046875 0.356878784375 0.153202475
1 0.7654355093749999 0.368815146875 0.7642111328125 0.3705637375 0.7283327875000001 0.446333328125 0.87332281875 0.56887373125 0.8759580015624999 0.5651103015625 0.8956086390625 0.526002865625 0.9112341921875 0.49396573593750004 0.7684499171875 0.370285371875 0.7654355093749999 0.368815146875
0 0.6376329562499999 0.4000485484375 0.6771774749999999 0.34077203749999996 0.5602577875 0.2064799453125 0.5576765140625 0.20467251874999998 0.5102448109375 0.267022371875 0.50312170625 0.276826484375 0.62796976875 0.4133487859375 0.6376329562499999 0.4000485484375
1 0.4325012046875 0.293095740625 0.5326303953125 0.1465206640625 0.5349445312500001 0.1410689046875 0.5341015765625 0.1404786609375 0.479712925 0.11705854375 0.4471392640625 0.10323184375000001 0.345219903125 0.262926065625 0.4325012046875 0.293095740625
0 0.68850296875 0.4926924171875 0.8562521796875 0.4130422921875 0.8569616078125 0.4124470109375 0.8591092874999999 0.40937980781250005 0.820702659375 0.36101293125 0.80193655625 0.338648359375 0.6299322843749999 0.4174411421875 0.68850296875 0.4926924171875
1 0.7819550078125 0.35029547656250004 0.7257268109375 0.2866672046875 0.5583544125000001 0.37080695937499997 0.5576269140625 0.371462003125 0.624989759375 0.43804934375000004 0.6427457859375 0.4285180765625 0.78105965 0.3511016609375 0.7819550078125 0.35029547656250004
0 0 0.6725403390625 0.041939614062500005 0.633868125 0.04604505 0.6280049546875001 0 0.59455126875 0 0.6725403390625
1 0 0.6970600609375001 0.0742884171875 0.745669109375 0.07763080781250001 0.7408956828125 0.0841747296875 0.7229164015625 0.10089526093750001 0.6720999359375 0.0159605734375 0.6211513484375 0.01342286875 0.6202276999999999 0 0.6591145234375 0 0.6970600609375001
0 0.090631553125 0.777147946875 0.17585869375000002 0.7259219609375 0.17814130625 0.7226620515625 0.1702765671875 0.7147973125 0.124433575 0.6713597640625 0.036715870312499996 0.727074475 0.090631553125 0.777147946875
0 0.11812491875 0.767387740625 0.1840359109375 0.8368297874999999 0.20967809062499998 0.8002089609375 0.22741671874999997 0.77289386875 0.15969550937500002 0.7004773328125 0.1562603390625 0.6982465078125 0.11812491875 0.767387740625
0 1 0.31802821406250004 0.9361379609375 0.2386715109375 0.9352081046875 0.238044315625 0.9165258921874999 0.264725278125 0.8830156328125 0.315267134375 1 0.45120267031249994 1 0.31802821406250004
0 0.8034380000000001 0.266676815625 0.9377865828124999 0.3950858671875 0.9439817015624999 0.3862383203125 0.98280773125 0.3132171765625 0.8517973796874999 0.1907920703125 0.8498040828125 0.18973221406250002 0.8034380000000001 0.266676815625
0 0.7765491046874999 0.32164905625 0.9281548000000001 0.218151984375 0.9295798546875 0.21611679687500002 0.9098088531249999 0.197680040625 0.8643390328124999 0.1581159859375 0.7033542875000001 0.256448534375 0.7765491046874999 0.32164905625
0 0.42621318124999996 0 0.5391555453125 0.1144596765625 0.5863539171875 0.0470534140625 0.5955669703125 0.0333945046875 0.5592182203125 0 0.42621318124999996 0
0 0.5074004046875 0 0.4938361234375 0.012213334374999999 0.5884681671875 0.1785465578125 0.5901391265625 0.1797165765625 0.6043221390625 0.167139965625 0.662488296875 0.11476692343749999 0.594879015625 0 0.5074004046875 0
0 0.6065418046875 0.01557364375 0.560042009375 0.1030270375 0.706633821875 0.2266894046875 0.7140401765625 0.2161120328125 0.718073234375 0.20852695625 0.752056259375 0.141555359375 0.6104761203125 0.01766555625 0.6065418046875 0.01557364375
0 0.64570775625 0.14415367031249998 0.7822709734375 0.287564765625 0.797230196875 0.2662007796875 0.836272421875 0.20608102499999997 0.6993908328125 0.067789734375 0.6979502 0.066854175 0.64570775625 0.14415367031249998
0 0.43454450468749994 1 0.4432654125 0.9914963609375 0.470785240625 0.9629987453125001 0.41803660625 0.8698797203125 0.4138048578125 0.86691661875 0.3639871484375 0.9167698968750001 0.4138906515625 1 0.43454450468749994 1
0 0.2424314609375 0.8633907484375 0.294258278125 0.789070290625 0.29550339999999997 0.7859885046875 0.289126075 0.7815230546875 0.23498026093750002 0.759646725 0.23406108906249998 0.759294421875 0.17478021875 0.8348572578125 0.2424314609375 0.8633907484375
0 0.5311412296875 1 0.53719664375 0.9906754796874999 0.4653112765625 0.9089453187500001 0.46183902187500003 0.9066904093750001 0.430988765625 0.9586776578125 0.4600960953125 1 0.5311412296875 1
0 0.4109835640625 0.9072325765624999 0.35492048125000003 0.8257038921875001 0.35475110625 0.8255667359375 0.35298793906250003 0.8243321531250001 0.3046950953125 0.8783369015625 0.36423949218749996 0.9656109328125 0.4008608171875 0.9203873640625 0.4109835640625 0.9072325765624999
0 0.2720396078125 0.78580799375 0.24468812031249998 0.8508474328125001 0.317680625 0.91565478125 0.3202475765625 0.91198879375 0.3422447796875 0.86258226875 0.3481700203125 0.8480087828125 0.2756990375 0.787437275 0.2720396078125 0.78580799375