0 0.4418859734375 0.9988734640624999 0.44650995312499997 0.9976344718749999 0.4395927125 0.9676726125 0.429943175 0.9339765625 0.312840884375 0.9262345828124999 0.3329468296875 0.9944838109375 0.4418859734375 0.9988734640624999
0 0.42698285468749997 0.9337933796875 0.429228496875 0.9332749328125001 0.41999918437500006 0.8667006625000001 0.3032836046875 0.845771859375 0.3125716 0.91272120625 0.42698285468749997 0.9337933796875
0 0.2683139484375 0.7084910062499999 0.344287640625 0.6989295140625 0.35950744375 0.586055428125 0.35864575625 0.5823230453125 0.3553774453125 0.5828406953124999 0.2840067125 0.5960984875 0.26812436093750003 0.7072939984375 0.2683139484375 0.7084910062499999
0 0.3969401609375 0.7481943359375001 0.3947888625 0.74069186875 0.3768007265625 0.6907042390625 0.26457131093749997 0.6888425609375 0.2677878484375 0.7027749171875 0.2848645765625 0.7620280734375 0.3993635953125 0.7655590921875 0.40085068437500004 0.7651326765625 0.3969401609375 0.7481943359375001
0 0.41012550625 0.7497386984375 0.3317640125 0.749312575 0.2956943609375 0.86532703125 0.2958795265625 0.8661290749999999 0.3745299953125 0.8661290749999999 0.410840678125 0.7549059359375 0.410840678125 0.75283645 0.41012550625 0.7497386984375
0 0.3555822203125 0.6215394812499999 0.3598125875 0.6205628234375 0.35547898437500003 0.5435558140625 0.2385659 0.5229745375 0.24517835156249998 0.5985551953125 0.3555822203125 0.6215394812499999
0 0.341009484375 0.544723853125 0.3416542109375 0.54457500625 0.341215865625 0.4626076046875 0.22372564375 0.43668928124999995 0.22475150937500002 0.5187803421875 0.341009484375 0.544723853125
1 0.2491532625 0.086790721875 0.170250034375 0.110346778125 0.18860398750000001 0.24956779999999998 0.1945554171875 0.2481938046875 0.199866846875 0.24656993749999997 0.26616980625000003 0.2256076640625 0.250603809375 0.091535240625 0.2491532625 0.086790721875
0 0.26453251718750004 0.17110151093749998 0.1930430765625 0.19027531875 0.2027224015625 0.3296955171875 0.2365516375 0.321885421875 0.285433709375 0.309697753125 0.2777820484375 0.173881846875 0.27640540625 0.1683604390625 0.26453251718750004 0.17110151093749998
1 0.343780871875 0.4606968203125 0.35170758593749996 0.45886679375000006 0.34768834531250004 0.3821751046875 0.2049868046875 0.3572932453125 0.206742984375 0.4351028125 0.343780871875 0.4606968203125
1 0.2241025828125 0.2714018375 0.2250375984375 0.41274165625 0.2913474265625 0.3974328265625 0.3054054421875 0.39392776875 0.2958895453125 0.25267217343750004 0.295711390625 0.2519576328125 0.2241025828125 0.2714018375
0 0.52640809375 0.9780422328125 0.5795843374999999 0.8308257265625001 0.5789020171875 0.8278702750000001 0.4958059828125 0.8270356124999999 0.4477165203125 0.9761235421875 0.474571390625 0.9771374203125 0.52640809375 0.9780422328125
1 0.5431522015625 1 0.55930959375 0.8819252687500001 0.55725195625 0.8730126671875 0.476406765625 0.89061935625 0.4941988125 1 0.5431522015625 1
0 0.37082679218750003 0.577434546875 0.37116677187499997 0.5969119640625 0.51161544375 0.636831578125 0.5162615265625 0.6357589453125 0.5175729812500001 0.5687731515625 0.51729985 0.55312549375 0.3706323046875 0.5200925 0.37082679218750003 0.577434546875
0 0.5860302734375 0.8515328734375001 0.5672014484375001 0.7877261296875 0.56281441875 0.776297528125 0.4102588734375 0.781764740625 0.40997815624999995 0.7818724968749999 0.43944993906249996 0.8592171656250001 0.584284540625 0.8522029984374999 0.5860302734375 0.8515328734375001
0 0.44169285937499997 0.590687259375 0.40244959218750004 0.730382571875 0.40248737187500006 0.73054621875 0.4791188375 0.7305462171875 0.5242898968749999 0.5913191890625 0.5227573609375 0.5846810484375 0.44169285937499997 0.590687259375
1 0.56626044375 0.781839459375 0.56816531875 0.7813645203124999 0.5576223640625 0.735697971875 0.549481178125 0.7030454578125 0.3982824859375 0.693542540625 0.415314090625 0.7678670984375 0.56626044375 0.781839459375
0 0.3601424828125 0.5338585 0.505493378125 0.534806640625 0.5135356703125 0.5328014703124999 0.5031101078125 0.4787415828125 0.49818665937500006 0.4574157796875 0.4974768703125 0.4545689734375 0.36436130625 0.455407284375 0.3429011171875 0.456912009375 0.3601424828125 0.5338585
0 0.373365175 0.0209438671875 0.372299940625 0.016329828125 0.288044684375 0.0357816859375 0.3037680765625 0.15723246875000002 0.3553742890625 0.14531823593749998 0.38432957968750003 0.1377513953125 0.373365175 0.0209438671875
1 0.3102833765625 0.2125557125 0.4360898625 0.1915607984375 0.4397272484375 0.19030834531250002 0.439122909375 0.1876906625 0.4198402625 0.1269559171875 0.413468509375 0.10845100156250001 0.2797504984375 0.13386740156250002 0.3102833765625 0.2125557125
1 0.35706649218750003 0.2762573328125 0.36595306562499996 0.4074699609375 0.379868371875 0.404257359375 0.44919987656249993 0.384156209375 0.43693887499999995 0.259741209375 0.43442416250000004 0.251515959375 0.35706649218750003 0.2762573328125
1 0.41046921249999996 0.1662741734375 0.33279285000000003 0.193621315625 0.3515581 0.325802490625 0.3645256421875 0.3228086984375 0.43040786249999996 0.30140226718749996 0.41447258906249995 0.1697395296875 0.4131458421875 0.165656225 0.41046921249999996 0.1662741734375
1 0.4805192359375 0.461200284375 0.4895215265625 0.4591219421875 0.4813419203125 0.37942148124999997 0.3525271703125 0.3617843421875 0.35925258125 0.4408474203125 0.4805192359375 0.461200284375
0 0.77097545 0.781608825 0.7402004515625 0.9466576312500001 0.8087954843749999 0.9418609984374999 0.81289375 0.9409148390625001 0.85349640625 0.780889178125 0.852660571875 0.77726878125 0.776811353125 0.7812007390625 0.77097545 0.781608825
0 0.6878288609375 0.0494122921875 0.59289011875 0.0537281484375 0.5726291640625 0.2380771734375 0.5730491703125 0.23989641874999998 0.6013457328125 0.23890828125 0.6621831499999999 0.2346028734375 0.68805344375 0.0503850625 0.6878288609375 0.0494122921875
0 0.68827846875 0.8142229546875001 0.869638071875 0.8475806921875 0.8699388703125001 0.847564928125 0.8758488375000001 0.8462005046875 0.8731314828125001 0.794350265625 0.8716640281249999 0.774936790625 0.6871349062500001 0.7348660406249999 0.68827846875 0.8142229546875001
0 0.7794225453125 0.369742615625 0.7588885171875 0.280799965625 0.5716709640625 0.28867787968749997 0.5871484687499999 0.3753111859375 0.77012069375 0.3718901171875 0.7794225453125 0.369742615625
1 0.5608110328125 0 0.5680690890625 0.15287738906249998 0.6045483578125 0.14737201718749998 0.6585666578125 0.137847134375 0.65588714375 0 0.5608110328125 0
1 0.7926070828125 0.5819178546875 0.71118216875 0.60941778125 0.7236929671875 0.797941246875 0.7435975171875 0.7933459187499999 0.77007226875 0.7850890703125 0.803972271875 0.7740742921875 0.7937541890625 0.585448278125 0.7926070828125 0.5819178546875
0 0.5985323859375 0.37492420625 0.61321658125 0.4557905015625 0.7862557765625 0.47079544999999995 0.7935360984375001 0.46911465625000004 0.786858884375 0.412601878125 0.78239674375 0.3808520984375 0.5977522046875 0.3693729234375 0.5985323859375 0.37492420625
1 0.7598558375 0.2780439359375 0.73863461875 0.1861247390625 0.5498755281250001 0.19751545625 0.5767704140625 0.28586080156250004 0.7474482609375 0.28090845 0.7598558375 0.2780439359375
0 0.652941003125 0.64047689375 0.8374773609374999 0.6514020359375 0.8423637546875 0.6502739234375 0.8317672140625 0.5895263296875 0.8244157484375 0.557683634375 0.636089825 0.5491289984375001 0.652941003125 0.64047689375
1 0.611620415625 0.47973550937500004 0.641388221875 0.5594932265625 0.8269713734374999 0.5410051296875 0.8284519984375001 0.5404367734375 0.828245915625 0.5395441296875 0.7896848703125 0.4542667546875 0.769692490625 0.45680176718750004 0.6118405765625 0.4796509984375 0.611620415625 0.47973550937500004
0 0 0.2162328703125 0.0494120796875 0.22076597812499998 0.0550884953125 0.2194554734375 0.0483927421875 0.14292264999999998 0 0.13999430625 0 0.2162328703125
0 0 0.3041095828125 0.052621215624999995 0.30135182031249996 0.065920834375 0.21042036249999999 0.064499009375 0.2042617625 0 0.20699624062500002 0 0.3041095828125
0 1 0.7601120171875 0.9203332874999999 0.7703322296875 0.9173193015625 0.7709180890625 0.944151815625 0.9089594109375 0.9894303156250001 0.9001581625 0.994481121875 0.8989920921874999 1 0.8377626546875 1 0.7601120171875
1 0 0.3828496671875 0.0160781109375 0.3825690234375 0.0695114703125 0.37996798906249996 0.086254359375 0.284602621875 0.0851376859375 0.279765778125 0.0127494546875 0.282238559375 0 0.3412176953125 0 0.3828496671875
0 0.0812736375 0.45482345625000004 0.1074704765625 0.357000359375 0.10749219843749999 0.355755946875 0.107209790625 0.35453270312499996 0.03210213125 0.3552449484375 0.007830609375 0.45574059218749996 0.021735265625 0.4559832984375 0.0812736375 0.45482345625000004
0 0.0379265421875 0.44251565 0.0387791625 0.5391300140624999 0.0783011953125 0.5300056328125 0.11410233593750001 0.5210794062499999 0.1139621359375 0.42193155156250006 0.1129712296875 0.4179572484375 0.0379265421875 0.44251565
0 0.9821685375 0.59073624375 0.8973779453124999 0.6257793609375 0.9187645046874999 0.8074278390625 0.9295204531250001 0.8049446328125001 0.9998294078125 0.7765379703125 0.9842500812500001 0.591984340625 0.9836112453125001 0.5904031671875 0.9821685375 0.59073624375
0 1 0.5777494265625001 0.842326271875 0.5411741390625 0.8406729343749999 0.6294675125 0.840748128125 0.6316207453125 1 0.6704571031250001 1 0.5777494265625001
0 1 0.694829484375 0.9521764234375001 0.6972704859375 0.9038170875 0.8897840359375 0.9722742406249999 0.890248134375 0.9918238968749999 0.8895654453124999 1 0.8590565343750001 1 0.694829484375
0 0.8593593015625001 0.44145769843749993 0.8836336796875001 0.627917209375 0.8865247374999999 0.62724975625 0.9730468140624999 0.58817268125 0.9406731875000001 0.41038996250000004 0.9382622125 0.40471005781249997 0.8593593015625001 0.44145769843749993
0 0.7600390875 0.05505439375 0.8014040781249999 0.24279416562499997 0.810120234375 0.2407818828125 0.88519895625 0.21196186250000001 0.8538766156250001 0.027120478125000003 0.8516981734375 0.0214454421875 0.7600390875 0.05505439375
0 0.8935024078125 0.12065954999999999 0.874132390625 0.1249767015625 0.7983336890625 0.14247621093750001 0.803371471875 0.334557703125 0.8035147703125001 0.335178396875 0.8361197859375 0.32778822343749997 0.8961212921874999 0.313935784375 0.8939966484375 0.12280034687500001 0.8935024078125 0.12065954999999999
0 0.9654791406250001 0.38291407187500004 0.9719686812500001 0.38141584375000004 0.9617548843750001 0.28423805 0.7699818953124999 0.26357275625 0.781956503125 0.3597702140625 0.9654791406250001 0.38291407187500004
0 0.9498660093750001 0.3231213984375 0.9483987624999999 0.316766059375 0.8573781421875 0.32785720625 0.838649875 0.5259404421875 0.9356626453124999 0.5123061859375 0.9498660093750001 0.3231213984375
0 0.707692921875 0 0.7109692734374999 0.075849853125 0.8864420171875 0.0960758578125 0.8951263656249999 0.0960758578125 0.9007107218750001 0.0947866078125 0.9014541656249999 0.065336265625 0.9014541656249999 0.016183295312500002 0.8977179578125 0 0.707692921875 0
0 0.1673748796875 0.826080178125 0.196351878125 0.7253819328125 0.1964422734375 0.7202031843750001 0.1961932328125 0.71912446875 0.1285349015625 0.715906934375 0.09445175624999999 0.8242026765625001 0.12979246093750002 0.825424175 0.1673748796875 0.826080178125
0 0.1246359578125 0.4936508078125 0.12118654531249999 0.49444716718750004 0.06183436875 0.5160836375 0.06663155781249999 0.6112761890625 0.0742847265625 0.609509315625 0.1044479421875 0.5996322296875001 0.136389159375 0.5886339859375 0.1269362953125 0.500331465625 0.1246359578125 0.4936508078125
0 0.17045966875000002 0.895632215625 0.217134428125 0.7900024203125 0.21716505000000003 0.789125521875 0.21712501562500003 0.7889521187499999 0.1433276828125 0.7876695234375 0.10896771406250001 0.8955485890625001 0.1193850125 0.89591236875 0.17045966875000002 0.895632215625
0 0.0786791296875 0.7165703046874999 0.1733422890625 0.74860369375 0.1801821640625 0.7470245828125 0.180255328125 0.7449294765625 0.180954725 0.6756814203125 0.0848169 0.6435408375 0.0786791296875 0.7165703046874999
0 0.16946415312500002 0.6519697921875001 0.15456254687499998 0.5930422281250001 0.05521305625 0.5850475546875 0.05462221874999999 0.5851839609375 0.05612361875000001 0.5916872421875 0.0736265703125 0.6575862359375 0.1711771140625 0.6625091546874999 0.171860909375 0.6623512875 0.16946415312500002 0.6519697921875001
0 0.23017704218750001 1 0.22998190312500003 0.9082559390625 0.2292903203125 0.9066266687500001 0.16563650624999998 0.9374138421874999 0.1653831046875 1 0.23017704218750001 1
1 0.1345691078125 0.9374996843750001 0.160335215625 0.9391407671875 0.2495916640625 0.9433008671875 0.2522287609375 0.94228858125 0.2309618875 0.8790483421875 0.22880042031249997 0.873417528125 0.11271953750000001 0.8775947765625001 0.13133819375 0.9290828687499999 0.1345691078125 0.9374996843750001