0 0.849898746875 0.1206382140625 0.8429312328125 0.11782315624999999 0.8089795015625001 0.17211536249999998 0.8815828140624999 0.26431971875000004 0.918848371875 0.20371044375 0.849898746875 0.1206382140625
1 0.8163676593750001 0.1846104609375 0.813928396875 0.183624934375 0.77743370625 0.23959210937500003 0.85178954375 0.3319595890625 0.8887025265625 0.2753388015625 0.8163676593750001 0.1846104609375
1 0.698769196875 0.418470046875 0.675481409375 0.49088624375 0.7745922171874999 0.5544638828124999 0.7750543515625 0.5533200578125 0.7760068578125 0.5499982765625 0.794153790625 0.47971143906249997 0.70152219375 0.41925945625 0.698769196875 0.418470046875
0 0.765326965625 0.35261826093750004 0.6956051078125001 0.4329646140625 0.693215484375 0.4388791375 0.7608687749999999 0.4688915140625 0.8388714374999999 0.38154718125 0.8147919609375001 0.3708263078125 0.765326965625 0.35261826093750004
0 0.7582043890625 0.26134178750000003 0.7531681906250001 0.2738068125 0.7358263 0.3385276296875 0.8385194109375 0.4033743140625 0.8593591265624999 0.32723380625 0.7582043890625 0.26134178750000003
0 0.7661777625 0.5668213453125001 0.6877946828125 0.47981697656250005 0.6863298390625 0.479225140625 0.6453986781250001 0.5422536 0.7207823296875 0.6313321140625 0.7212463765625 0.6315196015625 0.7661777625 0.5668213453125001
0 0.6400112453125 0.55895863125 0.638554459375 0.5583994234375 0.612373175 0.6222867062499999 0.610829678125 0.6261069953125 0.6077526390625 0.634122959375 0.704992428125 0.7036877375 0.7367292156249999 0.6277946875 0.6400112453125 0.55895863125
1 0.5887563765625 1 0.6140066578125001 0.932303678125 0.495978053125 0.860322234375 0.4777613203125 0.90541023125 0.4653794828125 0.9376660203125 0.5712445765624999 1 0.5887563765625 1
1 0.5813939296874999 0.77935454375 0.4888872796875 0.8750524046875 0.487526171875 0.8770703296875 0.48534460468749996 0.8824699 0.5542594890625 0.9281326828124999 0.6539752078125 0.82763229375 0.608081940625 0.7966768953125001 0.5813939296874999 0.77935454375
1 0.588024446875 0.626317596875 0.584350946875 0.6249074734375 0.5613589015625 0.681814784375 0.5550629484375 0.6982163031249999 0.6753069296875001 0.7789889578125 0.7053505796875 0.7071920781250001 0.588024446875 0.626317596875
1 0.547726159375 0.7058343890625001 0.5249259687500001 0.7839129046875 0.6544554390624999 0.8447158218749999 0.6721973734375 0.772530128125 0.5521449421875 0.707018396875 0.547726159375 0.7058343890625001
0 0.6393487203125 0.221663715625 0.721262853125 0.2399369078125 0.7987647890625 0.1050343859375 0.791751778125 0.10220094531249999 0.773241340625 0.09753010625 0.7227255140625 0.0858676078125 0.6399505703124999 0.2190568109375 0.6393487203125 0.221663715625
0 0.78790093125 0.081672003125 0.751718815625 0.062433631249999996 0.7204917187500001 0.049817065625000004 0.6649907500000001 0.1541992015625 0.663719146875 0.157346528125 0.6963968781250001 0.170680728125 0.78790093125 0.081672003125
0 0.6479071000000001 0.5137277765625 0.6596306875 0.49817005 0.572995365625 0.37950830468749996 0.5693638578125 0.3780410796875 0.5269370375 0.43020707500000005 0.5175186093749999 0.442705753125 0.6127570703125 0.5590336671875 0.6479071000000001 0.5137277765625
0 0.6034967875 0.29780335468749997 0.682501621875 0.3162478453125 0.7586716328125 0.1906118359375 0.68327423125 0.1667535671875 0.6046400546874999 0.2928513203125 0.6034967875 0.29780335468749997
0 0.6396634765625 0.32273889218749996 0.5304653171875 0.4121447546875 0.5304059156250001 0.41222958906249996 0.5282028609375 0.41768234375 0.58930491875 0.4593719125 0.7120852453125 0.3667670390625 0.7033195015625 0.36062919843749996 0.6396634765625 0.32273889218749996
0 0.6059174953124999 0.23188071875 0.6050799625 0.23157588125 0.58479443125 0.281784334375 0.5757670890625 0.306586753125 0.6958025234375 0.39901426406249996 0.7232444484375 0.3278724609375 0.6059174953124999 0.23188071875
0 0.5953633046875 0.6300477078125 0.63283251875 0.5606641015625 0.52375684375 0.46458976406249997 0.5190927249999999 0.46221327656250005 0.5162369796874999 0.46105948124999996 0.4852149625 0.514608878125 0.47716633281250004 0.5304052 0.5781799046875 0.6171041875000001 0.5953633046875 0.6300477078125
0 0.4476558046875 0.87906510625 0.3714593 0.86147375625 0.33412842343750004 0.9722509046875001 0.376221496875 0.989257609375 0.413154634375 0.997784296875 0.45678599531249997 0.8819353062499999 0.452754665625 0.8803065421875 0.4476558046875 0.87906510625
1 0.355685828125 0.9101663984374999 0.4395356875 0.9285803546875 0.48376712812499995 0.8018350218749999 0.47796010468750005 0.7994888328124999 0.4555989421875 0.7951422625 0.40112801718749996 0.7867169203125 0.356524465625 0.90585198125 0.355685828125 0.9101663984374999
0 0.49954701874999996 0.763700271875 0.5493265078125 0.6412643609375 0.5486714 0.6409996812500001 0.4640378375 0.6263327859375 0.42051800625 0.7435311171875 0.41917250156249997 0.7520262984375 0.49954701874999996 0.763700271875
1 0.5214020171875 0.7572015953125 0.3946072109375 0.7108037953124999 0.3925217578125 0.715965475 0.384937965625 0.7638476546875 0.380760265625 0.795138853125 0.508968896875 0.8390843218749999 0.5214020171875 0.7572015953125
0 0.444528753125 0.6657838015624999 0.5253416093750001 0.684649453125 0.5836559296875 0.5691886109375 0.57925638125 0.5674110781249999 0.51982256875 0.5524405296875 0.5069949578124999 0.549242246875 0.44527702031249994 0.662782671875 0.444528753125 0.6657838015624999
0 0.383508321875 0 0.379873246875 0.008997125 0.5297809 0.1201745125 0.5538136812500001 0.0518279203125 0.49256386875 0 0.383508321875 0
0 0.20085544375 0.618063865625 0.0955488703125 0.7669482046875 0.0933346828125 0.772428509375 0.1737706875 0.8098543921875001 0.2861990765625 0.6606241046875 0.2709851484375 0.6528722218749999 0.20085544375 0.618063865625
0 0.3961824609375 0 0.3672704109375 0.039794021875 0.35619354062499997 0.055804625 0.4743822640625 0.20307338437500003 0.5234344734375 0.1406818125 0.4039006890625 0.00111088125 0.4011511609375 0 0.3961824609375 0
0 0.280498325 0.44328198125 0.16798570625 0.5876607453125 0.16434181406249998 0.5966796921874999 0.24606535625 0.6359968734375 0.35813069531249997 0.48504835156250004 0.29679837343750004 0.45123204531249994 0.280498325 0.44328198125
1 0.2508270546875 0.8221783640625 0.11497451562500001 0.7110562078125 0.11078188124999999 0.7084363578125 0.10456908125 0.705926225 0.09414039375 0.7217314671875 0.056923206250000004 0.7812914171875 0.195564871875 0.9013290390625001 0.2508270546875 0.8221783640625
0 0.31937650624999997 0.11702139062500001 0.303230834375 0.192980796875 0.47437125468749997 0.279802484375 0.47454005625000006 0.2793846859375 0.49154004218749997 0.194604190625 0.3278892078125 0.11406627656249999 0.321149265625 0.11263365624999999 0.31937650624999997 0.11702139062500001
0 0.3426176703125 0.5486629359374999 0.3808326296875 0.47589893125 0.2520767484375 0.3560170296875 0.24715711406250002 0.35402936875 0.21741105468750002 0.40302715468750006 0.201380153125 0.4307934890625 0.33981475156249996 0.5535177328125 0.3426176703125 0.5486629359374999
1 0.3212419625 0.6408817546875001 0.1712266171875 0.525576721875 0.1708446046875 0.525422378125 0.1332289796875 0.6096383999999999 0.275090934375 0.725908203125 0.275382228125 0.7260630859375 0.3212419625 0.6408817546875001
0 0.368839453125 0.18535895468750002 0.266557378125 0.339300884375 0.2652259890625 0.34316752031250003 0.3512145203125 0.37539945937499997 0.45852844062500003 0.21860180625 0.4018456421875 0.1967238953125 0.368839453125 0.18535895468750002
1 0.350917934375 0.279312046875 0.3359951578125 0.29285576562500004 0.22284518593749997 0.399246078125 0.2212423421875 0.40162239375000003 0.22068219218750001 0.4030088125 0.28979585625 0.4505679859375 0.43234277499999996 0.32800535000000003 0.4273402984375 0.3246311375 0.350917934375 0.279312046875
0 0.7963528625 1 0.8093113671875001 0.9662110296875 0.7288416625 0.9152987640625 0.7253967390625 0.9139763828125 0.7150936328124999 0.9394774671875 0.6970468609375 0.9864909125000001 0.7192877328125 1 0.7963528625 1
1 0.71852714375 0.9348039890625 0.7887782890625 0.9576890015625 0.8432204999999999 0.8712291375 0.8272899562499999 0.8647927796875001 0.819965415625 0.8622707390625 0.768864875 0.846439625 0.7194063640625 0.93225055 0.71852714375 0.9348039890625
0 0.7757650265625 0.768455284375 0.7747282140625 0.7710214843750001 0.7746466140625 0.77124568125 0.7534845078125 0.83682748125 0.8393439546874999 0.8947228015625001 0.8403929109374999 0.8921265437500001 0.8416017 0.8888054249999999 0.8636465140625 0.8227545015625 0.78251266875 0.7709112234375 0.7757650265625 0.768455284375
0 0.7655565609375 0.7728669125 0.8327246328125 0.8130332171875001 0.90489046875 0.74917365625 0.9052577640624999 0.7482645671875 0.842041634375 0.7040001546875 0.767305778125 0.7691528125 0.766718003125 0.76999224375 0.7655565609375 0.7728669125
0 0.1679224125 0 0.154412646875 0.08529730625000001 0.3235287875 0.1616033703125 0.3366792390625 0.0752994171875 0.1834801875 0 0.1679224125 0
0 0.29781665468749996 0.1909121359375 0.29882815156250003 0.1890097875 0.168444171875 0.0643900640625 0.1623691859375 0.061935610937499996 0.128829428125 0.1226585125 0.11868105625 0.1417448265625 0.252238134375 0.2665497734375 0.29781665468749996 0.1909121359375
0 0.1999378515625 0 0.169166675 0.0258180546875 0.1668741171875 0.031492334375 0.2427484609375 0.0790477375 0.3340066140625 0 0.1999378515625 0
0 0.093797359375 0.3308278484375 0.184286878125 0.3446650375 0.2562966375 0.1723488171875 0.25509662187500004 0.1718639796875 0.1688472125 0.1597008421875 0.089889471875 0.324626725 0.0891286484375 0.3289415671875 0.093797359375 0.3308278484375
0 0 0.656843765625 0.10675828437499998 0.6927189375 0.12178927343749998 0.6045233703124999 0 0.5568380875 0 0.656843765625
0 0 0.5996520578125 0.043682103124999996 0.6209572421875 0.1603634203125 0.46888216250000003 0.1607748078125 0.46786394218750005 0.13093741875 0.4531631984375 0.07558986875 0.42616839375 0 0.5216652421875 0 0.5996520578125
0 0 0.4280942625 0.1576451203125 0.531059584375 0.190648396875 0.4399106625 0.0357127796875 0.334665646875 0.033007275 0.3336271015625 0.0018967140625 0.41062844218750005 0 0.41556955 0 0.4280942625
0 0.1291633203125 0.4386347046875 0.22301380312500002 0.26506994375000004 0.21077971406249998 0.26012705 0.1291720140625 0.2382603328125 0.03994791875 0.41117681875 0.0395033296875 0.41283604843750005 0.1291633203125 0.4386347046875
0 0 0.7658386187499999 0.0827875609375 0.647618209375 0.0506881 0.6312627171875 0 0.60813435625 0 0.7658386187499999
0 1 0.447652459375 0.9890093609375 0.4416296015625 0.9537109359375 0.42364415624999996 0.8805082109375 0.5008647203125001 0.8783674906250001 0.5061631875 0.940726809375 0.5392916859375 1 0.473586175 1 0.447652459375
0 0.9126519203125 0.6709827749999999 0.8298079171875001 0.6342891734375 0.8252722312499999 0.633407525 0.8243798531250001 0.6356162390625 0.8122357250000001 0.6980923671875 0.8120652796875 0.6990618734375 0.8975511375 0.74283551875 0.9126519203125 0.6709827749999999
0 1 0.36545526562499997 0.980737303125 0.3596814109375 0.905218846875 0.44704930625 0.904876953125 0.4480422359375 0.9751185140624999 0.4708592734375 1 0.43488146875 1 0.36545526562499997
0 0.944717125 0.509100409375 0.9263424921875 0.4967065625 0.845786759375 0.56265128125 0.8449059734375 0.5639570984375 0.844800446875 0.564218284375 0.9076847203125 0.6044014640625 0.985063078125 0.5405832203125 0.98564388125 0.5397221484375 0.944717125 0.509100409375
0 0.9390450937500001 0.6231010718750001 0.8713608328125 0.553982515625 0.8691564703125 0.5530918953125 0.851697090625 0.585928209375 0.8356172562499999 0.6187142734375 0.9067058781249999 0.6870980953125 0.9390450937500001 0.6231010718750001
0 1 0.2573940515625 0.9553766515625 0.31829277500000003 0.954668659375 0.32135943125 1 0.3318249953125 1 0.2573940515625
0 1 0.30224492187499996 0.9751028859374999 0.2790774453125 0.9662089109374999 0.2754840453125 0.9453201296874999 0.32003742812499997 0.9408559078125001 0.3300642359375 0.95788728125 0.349412696875 1 0.395642940625 1 0.30224492187499996