0 0.3187384609375 0 0.3274509484375 0.093785021875 0.3950375609375 0.10990482343750001 0.396047703125 0.1051524703125 0.3835416234375 0 0.3187384609375 0
0 0.4024231484375 0.06869090312500001 0.2905556265625 0.099579440625 0.2871379921875 0.167083528125 0.401585371875 0.13606193125 0.40496698125 0.06913945 0.4024231484375 0.06869090312500001
1 0.28780177500000004 0.42043693906249996 0.3639648609375 0.41667611562499995 0.364208990625 0.41529158906249997 0.32931048125 0.308700471875 0.2567218375 0.3080374921875 0.2520013765625 0.3081198890625 0.28780177500000004 0.42043693906249996
0 0.3612570125 0.35019414531250004 0.3621880046875 0.3467196359375 0.3567532578125 0.2342454203125 0.2975174265625 0.21837322656249997 0.28321676562500003 0.21585163437500002 0.2869464265625 0.32537658281250004 0.358406359375 0.3496914984375 0.3612570125 0.35019414531250004
0 0.3435313390625 0.259407503125 0.3915930578125 0.2599888265625 0.39265127031249997 0.253987409375 0.36010924218749996 0.1424915203125 0.2941796375 0.141340715625 0.27927076562500003 0.141161571875 0.27926304218750003 0.14120537500000002 0.3154312375 0.2589170140625 0.3435313390625 0.259407503125
0 0.328762621875 0.386104990625 0.3072276953125 0.381919025 0.2543545859375 0.37259606875 0.26253497812500004 0.4900523859375 0.3400138828125 0.502630303125 0.340344978125 0.5009269703125 0.328762621875 0.386104990625
0 0.33163913749999996 0.476557196875 0.3203907828125 0.4715491078125 0.25595633125 0.4445744875 0.23597476875 0.5632187 0.31208055625000003 0.5944418921875 0.33163913749999996 0.476557196875
1 0.205809275 0.9149863375 0.287049871875 0.9158692500000001 0.28808406875000003 0.91000403125 0.2662430734375 0.7777513890625001 0.196730590625 0.7758767328125 0.1850139375 0.7756722171875 0.205809275 0.9149863375
1 0.169728515625 0.79206008125 0.3091620578125 0.8147046984375 0.3356547453125 0.7437398484375 0.33717824375 0.739554071875 0.3379411765625 0.7352272625 0.3345215875 0.7339826328125 0.1997602375 0.71028988125 0.170032065625 0.7876792640625 0.16928788749999998 0.7918997046875 0.169728515625 0.79206008125
1 0.3417028421875 0.648802271875 0.36704297812500003 0.579180821875 0.3678974546875 0.5743348515625 0.36399628125 0.572914940625 0.22239068906249998 0.55697881875 0.19796192968749998 0.6308750187500001 0.3417028421875 0.648802271875
1 0.2289977015625 0.7382408109374999 0.299075715625 0.762632828125 0.29930327968750003 0.7619324546875 0.3186494890625 0.621684746875 0.28648619062499997 0.61123425625 0.2397976515625 0.5972080671875 0.2289977015625 0.7382408109374999
1 0.5640968156249999 0.1261002625 0.5748438375 0.0755395015625 0.5793493062499999 0.0499877203125 0.57617725 0.0493134796875 0.4238621375 0.0623112578125 0.4056077203125 0.14516809375 0.5640968156249999 0.1261002625
0 0.4377941515625 0 0.416970865625 0.044079498437499996 0.4163448703125 0.0476296890625 0.5819823734375 0.062727259375 0.5930828421875 0.042537253125 0.5962638546875 0.03504325625 0.597049171875 0.030589509375 0.5249848015625 0 0.4377941515625 0
0 0.3697957203125 0.4040765234375 0.3528445375 0.45885613281250004 0.5027613234375 0.47014796406250003 0.50759745 0.45526389062500006 0.526298365625 0.389519759375 0.523043225 0.38846210000000003 0.375815490625 0.3855495765625 0.3697957203125 0.4040765234375
0 0.46724266875 0.2565565546875 0.5435268359375 0.2531470484375 0.5444270109375 0.2480418984375 0.5444664859375 0.246911509375 0.505188353125 0.11195620625 0.422359371875 0.1092677046875 0.46724266875 0.2565565546875
0 0.47593623437500004 0.272789784375 0.39979435625000004 0.26746542500000003 0.39961912499999996 0.2684592140625 0.4288453546875 0.409697346875 0.5106611062499999 0.42154170156250004 0.5116127671874999 0.41614457031249996 0.47593623437500004 0.272789784375
0 0.4605488515625 0.3374643234375 0.5354888515625 0.3347250390625 0.53567253125 0.3336833390625 0.5356319625 0.331359165625 0.488499940625 0.191279590625 0.4070324765625 0.1927016125 0.4605488515625 0.3374643234375
0 0.43236545781249996 0.4278712484375 0.4063122578125 0.41701053593750004 0.4054656078125 0.4189121453125 0.4007667890625 0.437742884375 0.376651428125 0.569645071875 0.4520866109375 0.5984745078125 0.4537286765625 0.5947863718749999 0.47855124218749995 0.4484344828125 0.43236545781249996 0.4278712484375
0 0.324530728125 0.8568435531249999 0.31491186875 0.8564544875 0.32467383125 0.976798571875 0.35420420468749997 0.9820055734375 0.4065922796875 0.9847511156250001 0.407945625 0.9770759140624999 0.4026243421875 0.8609362656249999 0.324530728125 0.8568435531249999
1 0.45113303125000004 0.8131306703125001 0.452254328125 0.8057287578125001 0.4412901140625 0.8037954718749999 0.3208880046875 0.8027986234375 0.3030406015625 0.8852945453125001 0.437678246875 0.889436540625 0.45113303125000004 0.8131306703125001
0 0.4683326640625 0.7129517234375 0.4733352078125 0.6872158671874999 0.483118453125 0.6317323265625 0.35187198125 0.6325838312500001 0.336623878125 0.717598584375 0.3376663125 0.7178012140625001 0.4683326640625 0.7129517234375
1 0.4222958421875 0.841697975 0.42386353125 0.8376140062499999 0.44666765937499997 0.706965696875 0.37501343125000003 0.6794602140625 0.369209890625 0.67843689375 0.3435456078125 0.8094901640625001 0.42126389687500004 0.841516015625 0.4222958421875 0.841697975
0 0.47233451875 0.6424702328125 0.5046167796875001 0.57279580625 0.505589896875 0.5672769859375 0.501416315625 0.5654187875 0.37689510937500004 0.544642465625 0.3447956875 0.6172084953125 0.47233451875 0.6424702328125
0 0.8162695390625 0.21502637343750003 0.8097628109375 0.048454846875 0.795737875 0.0444332609375 0.7397249312499999 0.0345566671875 0.735665984375 0.19625658125 0.7412895140625 0.197869103125 0.81550038125 0.2177087453125 0.8162695390625 0.21502637343750003
0 0.5402677546875 0.8733845625000001 0.7246976421875 0.9116723515625 0.7363449859375 0.8806897609375 0.7539770671875 0.8322460171875001 0.7557230796875001 0.8223438828124999 0.7534856375000001 0.8215295203125 0.5740882828125 0.7898773968749999 0.5402677546875 0.8733845625000001
0 0.852871296875 0.22343082500000003 0.855585053125 0.21100809531250003 0.8659579468749999 0.15218049218750002 0.8609751343750001 0.1512119328125 0.676738009375 0.1590046546875 0.664561228125 0.2374301203125 0.852871296875 0.22343082500000003
0 0.619908284375 0.7357482906249999 0.7052898203125 0.7707793921875 0.707295684375 0.7658147046875 0.74008320625 0.581208175 0.72326829375 0.5744145109375001 0.6570985484375 0.5514632374999999 0.619908284375 0.7357482906249999
1 0.695151696875 1 0.66009728125 0.8467773609375 0.605379278125 0.8506036171875 0.5686517296875 0.8540869109375 0.5977599687499999 1 0.695151696875 1
0 0.839489915625 0.3195586875 0.8451387453124999 0.23877664375 0.836045175 0.237173203125 0.6580280203125 0.26921414062500004 0.6510107453125 0.35527402812500003 0.6525762281249999 0.355550065625 0.839489915625 0.3195586875
0 0.6780859953125 0.46236185 0.677473278125 0.4637380359375 0.643042565625 0.6401446359375 0.720777821875 0.6785502453125 0.7218691515625 0.6787426765625 0.7616666203125 0.4983722765625 0.7240890828125 0.4816416796875 0.6780859953125 0.46236185
1 0.7232427546875 0.67136924375 0.6505114796875 0.6518809578125 0.62958336875 0.6481907671875 0.6295175046875 0.6484365750000001 0.6179210671875001 0.8296268828125 0.7052739781249999 0.8595885921875001 0.7232427546875 0.67136924375
1 0.6899405203125 0.473230534375 0.782387396875 0.49102440156249993 0.78338978125 0.4866826015625 0.775701784375 0.302340459375 0.743240759375 0.294846240625 0.6846232734375 0.2829715171875 0.6899405203125 0.473230534375
0 0.621472209375 0.5356188671875 0.6224457937500001 0.5357211953125 0.807309015625 0.505412659375 0.8152621265625 0.42231447656250004 0.8095654 0.4213099890625 0.65679810625 0.43942791562499994 0.6368308390624999 0.442153690625 0.621472209375 0.5356188671875
0 0 0.8896750000000001 0.046481617187500004 0.9069868874999999 0.06486649531250001 0.81022749375 0 0.7853275796875 0 0.8896750000000001
0 0 0.8129579265625001 0.0631132453125 0.82754911875 0.069479646875 0.8286716859375 0.07417741875 0.72999045625 0.0078112515625000005 0.71466861875 0 0.713291284375 0 0.8129579265625001
0 1 0.09636488125 0.8674703390625 0.112990728125 0.86094934375 0.1494817265625 1 0.1715051859375 1 0.09636488125
1 0 0.7230523375 0.087054534375 0.7334362343749999 0.1115387078125 0.669507634375 0.11255021875 0.6637710718750001 0.013129446875 0.6479491046875 0 0.680796928125 0 0.7230523375
0 0.0037466328124999997 0.6476666125 0.00231660625 0.653860740625 0.10595714375000001 0.6520663015625 0.12175000625000001 0.5936003296875 0.12372346406250001 0.5824082890625 0.1175126484375 0.5809744078125 0.0212322078125 0.5802651796875 0.0037466328124999997 0.6476666125
0 0.10911640781250001 0.5854150046875 0.141849425 0.515603171875 0.14213045 0.51400940625 0.137729690625 0.5123201125 0.04005325 0.5001867265625 0.0122368578125 0.572650903125 0.10911640781250001 0.5854150046875
0 1 0.2201760984375 0.852075521875 0.25209025937499996 0.8440013515624999 0.3385321484375 0.8453197625 0.3387646203125 1 0.31069590156250004 1 0.2201760984375
0 0.8570679968749999 0.28089221875 0.857004296875 0.282716340625 0.8979693031249999 0.459313875 0.9907779968750001 0.46107372968749993 0.9910192578125001 0.4597054703125 0.947338778125 0.28058985625 0.9214655296875 0.2796863421875 0.8570679968749999 0.28089221875
0 1 0.163609909375 0.9836731437499999 0.0874578734375 0.8918010421875 0.08103355 0.9375060046874999 0.278968559375 1 0.2807268078125 1 0.163609909375
0 0.944568309375 0.57162934375 0.9465772015624999 0.5657950953124999 0.966470471875 0.3861871765625 0.8745389421875001 0.352169775 0.863294215625 0.5404752078125 0.944568309375 0.57162934375
0 0.8953521062500001 0.7647471046875001 0.8273557609375001 0.7465275390625 0.8087479343749999 0.7432464765625 0.787279175 0.9338777875 0.881949234375 0.9577216421875001 0.8835225390625 0.951849984375 0.8953521062500001 0.7647471046875001
0 0.88609448125 0.8568425312500001 0.9053862031250001 0.8614970796874999 0.90591773125 0.859365234375 0.9113778234375 0.6682959890625 0.8516272140625001 0.6533984875 0.837654603125 0.6499740484375 0.8189748578125 0.6466803062500001 0.8106127328125 0.8380228187500001 0.88609448125 0.8568425312500001
0 0.835082390625 0.74522519375 0.9316316359375 0.760517090625 0.93324470625 0.7513689125 0.9198693640625001 0.5686888734375 0.8459319734375 0.555524409375 0.8244539218750001 0.5521226218749999 0.835082390625 0.74522519375
0 0.8040293703125 0.630278134375 0.992597678125 0.5857249859375 0.9957050687500001 0.5681020953125 0.99432071875 0.48879262656250005 0.9900514046875 0.48803983124999994 0.8006744031249999 0.5366675078124999 0.8040293703125 0.630278134375
0 0.874095184375 1 0.8838285703125001 0.8607068 0.85974055 0.8555867328125 0.7878297546875 0.8421888265625 0.7728433578125 1 0.874095184375 1
0 0.0661988484375 0.27927195625 0.17848904375000002 0.28227125000000003 0.1904403375 0.2454889515625 0.1987432671875 0.217053353125 0.192703246875 0.21509083125 0.08750348125 0.20967648125 0.0661988484375 0.27927195625
0 0.14579114843750002 0.456102959375 0.1463121 0.454301771875 0.1495541 0.435915475 0.055590664062499996 0.43446405312499997 0.03441549375 0.49952240000000003 0.130407521875 0.5064205328125 0.14579114843750002 0.456102959375
0 0.19226275937499998 0.20165709999999998 0.212057175 0.1534275546875 0.2134301984375 0.1456407515625 0.20938792187500002 0.1441694828125 0.1023253140625 0.136057225 0.0757010953125 0.205400134375 0.19226275937499998 0.20165709999999998
0 0.06636494062500001 0.37118050468749997 0.0669976265625 0.37129206406250004 0.170467365625 0.3460775078125 0.1707091640625 0.2753437125 0.1662174078125 0.2745516953125 0.1638855625 0.2744294875 0.07214466093750001 0.29643031249999996 0.06636494062500001 0.37118050468749997
0 0.15562264374999998 0.3839772265625 0.15626168437500002 0.3473666234375 0.1529664609375 0.3467855875 0.061204596874999996 0.374142190625 0.058462739062500005 0.4457936125 0.1537913828125 0.42044822187499997 0.15562264374999998 0.3839772265625
0 0.1736809640625 0 0.1206121875 0.027311101562500002 0.122091015625 0.0985909890625 0.12235221874999999 0.0986370453125 0.225694103125 0.0462582984375 0.2224594078125 0 0.1736809640625 0
0 0.13193499375 0.157265128125 0.20455199999999998 0.1708381421875 0.20455891249999997 0.17080820000000002 0.187462696875 0.0800558703125 0.18252708125 0.056105523437500006 0.1387222546875 0.04599238125 0.12027044375 0.0427388296875 0.1200984375 0.043483871875 0.13193499375 0.157265128125