0 0.47961197968749997 1 0.4963116625 0.9386091171875 0.4422542921875 0.90078568125 0.43902166249999997 0.9055782562499999 0.41070717968750003 1 0.47961197968749997 1
0 0.44643833125 0.8758165437500001 0.4201301984375 0.9381187343749999 0.42104571875 0.9387132812500001 0.5382944171874999 0.9480732796875 0.5645936984375 0.8858090875 0.44643833125 0.8758165437500001
0 0.5459734843749999 0.7136539875000001 0.6578828328124999 0.7507091609375001 0.6999838031250001 0.6863061953125 0.5918843390624999 0.651450865625 0.5486814421874999 0.709786621875 0.5459734843749999 0.7136539875000001
0 0.568090684375 0.6919339453125 0.565659078125 0.6951607937500001 0.5285645046874999 0.8014809640625 0.566793928125 0.8302889015625 0.5900969890625001 0.8454220859375001 0.62742660625 0.7431357203125 0.568090684375 0.6919339453125
0 0.5039389062499999 0.78527445 0.4556793359375 0.8407907343750001 0.45190807812499995 0.8465979609375 0.45225764375 0.8469018343749999 0.56365458125 0.8940032296875 0.6130926265625 0.8365119484375001 0.614737546875 0.8339789937500001 0.5039389062499999 0.78527445
0 0.74075895625 0.637346128125 0.7404205328125 0.6369956796875 0.6385937234375 0.579993440625 0.5872631734375 0.629562775 0.58488815625 0.63321998125 0.6857558265625 0.6938657265625 0.74075895625 0.637346128125
0 0.7665612234375 0.5418171796875 0.7057241359375 0.48644726250000003 0.64702614375 0.5905332125 0.6558832703124999 0.5990864421875 0.7072059859375 0.6464721734375 0.7665612234375 0.5418171796875
1 0.8215004171875 0.2371950328125 0.7969440062500001 0.3127718921875 0.8003138890624999 0.3149603203125 0.9342845390625 0.33500669843750003 0.9594887953125 0.2556617 0.8215004171875 0.2371950328125
0 0.749165765625 0.376760790625 0.8787877375 0.4114235984375 0.9156126921875 0.335966915625 0.91694835 0.3331025921875 0.9158319234375 0.33258199374999997 0.7789025765625001 0.2978711125 0.7463257078125001 0.36625693125000003 0.743226290625 0.37290365 0.749165765625 0.376760790625
1 0.732645534375 0.566653509375 0.7587166843750001 0.5789733671875 0.7942468671875 0.437617596875 0.7236532437500001 0.402327246875 0.721933046875 0.40497612031249997 0.6886969046875 0.5442605656249999 0.732645534375 0.566653509375
1 0.7440303375 0.48386017968750006 0.7836087359375 0.5123225015624999 0.8397360609375 0.3824895421875 0.7814172609375001 0.33661126874999997 0.7809740749999999 0.337199396875 0.7170216875000001 0.4635077015625 0.7440303375 0.48386017968750006
0 0.40461828125 0.9266366343750001 0.4471168078125 0.8607874953125 0.2976752421875 0.8147490390625001 0.2919625296875 0.823218484375 0.2517581 0.885127878125 0.25212999062499997 0.8853787203125 0.40461828125 0.9266366343750001
0 0.23167266406250003 0.894479421875 0.22716835937500002 0.9000417765625001 0.224216415625 0.904587371875 0.3021475734375 0.967694778125 0.3507219515625 0.9992393484375001 0.4015524375 0.9413520828124999 0.4034205 0.93847551875 0.247908240625 0.878131246875 0.23167266406250003 0.894479421875
0 0.5786463093750001 0.6462384578125 0.5889693390625 0.6297181546874999 0.6186693875 0.580666596875 0.4763341921875 0.533573275 0.46644552656249993 0.548800484375 0.43439866406250005 0.6045803390625 0.44138392812499994 0.6091166218749999 0.5786463093750001 0.6462384578125
0 0.4834046265625 0.7900038031250001 0.48256528750000005 0.7892995140625 0.3481874671875 0.7356267484375001 0.3016497453125 0.79108824375 0.29610645 0.799624171875 0.43775236875 0.8541458000000001 0.4834046265625 0.7900038031250001
0 0.52568518125 0.6067268578125 0.45231246562500005 0.570563490625 0.4489053140625 0.5758100453125 0.43859233125 0.7223818078125 0.50972144375 0.7511198343750001 0.52568518125 0.6067268578125
0 0.4825423765625 0.7863055953125 0.5298245609375 0.720157803125 0.38289931718750003 0.676046021875 0.3563925859375 0.7125294078125 0.3397700171875 0.73812591875 0.34148528749999996 0.7393721359375001 0.4825423765625 0.7863055953125
0 0.5644874640624999 0.443746765625 0.49976075 0.5588020640625 0.5275028796875 0.5846720203125 0.56130865 0.6129536796874999 0.561861578125 0.6123607375 0.63514776875 0.4780908046875 0.577090375 0.42649132187500005 0.5724994859375 0.431414446875 0.5644874640624999 0.443746765625
0 0.7122339484375 0.17392249375 0.7154426359375 0.17541872812499998 0.8468492953125001 0.2165046140625 0.8799402109375001 0.1505544109375 0.84717324375 0.12927529375 0.7474203687500001 0.0941924328125 0.7193930265625 0.154297259375 0.7109128546875 0.173064565625 0.7122339484375 0.17392249375
1 0.81681436875 0.205881653125 0.7546602609375 0.146663921875 0.7515524078125 0.1497717734375 0.6777269546875 0.253369275 0.7151716343750001 0.293816328125 0.7346799125000001 0.3133246046875 0.7359374765625 0.3141412765625 0.81681436875 0.205881653125
1 0.6902707984374999 0.43450933125 0.734972690625 0.3606056515625 0.7340721125 0.3600429078125 0.6108046875 0.3179002546875 0.5960933828125 0.340553675 0.5670445359375 0.3870415484375 0.5710033921875 0.389612459375 0.6902707984374999 0.43450933125
1 0.7778337546875 0.2714115171875 0.6436482031249999 0.25236171406249996 0.6331646546874999 0.2821390125 0.6169919171875 0.331913578125 0.620383578125 0.33411614843750004 0.7517377656249999 0.35001407812499996 0.7778337546875 0.2714115171875
0 0.689044584375 0.438158584375 0.566633021875 0.387522815625 0.5199932203125 0.44972686093750003 0.5256274984375 0.4539725953125 0.6376198640624999 0.504312459375 0.689044584375 0.438158584375
0 0.0975242875 0.6387432515625 0.038429081250000004 0.7946155328125 0.049767743749999996 0.8037974 0.0974688390625 0.834774853125 0.164386309375 0.6875152546875001 0.15983988437500002 0.6838336328125 0.0992803875 0.63657465 0.0975242875 0.6387432515625
0 0.6084560796875 0.1039675671875 0.42699181406250003 0.058703093750000004 0.4060525109375 0.1015438546875 0.389886640625 0.1378529953125 0.3966483265625 0.1422440859375 0.5687383109375 0.19070733906249998 0.6084560796875 0.1039675671875
0 0.0738391796875 0.749672125 0.1428611578125 0.7876574421875 0.1941119625 0.6059158203125 0.13240076875 0.566869346875 0.1299634765625 0.5706224468750001 0.073336878125 0.7493703109375 0.0738391796875 0.749672125
0 0.326398840625 0.2100169546875 0.28225227343750003 0.2896594703125 0.2889590921875 0.2940149296875 0.46558435937500003 0.3482546046875 0.5043416671875 0.26924350625 0.326398840625 0.2100169546875
1 0.5153634625 0 0.46769955156250004 0.09895804375 0.47536835625 0.10393822500000001 0.551031734375 0.14775933125000001 0.6171697484374999 0 0.5153634625 0
0 0.1964446546875 0.697785284375 0.20854372968749998 0.703950071875 0.24900851875000002 0.5152106890625 0.1762736296875 0.47922895624999995 0.17188906718750002 0.4859805890625 0.131511575 0.6637502203125 0.1964446546875 0.697785284375
0 0.26164185 0.4050594421875 0.291725159375 0.4331125828125 0.328945034375 0.46631915937499996 0.3299724125 0.46521743125 0.4199596625 0.30963125625 0.359450609375 0.24850234062499998 0.35795731875 0.2475325859375 0.26164185 0.4050594421875
1 0.3370496625 0.186344175 0.486490515625 0.282143653125 0.5550451453125 0.22026880000000001 0.398830375 0.113092559375 0.37424868437500003 0.138547646875 0.336394853125 0.178155315625 0.3333789453125 0.18279940625 0.3370496625 0.186344175
0 0.18835931875 0.5892102 0.23564754687499997 0.6273599875 0.3177813359375 0.45602458125 0.2468733921875 0.397672296875 0.24419048281250003 0.4007586328125 0.1620138984375 0.566308475 0.18835931875 0.5892102
1 0.240147459375 0.5101042812500001 0.253034665625 0.5181571 0.299167846875 0.5463909921875 0.3517963375 0.3955712828125 0.3580994984375 0.376429921875 0.28185643125 0.32238344531249996 0.279034996875 0.3267280734375 0.2266795859375 0.5013581406250001 0.240147459375 0.5101042812500001
1 1 0.44007430156250005 0.9895408265625001 0.430393459375 0.9873964328125 0.42900087343750004 0.984926953125 0.43184168593749994 0.9384891296875001 0.5199109484375 0.9706468578124999 0.5488216828125 0.9863043749999999 0.5624325531250001 0.9948088015625001 0.5679553921875 1 0.5589792859375 1 0.44007430156250005
0 0.9548804578125001 0.623992059375 0.967159409375 0.6305208953125 0.9946523140625001 0.53085835625 0.9302917484375 0.49438063750000005 0.9269768328125 0.4994851578125 0.9033693265625 0.5941128640625 0.9548804578125001 0.623992059375
0 0.931766971875 0.676148440625 0.9762877703124999 0.61256615625 0.8853738734375 0.57674391875 0.8428442031250001 0.6290380453125 0.8367060953125 0.6384899046875 0.8399272718749999 0.6407453984375 0.931766971875 0.676148440625
0 0 0.6373369796875 0.0130388265625 0.6458044921874999 0.0777767390625 0.4746148828125 0.00377273125 0.41994503749999995 0.002763559375 0.4192896734375 0.0016608328125 0.42080744687499994 0 0.425679071875 0 0.6373369796875
0 0.011808299999999999 0.53345915 0.03643021875 0.541459296875 0.09866548750000001 0.5580505015624999 0.099229515625 0.5563146015625 0.1085283015625 0.3752666703125 0.020936390625000002 0.348342765625 0.019114496875 0.3511482328125 0.011808299999999999 0.53345915
0 0 0.3779418328125 0.16205386718749998 0.4511810484375 0.222814740625 0.3742609234375 0.047200446875 0.3053769734375 0.009291642187500001 0.3522357140625 0.00785394375 0.3541436015625 0 0.3662376140625 0 0.3779418328125
0 0.28222352812499996 0 0.25747787187500004 0.12036258124999999 0.3398320203125 0.15531984375000002 0.379785171875 0 0.28222352812499996 0
0 0.381598021875 0.11942882968749999 0.3804285921875 0.11866939375 0.200943746875 0.051073634374999996 0.1492718703125 0.1306413484375 0.1504982734375 0.131437784375 0.328616234375 0.201608828125 0.3586363390625 0.1553819203125 0.381598021875 0.11942882968749999
0 0.2776607515625 0.1335145109375 0.1881819890625 0.09367600000000001 0.185170725 0.098312940625 0.1500718625 0.2820910203125 0.21808268437499997 0.31394331875 0.23711964062500002 0.32241911875 0.23845839687499998 0.3203576140625 0.2776607515625 0.1335145109375
0 0.12665109375 0.17694977812499998 0.125007740625 0.17948032187500002 0.09574236875 0.3705858625 0.18685338906249999 0.40556010468750003 0.1873141609375 0.404850578125 0.2135124375 0.2084744796875 0.12665109375 0.17694977812499998
0 0.29238873593750003 0 0.2846202078125 0.013457026562499998 0.3040258890625 0.02861840625 0.3627856265625 0.0721839796875 0.4068897671875 0 0.29238873593750003 0
0 0.7888354203125 0.844619059375 0.7347247296875 0.8034316078125 0.730794190625 0.8082854171875 0.688264275 0.9040508046875001 0.7174757484375001 0.9277057890625 0.73484115625 0.9412831140625 0.7457876171875 0.9483918296875 0.7888354203125 0.844619059375
0 0.842756821875 0.73156626875 0.8767853609375 0.75211894375 0.90307255625 0.6597449921874999 0.8480122812499999 0.6239487765625 0.8419689828125 0.6332546406249999 0.8142115671875001 0.713366715625 0.8289843937500001 0.7229603015625 0.842756821875 0.73156626875
0 0.7738314828124999 0.9254168765624999 0.666579509375 0.8877882218750001 0.664055990625 0.8912610000000001 0.6527988734375 0.907337828125 0.626003215625 0.948599525 0.7364739124999999 0.9744303609375 0.7738314828124999 0.9254168765624999
0 0.8033778281249999 0.8614098515625 0.8496932171875 0.8046131953125 0.758210728125 0.7609502515625 0.7133619234374999 0.808341165625 0.7088798640625 0.81524293125 0.7123615812499999 0.8183778828125 0.8033778281249999 0.8614098515625
0 0.8695729078125 0.7314056390625 0.8186469203125 0.6789008953125 0.814355990625 0.6833442828125 0.772562784375 0.767538690625 0.7923555906249999 0.7874642125 0.819510490625 0.8136873937500001 0.824045121875 0.81663221875 0.8695729078125 0.7314056390625
0 0.7290347359375 1 0.734988459375 0.9940213984374999 0.6315488328125001 0.9411776250000001 0.6272101953125 0.9453674 0.5812093828125 0.9936947515625001 0.5831715921875 0.9957266796875001 0.593574746875 1 0.7290347359375 1