0 0.8423985984375 0.8960999328125 0.89268333125 0.7964774343750001 0.893080225 0.7936533890625 0.88386419375 0.7906589203125 0.8581596734374999 0.7870463859375 0.824600875 0.783172259375 0.7751196109375 0.88781541875 0.8423985984375 0.8960999328125
0 0.7073658953125 0.806311696875 0.7952557453125 0.8859101656249999 0.822856825 0.8242120125 0.7352123890625 0.7440813281249999 0.7073658953125 0.806311696875
0 0.526648653125 0.794325496875 0.60211665625 0.7065219375 0.602743253125 0.704593471875 0.5991758500000001 0.7030051609375 0.53209860625 0.67525279375 0.45739110156249996 0.760804984375 0.526648653125 0.794325496875
0 0.5610064609375 0.696524490625 0.560239859375 0.6988838484375 0.5502864 0.7704032203125 0.6552571 0.8210720625000001 0.6561801359375 0.818231246875 0.659415971875 0.795207078125 0.6632842703125 0.7426394562499999 0.5655338249999999 0.6971607703125 0.5610064609375 0.696524490625
0 0.7503965406249999 0.7390781015625 0.6785941281250001 0.723816028125 0.6193214453125 0.829564909375 0.621395609375 0.8302388468749999 0.69633768125 0.846588484375 0.7569569046875 0.7419312875 0.7571003765625 0.741256309375 0.7503965406249999 0.7390781015625
0 0.5189971390625 0.6592575468749999 0.441461609375 0.648665378125 0.3989504015625 0.759503346875 0.47440414375 0.7674338546875 0.5187325859375 0.6617746078125 0.5189971390625 0.6592575468749999
0 0.4454213 0.6818498078124999 0.35339933437500004 0.6084429796874999 0.351732125 0.607901271875 0.3163409578125 0.68145971875 0.41057862656250005 0.756259275 0.4404132109375 0.6930981625 0.4454213 0.6818498078124999
1 0 0.582798071875 0.125276790625 0.636951853125 0.12774532031250002 0.6293545 0.14513829218750002 0.5562181578125001 0.0192617234375 0.504104571875 0.014720382812499998 0.5030561203125 0 0.5697021328125 0 0.582798071875
0 0.08042384531249999 0.6201534671875 0.21509090312499998 0.653801096875 0.2170583125 0.6477460328125 0.22255160312500002 0.5691883140625 0.09101850781250001 0.5344960515625 0.08491474843749999 0.5340692359375 0.08042384531249999 0.6201534671875
1 0.379263834375 0.6633468406249999 0.2793345421875 0.561377134375 0.2758472578125 0.5602440468750001 0.23386466874999998 0.6262982234375001 0.337123584375 0.7291643718749999 0.35312572656249996 0.7051765578125 0.379263834375 0.6633468406249999
1 0.305153096875 0.6254052 0.1933725921875 0.548232590625 0.18814305625 0.5465334109375 0.1574986359375 0.62133156875 0.27937976249999996 0.6949885078125 0.29089358125000003 0.6649939875 0.305153096875 0.6254052
0 0.775184665625 0.6896840734375 0.9082431546875 0.7756326984374999 0.9141990234374999 0.7573024171875 0.929907325 0.6942998609375 0.798979828125 0.616011165625 0.79539130625 0.615116446875 0.775184665625 0.6896840734375
0 0.8624957 0.640782728125 0.8559130046875 0.6386438812499999 0.8212638984374999 0.7139286375 0.9294861125 0.7708938359374999 0.9510080375 0.7286546796875 0.8624957 0.640782728125
0 0.46262900937499996 0.5823166046875 0.5880748671875 0.666506925 0.6001215281250001 0.631760609375 0.6010471921875 0.628911709375 0.61435525625 0.5853829968750001 0.4880434796875 0.5104066796875 0.4859319453125 0.5097611203125 0.46262900937499996 0.5823166046875
0 0.7648337781250001 0.735803209375 0.8519932328125 0.611083715625 0.8279903515625 0.60328470625 0.7728114328125 0.58746240625 0.6914206015625 0.70710226875 0.691118590625 0.7081555046875 0.7648337781250001 0.735803209375
0 0.5785604515625 0.5320974765625001 0.571115109375 0.5296783390625001 0.5461265921875 0.6076833734375 0.6610835515625 0.6965038109374999 0.6898215796875 0.6253747 0.5785604515625 0.5320974765625001
0 0.6204503453125 0.6417699 0.7556025875 0.7094383 0.7578921296875001 0.7023918109375 0.7686977125000001 0.634168059375 0.6364427765625 0.5629902984374999 0.63362709375 0.5625443375 0.6204503453125 0.6417699
0 0.37773292812500003 0.6056176015625 0.4501181671875 0.6368970546875 0.5362155343749999 0.5200053078125 0.538846753125 0.5119072499999999 0.4831324203125 0.48582725 0.4666947203125 0.4791859890625 0.3891295625 0.5873714890625 0.37773292812500003 0.6056176015625
0 0 0.451843440625 0.118573021875 0.480611465625 0.12019654843750001 0.47561476249999995 0.12070275781249999 0.471295040625 0.128876965625 0.393522646875 0.016383884374999998 0.3703833703125 0.0027962921875 0.412201678125 0 0.43880661875 0 0.451843440625
1 0.14698071875000002 0.518961246875 0.2057296828125 0.4095687375 0.20916412499999998 0.398998609375 0.18234878906250002 0.3892386234375 0.1312382390625 0.372836103125 0.06635960468749999 0.48738906249999997 0.14698071875000002 0.518961246875
1 0.23657129999999998 0.5167779890624999 0.3606369515625 0.55980135625 0.3622072 0.5549686296874999 0.37189212031249996 0.4741282125 0.2525767546875 0.43680170937499996 0.24402279531249998 0.435902653125 0.23657129999999998 0.5167779890624999
1 0.2950313859375 0.47412099531249996 0.19362518281250002 0.3922382390625 0.18868082343749998 0.39063171875 0.14989606093750002 0.46166804531250005 0.2545870859375 0.54982295 0.2697686328125 0.5224347125000001 0.2950313859375 0.47412099531249996
0 0.45304895156249997 0.5212437703125 0.35263451562500003 0.4488322328125 0.3468428265625 0.44695039843749995 0.31641273281250004 0.51816218125 0.4214378734375 0.5988308546875001 0.42246693124999996 0.596406546875 0.45304895156249997 0.5212437703125
0 1 0.3581008984375 0.87472700625 0.491330621875 0.9453791062500001 0.525839565625 0.9498634562499999 0.527930653125 1 0.4672442484375 1 0.3581008984375
0 0.164901171875 0.21629208281249998 0.3375562171875 0.28700433125 0.3407862203125 0.27706339999999996 0.345238425 0.2592065859375 0.35786886562500003 0.1995391765625 0.1870054796875 0.1234875078125 0.164901171875 0.21629208281249998
0 0.9872296125 0.431828225 0.8377912046875 0.317482946875 0.83641255625 0.316869134375 0.8341946828125 0.316148503125 0.8060143390625001 0.383590928125 0.952239253125 0.503068696875 0.9869912624999999 0.4323635671875 0.9872296125 0.431828225
0 0.39309001875 0.17503121875 0.3859679921875 0.1721537328125 0.38458990000000004 0.1717059640625 0.34833159375 0.2499226203125 0.50857564375 0.35771933125 0.543529321875 0.2712059390625 0.39309001875 0.17503121875
1 0.1272951203125 0.07824836406249999 0.12651424687499999 0.07799464218749999 0.09191515 0.137922034375 0.084557959375 0.160565140625 0.2199436703125 0.26975461875 0.2674658671875 0.196359271875 0.27203786874999997 0.1884403359375 0.1272951203125 0.07824836406249999
0 0.7097344984375 0.3027839 0.703233065625 0.3884810078125 0.88233465625 0.45086235781250006 0.8835551687500001 0.44710600625 0.8879495343749999 0.4029126265625 0.8910561640625 0.367403690625 0.7134324796875 0.30310743125 0.7097344984375 0.3027839
0 0.6053519046875 0.3453570171875 0.624663021875 0.30903808593750004 0.4865971296875 0.1949926640625 0.481050903125 0.1931905859375 0.4439022125 0.2703522015625 0.5796407328125001 0.3881648359375 0.580970825 0.388872059375 0.6053519046875 0.3453570171875
1 0.3354513765625 0.321608659375 0.454029759375 0.1914661484375 0.45642808125 0.1840848765625 0.406703278125 0.1538552453125 0.37637092656250004 0.1356297296875 0.25321829687499997 0.2795853875 0.3354513765625 0.321608659375
0 0.803734775 0.36058734531250003 0.659547409375 0.24954470624999997 0.6529918171875 0.24741466562499997 0.6153866515625 0.3297487875 0.7643165140625 0.4477389484375 0.7900951218750001 0.3927203515625 0.803734775 0.36058734531250003
1 0.7090545968749999 0.3389483625 0.69499833125 0.3245073453125 0.585078390625 0.215490796875 0.580348896875 0.2139540921875 0.53576985 0.2838402640625 0.6632326421875 0.42202297031249997 0.6664302156249999 0.4169057828125 0.7090545968749999 0.3389483625
0 0 0.8283348437500001 0.06659906875 0.837188359375 0.0953463421875 0.7447463828124999 0.086099634375 0.7417419453125 0.019599576562500002 0.733576765625 0 0.7927673828125 0 0.8283348437500001
1 0.0921038375 0.7436928296875001 0.06236009687500001 0.8103619765625 0.1425156953125 0.87343340625 0.143543359375 0.8737673140625001 0.15399570625 0.8513521828125 0.17508155625 0.8021863781249999 0.096347903125 0.7450718109375 0.0921038375 0.7436928296875001
0 0.166829234375 0.7646867640624999 0.13685465624999998 0.82930875 0.214567859375 0.8968445734375001 0.214718865625 0.8968936390625 0.226281946875 0.874199815625 0.247910596875 0.8287660375 0.172698271875 0.7665937296875 0.166829234375 0.7646867640624999
0 0.24143281874999997 0.790569846875 0.23516826562499998 0.7885343703125 0.20685425937500002 0.8586139921875 0.29092927031250004 0.91951660625 0.3154894015625 0.843382934375 0.24143281874999997 0.790569846875
0 0.9732339671875 0.307624665625 0.9746006859375 0.3034183359375 0.9961427203125 0.21701795468750001 0.8340870703125001 0.12613182812499998 0.8134647765624999 0.21096123125 0.9732339671875 0.307624665625
0 0.7220074484375 0.189767915625 0.8899685953124999 0.27062046875 0.891687415625 0.2653304828125 0.9069799640625 0.17860213281249998 0.7445502734375 0.10265336249999998 0.7423270234375 0.10226134375 0.7220074484375 0.189767915625
0 1 0.1496701234375 0.9034462375000001 0.32384183593750004 0.9032555875 0.324738771875 0.9194343093749999 0.32817766718749997 0.9936841796874999 0.34271538281249997 1 0.3308873578125 1 0.1496701234375
0 0.6404247921875 0.082985996875 0.6329335390625 0.17422031875 0.809853153125 0.23403449531249998 0.8102531015625001 0.2328035828125 0.81637015625 0.1459158140625 0.646338209375 0.078655059375 0.64198080625 0.078197078125 0.6404247921875 0.082985996875
0 0.2609206109375 0 0.2583699890625 0.00430054375 0.40227872187499997 0.1356257421875 0.4532881203125 0.0507318453125 0.3919081765625 0 0.2609206109375 0
0 0.36110483437499996 0 0.3590733640625 0.0112574515625 0.3485376015625 0.071008725 0.5268140609375 0.1443548109375 0.5268376499999999 0.1443589703125 0.528209115625 0.14013803593750002 0.5309841296875 0.12507059375000001 0.544575621875 0.0479894109375 0.422732621875 0 0.36110483437499996 0
0 0.5548542265624999 0 0.436018734375 0.1457712578125 0.435933359375 0.1460340171875 0.5257993109375 0.18986457031249998 0.63964529375 0.044934196875 0.6424204359375 0.0363931890625 0.63459476875 0.03257635625 0.5644289687499999 0 0.5548542265624999 0
0 0.709486375 0.042335137499999995 0.6563849859374999 0.025081449999999998 0.6159504375 0.0215438859375 0.5573131250000001 0.209881615625 0.6504616890625 0.21975835937500002 0.709486375 0.042335137499999995
0 0.15979959999999999 0 0.32026554375 0.0948056671875 0.3516945125 0.028753520312500003 0.3617108765625 0.0062564046875 0.3516996421875 0 0.15979959999999999 0
0 0.592191159375 1 0.5926571859374999 0.9985657187499999 0.5986465453125 0.975772409375 0.6075582859375 0.9371714234375 0.513414759375 0.8839726734375001 0.50950213125 0.883069371875 0.4922048375 0.95255065 0.5812425203125 1 0.592191159375 1
0 0.3883448671875 0.8733876140625 0.3164817796875 0.8149547328125 0.313326953125 0.8139296671875 0.2841183125 0.8799399781250001 0.36197736406250003 0.9362792109375 0.38204719531250003 0.88899765 0.3883448671875 0.8733876140625
0 0.6318752046875 1 0.6797348875 0.9198395453125 0.6724008171875 0.9174565609374999 0.6117732984375001 0.9078541046874999 0.6075222078125 0.9072569765624999 0.5649300546875 1 0.6318752046875 1
0 0.5258604578125 0.9377929921874999 0.533800715625 0.9232166156250001 0.465673965625 0.8514618828125 0.46363207031250003 0.8502829953125 0.42430055624999996 0.911303875 0.49676452812500005 0.9881886203124999 0.5258604578125 0.9377929921874999
0 0.3758166234375 0.8336467484375 0.3565953234375 0.9015347015625 0.436952484375 0.9569708218749999 0.45185305624999994 0.9111115812499999 0.45485492812499995 0.9012929015625 0.4589599390625 0.886105940625 0.379647334375 0.8348179140624999 0.3758166234375 0.8336467484375
0 0.7946342796875 1 0.7286062640625001 0.9357188171875 0.7240017515625 0.9342227203125001 0.6995091953125 0.9980280078125 0.7015599640625 1 0.7946342796875 1
0 0.741788915625 1 0.742986559375 0.9771475984375 0.721324446875 0.9658015703125 0.638800065625 0.9243529 0.6387693765625 0.9243512921875 0.6318006390625001 0.9978964671874999 0.63702305 1 0.741788915625 1
0 0.8577504421875 1 0.7812071359375 0.962667334375 0.780802225 0.962535771875 0.7651798828125 1 0.8577504421875 1