0 0.4205561953125 1 0.42756092968750004 0.9070019374999999 0.42562303124999995 0.899229446875 0.3624153375 0.91496560625 0.3538041140625 1 0.4205561953125 1
0 0.3271806046875 0.927972815625 0.44533597187499996 0.9179802734375 0.41903669218750006 0.85571608125 0.30065945625 0.8651661703125001 0.3271806046875 0.927972815625
0 0.2546899359375 0.6046416812500001 0.26557016718750004 0.6803970500000001 0.38102528125 0.6939177765625 0.3825538296875 0.6935366671875001 0.38183485 0.6894591359375 0.36733348593750004 0.618330653125 0.25575534218749996 0.6043760453125 0.2546899359375 0.6046416812500001
0 0.2969163203125 0.69180756875 0.3084443578125 0.8005825921874999 0.3175061953125 0.798323221875 0.378726803125 0.772336615625 0.3684552734375 0.6602006203124999 0.36687654375 0.6564813625 0.2969163203125 0.69180756875
0 0.40470535312499994 0.750746265625 0.40266669374999997 0.742569646875 0.3264348875 0.75695785625 0.313072796875 0.8785581046875001 0.39070477656249997 0.8634679765625 0.40470535312499994 0.750746265625
0 0.3586416984375 0.6253831562500001 0.3588895984375 0.6253614671875 0.3611425734375 0.6247997375 0.3567660765625 0.5470305062499999 0.23985299375000002 0.5264492296875 0.24646544375 0.6020298859375 0.3586416984375 0.6253831562500001
0 0.2423555625 0.564580628125 0.29589978437500003 0.5524982328125 0.32244582187500004 0.5458795624999999 0.3235990328125 0.4319052765625 0.3223793515625 0.42701340156249995 0.24327991718750003 0.4442691265625 0.2423555625 0.564580628125
1 0.2779601578125 0.21880098750000002 0.28608574999999997 0.21677505 0.2778694734375 0.13860239531250002 0.13905703593750002 0.127976128125 0.1472137671875 0.21082750625000002 0.2779601578125 0.21880098750000002
0 0.16551695625 0.1987967734375 0.16551695625 0.20195720625 0.167002328125 0.285907084375 0.301171575 0.309633759375 0.30614195624999996 0.308394503125 0.30614195624999996 0.3009530546875 0.3055183796875 0.22520687499999997 0.16674879375 0.19879677499999998 0.16551695625 0.1987967734375
1 0.3309318546875 0.34523940937500003 0.3309284703125 0.3450455140625 0.3304941125 0.34330340000000004 0.2535138640625 0.3423534015625 0.2216123328125 0.48531854531249996 0.30173044843749997 0.483920078125 0.3309318546875 0.34523940937500003
1 0.220155015625 0.2762517265625 0.22355660781250003 0.41755370156250005 0.2895891609375 0.4010899375 0.30358386406250004 0.3973400671875 0.2916041671875 0.2562720609375 0.29141356875 0.2555607390625 0.220155015625 0.2762517265625
0 0.550193625 0.9729103015625 0.5685649984375 0.8202100609375 0.5672290265625 0.8148517703125 0.486406746875 0.8326579484375 0.4730873 0.9887425406249999 0.4994819546875 0.9836893999999999 0.550193625 0.9729103015625
0 0.5613922812500001 1 0.5783859265625 0.9957630078124999 0.5783859265625 0.8854344375000001 0.5765704203124999 0.8781528359375 0.5429183531249999 0.8815722765625 0.5049136546875 1 0.5613922812500001 1
0 0.364743765625 0.5337231671875 0.3759843328125 0.605681403125 0.3781862484375 0.6170092781250001 0.5259787484375 0.6239598078124999 0.5283873906250001 0.623359265625 0.5202673859375 0.5782045421875 0.5144940796874999 0.548503459375 0.3664676109375 0.5332933640624999 0.364743765625 0.5337231671875
0 0.5623234781249999 0.7435071234375 0.561002309375 0.738208203125 0.48112161249999996 0.7449989296874999 0.447503290625 0.8880237031249999 0.526583090625 0.8874151843750001 0.5623234781249999 0.7435071234375
0 0.5504466906250001 0.6933257968750001 0.5557941234375 0.6914845281249999 0.5545591328125 0.6865312484375 0.5238576671875 0.615028315625 0.3768761578125 0.6235260234375 0.402805865625 0.6959667328125 0.5504466906250001 0.6933257968750001
1 0.41843487343749997 0.76573889375 0.566170734375 0.784634203125 0.5713014875 0.7833549625 0.55646006875 0.713531578125 0.5544849875 0.70560995625 0.404007534375 0.6908652187500001 0.41843487343749997 0.76573889375
0 0.42509389375 0.5732265359375 0.462657315625 0.567947340625 0.47562930156250005 0.43657384062500004 0.47608484375 0.42345763593749997 0.47406161874999997 0.41534292500000003 0.39804883750000003 0.42417774531249997 0.3810673 0.5762004671875001 0.381180134375 0.577003321875 0.42509389375 0.5732265359375
0 0.40674645 0.1034601046875 0.41481201875 0.10020140468750001 0.41267643125 0.0916360296875 0.3832724234375 0.024478296875 0.24492099375 0.059904371874999994 0.2768163078125 0.141643115625 0.40674645 0.1034601046875
1 0.30020214843750004 0.2104332 0.42024142812500004 0.201039953125 0.43104407499999997 0.1983465515625 0.4294091765625 0.19104088749999998 0.410664340625 0.11585945312499998 0.276643596875 0.12938320625 0.30020214843750004 0.2104332
1 0.4444555453125 0.27076466093749996 0.4417233875 0.2598065796875 0.36314196718749997 0.271881596875 0.3513207828125 0.4036735703125 0.43726193125 0.3928648953125 0.4444555453125 0.27076466093749996
1 0.3112958265625 0.277393646875 0.443061453125 0.303242646875 0.44504010781250003 0.3027493125 0.44504010625 0.24948173125 0.44427135 0.2179222421875 0.31076659375000004 0.194574065625 0.3112958265625 0.277393646875
1 0.4453555359375 0.47699580625 0.472955978125 0.352780178125 0.471721421875 0.34782864375 0.3903963171875 0.35189106875 0.366041703125 0.4796062265625 0.43214327812500003 0.4774571890625 0.4453555359375 0.47699580625
0 0.7016417125000001 0.820101846875 0.71853660625 0.8897946078125001 0.898716903125 0.9126748578124999 0.9042542062500001 0.9112942531250001 0.9007824234375 0.8915393 0.889026578125 0.8310607093750001 0.70390724375 0.8195369875 0.7016417125000001 0.820101846875
0 0.5525928265625 0.204427671875 0.7300877796874999 0.1634299953125 0.733010146875 0.162189521875 0.7315374296875 0.15628277968749998 0.7098744109374999 0.1052479046875 0.6966215265625 0.0749173484375 0.5144482203125 0.12280497812499999 0.5525928265625 0.204427671875
0 0.702382353125 0.8322183328125 0.8861958953125001 0.8175001125 0.8911639546875 0.8158858921875 0.8875198234375 0.801270075 0.875793221875 0.765179309375 0.8693511953125 0.7468071375 0.680738675 0.755861415625 0.702382353125 0.8322183328125
0 0.769017596875 0.3795338734375 0.7643743984375 0.31521960312499997 0.7616639015625 0.29314437656250003 0.5696103609375001 0.276582146875 0.58149349375 0.3692444015625 0.7610553703125 0.3805115109375 0.769017596875 0.3795338734375
1 0.60858700625 0 0.4972216109375 0.02107925625 0.523348896875 0.108821109375 0.69731645625 0.080913690625 0.7057906859374999 0.07816024687499999 0.6853406578125 0.002251375 0.6846091421875 0 0.60858700625 0
0 0.6867121593750001 0.74370564375 0.8687140203125001 0.7046853468750001 0.8726061015625 0.7027022328125 0.8709379484375 0.6960116359375 0.8395468359375 0.6344031109375 0.8352516874999999 0.6262087015625 0.6494624921875001 0.6684077078125 0.6867121593750001 0.74370564375
0 0.7211434031249999 0.30952085 0.6476983359374999 0.3373298265625 0.6364622125 0.3418695140625 0.6699641734374999 0.5236468578125 0.6710721890625 0.5233705984375 0.6852364765625001 0.51764785625 0.7501838937499999 0.4883339234375 0.722097753125 0.311882946875 0.7211434031249999 0.30952085
1 0.5511846874999999 0.1828851359375 0.5670204156249999 0.273323675 0.7426667328125001 0.2897353453125 0.7497369296875 0.28797254687499996 0.7438747140624999 0.22927144843749997 0.74017579375 0.194078565625 0.5528558593749999 0.1824684671875 0.5511846874999999 0.1828851359375
0 0.831686975 0.666591346875 0.833381609375 0.6038837515625 0.8333816078125 0.574688878125 0.65097166875 0.5244854359375 0.6474688296875 0.6197797671874999 0.8271702921875 0.666591346875 0.831686975 0.666591346875
1 0.736089196875 0.39484890625 0.65597434375 0.4436202515625 0.6609269171875 0.4631546703125 0.7028061296875 0.6169094671875001 0.7043621234375 0.6165215140625 0.75089685625 0.5923311421874999 0.7784234 0.5776950203125 0.73810904375 0.39864768437500003 0.736089196875 0.39484890625
0 0 0.2381296515625 0.030293770312500003 0.23224113906250002 0.0350585375 0.23105314843750002 0.0337871890625 0.13499873125 0.033269496875 0.13292238750000002 0 0.1390450734375 0 0.2381296515625
0 0 0.31547991249999996 0.056693381249999994 0.301344665625 0.0524036875 0.2096654328125 0.0512239796875 0.204933884375 0 0.21716327343750003 0 0.31547991249999996
0 1 0.801034034375 0.8893398953125 0.8087721421875 0.8926556765625 0.8456926234375001 1 0.8688040406249999 1 0.801034034375
1 0 0.3723347671875 0.088603696875 0.38195688906249997 0.09361526875000001 0.3807073640625 0.0818583953125 0.3046471171875 0 0.2989837578125 0 0.3723347671875
0 0 0.41253667343749995 0.023289 0.4561237703125 0.120944759375 0.43535201093750003 0.1229257734375 0.4343858046875 0.12138536874999999 0.42820758124999997 0.1188942203125 0.42309997031249996 0.08969070312500001 0.36710394375 0 0.3885077609375 0 0.41253667343749995
0 0.030853165625 0.45860977500000005 0.0516140953125 0.5522128125 0.058277557812500005 0.5505514234375 0.1216986578125 0.5196188875 0.100947521875 0.4226667984375 0.0991519671875 0.41898536562500005 0.030853165625 0.45860977500000005
0 1 0.6420257453125 0.844129015625 0.6603773671875001 0.8773067015624999 0.741127275 1 0.730769965625 1 0.6420257453125
0 0.996748128125 0.5101483453125 0.9069251234375001 0.5116021015625 0.8689950609375 0.6946778328125001 0.869052940625 0.6949099750000001 0.8692993796874999 0.6948966890625 0.9625081359375001 0.6883788984375 0.99690560625 0.51240039375 0.996748128125 0.5101483453125
0 1 0.686717634375 0.9568435953125001 0.6886860921875 0.9146000359374999 0.8873886171875001 1 0.8799170875 1 0.686717634375
0 1 0.48252549531250005 0.9981987765625 0.47018756093749997 0.8120369015625 0.451672703125 0.8258307578125 0.5390308828125 1 0.565317465625 1 0.48252549531250005
0 0.7549337953124999 0.0482638484375 0.7930595703125001 0.2369126546875 0.8025960765625 0.2345349375 0.8773361875000001 0.2073317609375 0.8492445453125 0.0219718765625 0.8471654781250001 0.0162596859375 0.7549337953124999 0.0482638484375
0 0.731982409375 0.190360978125 0.7462180890625 0.230417690625 0.765069990625 0.2822128609375 0.953965696875 0.2539742171875 0.949567359375 0.23633344687500002 0.923333290625 0.1642559359375 0.7332428921874999 0.1897439140625 0.731946228125 0.1902158609375 0.731982409375 0.190360978125
0 0.7781392078125 0.36067768437500003 0.96050424375 0.373911059375 0.9705669578125 0.37140214375 0.9693746953125 0.3629187546875 0.9559349140625001 0.2789705671875 0.7642097078125001 0.2615641390625 0.7781392078125 0.36067768437500003
0 0.8360827921875 0.331673234375 0.8621749640624999 0.52725400625 0.874977909375 0.5240618734375 0.953852859375 0.4937846171875 0.9243989078125001 0.301447634375 0.9237833171875 0.2998439671875 0.8360827921875 0.331673234375
0 0.6971780734374999 0 0.7059187125 0.07703395468749999 0.8823749078124999 0.0849703296875 0.887095090625 0.0846402625 0.8965013531249999 0.0822950171875 0.895206203125 0.053258421874999996 0.8918091140625 0.004677775 0.8906428140625 0 0.6971780734374999 0
0 0.09632653125 0.79970635625 0.198050578125 0.8270655187499999 0.20222713906249998 0.8270655187499999 0.20441785937499998 0.8265193109375 0.205291959375 0.797455909375 0.205291959375 0.7587807109375 0.0975708046875 0.7269336328125 0.09632653125 0.79970635625
0 0.12418113906249999 0.6031763671875 0.1356533984375 0.5112683031249999 0.1348509 0.50804965625 0.0633927609375 0.5182594593750001 0.0568733921875 0.6141429234375 0.10760582031249999 0.606107696875 0.12418113906249999 0.6031763671875
0 0.1232688015625 0.8740516203125 0.2371759484375 0.8797008328125001 0.233947325 0.8667515343750001 0.215805959375 0.814065184375 0.214337425 0.810031359375 0.1008683484375 0.81663969375 0.1232688015625 0.8740516203125
0 0.083690578125 0.7265472843749999 0.18055749999999998 0.7519516765625001 0.18708738593750002 0.75032359375 0.186997578125 0.7477517765624999 0.18286477031249998 0.6786236171875 0.0847191203125 0.6532675625000001 0.083690578125 0.7265472843749999
0 0.1449114859375 0.5673184421874999 0.077518628125 0.595750946875 0.08610611875 0.69176369375 0.0960719828125 0.689278925 0.1266937125 0.6775243453125 0.152698609375 0.666916471875 0.1471251359375 0.573085203125 0.1449114859375 0.5673184421874999
0 0.2380518828125 1 0.23839737656249999 0.9146679125 0.2371676203125 0.9117707875000001 0.1733559375 0.9388572390625001 0.1734859875 1 0.2380518828125 1
0 0.2121647453125 0.9686982703125 0.2431254234375 0.8602905265624999 0.24301865 0.85825315625 0.1800598234375 0.8603203125000001 0.1704660390625 0.884496775 0.1378589484375 0.97093246875 0.17723270468750002 0.97052898125 0.2121647453125 0.9686982703125