0 0.70546875 0.30546875 0.13125 0.13125
0 0.54296875 0.29296875 0.109375 0.109375
0 0.61796875 0.30078125 0.0984375 0.140625
0 0.4578125 0.2890625 0.1296875 0.1296875
0 0.2171875 0.2703125 0.1234375 0.125
0 0.94140625 0.334375 0.1171875 0.121875
0 0.7890625 0.321875 0.103125 0.1609375
1 0.38671875 0.28828125 0.1 0.1484375
0 0.86640625 0.33125 0.1296875 0.1296875
1 0.303125 0.28671875 0.090625 0.15
1 0.12890625 0.27734375 0.1234375 0.1234375
0 0.57265625 0.43359375 0.125 0.1234375
0 0.48125 0.428125 0.096875 0.140625
1 0.3140625 0.415625 0.0921875 0.128125
0 0.65625 0.44609375 0.1140625 0.1625
0 0.82265625 0.46171875 0.10625 0.1625
1 0.22890625 0.4109375 0.1046875 0.1453125
1 0.39609375 0.42578125 0.115625 0.115625
0 0.9109375 0.471875 0.1375 0.1375
1 0.73515625 0.459375 0.1296875 0.128125
0 0.05859375 0.40234375 0.096875 0.1375
1 0.14453125 0.4125 0.1203125 0.11875
0 0.18984375 0.05234375 0.0828125 0.1046875
0 0.11171875 0.05234375 0.0953125 0.1046875
0 0.9296875 0.10390625 0.115625 0.115625
0 0.49921875 0.07109375 0.0859375 0.1421875
0 0.42265625 0.0625 0.1234375 0.1234375
0 0.81640625 0.74140625 0.103125 0.1734375
0 0.9046875 0.75546875 0.134375 0.1328125
0 0.71796875 0.7421875 0.1453125 0.1453125
1 0.2703125 0.05625 0.125 0.1125
0 0.5734375 0.078125 0.08125 0.1484375
0 0.79453125 0.0984375 0.121875 0.121875
0 0.34453125 0.0625 0.1328125 0.125
0 0.6265625 0.73828125 0.1203125 0.175
1 0.07109375 0.69765625 0.1421875 0.1484375
1 0.53828125 0.74140625 0.115625 0.159375
1 0.2609375 0.71875 0.14375 0.1453125
0 0.16484375 0.71484375 0.1171875 0.1671875
0 0.35 0.73125 0.15 0.15
0 0.4484375 0.7453125 0.1125 0.1796875
0 0.64765625 0.08828125 0.0921875 0.1484375
0 0.721875 0.09609375 0.1203125 0.121875
1 0.8609375 0.11015625 0.096875 0.140625
0 0.76484375 0.91875 0.1109375 0.1625
0 0.859375 0.9328125 0.153125 0.134375
0 0.47578125 0.90859375 0.1140625 0.1828125
0 0.671875 0.92578125 0.153125 0.1484375
0 0.27421875 0.89453125 0.159375 0.159375
0 0.37890625 0.903125 0.1546875 0.15625
0 0.5765625 0.91640625 0.1125 0.1671875
0 0.1765625 0.8875 0.121875 0.18125
0 0.07890625 0.8796875 0.1578125 0.1625