0 0.926807846875 0.797534140625 0.9566413265625 0.7802959703125001 0.9846054140625 0.76282206875 0.8990663828125 0.686629546875 0.838642984375 0.720934228125 0.841145309375 0.7250987953125 0.926807846875 0.797534140625
0 0.8668785546875 0.7571599265625 0.921326559375 0.652852075 0.8742880171875 0.6043149 0.818922853125 0.7091730921875 0.8659808874999999 0.7577208515625 0.8668785546875 0.7571599265625
0 0.7099606703125 0.4175543859375 0.657352559375 0.47170330937499994 0.65887151875 0.47413415312499996 0.7558072124999999 0.5275821328125 0.8093473359375001 0.4785616703125 0.8127434687499999 0.4752820625 0.7099606703125 0.4175543859375
0 0.7832468265625 0.6017456218749999 0.8465912812499999 0.570850465625 0.851300940625 0.56790754375 0.7761432890625 0.4871706578125 0.7035842296875 0.5167942328125 0.7053554484375 0.5204257671875 0.7832468265625 0.6017456218749999
0 0.8156499546875 0.6933628625 0.880685725 0.5929091921875 0.8306785640625 0.5318276546875 0.7632392625 0.6328370984375 0.81339373125 0.6947727078125 0.8156499546875 0.6933628625
0 0.63113433125 0.41246058281250003 0.657915109375 0.4755521390625 0.6616874875 0.48158920624999996 0.7543446546875 0.40923914375 0.7212904234375 0.3376344859375 0.7208419703125 0.3378248421875 0.63113433125 0.41246058281250003
0 0.62732524375 0.2791316578125 0.5684714734375 0.33536096249999997 0.569545040625 0.33707903125 0.6675842624999999 0.4017738140625 0.676734496875 0.39353490625 0.727584890625 0.3456426703125 0.62732524375 0.2791316578125
1 0.4430607703125 0 0.3878865375 0.0250018359375 0.38990448125 0.0295342140625 0.4661160953125 0.1409321703125 0.5299080640625 0.1132539421875 0.5377383609375 0.10976767031250001 0.5403716296875001 0.10812222187500001 0.46883470781250003 0 0.4430607703125 0
0 0.5372215640625 0.057105724999999996 0.5355002703125 0.054455164062500006 0.5344671625 0.055126071875 0.43246916718749995 0.1528547796875 0.47320051718749995 0.21672049218749997 0.477319275 0.223062821875 0.4860382953125 0.2176145734375 0.58169820625 0.12832100625 0.5372215640625 0.057105724999999996
1 0.518811453125 0.22845755781250002 0.517193571875 0.22946852187500003 0.5172433375 0.2296130546875 0.5957698828125 0.352500715625 0.6424073015625 0.3364421640625 0.6683354203125 0.326641103125 0.669264478125 0.3260605640625 0.592378515625 0.2024939953125 0.518811453125 0.22845755781250002
1 0.5327291390625 0.28977454062499997 0.619018240625 0.1883099625 0.57658568125 0.12727695156250002 0.47744931562500004 0.230460575 0.525864665625 0.2940639390625 0.5327291390625 0.28977454062499997
0 0.682732015625 0.7776895421875001 0.804228621875 0.8663594734375 0.8718069328125001 0.8154355625 0.7395248078125001 0.725740046875 0.6796648828125 0.772781103125 0.682732015625 0.7776895421875001
0 0.715152528125 0.8620073953125 0.7152738984375 0.862201628125 0.73783406875 0.8947658781250001 0.76150729375 0.926181309375 0.77482039375 0.9178623609375001 0.8607084171875 0.7961444984375 0.841542153125 0.764494740625 0.8231105078125 0.7783839828125 0.715152528125 0.8620073953125
0 0.599159778125 0.5904865203125 0.66993110625 0.5688495546875 0.6724747109375 0.567260134375 0.596104 0.4385992328125 0.51724435625 0.4659401328125 0.5186426890625 0.4705138765625 0.599159778125 0.5904865203125
0 0.6807020046875001 0.6631499953125 0.6317571734375 0.7226498046875001 0.6318440265625 0.722788796875 0.6361968484375 0.7269922703125 0.7627703875 0.7881056531249999 0.8201917406250001 0.728350684375 0.6807020046875001 0.6631499953125
0 0.6497430734375 0.49118359062500005 0.6494102203125001 0.4913915796875 0.5724656875 0.6245304453125 0.622187196875 0.679751775 0.6250811328125 0.67794344375 0.6273247625 0.6759232703125 0.701719890625 0.5582821 0.6497430734375 0.49118359062500005
0 0.5883905828125 0.6414545015625001 0.7133402171875 0.72170610625 0.7738276515625 0.6744481421875 0.6481171859375 0.588360590625 0.5860172015625 0.637656296875 0.5883905828125 0.6414545015625001
0 0.6226979125 0.4570308234375 0.5205249484375 0.3701952140625 0.45799498281249995 0.420983671875 0.4595063203125 0.4234023171875 0.46021332187499997 0.42437542031250003 0.5745464890624999 0.5190483359375 0.6154476671875 0.48933189062500004 0.63755199375 0.47244996562499997 0.6358661624999999 0.469752071875 0.6226979125 0.4570308234375
0 0.33667258125 0.023301301562499998 0.2951538296875 0.0384128921875 0.2589706375 0.061022659374999996 0.3114632734375 0.161271890625 0.38555831406249996 0.136689065625 0.38978805156249996 0.1340460328125 0.33667258125 0.023301301562499998
1 0.276107953125 0.1564406390625 0.27749623749999996 0.15866235625 0.278871940625 0.159945221875 0.3849828046875 0.23011020312500002 0.42409841718749997 0.19127675 0.44339656562499996 0.17058201875 0.442327540625 0.1688712203125 0.3326700296875 0.0927648109375 0.276107953125 0.1564406390625
1 0.3802302453125 0.3095908921875 0.40912356250000004 0.381104359375 0.4120422203125 0.38577518906249997 0.521673884375 0.3135640421875 0.4881596640625 0.233959959375 0.487175046875 0.2343577703125 0.3802302453125 0.3095908921875
1 0.3848676453125 0.3158398703125 0.47513310937500003 0.2258263296875 0.42753895625 0.154203875 0.33270503125 0.2527474609375 0.3793131265625 0.31931071875 0.3848676453125 0.3158398703125
0 0.4741065578125 0.3167219390625 0.41046834531250004 0.3685136515625 0.41278932187499995 0.3722279890625 0.5169753078125 0.446467771875 0.527102653125 0.437969921875 0.577663684375 0.3953363796875 0.4741065578125 0.3167219390625
0 0.6318433453125001 1 0.6452140703125 0.9891726000000001 0.510143646875 0.8894520421875001 0.5055972234375 0.8931336640625 0.446779934375 0.942544096875 0.4485360328125 0.9447126984375 0.5344468828125 1 0.6318433453125001 1
0 0.2264346453125 0.2541160375 0.05752959375 0.33749122656249997 0.06742614999999999 0.36907666093749997 0.0846356125 0.4220419390625 0.0877835203125 0.4270796453125 0.0903418140625 0.42624840624999993 0.2511958515625 0.3407425796875 0.2264346453125 0.2541160375
0 0.42135641250000005 0.8410366281250001 0.5264445906249999 0.9953697578125 0.5731992921875 0.9804688671875 0.5889595875 0.9750421625 0.5958654 0.97072693125 0.49417264687499995 0.8106207718749999 0.4206850859375 0.8390869562500001 0.42135641250000005 0.8410366281250001
0 0.223084209375 0.411325778125 0.151293196875 0.4667965625 0.155829546875 0.47405624062499996 0.29683241250000003 0.5926703703125 0.31112335625 0.5815050625 0.3640846140625 0.5356760171875 0.223084209375 0.411325778125
1 0.2014524484375 0.312532565625 0.09418309999999999 0.1664060359375 0.059989723437499996 0.185359734375 0.011192321875 0.2158517359375 0.12197806562499999 0.35823195937499996 0.1699523734375 0.3316393671875 0.1852253390625 0.3226723890625 0.2014524484375 0.312532565625
0 0.4788196953125 0.9084206859374999 0.5329275921875001 0.879239734375 0.5541834359375 0.8659576078125 0.42137830000000004 0.7279490546875 0.3494083453125 0.7689642640625001 0.35165817499999996 0.7730230625 0.4788196953125 0.9084206859374999
0 0.35455950937499997 0.48339156406250006 0.211926228125 0.6012097468750001 0.22697833125 0.6295186390625 0.2555611765625 0.6805329359375001 0.25857772031250004 0.6789290109375 0.39284354375 0.5623945859374999 0.35719128906250003 0.488341225 0.35455950937499997 0.48339156406250006
1 0.11438087968749999 0.4308062671875 0.1408928796875 0.5120723875000001 0.144431746875 0.5177357578125 0.304629728125 0.419386775 0.2679250921875 0.329878428125 0.2676192046875 0.3300020140625 0.11438087968749999 0.4308062671875
0 0.47284183593750007 0.8003419171875 0.5157256015625 0.7573004796875 0.35391410625 0.6577072 0.2886320046875 0.72196735 0.289264725 0.7229799125 0.291258571875 0.7251180500000001 0.44731172187499996 0.8241491328125001 0.47284183593750007 0.8003419171875
1 0.2930445109375 0.7571146265625 0.424816225 0.6690223890625 0.4413697140625 0.65752875625 0.41262204999999996 0.5672780015625001 0.411708125 0.5676288234375 0.26075357499999996 0.678560075 0.29191971250000004 0.757546396875 0.2930445109375 0.7571146265625
0 0.6267703906250001 0 0.661556859375 0.044087696875 0.7140663984375 0.0161678796875 0.7301815 0.006098046875000001 0.7251865609375 0 0.6267703906250001 0
1 0.7296847390625001 0 0.6510124484375 0.0417563125 0.671419728125 0.11679950312500001 0.6718206140625 0.11744105468749999 0.67286594375 0.11712146718750001 0.7614990859375 0.0655401421875 0.7426518468750001 0 0.7296847390625001 0
0 0.68597689375 0.091003334375 0.734286421875 0.176119734375 0.782785734375 0.1627091625 0.8010208546875001 0.157134128125 0.806342028125 0.15380909062499998 0.7541055515624999 0.0668452234375 0.6842659828125 0.08540719687500001 0.68597689375 0.091003334375
0 0.7166789484375 0.186280834375 0.7995125796875 0.2402403046875 0.8562820562500001 0.187301909375 0.7751117796875 0.1335650203125 0.7143515046875 0.18255614375 0.7166789484375 0.186280834375
0 0.4281276390625 1 0.43080575625 0.9983265265625001 0.289439090625 0.8761933140625 0.21611637187500002 0.9214142515624999 0.21835034062499997 0.9249893468750001 0.29959631249999996 1 0.4281276390625 1
0 0.2435926984375 0.7917278484375 0.16632915312500002 0.8417380453125001 0.1689162875 0.8458783249999999 0.301654121875 0.9666389843750001 0.34344922499999997 0.9405225046875 0.37727354375 0.9167743859374999 0.37630631718749996 0.9152265015625 0.2435926984375 0.7917278484375
0 0.3931522 1 0.354860721875 0.945318603125 0.2738761953125 0.9754178578125 0.27538481875 0.9800609265625001 0.2888850515625 1 0.3931522 1
0 0.22289957187499998 0.897068428125 0.31608780468750003 0.867338971875 0.316256628125 0.867233478125 0.2092143734375 0.711966153125 0.1259891125 0.7374536875000001 0.1279980046875 0.743287934375 0.22289957187499998 0.897068428125
0 0 0.5554056593750001 0.100567653125 0.4295065546875 0.043452649999999995 0.36064244843750004 0 0.409885546875 0 0.5554056593750001
0 0 0.5684824468749999 0.1058646515625 0.6416141625 0.1509012609375 0.5996168453124999 0.17526048593750002 0.5767185953125 0.1748260390625 0.5762527093750001 0.0184003578125 0.46466558906250005 0 0.4818242 0 0.5684824468749999
0 0.015417834375 0.5798625515625 0.12382980156250001 0.7336171109375 0.193986715625 0.7068206859374999 0.20676637343749998 0.7016573687500001 0.2133723171875 0.6975295171875 0.10558349843749999 0.5386274296875 0.0137486296875 0.575731125 0.015417834375 0.5798625515625
0 0.0782439296875 0.7685891546875 0.10660096875 0.8139699031250001 0.2657581015625 0.71722549375 0.23385555624999999 0.624573778125 0.064831665625 0.731844215625 0.0782439296875 0.7685891546875
0 1 0.46245279375 0.9394067046875 0.38340035 0.8766819796875 0.40966785781250004 0.878920234375 0.415498709375 0.940590534375 0.5002133890625 0.9756820890625001 0.4867430046875 0.9995683890624999 0.47710222656249995 1 0.4768325265625 1 0.46245279375
0 0.7660799046875 0.22498114687499998 0.8184541968750001 0.3022939234375 0.834553709375 0.29738072187500003 0.8806749406250001 0.282395025 0.8830480218750001 0.280912159375 0.8340655703125 0.199035059375 0.76528713125 0.22254124062499997 0.7660799046875 0.22498114687499998
0 1 0.430551621875 0.9312170578125001 0.5246668125 0.9442035765625001 0.5474477906249999 0.9612576828125 0.5747400625 0.96970089375 0.5694641593750001 1 0.5362044828125 1 0.430551621875
0 0.965806434375 0.4032641375 0.9047672578125001 0.323675209375 0.8344002578125 0.3487022453125 0.8350639890625 0.350431325 0.8987207500000001 0.43280698281249996 0.9194124515625001 0.42486418125 0.96617865 0.40423379375 0.965806434375 0.4032641375
0 0.8255662546875 0.3492208046875 0.8376933828125 0.3710987234375 0.844314240625 0.3816943109375 0.8456635828125 0.38094635781249997 0.9122522 0.310529171875 0.8824214937500001 0.2539706734375 0.878388759375 0.24751694687499998 0.8089166765625 0.316720365625 0.8255662546875 0.3492208046875
0 1 0.536214603125 0.976981653125 0.5643060359375001 0.9609862390625 0.5845193359375 0.96596910625 0.5942987609375 0.9869033171874999 0.6334730328125 0.99035650625 0.6389992906249999 0.9949245140625 0.6366717734375 1 0.631427128125 1 0.536214603125