0 0.16448733124999998 0.8577849640625 0.16921915 0.85879074375 0.1720227734375 0.852493703125 0.1833087984375 0.794539484375 0.082484678125 0.734478003125 0.0694147046875 0.8044164171875 0.16448733124999998 0.8577849640625
0 0.216916071875 0.7356684359375001 0.1236878078125 0.662394753125 0.1004578078125 0.7258679671875 0.19347838281250002 0.7996896890625 0.216916071875 0.7356684359375001
0 0.2479866453125 0.43183623437499996 0.206894590625 0.49167763906250006 0.273264025 0.58016579375 0.273918025 0.580640953125 0.275850921875 0.581501534375 0.32223216093749996 0.521765103125 0.25116991718750004 0.42855220000000005 0.250567503125 0.4282839890625 0.2479866453125 0.43183623437499996
0 0.2445203125 0.6547810765625 0.2484209484375 0.6565177515625 0.2877906828125 0.5935130046875 0.212239621875 0.5042167421875 0.17456724375 0.5744499890625 0.2445203125 0.6547810765625
0 0.27578120156249997 0.634814665625 0.23334401875 0.6100093984375 0.20900491250000003 0.5959572093750001 0.118269371875 0.6774263078125 0.1177839125 0.67851666875 0.1302324625 0.6857943828125 0.187337871875 0.7187642078125001 0.2740774390625 0.6386413796875 0.27578120156249997 0.634814665625
0 0.3726245265625 0.42114255 0.308303078125 0.3764728484375 0.220440653125 0.4556289578125 0.2202614296875 0.45603150000000003 0.2837353296875 0.4972519328125 0.3718290265625 0.42270169375 0.372151296875 0.4222054421875 0.3726245265625 0.42114255
0 0.33614469062499996 0.4269828734375 0.40396501718750005 0.3285971890625 0.327529640625 0.2981897515625 0.25948597812499996 0.397415615625 0.324574390625 0.422771628125 0.33614469062499996 0.4269828734375
1 0.4225697734375 0 0.40140481875 0.071657465625 0.523922434375 0.1351036140625 0.52765939375 0.126710265625 0.5492958890625 0.055940478125000005 0.4370467171875 0 0.4225697734375 0
0 0.486179978125 0.21987455625000002 0.5187638453125001 0.143060865625 0.40406587656250004 0.0656128328125 0.401447528125 0.06444706875 0.3982228390625 0.07168983906250001 0.3675341359375 0.142173709375 0.482364046875 0.2219096359375 0.4847925125 0.222990859375 0.486179978125 0.21987455625000002
1 0.41777862343749994 0.3699795890625 0.42200872343749996 0.37168866093749997 0.42717990468749995 0.3600739984375 0.45198990625 0.2986670890625 0.333173915625 0.215808190625 0.3018818125 0.2870698 0.41777862343749994 0.3699795890625
1 0.4255520234375 0.29641015 0.47431264687499997 0.163496278125 0.4744405234375 0.1627710515625 0.401113953125 0.15140828906249998 0.34443887968750003 0.28100308125 0.3922473078125 0.2905376296875 0.4255520234375 0.29641015
0 0.1947727875 0.8097554656250001 0.3056718765625 0.9163280859375 0.31086005625 0.9186380125 0.33386518125000003 0.8693033609375 0.34537465156249997 0.8434526671875 0.22932815781250002 0.73941230625 0.1947727875 0.8097554656250001
0 0.19380323593749998 0.9000492093749999 0.2292896046875 0.92679010625 0.2574544109375 0.9393298859374999 0.32620294843750003 0.8480974953124999 0.32782703125 0.8444497468750001 0.298104753125 0.8264507156249999 0.19380323593749998 0.9000492093749999
0 0.332970746875 0.5280740484375 0.4593703484375 0.603622903125 0.4626913390625 0.6044509203125 0.48167114531250005 0.538786759375 0.48545723281250003 0.5236015921875 0.3523368296875 0.45373381406249996 0.3376834796875 0.509172315625 0.332970746875 0.5280740484375
0 0.399313396875 0.73382891875 0.40183646250000005 0.7281620203125 0.33674340625 0.68234436875 0.21905572499999998 0.770298259375 0.280025515625 0.8206636234375001 0.399313396875 0.73382891875
0 0.462534028125 0.5649421921875 0.38564197031249997 0.534245771875 0.289705196875 0.6419563828125 0.2893009015625 0.6428644421875 0.3546587109375 0.674741575 0.35806507656250003 0.6762581875 0.46001951406249997 0.57058988125 0.462534028125 0.5649421921875
0 0.25619653593749997 0.7186686984375 0.31188661875 0.744637409375 0.325963359375 0.750904778125 0.4280380234375 0.6462630390624999 0.4306323015625 0.64043619375 0.3593195640625 0.6065088640625 0.25619653593749997 0.7186686984375
0 0.3733298921875 0.47707283125 0.3619250484375 0.4927765 0.36101255 0.494647403125 0.38607901093749997 0.50762418125 0.4217898328125 0.5250415125 0.43177407187499994 0.5294867812499999 0.5258924234375 0.4187953515625 0.5286408125000001 0.41262236874999997 0.45887177343749996 0.3738143015625 0.3733298921875 0.47707283125
0 0.5770719015625 0 0.5431579390625 0.0646411171875 0.6552859703125 0.13641436406250002 0.66666155625 0.14147910156250001 0.701424846875 0.0681175296875 0.6028210453125 0 0.5770719015625 0
1 0.6607797875 0.150251096875 0.6658451828125 0.1313467890625 0.5409247734375 0.077707975 0.5405899046875 0.0784601 0.522086215625 0.159953109375 0.6381247265625001 0.2128976328125 0.6420494328124999 0.2139492546875 0.6607797875 0.150251096875
0 0.6007889265624999 0.2736243640625 0.5274007515625 0.233226075 0.442985828125 0.3360979671875 0.44270753125000006 0.336723034375 0.445515078125 0.3382158328125 0.5162528640625 0.3746702421875 0.5969485234375 0.282250053125 0.6007889265624999 0.2736243640625
1 0.5979723875 0.302999728125 0.620421409375 0.25257839843749996 0.6315918828125 0.2243716359375 0.517822965625 0.1507150640625 0.48594993750000004 0.22715767812499998 0.5979723875 0.302999728125
0 0.5045714328125 0.4608663203125 0.50499854375 0.461176634375 0.510098415625 0.46344724375 0.5567590421874999 0.3971550234375 0.4711123203125 0.299334025 0.42431800781250006 0.36341595625 0.5045714328125 0.4608663203125
0 0.598112915625 1 0.5985770203125 0.998420384375 0.449231965625 0.8849092828125 0.42229722187499996 0.9587815093750001 0.4206863328125 0.9634598703125 0.47576269687500006 1 0.598112915625 1
0 0.8975760609375 0.2160021265625 0.8088401921875 0.20043226875000003 0.7394300796875 0.3722805609375 0.7459436640625 0.3751805953125 0.7555682078125 0.37722635625 0.8323173671875 0.39269774375 0.89756975 0.21603181562499998 0.8975760609375 0.2160021265625
0 0.5379628624999999 0.9964042296875 0.6332438671875 0.834144528125 0.6343648140625 0.8304780734375001 0.56375601875 0.8106610609375 0.4629891546875 0.9703567124999999 0.5374024640624999 0.9962329000000001 0.5379628624999999 0.9964042296875
0 0.7427456328125001 0.5669890171875 0.821773621875 0.39696205 0.822978140625 0.3917447015625 0.7329446671875 0.3714676625 0.657707584375 0.5437565984375 0.7250749765625 0.5629094234375 0.7427456328125001 0.5669890171875
1 0.9346172109375 0.28320300781249996 0.953532565625 0.20689724375 0.9567039312500001 0.190581978125 0.7798720015625 0.1321625546875 0.760185346875 0.22157006875000002 0.9258705875000001 0.2815028359375 0.9346172109375 0.28320300781249996
0 0.49921335312500004 0.7873494765625 0.6460931750000001 0.901689228125 0.6504367921875 0.9035329843750001 0.6784169484375 0.840688525 0.6811841875 0.8341693171875001 0.6847006015625 0.825611778125 0.5329512937499999 0.7104139953125 0.49921335312500004 0.7873494765625
0 0.6566730453125 0.4553705265625 0.622487853125 0.516383825 0.6125395578124999 0.5350938453125 0.7507776953125 0.6492815453125 0.7558923890625 0.651558753125 0.76057724375 0.642747821875 0.7936444218750001 0.5740639265625 0.6572359921875 0.45566985000000004 0.6566730453125 0.4553705265625
1 0.7675761203125 0.2868183453125 0.7014880859375 0.46314095625 0.7055477140625 0.46494841875 0.792667625 0.47575072656249995 0.8608412328125 0.3098396796875 0.8616626921874999 0.3056136328125 0.7675761203125 0.2868183453125
0 0.623012253125 0.8185700234375 0.7245453734375 0.6645175765625 0.72592235625 0.6602796609375 0.637515396875 0.6279183203125001 0.5349669875 0.788263546875 0.591327915625 0.80827515625 0.623012253125 0.8185700234375
1 0.6359790671875001 0.533175875 0.5853330234375 0.6015376421874999 0.701914271875 0.74711143125 0.7024139265625 0.7474744515625 0.70347361875 0.74794625625 0.754351509375 0.6685992328125 0.7413368390625 0.6532128796875 0.6362061765625 0.5332769890625 0.6359790671875001 0.533175875
0 0.2180266375 0 0.210294221875 0.034671396874999996 0.3007221453125 0.07171151406250001 0.3025973703125 0.0674996890625 0.3169448734375 0 0.2180266375 0
1 0.29014131249999997 0.046005415625000004 0.2131222875 0.0348887578125 0.1771592203125 0.128782921875 0.1798569296875 0.1299840203125 0.20748839375 0.1348561921875 0.2501937703125 0.14165332656250001 0.289412171875 0.050140576562500004 0.29014131249999997 0.046005415625000004
0 0.19467380625 0.21227207187500002 0.2722420234375 0.1471659734375 0.27228525625 0.14710646875 0.273276459375 0.144880190625 0.21151075156250002 0.10249851562500001 0.133986753125 0.17089815625 0.14523756875 0.179072353125 0.19467380625 0.21227207187500002
0 0.178926634375 0.17121356875 0.103637159375 0.24162144375 0.1033520703125 0.24226176093750001 0.1731492921875 0.280758996875 0.24178331874999998 0.21561494374999998 0.243020353125 0.212836515625 0.178926634375 0.17121356875
0 0.8056255 1 0.81147090625 0.9874644859374999 0.8287989937500001 0.9485449625 0.6899748375 0.830875409375 0.6875297 0.8297867640625001 0.65142529375 0.908414453125 0.752519590625 1 0.8056255 1
0 0.79014454375 0.7536738953125 0.6840237515625 0.9069027984375 0.6923371109375 0.91060414375 0.772236778125 0.9381158062500001 0.8726600953125001 0.7895669015625 0.87339508125 0.7874323484375 0.79014454375 0.7536738953125
0 0.775018646875 1 0.8032384484374999 0.96753936875 0.8071337546875 0.9587903671875001 0.724683721875 0.9236597625 0.6603971843750001 1 0.775018646875 1
0 0.733806571875 0.7283803109375 0.8563917 0.8673408484375 0.8586265031250001 0.8683358468750001 0.8770218171874999 0.840009546875 0.9100997671875 0.7864392921875 0.77939261875 0.6525935421875 0.733806571875 0.7283803109375
0 1 0.3087559484375 0.9736762562499999 0.30127563125 0.8965034968750001 0.4781319046875 0.89962898125 0.4795234609375 0.9827048203125001 0.501783565625 1 0.4669156 1 0.3087559484375
0 1 0.46754507500000003 0.8700897984375 0.402780946875 0.868656896875 0.4023970015625 0.8483882250000001 0.47684784531249996 0.8438223656250001 0.4938878640625 1 0.5747152062499999 1 0.46754507500000003
0 0.8088021703124999 0.5481410359375001 0.9274722843750001 0.6903229234375 0.9350168703125 0.6936819890625 0.9400334125 0.687261109375 0.9910846265625001 0.6192780296875 0.8704222453125 0.4692709375 0.8088021703124999 0.5481410359375001
0 0.9113794468749999 0.7823593421874999 0.9508528859375 0.7166645078125 0.9589303062500001 0.6985223234375 0.8171612749999999 0.5649562078125 0.767450475 0.644347903125 0.905875215625 0.7799087015625 0.9113794468749999 0.7823593421874999
0 1 0.2243120078125 0.9794958062499999 0.2051896359375 0.9647473718749999 0.226252584375 0.9229986296874999 0.2917178078125 1 0.36002330625 1 0.2243120078125
0 0 0.51120944375 0.0913819453125 0.5628476765625 0.093780296875 0.5634013796875 0.09763552812500001 0.5547423874999999 0.1040343484375 0.52903905 0.112119021875 0.494020484375 0.013958356250000001 0.44170937656250003 0 0.49482975625 0 0.51120944375
0 0.20223763906249997 0.268019225 0.13268074218749998 0.246927696875 0.0869600765625 0.32978573125 0.09636345625 0.3339723859375 0.1356251140625 0.345230484375 0.15188628906249999 0.3495788296875 0.2015304984375 0.2704853125 0.20223763906249997 0.268019225
0 0 0.61813124375 0.001237290625 0.61895596875 0.0977845421875 0.5582492515624999 0.0987677671875 0.5560408906250001 0.0391158265625 0.514278825 0 0.5452073375 0 0.61813124375
0 0.1107988 0.4981856265625 0.11521925625 0.49988248124999995 0.1228103 0.48283271875 0.1411521171875 0.4312621359375 0.06071596875 0.3695732046875 0.0311365234375 0.4366256609375 0.1107988 0.4981856265625
0 0.1764135328125 0.33019661718750004 0.1046430703125 0.3160826234375 0.057962254687500006 0.40068315937500004 0.06290172968749999 0.40288235625 0.0996839578125 0.41137420156250004 0.1271748421875 0.41712162812500003 0.175024003125 0.3362153359375 0.1764135328125 0.33019661718750004
0 0 0.679331796875 0.0762220796875 0.6297172640625 0.0762338609375 0.6297021843749999 0.07708520156250001 0.6277900437499999 0.028606323437499998 0.5883649875 0.0055046171875 0.6003171078125 0 0.6032849390624999 0 0.679331796875