0 0.78203125 0.5171875 0.1671875 0.1671875
0 0.66640625 0.63125 0.1421875 0.1421875
0 0.71796875 0.5765625 0.1515625 0.1515625
0 0.603125 0.68828125 0.1546875 0.1546875
0 0.43125 0.85703125 0.16875 0.16875
0 0.93125 0.34140625 0.1375 0.1671875
0 0.8359375 0.45 0.1609375 0.1609375
1 0.54921875 0.73515625 0.1515625 0.1515625
0 0.8890625 0.39375 0.1671875 0.1671875
1 0.4859375 0.78984375 0.159375 0.159375
1 0.359375 0.909375 0.1484375 0.1484375
0 0.5984375 0.5046875 0.171875 0.171875
0 0.53203125 0.5671875 0.1640625 0.1640625
1 0.41171875 0.684375 0.1546875 0.1546875
0 0.65390625 0.440625 0.1703125 0.1703125
0 0.771875 0.321875 0.175 0.175
1 0.34921875 0.7421875 0.1546875 0.1546875
1 0.46796875 0.6234375 0.1546875 0.1546875
0 0.8328125 0.2578125 0.1890625 0.1890625
1 0.70625 0.38046875 0.1625 0.1625
0 0.22578125 0.85859375 0.1515625 0.1515625
1 0.284375 0.7953125 0.159375 0.159375
0 0.7765625 0.83125 0.1515625 0.1515625
0 0.721875 0.884375 0.15625 0.15625
0 0.58671875 0.11171875 0.1875 0.1875
0 0.64609375 0.0671875 0.1828125 0.134375
1 0.51171875 0.175 0.1765625 0.1765625
1 0.6125 0.95234375 0.171875 0.0953125
0 0.82734375 0.77578125 0.159375 0.159375
0 0.95078125 0.61875 0.0984375 0.1625
0 0.6640625 0.9265625 0.165625 0.146875
0 0.44375 0.2359375 0.190625 0.190625
1 0.0734375 0.625 0.146875 0.20625
1 0.37421875 0.28984375 0.1796875 0.1796875
1 0.1765625 0.4859375 0.1796875 0.1796875
0 0.10546875 0.55078125 0.196875 0.196875
0 0.23671875 0.41875 0.20625 0.20625
0 0.303125 0.34453125 0.1921875 0.1921875
0 0.87734375 0.7203125 0.1546875 0.1546875
0 0.925 0.6671875 0.15 0.159375
1 0.97578125 0.565625 0.0484375 0.15
0 0.42421875 0.04765625 0.2015625 0.0953125
0 0.21796875 0.20078125 0.1953125 0.1953125
0 0.35546875 0.08203125 0.2046875 0.1640625
0 0.0890625 0.34375 0.178125 0.20625
0 0.14921875 0.26953125 0.2046875 0.2046875
0 0.2875 0.12734375 0.1953125 0.1953125
0 0.04921875 0.41015625 0.0984375 0.1921875