0 0.5943222687499999 1 0.695571303125 0.9797547390625001 0.704753178125 0.9092005109375 0.590303725 0.93516600625 0.582553190625 0.9984705999999999 0.5912268546874999 1 0.5943222687499999 1
0 0.721324128125 0.8443627515625 0.6029259921875 0.8535472875 0.586690765625 0.9191590171874999 0.704954621875 0.9105449640625001 0.721324128125 0.8443627515625
0 0.7329289671875 0.5919336703125 0.6610861234375001 0.5655389203125 0.6605892843750001 0.5667686375 0.6510610875 0.6785688875 0.717620240625 0.7075418046874999 0.720242784375 0.70860138125 0.722034253125 0.708917265625 0.7329289671875 0.5919336703125
0 0.7042016 0.6687237828125 0.627585146875 0.6582404093750001 0.6266359687499999 0.663623465625 0.6530659625 0.77150038125 0.7290575968749999 0.7768142328125001 0.7042016 0.6687237828125
0 0.7347178453125001 0.75863633125 0.7346695890625 0.75862249375 0.6133661874999999 0.763028409375 0.5940681125 0.83032879375 0.5925316828125 0.839042325 0.712884128125 0.8363724937500001 0.7347178453125001 0.75863633125
0 0.6313184421875 0.5932138140625 0.7490145828125 0.603544003125 0.77367450625 0.528632740625 0.7732167078125001 0.5284661140625 0.6567072390625001 0.5218707765625 0.6314728703125 0.5912016343750001 0.631130153125 0.5931452828125 0.6313184421875 0.5932138140625
0 0.7600971515625 0.4327798203125 0.6815596890625 0.40830849843749994 0.6723498625000001 0.5274492484375 0.6839918968750001 0.531457921875 0.7505321484375 0.5527140625 0.7600971515625 0.4327798203125
1 0.7033354515625 0.1094237875 0.69634450625 0.14231359375 0.6877632828125 0.19098013281249998 0.8250641484375001 0.19486918749999999 0.8427174203125001 0.115534140625 0.7033354515625 0.1094237875
0 0.664419603125 0.2693802515625 0.6671374343750001 0.27021117656250004 0.80295408125 0.2868185953125 0.8289191171875 0.20697120781249997 0.8298431390625 0.203948871875 0.828665125 0.2035887171875 0.68823754375 0.18827252187500002 0.666599225 0.257019 0.664419603125 0.2693802515625
1 0.74272295625 0.469630790625 0.7715580390625 0.46977822968750005 0.7440197890625 0.326650690625 0.6658033140625 0.324519384375 0.66499200625 0.32912053750000003 0.6934283031249999 0.46790938437499996 0.74272295625 0.469630790625
1 0.8125422609375 0.2866392765625 0.6699649890625 0.274531409375 0.6506712765625 0.353549484375 0.655090059375 0.35473349375 0.7918143796875 0.3580248875 0.8125422609375 0.2866392765625
0 0.5271576421875 0.9845034968749999 0.5534600875 0.9900165171875001 0.5428667218750001 0.8337232421874999 0.461232346875 0.8142382843749999 0.4606304953125 0.816845190625 0.47664181875 0.9728409984375 0.5271576421875 0.9845034968749999
0 0.5130317125 1 0.49922174375 0.8840480890625001 0.46509347031250003 0.8737428546875 0.455952915625 0.9207669234375 0.44268371718750005 0.9960202953125 0.4652537453125 1 0.5130317125 1
0 0.5744870953125 0.6491052328125 0.61258718125 0.65168820625 0.5841051828125 0.50331890625 0.5085587734375 0.49645118125 0.50806636875 0.49924373906249997 0.5276436437500001 0.6441817890625 0.5744870953125 0.6491052328125
0 0.5980373921875 0.7734342375 0.5969895890625 0.7731138921875 0.4523225328125 0.776213446875 0.43115486562500005 0.8454497609375 0.4293874875 0.8554730609375 0.581076540625 0.8503150156249999 0.5980373921875 0.7734342375
0 0.6201145984374999 0.59611355 0.47707099218750004 0.630960384375 0.46825125312500004 0.7116567984375 0.4682474421875 0.7117659265625 0.47612629375 0.71315518125 0.6164975109374999 0.6729700578125 0.6201145984374999 0.59611355
0 0.593522015625 0.7735838171875 0.6182293515625 0.701446703125 0.4668656140625 0.6950929953125 0.44286773281249997 0.7610266390625 0.4410431640625 0.7713742765625 0.441942053125 0.7717014453125 0.593522015625 0.7735838171875
0 0.5409992140625 0.4213370421875 0.5195272281250001 0.551591496875 0.5544443484375 0.5664129359375 0.595884278125 0.5814267484375 0.5962010624999999 0.580680453125 0.6191445328125 0.42944263437499997 0.5469403671874999 0.400811778125 0.54431015 0.40700817968749997 0.5409992140625 0.4213370421875
0 0.6838113015625 0.14534689843749998 0.6824961375 0.0244656875 0.6473952234375 0.018276448437500002 0.59682718125 0.0138523171875 0.59592658125 0.018959871875 0.601305896875 0.1357343140625 0.6838113015625 0.14534689843749998
1 0.668281159375 0.0973080078125 0.58419086875 0.0800251828125 0.583202171875 0.0843077046875 0.5754929468750001 0.2112848953125 0.6286815109375 0.2257432859375 0.6332977203125 0.226809021875 0.657142671875 0.2310135296875 0.668281159375 0.0973080078125
1 0.6376462234375 0.27153479062499997 0.5561451609375 0.24790534687500002 0.5539301078125 0.2551504609375 0.5455128390625 0.3794336671875 0.6213091671875001 0.403675675 0.6236715609375 0.40439793125 0.6245376171875 0.404550640625 0.6376462234375 0.27153479062499997
1 0.5450348109375 0.197908484375 0.53852253125 0.22753939843749998 0.5289383640625 0.2818939078125 0.6642195203125 0.2816601578125 0.68054175 0.2004631890625 0.5450348109375 0.197908484375
0 0.6263215328125 0.4518309078125 0.6532808140624999 0.37720250312500003 0.524290490625 0.3608989609375 0.49520029687499995 0.4372396796875 0.4951064234375 0.4377720671875 0.500654371875 0.43979135625000004 0.6263215328125 0.4518309078125
0 0.16991084218750002 0.7973648343749999 0.1905929515625 0.9531564953125 0.20415203750000002 0.955547328125 0.2726210609375 0.9639542671875001 0.24014862812499999 0.80051035625 0.1714119875 0.7888514171875001 0.16991084218750002 0.7973648343749999
0 0.24564970000000003 0.17478773281249999 0.4238331265625 0.2126814515625 0.460547409375 0.130405475 0.2775660953125 0.08570450156250001 0.2648445703125 0.1162617328125 0.24474296875 0.166014946875 0.24335926093750002 0.1738623359375 0.24564970000000003 0.17478773281249999
0 0.262901503125 0.7179150437499999 0.1912109296875 0.7035602734374999 0.19038354062500001 0.7082526328125 0.2015381390625 0.894795471875 0.21047501406250002 0.896371284375 0.28018512812499996 0.9059521109374999 0.262901503125 0.7179150437499999
0 0.41320117500000003 0.359083925 0.40419973125 0.2715404671875 0.22191036562500002 0.315608834375 0.2267203359375 0.40738850781249997 0.2296528484375 0.40790558906249996 0.23019325937500001 0.4078772671875 0.41320117500000003 0.359083925
1 0.2868794859375 0 0.2834773765625 0.0104706109375 0.26302735 0.08637948281249999 0.2715015796875 0.0891329265625 0.4454691390625 0.1170403453125 0.4715964265625 0.029298492187500004 0.3168073640625 0 0.2868794859375 0
0 0.201919615625 0.6068359812499999 0.21545049062500002 0.790946121875 0.30078989375 0.8059937609375 0.28441603125000003 0.614971690625 0.2028459125 0.6015826890625 0.201919615625 0.6068359812499999
0 0.2776447578125 0.52170540625 0.3187221203125 0.5195526328125 0.36846403125 0.515846121875 0.368385190625 0.5143417640625 0.31897625937499996 0.34153111406250003 0.2326458625 0.3425979875 0.23203396875 0.346068209375 0.2776447578125 0.52170540625
1 0.43306602187500004 0.1962625828125 0.4324466734375 0.19615337500000002 0.24963986875000002 0.2068155484375 0.23058131249999997 0.2970070171875 0.2313722296875 0.2971464765625 0.4201099515625 0.2920504015625 0.43306602187500004 0.1962625828125
0 0.239178840625 0.7015313437499999 0.294453553125 0.7243726406250001 0.32553713125 0.5365946359375 0.2381839953125 0.501487996875 0.23637157343749998 0.5055587625 0.20874417812499999 0.687980959375 0.239178840625 0.7015313437499999
1 0.24320932968750003 0.584535840625 0.2462831671875 0.6044524953125 0.3341947265625 0.617327096875 0.3402058421875 0.6178530015625 0.306557246875 0.4328962609375 0.22420466249999998 0.42646272500000004 0.2227686640625 0.43460668125 0.24320932968750003 0.584535840625
0 1 0.10429091093750001 0.930540446875 0.109845771875 0.930364153125 0.11084559062499999 0.95434886875 0.20534305625 1 0.20215081875 1 0.10429091093750001
0 1 0.19392571875 0.9262887828125 0.19041665624999998 0.9110132984374999 0.25658205 0.9092827781249999 0.266396325 0.912837721875 0.2672170484375 1 0.26977188281250003 1 0.19392571875
0 0 0.9114212171875 0.1322592578125 0.8706055640624999 0.1323445875 0.8335365859375001 0 0.8358466703125 0 0.9114212171875
1 0.9643665765625 0.35944695000000004 0.9953097124999999 0.3621541234375 0.984798128125 0.26142766562499997 0.9085849859374999 0.2523575390625 0.90747925 0.2586284765625 0.9213571234375 0.35495951406250004 0.9643665765625 0.35944695000000004
0 0.8812208265624999 0.4171167234375 0.9774178640625 0.42118565781250006 0.9972450625 0.354435521875 0.998890390625 0.348295075 0.8952503625 0.34647141718749996 0.876486153125 0.40740483281250006 0.8750645484374999 0.415467153125 0.8812208265624999 0.4171167234375
0 0.8853526453124999 0.3957889296875 0.8843617406250001 0.39976323125 0.8842215421875 0.49891108749999996 0.9360943734375 0.5118444375 0.95955336875 0.5159808906250001 0.9603973343750001 0.42034733125 0.8853526453124999 0.3957889296875
0 0 0.7800282625 0.14692497499999999 0.7560075078125 0.15747141250000002 0.6627892421875 0 0.693897296875 0 0.7800282625
0 0.038674875 0.5258868828125001 0.0379027484375 0.5280082828125 0.022461468749999998 0.7066509046875 0.10432295 0.7364460484375 0.1106844109375 0.7375677453125 0.124617578125 0.5520428984375 0.038674875 0.5258868828125001
0 0 0.8593940625 0.1303123265625 0.859389021875 0.1524405296875 0.774507846875 0.1521972625 0.7744334734375 0 0.772045003125 0 0.8593940625
0 0.1267896453125 0.45446383125 0.0441479046875 0.4339004125 0.042297540625000005 0.43357414375000003 0.0410417203125 0.4394823171875 0.04318543125 0.6201758453124999 0.135152646875 0.6419260984374999 0.1385643484375 0.6425276734375001 0.1267896453125 0.45446383125
0 0.06093481093749999 0.1229172859375 0.059392248437499996 0.211290621875 0.0628920546875 0.2119077328125 0.2510736890625 0.1868842984375 0.2513094296875 0.088037815625 0.06093481093749999 0.1229172859375
0 0.231164228125 0.2796130734375 0.23308786406249998 0.22452738125 0.23425265624999997 0.181883428125 0.23285912187500002 0.18183476406250002 0.044196190625 0.2163354203125 0.040940029687500004 0.309579659375 0.04634686875 0.31053303125 0.231164228125 0.2796130734375
0 0.1512643390625 0.253316628125 0.05759216874999999 0.2466092734375 0.0560320421875 0.2554571953125 0.085214765625 0.43663014375 0.185147759375 0.4418674109375 0.1512643390625 0.253316628125
0 0.12407624375 0.34395916875 0.0319113 0.347262325 0.03128824375 0.350795846875 0.07560973125 0.53838366875 0.17356098125 0.5366739234375 0.12407624375 0.34395916875
0 0.1307149421875 0 0.10726068281250001 0.13305430468749999 0.13068155312500002 0.1406642078125 0.20079794999999998 0.16150544375 0.23343583906249998 0 0.1307149421875 0
0 0.876802134375 0.8100976328125 0.9066995015625 0.815518678125 0.9007402828125001 0.70381474375 0.8304587078125 0.690127359375 0.8296238296875 0.6940551562499999 0.8380514953124999 0.8018609296875001 0.876802134375 0.8100976328125
0 0.913405034375 0.5787584046875 0.95315413125 0.5781556812499999 0.9264962000000001 0.4858880359375 0.8612674296874999 0.48471642187499997 0.8598901296875001 0.492527475 0.8796233421874999 0.5787584046875 0.913405034375 0.5787584046875
0 0.802026484375 0.8140875484375 0.7975846234375 0.8729662234375001 0.8036078249999999 0.874028275 0.90783355625 0.8486845390625 0.91172655625 0.774508178125 0.802026484375 0.8140875484375
0 0.8197370375 0.7126327734375 0.8263071375000001 0.7145167203125 0.920645834375 0.7137169875 0.9428300125 0.643019475 0.9430229203125 0.6419254359375001 0.8360113203124999 0.6432244500000001 0.8197370375 0.7126327734375
0 0.8321720484374999 0.6357371078125 0.929002634375 0.6397943453125 0.95492253125 0.57293925625 0.8565358765625 0.565867825 0.8429305906250001 0.5997556265624999 0.8329976468750001 0.627046165625 0.8315078281250001 0.6354953531249999 0.8321720484374999 0.6357371078125
0 0.8734871984374999 1 0.8442439796875 0.909342975 0.7763356781249999 0.9034017671875001 0.7754904125000001 0.9081955046875001 0.8057309859374999 1 0.8734871984374999 1
0 0.7890905781249999 0.950798696875 0.7909006109375001 0.9511178546875 0.7919581171875001 0.95104390625 0.8710937984375 0.9095521703125 0.8937522703124999 0.8971756171875 0.893123371875 0.8881819468750001 0.8882377984375 0.8336493046875001 0.781267409375 0.8789213328125 0.7816881390625 0.884938059375 0.7890905781249999 0.950798696875
0 0.8309488593750001 1 0.8251273843750001 0.9700725515625 0.7846774421875 0.959713725 0.776846584375 1 0.8309488593750001 1