0 0 0.6014198265624999 0.09632697343749999 0.56310119375 0.10081956875 0.5594631624999999 0.0584286515625 0.5089080265625 0 0.5304258625 0 0.6014198265624999
0 0.16141418125 0.5285991703125 0.163465675 0.5272154203125 0.12721801093750001 0.47118147656250003 0.012280184375 0.5010439890625 0.0493046765625 0.5582911109375 0.16141418125 0.5285991703125
1 0.2227087203125 0.357125821875 0.257678115625 0.4252475171875 0.3708424546875 0.400531025 0.3724787296875 0.39942734375 0.3705588609375 0.3959638109375 0.33369038125 0.333431690625 0.22376869687499998 0.356538265625 0.2227087203125 0.357125821875
0 0.1826052359375 0.387188465625 0.2057916015625 0.4941257890625 0.209908028125 0.5002286421875 0.22990075625 0.4886858375 0.274051815625 0.45913892343749996 0.24852619374999999 0.34901084375 0.1826052359375 0.387188465625
0 0.24224764062499998 0.4736061359375 0.20775526718749998 0.437503071875 0.18823232343750002 0.41728647187499995 0.0786779171875 0.47053014062500004 0.0830494234375 0.4770111640625 0.087748903125 0.481930878125 0.13355443281249998 0.529363890625 0.2400373875 0.47574055312499997 0.24224764062499998 0.4736061359375
0 0.3327396734375 0.39417824375 0.44007185625 0.3440919375 0.43868984375000003 0.3420430171875 0.3915463125 0.2858595453125 0.28507546875 0.331580859375 0.2840927203125 0.33240548125 0.3327396734375 0.39417824375
0 0.37064503125 0.2706058265625 0.4312941875 0.37389598749999997 0.4911556703125 0.31747274999999997 0.4299829921875 0.21386958749999999 0.37064503125 0.2706058265625
1 0.7953369375 0.10864584687500001 0.738527021875 0.0490367796875 0.622707040625 0.12866793906250001 0.6236718328124999 0.13009830312499998 0.6305970484375 0.1372695734375 0.6793754859375001 0.186829271875 0.7917680734375 0.11209225781250001 0.7953369375 0.10864584687500001
1 0.7291887109374999 0.16358845625000001 0.7246534921875 0.1568647171875 0.674434528125 0.10004592500000001 0.55308255 0.170744084375 0.5581814921875 0.1783035765625 0.588422771875 0.213092190625 0.6097180546875001 0.2367316625 0.7238410484375 0.1682371078125 0.7291887109374999 0.16358845625000001
1 0.4543279546875 0.313902209375 0.593702575 0.27282656250000004 0.59460663125 0.27221676875 0.5553007140624999 0.20291564062499998 0.415998171875 0.24579511874999999 0.42966560468750004 0.27118576875 0.4543279546875 0.313902209375
1 0.5709902171875 0.3028088484375 0.636188084375 0.2541740703125 0.56933335625 0.12766191875 0.511721584375 0.174634615625 0.5681737765625 0.29920396718750003 0.5709902171875 0.3028088484375
0 0.1412894375 0.7544452546875 0.1417345953125 0.754846075 0.145633946875 0.7522159296875001 0.198802721875 0.6931660234375 0.11797861875 0.559301221875 0.0643668046875 0.6164677078125 0.1412894375 0.7544452546875
0 0.148317078125 0.65520825625 0.0295013640625 0.6966029125000001 0.048159115625 0.724264165625 0.07237340625000001 0.756397615625 0.0780475390625 0.7525703640625 0.1725402125 0.6813650265625 0.148317078125 0.65520825625
0 0.4220502328125 0.3844347171875 0.358276109375 0.41960856093750004 0.3483844875 0.42555204687500003 0.3924011375 0.5668087890625 0.39378926718749996 0.5688667749999999 0.4334436234375 0.5457926421875 0.45937892500000005 0.530209140625 0.4230437046875 0.3859076 0.4220502328125 0.3844347171875
0 0.300957915625 0.6063956671875 0.24373210625000002 0.5488876703125001 0.1125593328125 0.6150690921875 0.1638570015625 0.6752565875000001 0.297364190625 0.60998939375 0.300957915625 0.6063956671875
0 0.433812934375 0.5352201609375 0.384871396875 0.4684415390625 0.24643447031250001 0.5089465718749999 0.2456104109375 0.5095024078125 0.28414466875 0.5711701109375 0.28622975 0.5742613703125 0.42868768749999997 0.538677184375 0.433812934375 0.5352201609375
0 0.263430784375 0.6626681890625 0.264706746875 0.66436145 0.29000925624999996 0.6472946921875 0.3260244796875 0.620155275 0.2793552171875 0.47402226406250003 0.21404268750000002 0.5224516859375 0.263430784375 0.6626681890625
0 0.564515184375 0.45385842812500005 0.5684815109375 0.451923921875 0.5704291421875001 0.45061022812499996 0.5381949453125 0.38030073125 0.3887928 0.41103995156249995 0.3877471796875 0.41174523125 0.404798503125 0.45208071875 0.42142705156250004 0.48617429375 0.550379240625 0.45791474218749995 0.564515184375 0.45385842812500005
0 0.83231955 0.2767175671875 0.8374092203125001 0.2837229 0.8572148546875 0.27036383124999996 0.9032763796875001 0.23483339062500003 0.8354323718750001 0.10916193125 0.763837790625 0.1598842109375 0.83231955 0.2767175671875
1 0.7603423671875 0.3327726921875 0.8156350375000001 0.2960167125 0.8316668109375 0.2847911453125 0.7703773218750001 0.163258853125 0.7031532640625 0.2142983765625 0.7580118375 0.32944435 0.7603423671875 0.3327726921875
0 0.7075337390625001 0.3332874640625 0.64555854375 0.28079536875 0.5383384859375 0.3583371203125 0.6028783625 0.4161066 0.7018909265625 0.3397787765625 0.7075337390625001 0.3332874640625
1 0.6937985765625 0.384358934375 0.7074027375 0.3751828109375 0.7588095078125 0.33355442812499997 0.69481158125 0.21268848281250002 0.6293193234375 0.268417678125 0.6937985765625 0.384358934375
0 0.5084143812499999 0.44691135624999995 0.6283353 0.420975609375 0.6343349953125 0.4169287640625 0.602131925 0.347432840625 0.47190788125000005 0.3715038515625 0.47302091874999996 0.37389076875 0.5084143812499999 0.44691135624999995
0 0.1696599015625 0.8894410718750001 0.20081380625 0.95058405 0.208916384375 0.9625966171875 0.3614025171875 0.9289645500000001 0.36853253124999996 0.9241552937499999 0.334353165625 0.864054065625 0.1696599015625 0.8894410718750001
0 0.8009609671875 0.4399375296875 0.883680753125 0.6022418890625 0.8850358390625 0.604040146875 0.9147432437499999 0.58400225 0.9352445312500001 0.568553421875 0.9614679765625 0.5483565796875001 0.8709311015625 0.383179665625 0.8009609671875 0.4399375296875
0 0.342119253125 0.7549181640625 0.27684112656250004 0.7886435203125 0.31101358281249997 0.96866324375 0.314109975 0.9732538328125001 0.3676511859375 0.9496107671875 0.38450075156249996 0.9413926859374999 0.343276909375 0.7566344609375 0.342119253125 0.7549181640625
0 0.7226784390625001 0.7121825281249999 0.7242649609375 0.7143661890625 0.7419251640625 0.7024542312500001 0.799597071875 0.6605531390625 0.7191262093749999 0.4911545734375 0.6454273734375 0.5392520203125 0.7226784390625001 0.7121825281249999
1 1 0.41927231562499995 0.9490880234375 0.3335886265625 0.8755737109374999 0.388149725 0.961298515625 0.5420808578125 0.9667842640625001 0.5491022953125 1 0.5257772328125 1 0.41927231562499995
0 0.432453959375 0.9154212234375001 0.43686102968749996 0.91953088125 0.44307600156250004 0.91533883125 0.49423429375000005 0.8604782765625 0.39220880937499997 0.697840425 0.333657909375 0.7621003453124999 0.432453959375 0.9154212234375001
0 0.4591733359375 0.67653398125 0.46143769375000004 0.6824328359375 0.4978367046875 0.762928890625 0.517829084375 0.76039388125 0.6724409171875 0.7380136546875 0.6753702875 0.7360377703125 0.6476683109375 0.6618150875000001 0.64609121875 0.657706621875 0.4598991234375 0.6762553765625 0.4591733359375 0.67653398125
0 0.6734613703125001 0.5482312687500001 0.6076331515625 0.5718510859375 0.5878502015625 0.57944505 0.6175670984375 0.7581265609375001 0.61974038125 0.7613485875 0.628948296875 0.7578139984375001 0.698965103125 0.7276716249999999 0.6736898578125 0.5488264984375 0.6734613703125001 0.5482312687500001
1 0.8463779734375001 0.47196098124999997 0.6886087453124999 0.56181239375 0.687478684375 0.562794740625 0.6902743234375001 0.5669394453125001 0.750306940625 0.6359990718749999 0.9115662 0.5373598140625 0.9114513234375 0.537189503125 0.8463779734375001 0.47196098124999997
1 0.41628980625 0.817555221875 0.5991310234375 0.7905583593750001 0.601822153125 0.78941604375 0.6028120171875 0.788748371875 0.5693108078125 0.70349118125 0.3809804140625 0.72865950625 0.4026501546875 0.7854222140625 0.41628980625 0.817555221875
1 0.428418865625 0 0.43969682656250003 0.0195340015625 0.46194040468750003 0.05661733125 0.5523574578125 0.0293151578125 0.5599373703125 0.0242024421875 0.5449389109375 0 0.428418865625 0
0 0.39807125 0.097783434375 0.49513064531250006 0.0735692765625 0.49817471874999997 0.07151602343749999 0.4613257578125 0.0065004484375000005 0.3616632203125 0.033993353125 0.3681920546875 0.0462723046875 0.39807125 0.097783434375
0 0.427412740625 0.1286691578125 0.4310387171875 0.12622340625 0.4064668453125 0.0548615078125 0.3030589171875 0.064055890625 0.3344713359375 0.1376275984375 0.427412740625 0.1286691578125
0 0.5165062609375 1 0.5023189625 0.8814661453125 0.4169221515625 0.9203024296875 0.4291387515625 1 0.5165062609375 1
0 0.6235130109375 1 0.62986156875 0.9944812828125 0.5499013859375 0.8301032515625 0.4802440671875 0.8843831874999999 0.47861801249999997 0.8857966953125 0.532589296875 1 0.6235130109375 1
0 0.7428953875000001 0.87128404375 0.6777994171875 0.806879640625 0.5181017921875 0.9040547812499999 0.5184692765625 0.9045995984375 0.5815711421875001 0.965594025 0.742390296875 0.8785763781249999 0.7456747499999999 0.8754046171875001 0.7428953875000001 0.87128404375
0 1 0.6009095890625 0.846830815625 0.6844815578125 0.8562996937499999 0.6985197453125 0.9089076015625001 0.761215409375 1 0.7055566328125 1 0.6009095890625
0 0.8966691515624999 0.6130712328125 0.8585460859375 0.6321323984375 0.8094344578125 0.657156021875 0.8606027015625 0.84163310625 0.8609822250000001 0.8423779625 0.861335103125 0.8429011265625 0.9457995953125 0.7998643203125 0.8973354078125 0.6142970296875 0.8968395578124999 0.61332386875 0.8966691515624999 0.6130712328125
0 0.729766575 0.7100782265625 0.7709151046875 0.8904713359375 0.775546715625 0.8973379843749999 0.783535275 0.8936128562500001 0.8598859125 0.8562162546875 0.8204767390625 0.6677793828125 0.729766575 0.7100782265625
0 0.59644638125 0.8337606671875 0.6318220234374999 0.8882343796875001 0.6503563703124999 0.9157126796874999 0.8259141 0.8493522578125001 0.8324697406249999 0.8449304218749999 0.78388566875 0.76702065 0.59644638125 0.8337606671875
0 0.0840039671875 0.3132854109375 0.1808648171875 0.28742897031250003 0.189740559375 0.28144220625 0.15843680468750002 0.22324963593749997 0.048055115625 0.2498111078125 0.0652098953125 0.2807331234375 0.0840039671875 0.3132854109375
0 0.273099315625 0.1810422421875 0.360797534375 0.1641781046875 0.366237003125 0.1605091359375 0.33507545 0.096988290625 0.241870259375 0.120417621875 0.2651893984375 0.1661840078125 0.273099315625 0.1810422421875
0 0.028445310937500003 0.26566286250000004 0.036571528125 0.3773685875 0.03830090625 0.3799324953125 0.0992620578125 0.35019975468750003 0.10308684531250001 0.348250565625 0.08269936875 0.236432625 0.028445310937500003 0.26566286250000004
0 0.18298875625 0.2948636234375 0.2349609859375 0.2460655171875 0.18250626875 0.1526095921875 0.1315954 0.2080161484375 0.1780721609375 0.2901157234375 0.18298875625 0.2948636234375
0 0.19717244375 0.16663415937499998 0.24326679843750001 0.2518863375 0.2438708890625 0.2524697 0.2492813890625 0.24882027187500003 0.2708905046875 0.226443378125 0.295384496875 0.19935959375 0.2458988640625 0.11403016562499999 0.19717244375 0.16663415937499998
0 0 0.422115084375 0.0011880890625 0.42444072187500004 0.0051932937499999995 0.4283085015625 0.0412669546875 0.39238495 0.048891321875 0.3844896859375 0.039504628125 0.36048300625 0.0044029421875 0.2750299609375 0 0.279220940625 0 0.422115084375