0 0.0623762921875 0.39347528125000003 0.10888885625 0.287479209375 0.0839484625 0.2646937171875 0.058303043750000005 0.2424004953125 0.053539 0.24639800312500001 0.011984903125 0.3481343171875 0.0623762921875 0.39347528125000003
0 0.18458536875 0.359963475 0.0701862171875 0.32809956875 0.0324895609375 0.384201653125 0.1465674140625 0.4165557125 0.18458536875 0.359963475
0 0.28087696093750003 0.6367099078125 0.3231880234375 0.531305153125 0.26800805156249996 0.4841382 0.2645621296875 0.48134774843750006 0.2641085828125 0.48172831875 0.2195676953125 0.5902189703125 0.28087696093750003 0.6367099078125
0 0.2326443953125 0.42136467031249997 0.160191175 0.510094734375 0.2015948984375 0.5740387328125001 0.274335496875 0.4875022859375 0.24841063124999999 0.44113163125000004 0.24052823124999997 0.4289937984375 0.23360382343750002 0.420741609375 0.2326443953125 0.42136467031249997
0 0.225818153125 0.41930498437499997 0.189325203125 0.36311076875000003 0.180683590625 0.3528120953125 0.104841471875 0.4467376625 0.1481899296875 0.5127117625000001 0.225818153125 0.41930498437499997
0 0.2705842609375 0.6488289453125 0.331176228125 0.6944882671875 0.3756768109375 0.5844339359374999 0.3119794078125 0.5394654734375 0.3110113859375 0.540277740625 0.3102239234375 0.5413227390625 0.2705842609375 0.6488289453125
0 0.3996913546875 0.7388571500000001 0.45648418125 0.681498440625 0.4537551421875 0.6782460984375 0.3549347703125 0.6175469234375 0.2974753984375 0.6764145687500001 0.3996913546875 0.7388571500000001
1 0.5769280796875 0.8509564031249999 0.5116636421874999 0.9026423484375 0.616326946875 0.9956402125 0.6763377296875 0.9496668500000001 0.680092253125 0.9465164312500001 0.6773567640625 0.9430151656250001 0.5769280796875 0.8509564031249999
0 0.522531378125 0.9449526296874999 0.523241484375 0.944397834375 0.6163337296875 0.8381513 0.5705306640625001 0.7785206515625 0.5645242546875 0.771362490625 0.561316040625 0.7738690234375001 0.4698108109375 0.8755978828125001 0.5178051765625 0.9393201624999999 0.522531378125 0.9449526296874999
1 0.39810784843749997 0.8136861703125 0.5118063296875001 0.7196967171875001 0.50700810625 0.7098589 0.47660874375000006 0.651973928125 0.47038265625 0.6550105937499999 0.36268920625 0.741879784375 0.38124513437499996 0.779925075 0.3979242390625 0.813467353125 0.39810784843749997 0.8136861703125
1 0.572987553125 0.8143370750000001 0.46365488906249996 0.7245972140625 0.42953016093749996 0.7492164890625 0.42493288749999997 0.7526807828125001 0.4048909515625 0.7694979640625 0.5082698031249999 0.8654089468749999 0.572987553125 0.8143370750000001
0 0.17432863437499999 0.34536383593750003 0.25205998749999997 0.20593567343750002 0.216809625 0.1667861796875 0.200607065625 0.149509328125 0.1952336546875 0.15401815624999998 0.1180257234375 0.281893675 0.17432863437499999 0.34536383593750003
0 0.1213737828125 0.2833040109375 0.204559771875 0.1404221765625 0.1909526734375 0.12182906874999999 0.183150896875 0.11316432031250001 0.1636559484375 0.129522525 0.09142818750000001 0.19455669375 0.065290125 0.2187278484375 0.1199328703125 0.2845130796875 0.1213737828125 0.2833040109375
0 0.49602790625 0.490908340625 0.360132834375 0.43515314062500005 0.3324472796875 0.4732590375 0.311160315625 0.5049631953125 0.45389289843749997 0.554481709375 0.4976888125 0.4923839984375 0.49711071249999994 0.49169504374999995 0.49602790625 0.490908340625
0 0.30794910625 0.2688803328125 0.26469118125 0.2183375078125 0.2631783734375 0.2194366265625 0.1784132203125 0.3370849546875 0.227228434375 0.403926996875 0.227471696875 0.40375025625000005 0.315144590625 0.27878406718750004 0.30794910625 0.2688803328125
0 0.3806325921875 0.498602196875 0.44608490156249997 0.44790057968749997 0.4421110828125 0.4431647671875 0.3149800546875 0.36969232343749997 0.3121236796875 0.37208910624999997 0.25808425 0.4207464265625 0.258723178125 0.42150787031250003 0.3806325921875 0.498602196875
1 0.39511173906249997 0.38654270625 0.3933176859375 0.384327234375 0.26554846875 0.30537998125 0.25620278124999996 0.31294796874999997 0.2068791515625 0.354335409375 0.3330887640625 0.43756688749999995 0.39511173906249997 0.38654270625
0 0.46516646718750004 0.4680378375 0.4603969859375 0.4735244984375 0.3952538609375 0.603463540625 0.45598626875 0.653758684375 0.46706971093750005 0.6353206484375 0.5282498515625 0.5170943968749999 0.514869884375 0.50546336875 0.4659632875 0.4673692265625 0.46516646718750004 0.4680378375
0 0.6928735406250001 0.829727315625 0.6623102328125 0.8562955921875 0.6551207375 0.8626975453125001 0.7480775328125 0.9445418796875 0.773042853125 0.9235934875 0.8100709109374999 0.8914054890625 0.7996860234375001 0.8790292609374999 0.7218106171875001 0.8054462250000001 0.6928735406250001 0.829727315625
1 0.6925490765625 0.8887647218750001 0.7650442265625 0.8427829250000001 0.7627805484375 0.8390155281249999 0.68012033125 0.742320503125 0.6318160390625 0.7688678890625 0.6143122562500001 0.7793852234374999 0.6077308546875 0.784907675 0.6925490765625 0.8887647218750001
1 0.5998721515625001 0.748886884375 0.6592821171875001 0.689825034375 0.653212921875 0.68259205 0.55016881875 0.6159947984375 0.49221949218749994 0.6705350015625 0.489932175 0.6727438375 0.490371984375 0.67326798125 0.5998721515625001 0.748886884375
1 0.6298436625 0.8327206546875001 0.697773125 0.715442159375 0.674091303125 0.6945672109375 0.633972403125 0.6609034578124999 0.6302604484375001 0.6640181578125001 0.5667403656250001 0.7790798375 0.6298436625 0.8327206546875001
1 0.454961053125 0.6218106859375 0.4886682140625 0.6936440265625 0.5914064890625 0.613962440625 0.5585097609375 0.5405593953125 0.5573185015625 0.539139709375 0.5523344031249999 0.5414638328125 0.454961053125 0.6218106859375
0 0.36220014843750004 0 0.2941917390625 0.0718215984375 0.29681374374999997 0.076017684375 0.3396757875 0.141937571875 0.457778559375 0 0.36220014843750004 0
0 0.7758268625 0.562074846875 0.7543228281250001 0.5814371671874999 0.8983813312500001 0.7011560515624999 0.9692424656249999 0.6386897984375 0.9663927343750001 0.6352936203125 0.822580425 0.5229106781249999 0.7758268625 0.562074846875
0 0.47704724687500005 0.0035772640624999997 0.34761936875 0.1349259171875 0.39219987343749996 0.2005872171875 0.5203736421875 0.0619216234375 0.5104405984375 0.0451773390625 0.48798448125 0.009240040625 0.48110516875 0.00104159375 0.47704724687500005 0.0035772640624999997
0 0.829570734375 0.4218777453125 0.768601646875 0.3541647140625 0.7617956390625 0.3598756328125 0.6535500953125 0.5084744609375 0.7156384124999999 0.5708437125 0.829570734375 0.4218777453125
1 1 0.62272553125 0.9984050343750001 0.621433953125 0.935210846875 0.5753897 0.9335032484375001 0.57682254375 0.92925918125 0.5820635296875001 0.8408609640625 0.7344751140625 0.9134118578124999 0.7903109046875 1 0.6502120609375 1 0.62272553125
0 0.5307830921875001 0.26954248281250004 0.604140615625 0.23106397343750001 0.6020338078125 0.2269291296875 0.479675059375 0.0871761140625 0.41397340624999995 0.11970276875000001 0.40678006875 0.12336795781250001 0.4027019140625 0.12678993593750001 0.5307830921875001 0.26954248281250004
0 0.7905292187499999 0.39653782187500003 0.79007106875 0.39616681875 0.6295417546875 0.31771863749999996 0.582519915625 0.371257596875 0.5721738875 0.38403387499999997 0.7363573625 0.469293271875 0.7439838125 0.4598753890625 0.7918169140625 0.3980724375 0.7905292187499999 0.39653782187500003
1 0.6895991375 0.5192816640625 0.6911646640625 0.5206912671875 0.8473417390625 0.6132824484375 0.912972428125 0.5497524109375 0.9108867453125 0.5472667921875 0.7541481953125 0.447592671875 0.6895991375 0.5192816640625
0 0.502817878125 0.178493515625 0.4541562234375 0.2132650859375 0.596929215625 0.3391326375 0.67299144375 0.283656659375 0.6704996765625 0.2799624625 0.53043716875 0.1598640671875 0.502817878125 0.178493515625
1 0.7112354953125 0.297688575 0.6673545796875 0.213995234375 0.6658405859375 0.21490493437499997 0.537015371875 0.34976404375 0.5815384171875 0.42232515 0.5817405578125 0.42220369062499996 0.696929340625 0.311882075 0.7112354953125 0.297688575
1 0.3779252734375 1 0.4132462375 0.9644342203124999 0.3748741484375 0.9006821171875 0.30036863125 0.9700568515624999 0.3178051625 1 0.3779252734375 1
0 0.2565137171875 0.8911546515625 0.23877645625000002 0.9095221234374999 0.32807373125 0.961094715625 0.37884185625 0.912266778125 0.37270763125 0.9049562953124999 0.292430596875 0.8559125703125 0.2565137171875 0.8911546515625
0 0.3151127546875 0.83194259375 0.25920283125 0.781601071875 0.25435181875 0.7856715546874999 0.2108426703125 0.8657866999999999 0.266291971875 0.9234487390625 0.3151127546875 0.83194259375
0 0.5734985406249999 0 0.5306699125 0.061564396875 0.5840125421875 0.1306720703125 0.6814652359375 0 0.5734985406249999 0
0 0.5650598375 0.0697138984375 0.711834928125 0.1761182875 0.78347621875 0.11618780937499999 0.6318410375 0.00884426875 0.611721490625 0.025136754687500002 0.5639111812500001 0.0682954265625 0.5650598375 0.0697138984375
0 0.6993697328125 0.271092215625 0.8191500640625 0.1253594078125 0.7862992171875 0.0748258453125 0.7788271124999999 0.0641545734375 0.7693950796875 0.0529139140625 0.6449904890625 0.189535565625 0.6993697328125 0.271092215625
0 1 0.384363896875 0.895403871875 0.49413270625 0.94582785625 0.5670306187499999 0.94635553125 0.5676594781250001 1 0.5166201109374999 1 0.384363896875
0 1 0.322060496875 0.9933926968750001 0.31014060625 0.9715993468749999 0.2841683015625 0.82990609375 0.4051756328125 0.8566284453125 0.45338403125 0.8775932828125 0.490536946875 0.8788128374999999 0.4898609359375 1 0.3831585921875 1 0.322060496875
0 0.7693988359375 0.3409512234375 0.82822884375 0.421923784375 0.9540528937499999 0.2762191296875 0.9104425812500001 0.21371532656249997 0.8981841859375 0.1991063390625 0.893201390625 0.2027265515625 0.7693988359375 0.3409512234375
0 0.8796680453124999 0.17460884375000002 0.8716343578125001 0.16503466718749998 0.806955903125 0.11459783906250001 0.7181737953125 0.2910717015625 0.794326615625 0.352739040625 0.8796680453124999 0.17460884375000002
0 0.09120547343749999 0.5540731906249999 0.011769971875 0.6232563328125 0.04478978125 0.68811856875 0.127648071875 0.61227275625 0.11069398125 0.5775117187500001 0.0978703609375 0.5531098046875 0.096508459375 0.5514867531250001 0.09120547343749999 0.5540731906249999
0 0.2312631859375 0.8416422609374999 0.2783848640625 0.7876851609375 0.2756743953125 0.78445495 0.19315359999999998 0.7444117734375 0.1816676140625 0.7567164875 0.14754168437499998 0.7946171703125 0.1481820609375 0.795380340625 0.2312631859375 0.8416422609374999
0 0 0.5909070640625 0.05038232499999999 0.6147582859375 0.09963128593750001 0.56007003125 0.098841846875 0.5591292140624999 0 0.52478475 0 0.5909070640625
0 0.1727739328125 0.6597595140625 0.125248553125 0.6084442125 0.116475921875 0.615805325 0.0670059515625 0.690505778125 0.11392783749999999 0.7493287296875 0.1727739328125 0.6597595140625
0 0.2319498171875 0.7188317859375 0.1427582921875 0.68916290625 0.1257813109375 0.7115361874999999 0.1003002265625 0.746607890625 0.19204090000000001 0.780200184375 0.2364409296875 0.723113415625 0.234251290625 0.7205039046875 0.2319498171875 0.7188317859375