0 0.1164404171875 0.2562914265625 0.048843929687499996 0.25508806875 0.00930113125 0.35928113906250003 0.00962911875 0.36397158125 0.044568393750000004 0.3651916890625 0.07834831249999999 0.3655367421875 0.1164705375 0.25672216875 0.1164404171875 0.2562914265625
0 0.1041622640625 0.2581157703125 0.10381886250000001 0.37669242812500003 0.168138253125 0.3559199046875 0.16904138124999998 0.2371695015625 0.1041622640625 0.2581157703125
1 0.33186549374999996 0.3236152546875 0.4480371390625 0.3392796953125 0.4475741359375 0.33265844375000003 0.434696521875 0.263334325 0.3235010109375 0.247451975 0.322304003125 0.2476415625 0.33186549374999996 0.3236152546875
0 0.244801496875 0.2471339 0.24692619374999997 0.307977225 0.24800597500000002 0.3234188296875 0.3546609328125 0.3535315515625 0.35981131875 0.3531714015625 0.35195864062500004 0.2757470578125 0.244801496875 0.2471339
0 0.2711895125 0.27291208437500003 0.1498616984375 0.26385155937500004 0.1501455171875 0.26791035625 0.1669872625 0.340859975 0.2835278875 0.351220253125 0.2885588984375 0.350058753125 0.2711895125 0.27291208437500003
1 0.435514046875 0.23548010000000003 0.409149321875 0.3431418578125 0.40957820624999997 0.3492751890625 0.48257776718749995 0.347719365625 0.48667293593750005 0.34743300312500003 0.5112794328125 0.231509403125 0.435514046875 0.23548010000000003
0 0.4913992546875 0.32662688906250004 0.6108893281250001 0.32783591093750003 0.593356115625 0.24746448906250001 0.473044615625 0.2465401359375 0.4884205046875 0.3146797765625 0.4913992546875 0.32662688906250004
1 0.93266039375 0.2316512640625 0.7933781046874999 0.238030778125 0.7936449796875 0.2418472671875 0.810989253125 0.3192971890625 0.9469714546875 0.3109559140625 0.9515127968750001 0.3099074640625 0.93266039375 0.2316512640625
1 0.7508653562500001 0.3587188640625 0.7514263890625 0.358640015625 0.8263486265625 0.347480678125 0.8331887124999999 0.20638601250000002 0.8330972171875001 0.2057349984375 0.8259031734375 0.2062380546875 0.7469614390625 0.21876049062499997 0.7421179890625 0.35550298125 0.7426506828125 0.3592932890625 0.7508653562500001 0.3587188640625
1 0.5863537953125 0.22809776875 0.5817885109375001 0.3663847671875 0.5831102765625 0.373184653125 0.6476340625 0.3626266171875 0.6583785359375 0.360538103125 0.6650194921875 0.21310148281250002 0.627905353125 0.220020965625 0.5863537953125 0.22809776875
1 0.6308347015625 0.297159609375 0.759476209375 0.3534177875 0.7605272937499999 0.3533442890625 0.776553621875 0.272984596875 0.6428573859375 0.22393695781249998 0.637278334375 0.2555773359375 0.6308347015625 0.297159609375
1 0.17750680937500002 0.450892103125 0.0381642359375 0.374096840625 0.03746266875 0.3741458984375 0.0228390671875 0.4570804671875 0.15890877187500002 0.526045415625 0.162550965625 0.52668763125 0.17750680937500002 0.450892103125
0 0 0.4645831421875 0.11349880000000001 0.49883311875 0.122623559375 0.498195053125 0.11788061093749999 0.4155909078125 0 0.41608245625 0 0.4645831421875
0 0.46721656562499997 0.34686357343749996 0.39668760937499997 0.36692553125 0.385712515625 0.3704915546875 0.396953721875 0.519736221875 0.40048696718750004 0.519489153125 0.441543340625 0.5067845359375001 0.47031944843750007 0.49743460937500006 0.467348840625 0.34727067031250003 0.46721656562499997 0.34686357343749996
0 0.24687505468749998 0.37444396874999997 0.1642932640625 0.3800145828125 0.1286554078125 0.52057134375 0.12878584843750002 0.5224367234375 0.192629434375 0.5230597593749999 0.20757952500000001 0.522014346875 0.24689602968750002 0.3747439265625 0.24687505468749998 0.37444396874999997
0 0.3020813296875 0.5166971890625 0.302947734375 0.5216108140625 0.31621600625 0.52068300625 0.376951453125 0.5099737078125 0.398345328125 0.35726933125000004 0.315884303125 0.3781924671875 0.3020813296875 0.5166971890625
0 0.3336035640625 0.51006925625 0.33920365 0.5096776609375 0.34118971249999996 0.430833696875 0.196782690625 0.38224563749999996 0.19544305 0.458993603125 0.3336035640625 0.51006925625
0 0.42904195312500004 0.39612957187500003 0.43964186562499996 0.4389118609375 0.450732278125 0.475186965625 0.5825176187500001 0.46744790312499995 0.5971140734375 0.46565287812499995 0.6035514625 0.46368477031250005 0.5826248406250001 0.38888340625 0.429817271875 0.3958925328125 0.42904195312500004 0.39612957187500003
0 0.9945641609375 0.40480350156249995 0.9921396437500001 0.37013128281249996 0.8737398656250001 0.352175659375 0.87177636875 0.435215940625 0.9917889843750001 0.45775703125 0.9945641609375 0.40480350156249995
1 0.8864485078125 0.47672038906249997 0.90535281875 0.4716549953125 0.8893279656249999 0.33650609062500003 0.88925734375 0.3365110296875 0.8086995328125001 0.3614592390625 0.8208674874999999 0.48842379999999996 0.821919109375 0.4923485046875 0.8864485078125 0.47672038906249997
0 0.7587006109375001 0.468920059375 0.7407955515625 0.38970040625 0.6085000125 0.38710136093749997 0.625277309375 0.4720791859375 0.7502874890625 0.47070832500000004 0.7587006109375001 0.468920059375
1 0.7864571359375 0.4880764375 0.8165821640625 0.47863848906250006 0.8022579796875 0.34416093281250004 0.8009163328125 0.34425475 0.7227615578125001 0.3672067515625 0.73435478125 0.502408103125 0.73716101875 0.5022118718749999 0.7864571359375 0.4880764375
0 0.5330036890625001 0.45365395781249995 0.6514804203125 0.49567271875 0.658020159375 0.495215415625 0.663873759375 0.414350828125 0.54007865 0.3746131875 0.5341559140625 0.44048395312500005 0.5330036890625001 0.45365395781249995
0 0.025193428125 0.6656207828125 0.0152885875 0.7360973796875 0.0161472953125 0.7483774671875 0.16143926875 0.8087438875 0.16817524374999998 0.8082728625 0.1746636390625 0.7392891406250001 0.025193428125 0.6656207828125
0 0.8121864125 0.5878537515625 0.7555081515625 0.7595149078125 0.7549013343750001 0.762956340625 0.7550808546875001 0.765523609375 0.7951335453125 0.7725859796875 0.84235925625 0.7791827609374999 0.9063068359375 0.6034304953125 0.8121864125 0.5878537515625
0 0.269764365625 0.7706848078124999 0.2549625859375 0.6932790437499999 0.06545155625 0.6918831828124999 0.0663359 0.7045299015625 0.069045490625 0.7162664249999999 0.08118503593750001 0.7638129328125001 0.2677552015625 0.7711486609375 0.269764365625 0.7706848078124999
0 0.728196225 0.6574556031250001 0.535853353125 0.6543371515625 0.5362786875000001 0.6604197171874999 0.5528979109375001 0.7459182125 0.7314474343749999 0.7446420015624999 0.740401609375 0.7429014859375 0.728196225 0.6574556031250001
1 1 0.650458171875 0.8411436046875 0.614114859375 0.8306053390624999 0.70091451875 0.8299674843749999 0.710036246875 1 0.7439560765625 1 0.650458171875
0 0.378767203125 0.7633139109375 0.354125715625 0.6809788640625001 0.163784440625 0.6869495953125 0.163814303125 0.6873766609375 0.17650620625 0.73370225 0.1863311828125 0.7679660125 0.3751988953125 0.76433710625 0.378767203125 0.7633139109375
0 0.6375293171874999 0.682834309375 0.636262584375 0.6707821453125 0.4527398984375 0.6529251953124999 0.45390623437500005 0.6696045749999999 0.46412601562500005 0.73972738125 0.64148316875 0.7613657296875 0.644016815625 0.7610994328125 0.6375293171874999 0.682834309375
1 0.6815069140625 0.60973906875 0.692880203125 0.7982092796875 0.696429728125 0.7979610734375 0.7812748703125 0.7721317546875001 0.7759549875 0.5887873234375001 0.7758807734375 0.58846586875 0.6815069140625 0.60973906875
1 0.45428906874999997 0.6914827328125 0.26739877968750003 0.6572219406250001 0.26935778125 0.69596194375 0.27258328125000003 0.7420887406250001 0.2735097203125 0.7526779921875 0.455744540625 0.7835034953125 0.4598184140625 0.7831470765625 0.45428906874999997 0.6914827328125
0 0.3689563640625 0.6853746859375 0.363007753125 0.7159776390625 0.5273753515624999 0.7972519828125 0.5319107984375 0.7969348328125 0.5442631046875 0.7051928359375 0.5259652531250001 0.6967483 0.37977015625 0.6323795453125001 0.3689563640625 0.6853746859375
0 0.933978821875 0.10940068750000001 0.936733178125 0.109208084375 0.945614646875 0.032122115624999996 0.8499634328125 0.0074511640625 0.842062453125 0.08262396562499999 0.933978821875 0.10940068750000001
0 0.8572998093749999 0.119461553125 0.8701724390625 0.043130078125 0.777446746875 0.010704393750000001 0.7769960328125001 0.010735910937499999 0.7649977406249999 0.08649014375 0.85265231875 0.11895120781249999 0.8563110500000001 0.11953069375 0.8572998093749999 0.119461553125
0 0.138552959375 1 0.096264309375 0.8168277406250001 0.0603170828125 0.825878334375 0.050733362500000004 1 0.138552959375 1
1 0.6962349546875 0.1275916734375 0.70444568125 0.1270175234375 0.769887921875 0.11787092031249999 0.7811059859375 0.014571232812500001 0.7032213484375001 0.0266101078125 0.6962349546875 0.1275916734375
0 0.60880094375 0.096087671875 0.6991449125 0.1336534515625 0.7051334484375 0.1332346921875 0.71484559375 0.063099059375 0.6206348687500001 0.0211696546875 0.6162009734375 0.046315528125 0.60880094375 0.096087671875
0 0.6229067015624999 0.045788498437500005 0.5263695421875 0.048325892187500004 0.5266452671875 0.05226895 0.5456843625000001 0.1233238171875 0.6448146703125001 0.1214532703125 0.6487710734375 0.1203931546875 0.6229067015624999 0.045788498437500005
0 0.2516793671875 1 0.265262884375 0.997112734375 0.2820932015625 0.8112711499999999 0.27962254999999997 0.8114439156250001 0.1905224625 0.8311232390625 0.1808290390625 1 0.2516793671875 1
0 0.2357565390625 0.93071953125 0.40564202656250004 0.9796254234375 0.410400871875 0.9792926515625 0.416705021875 0.890755140625 0.237399053125 0.8369434703125 0.23738722812500002 0.8372973968749999 0.2357565390625 0.93071953125
0 0.22665828437500002 1 0.2342959046875 0.9140504125 0.050386200000000006 0.839368996875 0.0403992234375 0.907095340625 0.0383544828125 0.9265497515625001 0.21137381562500002 1 0.22665828437500002 1
0 0.36066489687500003 1 0.3931984625 0.9977250312500001 0.44458183125 0.992348975 0.48245729062500003 0.8075495453125001 0.3848539015625 0.8166142000000001 0.3576206109375 0.9950069687499999 0.35796975937500003 1 0.36066489687500003 1
0 0.8995841203125 0.8347546781249999 0.705247434375 0.83684990625 0.7054808796875001 0.84018833125 0.72536395 0.9337308171875 0.9183670875000001 0.9221779968750001 0.9186760890624999 0.922112315625 0.8995841203125 0.8347546781249999
0 0.6935778874999999 0.7940736171875 0.6760682546875 0.7962235296875 0.6581102578125 0.9875130000000001 0.6582424046875001 0.988589246875 0.6640192140625001 0.9881852921875 0.755395009375 0.97696575625 0.7703810718749999 0.7864490171875 0.7702002859375 0.7849766265625 0.6935778874999999 0.7940736171875
0 0.5600318015625 0.9928587453125 0.56039338125 0.9954315171875001 0.5854099640625 0.9936821874999999 0.6587279125000001 0.9833780203125 0.6726878375 0.7910006484375 0.5769668875 0.8063252046875 0.5600318015625 0.9928587453125
0 0.6016464109374999 0.8495050093750001 0.404939915625 0.865327784375 0.4053956515625 0.8718451 0.43359358593749997 0.958629421875 0.6272084812500001 0.9392819765624999 0.6288421671875 0.938751159375 0.6016464109374999 0.8495050093750001
0 0.8442005078125 0.964825 0.9013717828125 0.9698268390625 0.9305463406250001 0.971114215625 0.9450882999999999 0.97009734375 0.9830612500000001 0.78470060625 0.8859837453124999 0.773732578125 0.8436557062500001 0.9570339765625 0.8442005078125 0.964825
0 0.32648903906250004 0.16597735 0.330232940625 0.1657155515625 0.34499533125 0.100330390625 0.24431168125 0.0479848296875 0.244257175 0.047988640625 0.236923528125 0.08255137343749999 0.2297513734375 0.11944891718749999 0.3238879828125 0.16547175625 0.32648903906250004 0.16597735
0 0.566863578125 0.1252833890625 0.549118096875 0.0547985515625 0.45345182968750003 0.058323689062499996 0.45358498750000004 0.060227934375 0.466372625 0.10795205156250001 0.47102049062500007 0.12413015937500001 0.5643855249999999 0.1259473796875 0.566863578125 0.1252833890625
0 0.17862439375 0.1750784734375 0.17985317812499999 0.179363759375 0.1860271796875 0.17893203124999998 0.237166565625 0.1620051609375 0.24903141093749998 0.045988534375 0.17800020625 0.06771078281250001 0.17862439375 0.1750784734375
0 0.311738946875 0.12483266875000001 0.4038738015625 0.15743345 0.40744989374999996 0.15718338437499998 0.4147125765625 0.085734965625 0.315241759375 0.050128110937500005 0.3121962328125 0.1082402203125 0.311738946875 0.12483266875000001
0 0.48643514374999997 0.0476128765625 0.47976994531250006 0.047962184375 0.41183275 0.053755985937499993 0.390678875 0.14620022500000002 0.3909184734375 0.1496266390625 0.4007218453125 0.14911286562499998 0.4613418046875 0.1446703125 0.486466878125 0.0482184265625 0.48643514374999997 0.0476128765625
0 0.1222407015625 0.10537065937500001 0.013105112499999998 0.077690284375 0.013391792187500001 0.0817899953125 0.0237815484375 0.147388334375 0.13496593125 0.174858659375 0.1367141140625 0.174581775 0.1222407015625 0.10537065937500001
0 0.211091615625 0.1608617484375 0.19248615625 0.089368440625 0.078156390625 0.0854976953125 0.0778759875 0.0855834234375 0.078326253125 0.09202250468749999 0.095102096875 0.14689382499999998 0.11933839531249998 0.15014672499999998 0.211062228125 0.1608707328125 0.211091615625 0.1608617484375
0 0 0.173924 0.0672216265625 0.1715765703125 0.07062128906250001 0.1713388421875 0.06672890000000001 0.12988505 0 0.1055875734375 0 0.173924