0 0.6380986796875 0 0.6047715203124999 0.0776925046875 0.6515226390625 0.1212583125 0.658822609375 0.11420881249999999 0.7027192921875 0.01873784375 0.6837577390625 0.0007975390625000001 0.6828719828125001 0 0.6380986796875 0
0 0.6771500640625 0.1054362328125 0.5728507765625 0.0486547859375 0.523500059375 0.0948390734375 0.627376025 0.152025834375 0.6771500640625 0.1054362328125
0 0.48331427343750005 0.2641057390625 0.4406871953125 0.20049476406250002 0.43965942187499996 0.20113698750000003 0.3661588640625 0.2860743703125 0.4029764953125 0.34863643906249997 0.4054694328125 0.3526259765625 0.405480653125 0.3526375953125 0.48331427343750005 0.2641057390625
0 0.49995702499999994 0.293190475 0.5333616640625001 0.1906839359375 0.49227796562500004 0.1576619984375 0.47068653749999995 0.142543515625 0.4359921703125 0.2543905046875 0.4965885765625 0.29694196562499997 0.4988788390625 0.29473028437500004 0.49995702499999994 0.293190475
0 0.46354048125 0.17988698593750002 0.463582584375 0.1799143265625 0.58087376875 0.2111666140625 0.6231084859375 0.1461308515625 0.621064440625 0.14401417968750002 0.5071480234375 0.11193108593750001 0.46354048125 0.17988698593750002
0 0.2929473984375 0.3328262046875 0.293022871875 0.3329043578125 0.3986799765625 0.38677650468749997 0.4486845171875 0.3276479859375 0.445706078125 0.3245637234375 0.343689428125 0.27647146875 0.2929473984375 0.3328262046875
0 0.3914789796875 0.40466732656250004 0.302650378125 0.32591297343750003 0.23584168593750002 0.3739085703125 0.32549771562499996 0.453007440625 0.3333717109375 0.447696365625 0.392351559375 0.4059609796875 0.3914789796875 0.40466732656250004
1 0 0.6343440421875 0.126586865625 0.6845207703125 0.168354346875 0.6176788281250001 0.164338196875 0.6135199828125 0.040815699999999996 0.5623295796875001 0 0.628615796875 0 0.6343440421875
0 0.22806269375000002 0.573791196875 0.1172210625 0.49839386093750004 0.0624165484375 0.55230339375 0.056810465624999994 0.5579094765625 0.058837132812500005 0.55993614375 0.172245175 0.6392610296875 0.23227992031250003 0.5813138046875 0.2338301515625 0.5797635734375 0.22806269375000002 0.573791196875
1 0.218997534375 0.393064696875 0.19471846406249999 0.4277388015625 0.1733015234375 0.45882984843749997 0.310692696875 0.512730909375 0.3169708203125 0.50376481875 0.3520836765625 0.450296290625 0.3470524421875 0.44508629375000003 0.218997534375 0.393064696875
1 0.19517564999999998 0.43447133281249994 0.1262529609375 0.4797083390625 0.2273482375 0.57863568125 0.286236234375 0.543519471875 0.289397803125 0.54046638125 0.2855917640625 0.534375446875 0.19517564999999998 0.43447133281249994
0 0.65872541875 0.19868164531250002 0.7075523796875001 0.2669440984375 0.7097168875000001 0.2653714921875 0.7999754484375 0.1371355875 0.769501959375 0.0951924265625 0.7539839484375 0.07472010625 0.7531819359374999 0.0738896 0.65872541875 0.19868164531250002
1 0.7707241687499999 0.21467127187499999 0.8291894046875001 0.1211073375 0.808061928125 0.09922919531249999 0.7699311203125 0.075402421875 0.7385993281250001 0.19915161875 0.765325871875 0.21988434687499997 0.7707241687499999 0.21467127187499999
0 0.451880275 0.342737140625 0.43909999375000003 0.35743917187499996 0.4020922484375 0.4012407140625 0.53567930625 0.47021205312500003 0.5459466578125001 0.45840081718750003 0.5878065875 0.4064832015625 0.582958259375 0.4014626109375 0.451880275 0.342737140625
0 0.7087744609375 0.2979985265625 0.7622116875 0.258371665625 0.7612207734374999 0.2567858703125 0.64977195 0.16402046718750002 0.5796875546875 0.2080541078125 0.5798468953125 0.2083091046875 0.6983929203125 0.30448563281249996 0.7087744609375 0.2979985265625
0 0.5146986421874999 0.286194303125 0.46010796562499995 0.3394773140625 0.4616342203125 0.34105779531249997 0.5880182140625 0.41200688906250005 0.649503384375 0.35900431875 0.6500425890625 0.35846511406250003 0.643884378125 0.3520880984375 0.5146986421874999 0.286194303125
1 0.582588515625 0.22437811875000002 0.5207082140625 0.277122440625 0.6525975453124999 0.35546834843749997 0.698876696875 0.3166355296875 0.7098094671874999 0.306077875 0.708101375 0.30404225 0.582588515625 0.22437811875000002
0 0.443842021875 0.558575390625 0.4438495265625 0.55856814375 0.44760807031249994 0.5529958734375 0.4535922484375 0.5395620296875 0.4995234578125 0.4157977640625 0.46807592500000006 0.39458613593749997 0.43026213281250003 0.371941059375 0.4298087703125 0.3726131953125 0.37842929999999997 0.516694528125 0.443842021875 0.558575390625
0 0.144217271875 0.6789399328125 0.0721693875 0.7767467015625 0.097254421875 0.8027230140625001 0.13530127187500002 0.836980553125 0.1357767421875 0.836521396875 0.2043240203125 0.736269878125 0.144217271875 0.6789399328125
1 0.176871896875 0.6368889421875 0.11606240937500001 0.6985231296875 0.221924878125 0.7767839484375 0.258276921875 0.744289915625 0.2828812671875 0.7205297749999999 0.2770408875 0.714481884375 0.176871896875 0.6368889421875
1 0.30930727343750003 0.6715237953125001 0.3151950515625 0.666755965625 0.3916715703125 0.5684273937500001 0.35010223906250004 0.5157236640625 0.339285003125 0.5045220875 0.2549532484375 0.6063592812499999 0.30930727343750003 0.6715237953125001
1 0.177030784375 0.6482203546874999 0.2954769484375 0.7140926796875 0.31593541406250003 0.6900501453125 0.34885821875 0.64939386875 0.344833471875 0.6452261218750001 0.2295621265625 0.584190509375 0.177030784375 0.6482203546874999
1 0.3212711171875 0.552550421875 0.3758678359375 0.615047053125 0.3781663890625 0.6129774296875 0.449441815625 0.505179721875 0.4405957015625 0.49535511718749997 0.43145363437500006 0.48525083750000003 0.3952222171875 0.44773210625 0.3212711171875 0.552550421875
0 1 0.3455173171875 0.9094112890625 0.27277836093749996 0.8498529890625001 0.307683646875 0.8475011312499999 0.30995480937500003 0.98559394375 0.4362185765625 1 0.4268631734375 1 0.3455173171875
0 0.32026528125 0.8919830265625001 0.3716157953125 0.9698685656249999 0.373056959375 0.971360934375 0.5073254296874999 0.8417267703125001 0.4750492421875 0.7899776109375 0.46294605000000005 0.772033890625 0.45793067968749995 0.7668403234375 0.32026528125 0.8919830265625001
0 0.9617931656250001 0.341121371875 0.89558904375 0.29841385468750004 0.8317854296875 0.4761376890625 0.8898665625 0.5188380078125 0.893515765625 0.5153140125 0.9622731921875 0.3414574890625 0.9617931656250001 0.341121371875
0 0.61525986875 0.813726175 0.6665452140625 0.7376925234375 0.6638815671875 0.7349342359375 0.4886521984375 0.6638837421875 0.44315610312500003 0.739216259375 0.61525986875 0.813726175
1 0.415739125 1 0.4547223265625 0.948413159375 0.4478966171875 0.942685709375 0.2970510078125 0.85164100625 0.2399575328125 0.92320638125 0.3594925671875 1 0.415739125 1
0 0.787860875 0.39286239375 0.7144099500000001 0.43936515781249996 0.856860428125 0.5680824109375 0.9186898093750001 0.5279299421875 0.9249873234375 0.5218485046875 0.921696709375 0.516781403125 0.787860875 0.39286239375
0 0.7286776374999999 0.6670741062500001 0.558195915625 0.6035283484375 0.5469667109375 0.6214988359375 0.5112202390625 0.6816107296875 0.511760934375 0.6819485937499999 0.682497428125 0.740884721875 0.7254458390625 0.6779057578125001 0.7308248234375 0.66929758125 0.7286776374999999 0.6670741062500001
1 0.49202313750000004 0.6903815734375 0.490755340625 0.692063996875 0.41212822656250003 0.8557166234375 0.4812214484375 0.9156341375 0.48318676875 0.91373625 0.5690651515625 0.74843689375 0.49202313750000004 0.6903815734375
0 0.6737346375000001 0.5955763453125 0.7381815703125 0.6588021109375 0.74542813125 0.6518041875 0.8383832328124999 0.4995141890625 0.8092445625 0.46934021093749995 0.77048875 0.43205134999999995 0.6737346375000001 0.5955763453125
1 0.6396706390625 0.5333330468749999 0.5789847781249999 0.5930376671875 0.5791485953125 0.5932073046874999 0.7125545125 0.68062684375 0.7296024171875 0.6913734875 0.8012796468750001 0.6297903328125 0.8000526890625 0.6285197796875 0.6396706390625 0.5333330468749999
1 0 0.419958246875 0.043763228125 0.44206668125000004 0.092380628125 0.3860528546875 0.0918230859375 0.38547550468749997 0.0035346890625 0.33645118749999997 0 0.3404063484375 0 0.419958246875
0 0.14269112343749998 0.3452619609375 0.0693919109375 0.2828307875 0.012672378125 0.32322376875000003 0.0075954046875 0.32704954375 0.08814210624999999 0.3922937765625 0.14226331875 0.3545607796875 0.1465667109375 0.350405040625 0.14269112343749998 0.3452619609375
0 0.1180556859375 0.35645532968750004 0.1197739921875 0.35533945 0.18559421250000002 0.28599303125 0.14913780625 0.21989592343750003 0.146153259375 0.2168053359375 0.07604878281250001 0.29177037499999997 0.1180556859375 0.35645532968750004
0 1 0.5372242015625 0.9213588890625 0.514933565625 0.8735307593750001 0.58764458125 0.8739104531249999 0.5880377640625001 1 0.6283141109375 1 0.5372242015625
0 0.9966020437499999 0.5931737218750001 0.9779790421874999 0.5751896984375 0.9293154609375 0.5329954781249999 0.9280475453125 0.534308440625 0.8403236640625 0.6929569250000001 0.9075839125 0.75586784375 0.9105725171874999 0.75298178125 0.9966020437499999 0.5931737218750001
0 0.7397845000000001 0.6963321640625 0.8996025031249999 0.79358055625 0.9443588343749999 0.7492997046875 0.96853595625 0.7242635625 0.9684752375000001 0.7242006859375001 0.8033742296874999 0.6348661703125 0.7397845000000001 0.6963321640625
0 0.6219435390625 1 0.6618343 0.9347138890625001 0.5859652171875 0.8710521703125 0.5156088734375001 1 0.6219435390625 1
0 0.63751914375 1 0.737063715625 0.8834580437499999 0.6888757187500001 0.8217802171875 0.6778236984375 0.8078537203125 0.6764708453125 0.8064528 0.676140375 0.8067109921875 0.5531655046874999 0.9551674703125 0.5881925156250001 1 0.63751914375 1
0 0.755186325 0.739510796875 0.6193060796875 0.876106340625 0.6715586890624999 0.956568303125 0.673757534375 0.9588452734375 0.6769880171875 0.9567473734374999 0.8072316921875 0.8209894875 0.7675410234375 0.7572345515625 0.7577655875 0.7421817015625 0.755186325 0.739510796875
0 0.8517045484375 0.8554446609375 0.89390168125 0.8146953625 0.7514722671875 0.68824556875 0.675741615625 0.7433733609375001 0.8206918828124999 0.8771599640625001 0.8517045484375 0.8554446609375
0 0.27766784218749996 0.0841975640625 0.3806579421875 0.12904310937500002 0.4055178796875 0.0994161875 0.4225190453125 0.07787144375 0.415231034375 0.0703244875 0.3234920765625 0.02765061875 0.27766784218749996 0.0841975640625
0 0.214002378125 0.19450467968750002 0.182732221875 0.1699581671875 0.1453834140625 0.25843997343749997 0.1957450828125 0.30074191093749997 0.2011779953125 0.29549540625000004 0.24025568437499997 0.21576418749999998 0.214002378125 0.19450467968750002
0 0.3567883703125 0 0.32811171093749997 0.0318438515625 0.32831990312500003 0.0320594390625 0.4381745265625 0.0702305015625 0.47830193593750003 0.027669578125 0.4724377875 0.021597075 0.42681702968749996 0 0.3567883703125 0
0 0.311495959375 0.20416750156250002 0.31237674375 0.2028616828125 0.3433429140625 0.10346838124999999 0.32496827968750003 0.0910745359375 0.281244865625 0.0645990125 0.280664065625 0.0654600875 0.2504792640625 0.1611107859375 0.311293321875 0.2043631859375 0.311495959375 0.20416750156250002
0 0.226386875 0.13698026562500001 0.1737828828125 0.1857066859375 0.25911230937499996 0.23519231718750003 0.25931311875 0.23501070937500002 0.312136846875 0.183999428125 0.3108118765625 0.1826273796875 0.226386875 0.13698026562500001
1 0.39533906406249997 0 0.49119507812499996 0.0312582578125 0.4948248765625 0.026441353125 0.5130567765625 0 0.39533906406249997 0