0 0.290539309375 0.1483484171875 0.2524793046875 0.0455000078125 0.22638575 0.0462221390625 0.20048301093749998 0.04757964375 0.18217098437499998 0.049504315625 0.22490701093749998 0.15644678125 0.2908418578125 0.154121384375 0.290539309375 0.1483484171875
0 0.18952935937499998 0.22634496093749998 0.30282438125 0.19134810625 0.3038865796875 0.12317979999999999 0.1905890515625 0.158762721875 0.18952935937499998 0.22634496093749998
0 0.328399065625 0.3621343328125 0.21922823593750002 0.4055331671875 0.22837445 0.48193068125 0.3335880203125 0.43914641718749997 0.329607984375 0.3736364234375 0.328399065625 0.3621343328125
0 0.2287613375 0.40753311718749996 0.22925597656250002 0.407481128125 0.3271656921875 0.3444639109375 0.307741628125 0.2719723125 0.3065435109375 0.272098240625 0.30471542500000004 0.272588075 0.213316090625 0.329590634375 0.2287613375 0.40753311718749996
0 0.2813876453125 0.198108896875 0.20568444062500002 0.1994303015625 0.2024089375 0.1997745703125 0.240666903125 0.3156539765625 0.31972402187500004 0.31384395 0.31963390937499997 0.3086813890625 0.2813876453125 0.198108896875
0 0.259367303125 0.5515434171875 0.33031409375 0.5602545875 0.33453390625 0.5598110671875001 0.3181826171875 0.443229428125 0.23988058906249998 0.43607451875000003 0.2397242453125 0.4373478421875 0.259367303125 0.5515434171875
0 0.3594769953125 0.6279249124999999 0.318356934375 0.5175933781250001 0.2368357921875 0.5286061937500001 0.27893957187499996 0.6407420453125 0.35973864375 0.6304143359375 0.3594769953125 0.6279249124999999
1 0.40609736874999997 0.8472669203125 0.270817934375 0.8797192234375 0.277172115625 0.9627283046875 0.41203044687499996 0.9281589468749999 0.406923671875 0.8551286593749999 0.40609736874999997 0.8472669203125
0 0.2838603234375 0.8918465984375 0.28478434375 0.8948689359375 0.2859623578125 0.8945087796875001 0.41094680781250004 0.828680375 0.3893970953125 0.756061628125 0.387264459375 0.7490860921875 0.38108170937499997 0.749735925 0.2607362234375 0.8111306515625 0.2838603234375 0.8918465984375
1 0.29263932187499997 0.7294466 0.3724828390625 0.7316222390625 0.372502653125 0.7310548156250001 0.34323080781250004 0.5881879046875 0.2939361546875 0.5864664984375 0.265101071875 0.586319059375 0.29263932187499997 0.7294466
1 0.3191982328125 0.8113714156249999 0.39665021875 0.78727945 0.39631133125 0.784055159375 0.32800903593749997 0.6639237812500001 0.287328096875 0.674678646875 0.25644421875 0.6835344562500001 0.3191982328125 0.8113714156249999
0 0.4621500796875 0.1697782265625 0.37735266093750003 0.038501940624999995 0.32704806875000003 0.051044284375000006 0.3011530359375 0.0580614265625 0.301163809375 0.0581639328125 0.3815039796875 0.192522246875 0.4624852828125 0.17296747343750002 0.4621500796875 0.1697782265625
1 0.4418323359375 0.11100053750000001 0.40409774218749994 0.0073255937500000005 0.37385015781250003 0.01050474375 0.331598734375 0.025883003124999998 0.4098246546875 0.12676040625 0.4426167703125 0.11846394375 0.4418323359375 0.11100053750000001
0 0.42085771406249994 0.5200534140624999 0.49407412968750003 0.5034114359374999 0.4935727671875 0.49864128750000003 0.43102680312499997 0.36863727812499997 0.38495460625 0.3784302265625 0.3479210875 0.387747246875 0.42085771406249994 0.5200534140624999
0 0.402387384375 0.2760459359375 0.4785519609375 0.2510912953125 0.4780588453125 0.2463996140625 0.47791352343750004 0.245952359375 0.3885884328125 0.1271878671875 0.315557325 0.1575266625 0.402387384375 0.2760459359375
0 0.4700320109375 0.4360647875 0.44385035000000006 0.2973847 0.3707315859375 0.28549305468749997 0.3640440453125 0.28490797031250004 0.36024343281250004 0.28530743125 0.3946012296875 0.43442152187499994 0.46952216093750004 0.441892384375 0.4700320109375 0.4360647875
1 0.4772556921875 0.3058054828125 0.4847069390625 0.23491159375 0.48372076249999996 0.22552874687500002 0.48290565625 0.2254430765625 0.3353728796875 0.2602871328125 0.32885100624999997 0.336258709375 0.4772556921875 0.3058054828125
0 0.4970907453125 0.468509409375 0.357631840625 0.50948495625 0.362267703125 0.588203034375 0.38331131875 0.583734240625 0.5115012812499999 0.5478484531250001 0.5108825609375 0.5301306234375 0.5053741921875 0.46822014375 0.4970907453125 0.468509409375
0 0.5262038859375 1 0.5262673343750001 0.99999333125 0.5190055250000001 0.885763709375 0.44345524531249997 0.878295378125 0.4363859 0.8790383953124999 0.4398139828125 1 0.5262038859375 1
1 0.412845609375 0.920215465625 0.5467905484375 0.8960234687499999 0.5461075234375 0.8764642109375 0.5423893828125 0.8136195421875 0.542028996875 0.810190709375 0.5381255140625 0.8103270218749999 0.41315113593749997 0.8358115937499999 0.412845609375 0.920215465625
1 0.5262083890625 0.734408078125 0.4776878640625 0.62213175 0.39323281718750003 0.641368521875 0.4494166046875 0.761169384375 0.5273888859375 0.745639759375 0.5262083890625 0.734408078125
1 0.46344364843749997 0.8502937718749999 0.540825775 0.82863896875 0.54008128125 0.8215555921875 0.48395821093749997 0.7060769515625 0.43119988749999993 0.7198239984375 0.40109850625 0.72845543125 0.46344364843749997 0.8502937718749999
1 0.446475475 0.6765487 0.525576646875 0.6536570546875 0.525239075 0.6504452609375 0.45771031874999996 0.5403668749999999 0.44506767343750003 0.5442321203125 0.38186774687499997 0.56372073125 0.446475475 0.6765487
0 0.59168521875 0 0.669683140625 0.139349528125 0.7391059984374999 0.1291311625 0.7384266125 0.122667234375 0.6797541125000001 0 0.59168521875 0
0 0.6616768453125 0.8738208078125 0.8372057875 0.8054839312500001 0.8300997421874999 0.773156146875 0.8163082015625 0.71341841875 0.8151182828125 0.7135434843749999 0.8122541265625 0.7142047265625 0.6445598640625 0.785365825 0.6616768453125 0.8738208078125
0 0.766130284375 0.082575559375 0.7608397250000001 0.0820194984375 0.5798527640625 0.1115004328125 0.5705053046875 0.184239775 0.570598309375 0.1851246578125 0.7602117859375 0.160424096875 0.7621713671875 0.1417799328125 0.766130284375 0.082575559375
0 0.7113875015625 0.7002254984375 0.795696703125 0.6825038375 0.795374334375 0.6794367046875001 0.794427896875 0.6734611296875 0.7345596078125001 0.5052429703125 0.64240068125 0.5198395109375 0.7113875015625 0.7002254984375
1 0.683346153125 0.9742355312500001 0.85032675625 0.8917743937499999 0.8449156062500001 0.876059275 0.8155646265625001 0.8031286218749999 0.8071397421875 0.80602954375 0.6514079671874999 0.8884379765625001 0.683346153125 0.9742355312500001
1 0.6498379812499999 0.146121628125 0.602055178125 0.1542708703125 0.6771196140625 0.3293814390625 0.7619879593750001 0.31694231875 0.7616519 0.31374492656249997 0.7615737499999999 0.313251509375 0.6850437109375 0.1405455890625 0.6498379812499999 0.146121628125
0 0.7987204453125 0.4435964296875 0.6199047796875 0.4900326296875 0.6210138 0.5111939984375 0.6262107734375 0.5809381109375 0.6268474765625001 0.5809047421875 0.800510996875 0.5312519625000001 0.7995690265625 0.4550284203125 0.799072790625 0.4455596953125 0.79886564375 0.443588821875 0.7987204453125 0.4435964296875
1 0.8117099812499999 0.7750676765625 0.8112694578124999 0.77087636875 0.74342053125 0.5990423296875 0.6492009703125 0.619069315625 0.6493435437499999 0.620425796875 0.64949950625 0.6211595437499999 0.721425684375 0.787865965625 0.8117099812499999 0.7750676765625
0 0.782061709375 0.2985532171875 0.7661237265625 0.23950547968749997 0.7595007109374999 0.24020158593750002 0.5982885203125 0.3273255640625 0.62162145625 0.417236490625 0.7892314828125 0.3296089125 0.782061709375 0.2985532171875
1 0.7792223500000001 0.4958646765625 0.729650596875 0.3499446625 0.722832959375 0.33098044843749996 0.6603326875 0.3338932203125 0.6286544875 0.33722273281250004 0.69640075625 0.510885546875 0.77979730625 0.501335021875 0.7792223500000001 0.4958646765625
0 0.187811828125 1 0.191090765625 0.9989837296875 0.190291540625 0.9913796125 0.15086424062499998 0.9085804859375 0.07596539531249999 0.9323000390624999 0.11082074687500001 1 0.187811828125 1
0 0.1810055109375 0.9012219531250001 0.157294084375 0.8282456874999999 0.1524638609375 0.8287533640625 0.06995622812499999 0.8750943937500001 0.0936381609375 0.948055875 0.0940040140625 0.9480174234375 0.1810055109375 0.9012219531250001
0 0.8196198015625 0 0.8524177421875001 0.1000473046875 0.8882873640625 0.0995037890625 0.884812615625 0 0.8196198015625 0
1 0.158743259375 0.7542513578125 0.0665315375 0.787736590625 0.07642694375 0.865922471875 0.172632859375 0.8266657265624999 0.16234605625 0.7538726890625 0.158743259375 0.7542513578125
0 0.16079413125 0.7836384 0.1380272265625 0.6849606390625 0.0785656015625 0.68172364375 0.072504678125 0.6816178500000001 0.0648537390625 0.6824219968749999 0.085410434375 0.7827624265625001 0.1607510078125 0.7861089375 0.16079413125 0.7836384
0 0.1377926765625 0.6159992953125 0.0632626390625 0.6040338937499999 0.058989753125 0.6044829921875 0.07490238437499999 0.705879159375 0.15173685625 0.7126013046875 0.1519154265625 0.71056025625 0.1377926765625 0.6159992953125
0 0.770098084375 0.1470649046875 0.7757973546875 0.2390567890625 0.7759671171875 0.24067197812500002 0.9502586796875001 0.173157103125 0.945424628125 0.10402694531250001 0.9435684875 0.08636694375000001 0.770098084375 0.1470649046875
0 0.8639121734374999 0.349766440625 0.9507777953125001 0.334335909375 0.94996135625 0.3265680078125 0.8847950984375 0.1657594546875 0.8772154328124999 0.166556109375 0.7920034640625 0.1770188234375 0.7916527125 0.1770675796875 0.8639121734374999 0.349766440625
0 0.9232320546875 0 0.7556063109375 0.057725425 0.7623182921875 0.145186390625 0.76257251875 0.1451775125 0.950995071875 0.08358819375 0.9504909609375 0.056799303125 0.9485074843750001 0 0.9232320546875 0
0 0.9552357328125 0.4395839421875 0.955086209375 0.43530212968750004 0.8998501265625001 0.2609925015625 0.8154261171874999 0.261032403125 0.8115167781249999 0.261443290625 0.8588186796875 0.4420078515625 0.9417295828125001 0.44100349687499996 0.9552357328125 0.4395839421875
0 1 0.682124853125 0.831988234375 0.712907115625 0.829982146875 0.7994349 0.8302834156250001 0.8023012796875 1 0.77973323125 1 0.682124853125
0 1 0.5676758796875 0.8212850171875001 0.626998746875 0.8231290171874999 0.644543234375 0.8315014703125 0.72124818125 0.8329767921875 0.72109311875 1 0.6684384999999999 1 0.5676758796875
0 1 0.47959074062499996 0.997065140625 0.4794882546875 0.814407790625 0.51219031875 0.8109147828125 0.6122169390625001 0.99977023125 0.574865125 1 0.5706165921874999 1 0.47959074062499996
0 0.9533595609375001 0.5492331625 0.9384400875000001 0.35538659687499996 0.9051478046874999 0.35011361875 0.8492791484375 0.3423140671875 0.845671603125 0.3426932359375 0.8569697609375 0.5390251875 0.9525779546875001 0.5541680375 0.9533595609375001 0.5492331625
0 1 0.768939596875 0.84019086875 0.8165055375 0.8503612796875 0.8934809593749999 0.8548263140625 0.91880343125 1 0.8716256796874999 1 0.768939596875
0 0.126166646875 0.32782890625 0.11965611875 0.3011675359375 0.1092220890625 0.302264196875 0.019114479687499998 0.34828282499999996 0.0354618640625 0.419206590625 0.1342076734375 0.3656589578125 0.126166646875 0.32782890625
0 0.1502662171875 0.561402203125 0.15172723906250002 0.54972439375 0.1507974984375 0.5408785015625 0.057791179687500006 0.5541401718750001 0.047054078124999996 0.62171006875 0.14294339218750002 0.6135068140625 0.1502662171875 0.561402203125
0 0.089855153125 0.22991082187499998 0.0406050640625 0.23249190937500003 0.016831107812500003 0.23499065312499998 0.0644621390625 0.33788845312500004 0.12490954531250001 0.3371649734375 0.124692865625 0.33303045937500003 0.089855153125 0.22991082187499998
0 0.134621465625 0.4821033265625 0.113230090625 0.3854989546875 0.096705590625 0.38393072031250003 0.0415657453125 0.380074965625 0.0387675828125 0.380369065625 0.0618744875 0.482940221875 0.13445699375 0.48445536093749997 0.134621465625 0.4821033265625
0 0.0649653984375 0.5718042640625 0.14587638593750002 0.5153830703125 0.13512339375 0.48048521875 0.1230271046875 0.44535504687499994 0.1215381984375 0.4455115375 0.120840471875 0.44575178437499996 0.043035671875 0.5035361796875 0.0649653984375 0.5718042640625
0 0.09991085625 0.0832879109375 0.005374896875 0.1383798171875 0.0105951 0.209660778125 0.11130442031250001 0.1518014859375 0.10285402968749999 0.0829785703125 0.09991085625 0.0832879109375
1 0.01100150625 0.216025 0.0124118609375 0.22492963437500002 0.022031678125000002 0.27882895625000004 0.12464929531249999 0.22440612031249998 0.1237057734375 0.2184489578125 0.1107795859375 0.15441646874999998 0.10538363906249999 0.15498360625000002 0.03249506875 0.20172072812500003 0.01100150625 0.216025
0 0 0.127999409375 0.048969328125 0.1291745234375 0.10628828125 0.1301750296875 0.1077976296875 0.0570216625 0.1067483765625 0.047038692187499995 0.1033542484375 0.046979446875000004 0.0025283921875 0.08569839375 0 0.11882856718749998 0 0.127999409375