0 0.7609375 0.371875 0.125 0.16875
0 0.6015625 0.31875 0.109375 0.140625
0 0.675 0.34609375 0.115625 0.1484375
0 0.51796875 0.29375 0.1296875 0.153125
0 0.28203125 0.215625 0.1328125 0.1625
0 0.96484375 0.459375 0.0703125 0.165625
0 0.840625 0.409375 0.125 0.16875
1 0.446875 0.27578125 0.121875 0.1578125
0 0.91484375 0.43828125 0.1203125 0.1640625
1 0.36328125 0.25390625 0.1234375 0.1640625
1 0.1921875 0.19921875 0.125 0.1484375
0 0.59609375 0.4671875 0.1234375 0.16875
0 0.50625 0.43828125 0.128125 0.1578125
1 0.34140625 0.384375 0.1171875 0.14375
0 0.6765625 0.49921875 0.13125 0.1703125
0 0.8390625 0.55625 0.128125 0.171875
1 0.25859375 0.35859375 0.1265625 0.1578125
1 0.421875 0.415625 0.121875 0.15
0 0.9234375 0.5890625 0.134375 0.18125
1 0.7515625 0.53203125 0.134375 0.1609375
0 0.09140625 0.30859375 0.1234375 0.1515625
1 0.1734375 0.33984375 0.128125 0.1546875
0 0.31171875 0.025 0.1109375 0.05
0 0.9875 0.22578125 0.025 0.1515625
0 0.61328125 0.084375 0.1140625 0.15625
0 0.5375 0.06796875 0.115625 0.1359375
0 0.76171875 0.834375 0.1359375 0.1875
0 0.8484375 0.87109375 0.134375 0.1765625
1 0.66484375 0.81015625 0.1359375 0.1796875
1 0.3875 0.0453125 0.121875 0.090625
0 0.68515625 0.11171875 0.1140625 0.1609375
0 0.9015625 0.1859375 0.1125 0.159375
0 0.4609375 0.059375 0.121875 0.11875
0 0.575 0.784375 0.146875 0.1875
1 0.053125 0.60390625 0.10625 0.2015625
1 0.48515625 0.76484375 0.1453125 0.1765625
1 0.2140625 0.67421875 0.14375 0.1859375
0 0.11953125 0.6453125 0.1484375 0.184375
0 0.30078125 0.70859375 0.1546875 0.1921875
0 0.3953125 0.74765625 0.1375 0.1890625
0 0.75625 0.14140625 0.11875 0.1609375
0 0.82890625 0.16640625 0.1140625 0.1578125
1 0.953125 0.215625 0.09375 0.15
0 0.6671875 0.95546875 0.134375 0.0890625
0 0.75859375 0.96953125 0.1484375 0.0609375
0 0.3859375 0.90546875 0.140625 0.1796875
0 0.575 0.940625 0.140625 0.11875
0 0.1875 0.83984375 0.146875 0.1796875
0 0.290625 0.875 0.146875 0.178125
0 0.48203125 0.92734375 0.1453125 0.1453125
0 0.0921875 0.809375 0.1375 0.171875
0 0.03359375 0.775 0.0671875 0.175