0 0.7947264828125 0.06273140625 0.7242959890625 0.145758278125 0.72313678125 0.152332478125 0.7826899328125 0.1764175515625 0.86010334375 0.0897820890625 0.81899941875 0.0723345078125 0.7947264828125 0.06273140625
0 0.70680173125 0.2269769875 0.70671598125 0.2274633015625 0.7695379484375 0.2517063890625 0.844971859375 0.1599883484375 0.7813694015625 0.1354369046875 0.70680173125 0.2269769875
0 0.76336780625 0.5039638328125 0.7863734984375 0.43511407812499997 0.6981915937500001 0.368353096875 0.6953027765625001 0.3678437203125 0.66721068125 0.43798349375 0.7611819765625001 0.5079749312499999 0.761864109375 0.508095209375 0.76336780625 0.5039638328125
0 0.8018293562500001 0.360457515625 0.7165890375 0.2843338375 0.7138345828125 0.283848153125 0.7039078203125 0.30614402812499997 0.6855561015625 0.355999321875 0.770938425 0.4300912265625 0.8018293562500001 0.360457515625
0 0.816438215625 0.26197575156249997 0.7084431906249999 0.20866972968750003 0.6997388015625 0.258034775 0.6952477796875 0.2863899671875 0.803323978125 0.3416481140625 0.803373559375 0.3416559671875 0.816438215625 0.26197575156249997
0 0.6754131937500001 0.44534148125 0.67445248125 0.44508405937499995 0.6729295828125 0.44481553125 0.6503775187499999 0.5196103890625 0.75320066875 0.5789370921875 0.77283710625 0.505652915625 0.6754131937500001 0.44534148125
0 0.6321918140625 0.6420732734375 0.7128814171875 0.6552636109375001 0.7588730328125 0.54466546875 0.6777858921875 0.530814315625 0.632374884375 0.640770671875 0.6321918140625 0.6420732734375
1 0.5723861640625 0.850952803125 0.5616851640625 0.9060046749999999 0.556939490625 0.9329187234375 0.6813020078124999 0.9793907859375001 0.6873829640625 0.9804630234375 0.7019245421875 0.9016597359375 0.5723861640625 0.850952803125
0 0.69752309375 0.90133419375 0.699198684375 0.894076415625 0.7158745921875 0.8190318515625 0.589245746875 0.7632466703125 0.5852420765625 0.7625407140625 0.5845825875 0.7653972828125 0.567254121875 0.847016984375 0.6932800640625 0.9005860328124999 0.69752309375 0.90133419375
1 0.63158163125 0.594598575 0.6244064390624999 0.5933333953125 0.5944017921875 0.664019915625 0.7117536 0.74893981875 0.7442846234375 0.678235184375 0.63158163125 0.594598575
1 0.5978055734375001 0.814521221875 0.6719703515625 0.8168630265625 0.7122845078125 0.6818124578125 0.70739801875 0.6809508375 0.663815303125 0.6776901609375 0.63004315625 0.6759202375 0.597844115625 0.813785815625 0.5978055734375001 0.814521221875
0 0.7223133796875 0.06309188437499999 0.6960425531250001 0.0574301109375 0.6722049796875 0.05279655625 0.6448958578124999 0.0479812203125 0.569123696875 0.179964665625 0.567984365625 0.18642613125000002 0.6490656578125 0.2015641859375 0.7223133796875 0.06309188437499999
0 0.6919270656250001 0.1396296640625 0.6874587859375 0.025340735937499997 0.6527763484375 0.0192252859375 0.6398081203125 0.0199049234375 0.6075889203125 0.1419188546875 0.60787650625 0.14740636406250002 0.6919270656250001 0.1396296640625
0 0.5569583921875 0.3779513578125 0.5221881749999999 0.5206648625 0.5221881749999999 0.522872875 0.59838645 0.5239444140625 0.6422212359375 0.37936507656249996 0.604059871875 0.3779513578125 0.5569583921875 0.3779513578125
0 0.565675546875 0.28605644531249996 0.64662089375 0.2805962203125 0.682730221875 0.13817995156250001 0.6036518453124999 0.13740824375 0.565321025 0.28098653281249997 0.565675546875 0.28605644531249996
0 0.5384556875000001 0.4472196640625 0.61349559375 0.44105749375 0.6502760546874999 0.2932669234375 0.6445098546875 0.2922501859375 0.6399607625 0.292568290625 0.566645596875 0.3031820265625 0.538047621875 0.4413840578125 0.5384556875000001 0.4472196640625
1 0.5656897890625 0.20398928437500002 0.5646895125 0.2036053140625 0.56297426875 0.2033028703125 0.5342401765625 0.27815774375 0.65264424375 0.372666084375 0.6813235859375 0.3020140453125 0.5656897890625 0.20398928437500002
0 0.6473520171875 0.487916084375 0.6218479421875001 0.47582201875 0.5756621578125001 0.4552587828125 0.4835110484375 0.5716340703125 0.482017778125 0.5749880078125 0.4819514171875 0.5753643625 0.553769421875 0.6120908171874999 0.635655521875 0.50590981875 0.646505365625 0.48981769374999995 0.6473520171875 0.487916084375
0 0.55751019375 1 0.5555133265625 0.91309255 0.4203595703125 0.9045341171875 0.4111604328125 0.9048553578125 0.4104438453125 0.9089193203124999 0.4154045703125 0.9867813296874999 0.549316175 1 0.55751019375 1
1 0.56927705625 0.853319059375 0.451027359375 0.7975793890625 0.44644681718749996 0.7967717171875 0.437881190625 0.8247886187500001 0.4241760671875 0.8766875625000001 0.5419675234375 0.9354820453125001 0.56927705625 0.853319059375
1 0.592414075 0.6786763515625001 0.47095087343750003 0.6292923421875 0.4708584375 0.6292777 0.4616311640625 0.6816081703125 0.456392271875 0.7146852328125 0.5794423921875 0.7603780375 0.5805224921875001 0.7605491078125 0.592414075 0.6786763515625001
1 0.5157536640625 0.8515966531249999 0.5820817578125 0.7363413734375001 0.5823780562499999 0.734660978125 0.5051885656249999 0.7065663015625 0.4374211296875 0.8189100984375 0.436369559375 0.824873840625 0.5157536640625 0.8515966531249999
1 0.5529113140625 0.6779324078125 0.601050203125 0.555896375 0.5829444078125 0.552703834375 0.5182114828125 0.545739840625 0.47546782343749994 0.6644884453125 0.47501485781249997 0.6681775546875001 0.5529113140625 0.6779324078125
0 0.35253958750000003 0 0.297780640625 0.12163410937500001 0.29748895625 0.1244092921875 0.3737281375 0.1338141765625 0.37954624375 0.1344256828125 0.4299720234375 0 0.35253958750000003 0
0 0.3351814875 0.76472575625 0.16561282500000002 0.6996549843750001 0.1610211640625 0.69884535 0.15336639218749998 0.738225734375 0.143927721875 0.7917550906249999 0.32116196874999997 0.853724228125 0.3351814875 0.76472575625
0 0.450260496875 0.130647096875 0.2917304984375 0.0412397828125 0.2832076453125 0.0397369734375 0.269008625 0.08925483906250001 0.26407572031250004 0.108088396875 0.42550567343749995 0.206052840625 0.450260496875 0.130647096875
0 0.2864052921875 0.4892801984375 0.18248899062499999 0.634479934375 0.178633965625 0.6427470625 0.2549352828125 0.68309653125 0.3709707875 0.5287137359375 0.2864052921875 0.4892801984375
1 0.320879859375 0.8546203109375 0.15420867968750002 0.7976001828125 0.145397646875 0.796046559375 0.12892534375 0.8678397234374999 0.1251749984375 0.889108996875 0.30275657968749997 0.9443577875000001 0.320879859375 0.8546203109375
0 0.283991996875 0.1303117078125 0.27599697968750003 0.1289019703125 0.24456638593750002 0.20294780937499998 0.3960644 0.320882628125 0.4291060640625 0.24047246718749998 0.283991996875 0.1303117078125
0 0.1963643578125 0.436325415625 0.1971180375 0.49479651562500004 0.19823697812500002 0.5268387859375 0.38038418749999997 0.55750754375 0.380621446875 0.5561619765625 0.38047447343749996 0.5519532640625 0.37432355156249997 0.46999504375 0.199778725 0.43620618437500003 0.1963643578125 0.436325415625
1 0.3540085625 0.66980136875 0.1796540328125 0.597414959375 0.17884163749999998 0.5972717109375 0.164315590625 0.6882839453125 0.331161534375 0.763750978125 0.3317792109375 0.763859890625 0.3540085625 0.66980136875
0 0.3318207890625 0.22021233437499999 0.222364334375 0.368739825 0.22111695468749998 0.37198935781250003 0.2209431859375 0.372974846875 0.30735958124999996 0.40984371875000003 0.41815927343750003 0.2550852125 0.36292291250000003 0.23215132187499998 0.3318207890625 0.22021233437499999
1 0.22197864687500002 0.3256950984375 0.20937935312499997 0.4096678609375 0.3814190484375 0.4837985640625 0.3822541453125 0.48391593125 0.3825072015625 0.482480775 0.3900973296875 0.38953035625 0.3713826 0.3820550296875 0.223171746875 0.3258627765625 0.22197864687500002 0.3256950984375
0 0.8683000218749999 1 0.874974921875 0.9389701546874999 0.8700268375 0.9380976734375001 0.796679178125 0.9424908375 0.7921906140625 1 0.8683000218749999 1
0 0.8201664140625 0.85473554375 0.8153560375 0.8538873453125 0.7908599546875 0.925029140625 0.87566009375 0.9746241843749999 0.9019791296875 0.9005987624999999 0.8201664140625 0.85473554375
0 0.1007327015625 0 0.0991144265625 0.0231424125 0.10025168437500001 0.0233429421875 0.287677321875 0.036449020312500004 0.2895034078125 0 0.1007327015625 0
1 0.8463394109375001 0.7804060984375 0.8003513218749999 0.8661811500000001 0.7992455859375001 0.8724520874999999 0.8739646796875 0.8899953890625 0.918292815625 0.7989386515625 0.8882898703125001 0.7908993875 0.8463394109375001 0.7804060984375
0 0.8646007125 0.70336905625 0.80765874375 0.78296945625 0.8066871796875 0.7852583171874999 0.8060925015624999 0.7886309078125 0.8728889734375 0.8141166109375 0.93493653125 0.731752565625 0.9114325546875 0.72177571875 0.8646007125 0.70336905625
0 0.838411625 0.63171464375 0.836952275 0.6316125953125 0.834322590625 0.6465262765625 0.8300096390625 0.7082043515625001 0.9286938812500001 0.7401145984374999 0.928525353125 0.6601176765625001 0.838411625 0.63171464375
0 0.0747877140625 0.0681057828125 0.074434584375 0.0701084828125 0.07443458281250001 0.16154018750000002 0.2534055234375 0.210451203125 0.2528931578125 0.12315261250000001 0.0747877140625 0.0681057828125
0 0.2351696125 0.2071362890625 0.0563017796875 0.1668100421875 0.0526989421875 0.166998859375 0.0552788328125 0.23781796093750002 0.056410159375000005 0.259404925 0.23517021875 0.2975966609375 0.23528237187499998 0.2092878796875 0.2351696125 0.2071362890625
0 0.1530805203125 0 0.09207798125 0.1250614625 0.0912209609375 0.130472471875 0.18120112500000002 0.143243390625 0.2483040265625 0 0.1530805203125 0
0 0.2185297 0.322324053125 0.0506134484375 0.23830155625 0.050569474999999996 0.238293803125 0.0439257875 0.2724726046875 0.0333242171875 0.334533296875 0.204653275 0.40966915625 0.2185297 0.322324053125
0 0 0.7970739640625 0.0632749765625 0.8089977296875001 0.1374606109375 0.6288518921875 0.0932430390625 0.6202568671875001 0.039920028125 0.61085458125 0 0.72312135 0 0.7970739640625
0 0 0.7015604421875 0.0292103828125 0.7047487968749999 0.08955104375 0.7110908546875 0.15008198749999999 0.5287364453125 0.1306016671875 0.5253015390625 0.05291288281249999 0.5171361203125 0 0.684978559375 0 0.7015604421875
0 0 0.523122290625 0.16485285624999998 0.60779995 0.1890662359375 0.5106853874999999 0.026249054687500002 0.43074436250000003 0.014657007812500001 0.42870037187500004 0.0125952984375 0.4369694296875 0 0.49194421093749996 0 0.523122290625
0 0.084461540625 0.3218583734375 0.0328285109375 0.5092966609375 0.0326541390625 0.5142900078125 0.12939513281249998 0.517668278125 0.178167696875 0.3262354578125 0.11814828125000001 0.323034740625 0.084461540625 0.3218583734375
0 0 0.8984172328125 0.0312031703125 0.9126018796875 0.1326501875 0.7437846578125 0.09948801874999999 0.7297081515625 0.03649956875 0.7061243562499999 0 0.7704399515625 0 0.8984172328125
0 0.9722179625 0.44999002499999996 0.9897988234374999 0.38308371874999997 0.8964334703124999 0.33032469999999997 0.8904480546875 0.3292693109375 0.8820168734375 0.3631364140625 0.8739322015625 0.398154978125 0.9706959515625 0.449721653125 0.9722179625 0.44999002499999996
0 0.9274377046875 0.6663591281250001 0.942794565625 0.5996872234375 0.8617528609375 0.5526805609375 0.859508334375 0.552284790625 0.8543328000000001 0.5717787015625 0.8418427093749999 0.6218737234375 0.84166791875 0.622865009375 0.9274377046875 0.6663591281250001
0 0.9961374421875 0.32357619843749996 0.910138121875 0.25182439218749997 0.907092475 0.2512873625 0.8861332453124999 0.31579324375 0.884878453125 0.3198985859375 0.9794758796874999 0.3829083296875 0.9961374421875 0.32357619843749996
0 0.9724486656250001 0.4652691625 0.897827209375 0.3987944296875 0.8909140640625001 0.39757545625 0.89002809375 0.399475425 0.8623269234375 0.4629453203125 0.9382639328125 0.5300949234375001 0.9724486656250001 0.4652691625
0 0.9554586796875 0.5327062406249999 0.8806524625 0.4750962625 0.876075775 0.47428926875000005 0.863787278125 0.5080516359375 0.8524268718749999 0.5427565078125001 0.9323408515624999 0.6005811984375 0.9554586796875 0.5327062406249999
0 1 0.15910475156249998 0.9216526640625 0.1152604984375 0.9168457109375 0.142522084375 0.912432734375 0.1845087609375 1 0.23280489375000002 1 0.15910475156249998
0 1 0.23942549687499998 0.9854578437500001 0.2308100953125 0.9078184109375 0.186581840625 0.9050091734375 0.1862865765625 0.8952476296875 0.252289 0.8946171749999999 0.258287378125 0.999942428125 0.30726503906249997 1 0.3068041 1 0.23942549687499998
0 1 0.080450184375 0.9887590703125 0.0784681046875 0.9224068937500001 0.0749907359375 0.921972503125 0.077454290625 0.9222203906249999 0.11645350624999999 1 0.15273544375 1 0.080450184375