0 0.6004335281250001 1 0.667689815625 0.9738893531249999 0.6706366781249999 0.9714166421874999 0.647277059375 0.9425699156249999 0.6259975890625 0.918445625 0.5192059062500001 0.9631012203125 0.551259059375 1 0.6004335281250001 1
0 0.624945865625 0.9235774687499999 0.625725875 0.9229458296875 0.5902473406250001 0.8659434703125 0.474805846875 0.8937954906250001 0.5108255984375 0.951680059375 0.624945865625 0.9235774687499999
1 0.3445847875 0.6845992875 0.3946409671875 0.7903953687499999 0.4037816484375 0.782993390625 0.45114641874999994 0.7380092968749999 0.40395490624999997 0.6362102640625 0.4030674421875 0.635224634375 0.3445847875 0.6845992875
0 0.49480579843749994 0.81186728125 0.476108859375 0.7063664203125 0.47247864375 0.7018834765624999 0.40725013906249996 0.735229484375 0.42604076874999997 0.850816509375 0.44952615937499996 0.8388501046875 0.49480579843749994 0.81186728125
0 0.48295207500000004 0.8997503171875 0.5827648765625 0.833109959375 0.5789036953125 0.828341796875 0.5224039609375 0.7825892140625 0.4205109046875 0.8485568734375001 0.4204793109375 0.8485958859375 0.48295207500000004 0.8997503171875
0 0.31761326875 0.7028129171875 0.4247304734375 0.6675118375 0.4280625890625 0.66481354375 0.385636728125 0.6000317390625 0.2742018109375 0.6406259703125 0.2741173765625 0.64069434375 0.31761326875 0.7028129171875
0 0.29345450781250004 0.5067824125 0.23950949375000002 0.5682212625 0.3089301921875 0.66583245 0.363646275 0.6044066484374999 0.2944621640625 0.5076279375 0.29345450781250004 0.5067824125
1 0.057954678125000006 0.384687546875 0.1863194265625 0.33380609843750003 0.18711117187499998 0.3331649578125 0.1431181890625 0.2627614671875 0.014639796875 0.3160057 0.014299706249999999 0.3162811 0.057954678125000006 0.384687546875
1 0.135008259375 0.3049874 0.08365376875 0.3684358390625 0.1731278296875 0.4751749625 0.1775049765625 0.47163041874999995 0.22859410468750002 0.41074476562499995 0.142573196875 0.305364921875 0.1386290203125 0.302055365625 0.135008259375 0.3049874
1 0.2398250703125 0.42756315312500004 0.18908498437500001 0.48924916874999996 0.278365234375 0.6030749453124999 0.28301634999999997 0.5993085453125 0.2978442375 0.582073821875 0.3288852765625 0.54374133125 0.24026630781249997 0.4279204609375 0.2398250703125 0.42756315312500004
1 0.1382417546875 0.43448395624999997 0.2324903703125 0.5396955859375 0.2364234171875 0.5365106671875 0.25304232031249996 0.5152394421875 0.2782534046875 0.4815495765625 0.19043533125 0.37066738906249996 0.1382417546875 0.43448395624999997
0 0.7875991328125 0.847928765625 0.770321884375 0.8299360515625 0.73307090625 0.792685071875 0.5897656812500001 0.8630127890624999 0.6502021906250001 0.9225603124999999 0.7850234875 0.8505044109375 0.7875991328125 0.847928765625
0 0.6380251890624999 0.9089649171874999 0.6889826703125 0.9783701796875001 0.7187592078125 0.9588560609375 0.773285021875 0.9220779359375 0.8176387234375 0.8861610171875001 0.8134036625000001 0.8798822843749999 0.7986547046875 0.86218129375 0.6382025203125 0.9088213171874999 0.6380251890624999 0.9089649171874999
0 0.48448789375 0.687480334375 0.5441567421875 0.6391614531250001 0.48741228281250004 0.5063399093750001 0.48433800624999995 0.5026761296875 0.41845795781249995 0.553922471875 0.48448789375 0.687480334375
0 0.7313138593749999 0.7766237765625 0.685569596875 0.728319659375 0.67647225 0.7201283703125 0.543026325 0.7942584593750001 0.542825125 0.794481915625 0.6041984203124999 0.8500166109375 0.7300626296875 0.778013409375 0.7313138593749999 0.7766237765625
0 0.58991269375 0.705353715625 0.5575637343750001 0.5686024546875 0.5534635906250001 0.5635391984375 0.48918348749999996 0.6001957703125 0.5185928421875 0.7511453 0.5279521468749999 0.745957353125 0.58991269375 0.705353715625
0 0.682836621875 0.7127618546875001 0.6836490359375 0.71189065 0.67645964375 0.703012490625 0.6258500578125 0.6558182875 0.49386850625 0.7301971796875 0.548632465625 0.7832549234374999 0.682836621875 0.7127618546875001
0 0.45675155468749995 0.6003404890625 0.490244034375 0.582532221875 0.45750133125000003 0.4546448328125 0.45295414999999994 0.4406590625 0.45103617500000004 0.437051875 0.4493318171875 0.43494716718750004 0.380359825 0.46953039375000005 0.4163972359375 0.6181930515625 0.41677785624999997 0.6189088953125 0.45675155468749995 0.6003404890625
0 0.24174546718749998 0.22659555937500003 0.1820335484375 0.12472399218750001 0.1785252015625 0.1203915453125 0.137125546875 0.15047015625 0.11249235625000001 0.17041771875 0.170805803125 0.27843515937499996 0.17866095625 0.27287005625 0.2364486421875 0.2308848453125 0.24174546718749998 0.22659555937500003
1 0.233909215625 0.171405246875 0.1654138421875 0.219736665625 0.217653403125 0.340026609375 0.2179712765625 0.3404191484375 0.27692893281250003 0.30412815000000004 0.291412425 0.2947224609375 0.2353535671875 0.1731888734375 0.233909215625 0.171405246875
0 0.3619804734375 0.32429752500000003 0.25143516718750003 0.3950711046875 0.2507219328125 0.395759865625 0.25136449375000003 0.3965533609375 0.30887847968750004 0.4546000515625 0.42100997968750004 0.3875584265625 0.4103057953125 0.374339859375 0.3619804734375 0.32429752500000003
1 0.34437298125 0.36351208281249997 0.297921409375 0.2430052109375 0.29393474531249997 0.238082090625 0.22490857812499998 0.28015985 0.2714962140625 0.4088497484375 0.29833793750000004 0.39272161250000004 0.34437298125 0.36351208281249997
0 0.4449402953125 0.49817194843749996 0.4118424515625 0.3763820296875 0.41161861718750004 0.375961059375 0.40954046093749996 0.37339475 0.3406933171875 0.40978914375000003 0.3715467390625 0.538574940625 0.373872134375 0.53733850625 0.4449402953125 0.49817194843749996
0 0.9132404015625 0.7947532703125 0.9734340390625 0.76000045625 0.984134434375 0.7513354484375 0.9420637109375001 0.598992546875 0.9380220156249999 0.5940014671875 0.8792688078124999 0.6316143671875001 0.9132404015625 0.7947532703125
0 0.3687889890625 0.0906541421875 0.49211074374999997 0.2289310625 0.5002964046875 0.22230244375 0.5120625578125 0.20828009062500003 0.5495711921875001 0.1601882 0.4293390578125 0.0169318359375 0.3687889890625 0.0906541421875
0 0.9364771 0.7129023625 0.8893563640625001 0.5339043921875 0.8870235484375 0.53102360625 0.81821756875 0.5673401765625 0.872872103125 0.7509327359375 0.8945574078125 0.7384127203124999 0.9364771 0.7129023625
0 0.689597603125 0.24445577031250001 0.6431123875 0.199767859375 0.6263268859375 0.1851764453125 0.472520996875 0.3013772125 0.5433550359375 0.36228731875000003 0.684334684375 0.2505100671875 0.689597603125 0.24445577031250001
1 0.40645024375 0 0.2972030546875 0.0336371953125 0.3350421375 0.12244565 0.5012699484375001 0.0661219359375 0.5093104375 0.0622003265625 0.5113705140625 0.060532109375 0.50325721875 0.042796571875 0.48238393593750006 0 0.40645024375 0
0 0.7722131390625 0.6419643546875 0.9206721531250001 0.529682646875 0.9233614765624999 0.52624046875 0.9190220484375 0.5208817203125 0.8645351515625 0.47831189218750003 0.8571793171875 0.47270044375 0.70663119375 0.5894636375 0.7722131390625 0.6419643546875
0 0.629372603125 0.2324585109375 0.5698680453125 0.28371009375 0.56086220625 0.2918189859375 0.6545558375 0.45124449999999994 0.655750878125 0.450276775 0.66681475625 0.44031481406250006 0.717819409375 0.3905554046875 0.6310772828125 0.23435175 0.629372603125 0.2324585109375
1 0.43938726875 0.147648103125 0.5378033484375 0.30854250625 0.5452957609375 0.3024752703125 0.6037158890625001 0.24419411562499999 0.5149480640624999 0.0883275421875 0.512123634375 0.08507840625 0.43938726875 0.147648103125
0 0.8239575421875 0.5543817843750001 0.7774131828125 0.375846765625 0.777325915625 0.37569561406249996 0.7745819359375 0.37230708125 0.6919802140625 0.416032959375 0.742521659375 0.5995331765625 0.7951060062499999 0.5710392265625 0.8239575421875 0.5543817843750001
1 0.6969025703125 0.30120942500000003 0.6311790625 0.3534264484375 0.7060733703125 0.5241284484375 0.7308275609375 0.5040829 0.7770815671875 0.461948175 0.7684926421875 0.4437176515625 0.7003641328125 0.305484096875 0.6969025703125 0.30120942500000003
1 0 0.6048526890625 0.08290042812500001 0.5488465328125 0.029414131249999996 0.497116815625 0 0.515355859375 0 0.6048526890625
0 0 0.6199966125 0.045180759375000004 0.6628066796875001 0.1264553703125 0.6111843593749999 0.13153496874999998 0.606104759375 0.13097116875 0.605408525 0.1294765875 0.6039139437500001 0.0789827828125 0.5570184968749999 0 0.6044912953125 0 0.6199966125
0 0.122117678125 0.5969582124999999 0.061096814062500004 0.6465851484375 0.0966559859375 0.7368314 0.09686881562500001 0.737094221875 0.16003876875 0.6928621421875001 0.160357184375 0.6926042953125 0.12473075156249999 0.6001850890625 0.122117678125 0.5969582124999999
0 1 0.434587290625 0.8785108218750001 0.48823438281250003 0.8795328921875001 0.489496534375 0.9405509859375 0.5585746125 1 0.5299447390625 1 0.434587290625
0 1 0.34696368906249997 0.982803209375 0.3303146828125 0.97954073125 0.327478653125 0.8232614359375001 0.4301151609375 0.8820993078124999 0.48293272187499997 0.8929639375 0.49237719999999996 1 0.42034294531249994 1 0.34696368906249997
0 1 0.52256126875 0.935098996875 0.534002478125 0.9342819656250001 0.5344187765624999 0.94179104375 0.549156171875 0.9772200734375 0.6160080390625 1 0.6116216953125 1 0.52256126875
0 0.8412987046874999 0.4211127078125 0.9885768984375 0.3088343578125 0.9857097203125 0.3052936890625 0.9678877890625 0.2903393109375 0.9204096609375 0.2532091828125 0.7647918671875 0.3598322625 0.8412987046874999 0.4211127078125
0 0.567980090625 0 0.5188248125 0.018305625 0.5174063015625 0.0194543125 0.5609400390625 0.09694136875 0.7403623890625 0.039964214062499996 0.745356990625 0.035919665625 0.7254463953125 0 0.567980090625 0
0 0.6228846531250001 0.16567234375 0.633253846875 0.1799443140625 0.808940134375 0.10305420000000001 0.8102898906249999 0.10196118750000001 0.7528761859374999 0.022938003125000002 0.5792462265625 0.10207440937500001 0.577869128125 0.10318956093750001 0.6228846531250001 0.16567234375
0 0.865827165625 0.2057695640625 0.8699291859375 0.20244781406249998 0.8302670953125 0.11336530156249999 0.6414942171875 0.1529725515625 0.682609396875 0.2407614125 0.865827165625 0.2057695640625
0 0.9327123640625 0.23984740468750002 0.8947111671875 0.192919834375 0.868953390625 0.1671620578125 0.70297344375 0.273745790625 0.7679807359375 0.3411865578125 0.9327123640625 0.23984740468750002
0 0.344297221875 0.9370102796875001 0.3192590609375 0.8329590343750001 0.3160079859375 0.8289442906250001 0.254378703125 0.863134715625 0.2832295640625 0.97121296875 0.30998845625000004 0.9568184546875 0.344297221875 0.9370102796875001
0 0.12772484687500002 0.76430871875 0.2178223734375 0.7486085546875 0.2213643625 0.745740309375 0.2134297421875 0.728825759375 0.1903641109375 0.68153420625 0.0966330109375 0.7033638734375 0.12772484687500002 0.76430871875
0 0.37657850000000004 1 0.384593975 0.9941089734374999 0.36096634375000003 0.8844632390625 0.3583739140625 0.8812618546875 0.2991848578125 0.9227131 0.324794578125 1 0.37657850000000004 1
0 0.2619468390625 0.7671500078125 0.205089290625 0.8155761 0.24349573750000003 0.908232040625 0.24414937499999997 0.9090392171874999 0.25967744375 0.8976761124999999 0.3020055953125 0.8633994515625 0.26311240156250004 0.76858935625 0.2619468390625 0.7671500078125
0 0.1757883734375 0.8217410062500001 0.270674425 0.8043273359375 0.27274919375 0.8026472218749999 0.25545045625 0.770113028125 0.23726130625000003 0.7384485093750001 0.140816296875 0.7591438968750001 0.1757883734375 0.8217410062500001
0 0.466260684375 1 0.423508271875 0.9581149234374999 0.41902605312499996 0.954079115625 0.33638998125 1 0.466260684375 1