0 0.279382671875 0.9257059765625 0.2209694484375 0.8257735953124999 0.187876003125 0.8325578203124999 0.155877946875 0.8399451515624999 0.1534238171875 0.8411421109375 0.1543056875 0.8449619171875 0.21308174531250001 0.9398227171875 0.279382671875 0.9257059765625
0 0.34965702187500003 0.884155696875 0.2763833390625 0.7909274328125 0.2123620875 0.814365121875 0.28618380781249997 0.9073856953125 0.34965702187500003 0.884155696875
0 0.546583678125 0.6746956828124999 0.54552164375 0.67009550625 0.44310231250000004 0.7284656078125 0.46269729843749996 0.8024889859375 0.463878165625 0.8022163625 0.5610272140625 0.74583593125 0.546583678125 0.6746956828124999
0 0.45573569843749995 0.6979555687500001 0.4515799484375 0.699893425 0.3713974140625 0.7719643734375 0.3898215578125 0.8194434078124999 0.4020722390625 0.844561025 0.487575153125 0.7654776109375 0.4655445828125 0.7180667625 0.45573569843749995 0.6979555687500001
0 0.36652671406250004 0.7319895625 0.29240798125 0.820572190625 0.3343166453125 0.887640071875 0.4141365125 0.7949364875 0.37248681875 0.729082625 0.36652671406250004 0.7319895625
0 0.5522931703125 0.6420970328125 0.49227345937500006 0.6873251296875 0.4929660359375 0.688745121875 0.58522619375 0.7608681453125 0.6466325937499999 0.7115330875 0.6464131937500001 0.71108325 0.5522931703125 0.6420970328125
0 0.68789104375 0.5956654515625 0.6866043859375 0.5959389390625 0.5800835890625 0.648909496875 0.59955735625 0.7288329046875 0.706677871875 0.6752383875 0.68789104375 0.5956654515625
1 1 0.5165653734375 0.9211135718750001 0.43626143281249996 0.853573975 0.48355316875 0.8547137203125 0.48588999375 0.9518666828125 0.5817710140625 1 0.5487453046875 1 0.5165653734375
0 0.7716234640625 0.52582526875 0.772365590625 0.5267417171875 0.87910475 0.61702171875 0.9392441187499999 0.5691361390624999 0.9451401203125 0.56436165 0.9444746984375 0.5629973328125 0.9436017671875 0.561919353125 0.83910669375 0.4711746484375 0.773343690625 0.5225290921875 0.77095804375 0.524460953125 0.7716234640625 0.52582526875
1 0.7865308062499999 0.616379940625 0.7612671468750001 0.5406074640625 0.7607271671875 0.5407829140625 0.6364877453125 0.6171528140625 0.651729915625 0.664063390625 0.6614535484374999 0.6912099328125 0.7865308062499999 0.616379940625
1 0.867205253125 0.6006097125000001 0.8669679546875001 0.6001231796875001 0.757533559375 0.5087710265625 0.697060471875 0.5618580390625 0.698637728125 0.5650918921875 0.6993467046874999 0.5659368171875 0.809456846875 0.64705481875 0.867205253125 0.6006097125000001
0 0.25760885624999996 0.8025934453125 0.17572620156250002 0.6655620375 0.12419656406249999 0.676515 0.10295639375000001 0.6814820218750001 0.10005620625 0.6828965375 0.10066443124999999 0.6857580109375 0.174490628125 0.8196181171875001 0.25760885624999996 0.8025934453125
1 0.067632075 0.7300027734375 0.0767106953125 0.7727143296875 0.08883553281249999 0.7975739296875 0.1935195375 0.7376402921875 0.1896705765625 0.7021984734375 0.0744067015625 0.7266985671875 0.067632075 0.7300027734375
0 0.3978235796875 0.538117775 0.46981825781250003 0.6696591921875 0.480964940625 0.6666724484375 0.5510420265625 0.6450849984375 0.550931240625 0.6446715359375 0.471637459375 0.5171155484375001 0.4424114515625 0.524946634375 0.39829847812499997 0.5374340625 0.39771644375 0.537717940625 0.3978235796875 0.538117775
0 0.3408827171875 0.727240015625 0.2385924796875 0.6257585265625 0.20871712968749997 0.6403297078125 0.16544754374999998 0.6623766640625 0.167054034375 0.6656704578125 0.27429474531250003 0.7694215328125 0.3413801453125 0.728216271875 0.3408827171875 0.727240015625
0 0.44881547812499994 0.54917361875 0.32872913125 0.6233148046875 0.3438307453125 0.695838634375 0.344383925 0.697767803125 0.348044540625 0.7052731750000001 0.47431333125 0.6201832109375001 0.454438721875 0.5475611796875001 0.44881547812499994 0.54917361875
1 0.2538464296875 0.6778936156250001 0.2829646953125 0.7464919546875 0.283930684375 0.7484725234375 0.39952926875 0.6494053656250001 0.367577525 0.5757208859375 0.36495336875 0.5768347734375 0.2538464296875 0.6778936156250001
0 0.535125215625 0.627694559375 0.6254737125000001 0.5286143546875001 0.5768336046875 0.4642641875 0.576242378125 0.4645525484375 0.57343135625 0.4664486046875 0.47482594375 0.5774080875000001 0.5030968546875 0.6193214375 0.5191336953125 0.6419121999999999 0.52168680625 0.6406669640625 0.535125215625 0.627694559375
0 1 0.384565903125 0.98732770625 0.3585838515625 0.9127104703125 0.2856088953125 0.8480439328125 0.33320598125 0.8517602078125 0.34082547500000004 0.8528904624999999 0.3422721359375 0.9463217609375001 0.4403046640625 1 0.397325275 1 0.384565903125
1 0.8704300265624999 0.31411388281249997 0.869507415625 0.3145638703125 0.8667982296875 0.3166053890625 0.7792732531250001 0.40892016875000003 0.810724384375 0.45418488593750006 0.8281378187499999 0.47729329375 0.8285855609375 0.477074915625 0.9236160796874999 0.38125191875 0.8704300265624999 0.31411388281249997
1 0.6908951562500001 0.40044953124999993 0.6671339890625 0.4115295453125 0.616496415625 0.4362271390625 0.6943300375 0.5419072640625 0.772071028125 0.5042728203125 0.7716222312500001 0.5033103703124999 0.6908951562500001 0.40044953124999993
1 0.840305540625 0.4096665453125 0.7885001953125 0.34711996875 0.784996646875 0.34882876406249996 0.7002128953125 0.4495838265625 0.7342301921875001 0.49218952343750005 0.7543587328125 0.5161777859375001 0.840305540625 0.4096665453125
1 0.6013607984375 0.58777066875 0.603018221875 0.5898174171874999 0.6817395671875001 0.48332485625 0.632726578125 0.42309583906250003 0.6293182671875 0.4247581828125 0.62929964375 0.42477326406250004 0.5512458031249999 0.5239491187499999 0.6013607984375 0.58777066875
0 0 0.5365864453125 0.0643809640625 0.5876835828125 0.068332559375 0.58470584375 0.1300833734375 0.5364043984375 0.12988466406250002 0.5359969859375 0 0.445849090625 0 0.5365864453125
0 0.7339908125 0.072955759375 0.6031218140625 0.203797128125 0.6362962343749999 0.254975109375 0.652362646875 0.2779203265625 0.6551354390624999 0.2765679453125 0.78927638125 0.1502838765625 0.7357476828125 0.0720988765625 0.7339908125 0.072955759375
0 0.186592203125 0.4439877671875 0.16189804218749998 0.3749333359375 0.15831871250000001 0.37630731093750003 0.0031007343749999998 0.4826748828125 0.0033107390624999996 0.48322196249999994 0.034314703125 0.5556489734375 0.186592203125 0.4439877671875
0 0.6271635921875001 0.301239071875 0.48866545937500006 0.1671602234375 0.4702268296875 0.1795972375 0.41864202031250003 0.2182869296875 0.423127878125 0.22493748593750001 0.5494344640625 0.3530626640625 0.6271635921875001 0.301239071875
1 0.8829275515624999 0.1655128671875 0.7483286984374999 0.036805798437499995 0.735412040625 0.0472655015625 0.6769182703125 0.0997901546875 0.682525725 0.10671478281249999 0.8132277265625 0.2248694375 0.8829275515624999 0.1655128671875
1 0.1183763640625 0.482731378125 0.14383196250000002 0.5239820625 0.2780720234375 0.3887859546875 0.2347272625 0.314724421875 0.2333833734375 0.31537988125 0.2314795359375 0.316523821875 0.100018053125 0.4521780140625 0.1183763640625 0.482731378125
0 0.40253354531249996 0.400599715625 0.40376753593750003 0.399735665625 0.5241365328125001 0.26625882500000003 0.4771097765625 0.193029690625 0.47508068437500006 0.1940193453125 0.3494377078125 0.3266855515625 0.37303105 0.360380334375 0.40253354531249996 0.400599715625
1 0.6998808109375 0.1860818953125 0.6439417656249999 0.1099218515625 0.6383373453125001 0.1126553109375 0.5180457921875 0.24318754375 0.5661577828125 0.319979178125 0.567160478125 0.3213592703125 0.6998808109375 0.1860818953125
0 0.367168746875 0.36537453750000004 0.33022489374999997 0.2787823984375 0.326064853125 0.2803792890625 0.17753736250000002 0.38983574375 0.18947635000000002 0.42093786718750004 0.2124102390625 0.476174228125 0.367168746875 0.36537453750000004
1 0.268368228125 0.264276715625 0.33726408124999996 0.4070261046875 0.3463420578125 0.42501810000000007 0.4397154 0.40911068437500003 0.43949518593750003 0.408156828125 0.35065232343749997 0.2432327125 0.268097203125 0.263102771875 0.268368228125 0.264276715625
0 1 0.6666507687500001 0.9435162921875 0.6817855328125 0.934777709375 0.6860476234374999 0.976110653125 0.7735891125000001 1 0.7669315078125 1 0.6666507687500001
1 0.9300348749999999 0.684883978125 0.8640857921875 0.7580191796875 0.8949330109375 0.8017265968749999 0.90991218125 0.8216046296874999 0.9103937328124999 0.8213697625 0.9760438203125 0.7425800125 0.933004265625 0.683435709375 0.9300348749999999 0.684883978125
0 0.79110966875 0.7669258453125 0.7829263765625 0.7735525453125 0.7850445640625 0.7778954734375 0.8638009640625001 0.8372600859375 0.92265539375 0.7930966453125 0.8412419890624999 0.7285181484375001 0.79110966875 0.7669258453125
0 0.7266204015625 0.8111878109375 0.7505618843749999 0.8675904125 0.7576494765625 0.8821221265625001 0.8352079421875 0.8247436546875001 0.809658134375 0.7500306875 0.8058877750000001 0.7516311109375 0.7266204015625 0.8111878109375
0 0 0.2667332796875 0.077406009375 0.365188040625 0.15908988125 0.3343813578125 0.0492900640625 0.1848257328125 0 0.203746415625 0 0.2667332796875
0 0.2288796515625 0.19426562187500002 0.1710476234375 0.12552159062499998 0.1692446671875 0.1268802171875 0.0589987734375 0.26829260312500003 0.11523018125 0.3429142015625 0.11544778124999999 0.34319358437499997 0.2288796515625 0.19426562187500002
0 0 0.4051493046875 0.0042212734375 0.40935573437499995 0.0709763578125 0.3737446859375 0.08516000781250001 0.3658825609375 0.0844202359375 0.364365803125 0 0.282848440625 0 0.4051493046875
0 0.28470889062500004 0.09066679375 0.279190925 0.09312355 0.13426683125 0.20106684062500002 0.17072748124999998 0.2882543578125 0.17224614375 0.2913680796875 0.317471990625 0.1713009921875 0.28553255 0.0923555453125 0.28470889062500004 0.09066679375
0 0.521554884375 0 0.5813417796875 0.115427909375 0.6674830359375 0.0912603140625 0.6257499890625 0 0.521554884375 0
0 0.3952588984375 0 0.389601084375 0.0027595000000000002 0.39024212343750003 0.0040738234375000005 0.5067782546874999 0.1559596796875 0.556319125 0.13179698281250002 0.5945183390625 0.11280531093749999 0.59390708125 0.111552046875 0.50560883125 0 0.3952588984375 0
0 0.445467296875 0 0.30948285468750003 0.1232494234375 0.3446295203125 0.189617734375 0.3551720828125 0.208637021875 0.500795446875 0.081375859375 0.45568807187499993 0 0.445467296875 0
0 0.2776108203125 0.0521654796875 0.26594789531249996 0.05785386875 0.2009202390625 0.1069493484375 0.3484024015625 0.23838107812499998 0.42767827656249996 0.18078378281250002 0.2776108203125 0.0521654796875
0 0.62747970625 0 0.6846124546875 0.0716324609375 0.752172921875 0.0333671203125 0.773978875 0.0197412453125 0.757412334375 0 0.62747970625 0
0 0.5293296109375001 1 0.583827115625 0.9604349531249999 0.4959531984375 0.8904616828125 0.46427233125 0.912644865625 0.4417391109375 0.9294544953124999 0.445093975 0.9363329874999999 0.52111405625 1 0.5293296109375001 1
0 0.767621446875 0.8835359171875 0.7238477999999999 0.7980500593750001 0.72287829375 0.7982205046875 0.6631724984375 0.809826134375 0.65837056875 0.8121681921875 0.6590751 0.8157926968749999 0.6957687015625 0.8986367 0.767621446875 0.8835359171875
0 0.46156649375000003 1 0.49592392656250006 0.962056825 0.471647453125 0.9067160218750001 0.4678618359375 0.908562390625 0.38677621093750003 0.9807230921875 0.3961781875 1 0.46156649375000003 1
0 0.556463396875 0.9772561171874999 0.6338736046875 0.9134765125 0.6064060421875 0.8440258093749999 0.6047011796875 0.8447494796875 0.5245972921875001 0.9112423328125001 0.5332573828125 0.9316442296874999 0.555507321875 0.9776619468750001 0.556463396875 0.9772561171874999
0 0.6126689359374999 0.842379790625 0.579879025 0.8598144953125001 0.5811883359375 0.8624989781249999 0.649841796875 0.9297277953125 0.713838821875 0.8973885781250001 0.6454549984375 0.8262999578124999 0.6126689359374999 0.842379790625
1 0.438202665625 1 0.4390648453125 0.9992253484375 0.40736244062500004 0.9324989374999999 0.40733415468749995 0.9325109453125 0.3439628796875 0.99968495625 0.3436756515625 1 0.438202665625 1