0 0.2815448796875 0.9761707984375001 0.32778641249999996 0.8760145749999999 0.327901984375 0.8693933953125 0.259816878125 0.86393305 0.21404821875 0.9701686140625 0.2182990390625 0.9706153937499999 0.2815448796875 0.9761707984375001
0 0.329222221875 0.7937570765624999 0.329265409375 0.7912829046875001 0.2625742828125 0.7888355015624999 0.2211105921875 0.9001154921875001 0.289241065625 0.9026224031250001 0.329222221875 0.7937570765624999
0 0.3409657484375 0.6503476781249999 0.34073591406250003 0.574279459375 0.22669914375000003 0.5444063453125 0.226863909375 0.5491246484375 0.2313249765625 0.6215791125 0.3381035515625 0.650447628125 0.3409657484375 0.6503476781249999
0 0.2583987859375 0.63031259375 0.23214863125 0.735986290625 0.2599301140625 0.73647121875 0.3077329359375 0.733965978125 0.336433625 0.625079540625 0.3362221640625 0.621044625 0.2583987859375 0.63031259375
0 0.22782499218750002 0.7915070656250001 0.34607758906249997 0.8129349749999999 0.34621796250000003 0.8048929687499999 0.3375912453125 0.7346340046875001 0.2184705265625 0.7113063015625001 0.21842069999999997 0.7113124187500001 0.22782499218750002 0.7915070656250001
0 0.32111990625 0.5741745625 0.3334587859375 0.45646182343749997 0.3314945109375 0.45642753750000004 0.2585603171875 0.46797917968749997 0.24291459375 0.582790721875 0.24311528125 0.5840578140625 0.32111990625 0.5741745625
0 0.3506926890625 0.49411637031250005 0.3510508625 0.4218644734375 0.350885103125 0.41236816562499995 0.23466651718749998 0.3842954953125 0.23367071718750002 0.466551115625 0.349132496875 0.4941436046875 0.3506926890625 0.49411637031250005
1 0.37940098906249997 0.1572474375 0.3794936109375 0.1519411765625 0.372888578125 0.0764453203125 0.23428273593750001 0.06339805937500001 0.24099226875 0.146379175 0.37940098906249997 0.1572474375
0 0.24212624374999997 0.13450631562499998 0.24160664999999998 0.141936859375 0.23687560468750002 0.2186661859375 0.37067216406250003 0.25395544375 0.374736978125 0.25402639531250004 0.3749414828125 0.25110183125 0.379288471875 0.1677762328125 0.246434071875 0.134581509375 0.24212624374999997 0.13450631562499998
1 0.2468039203125 0.42630269375 0.3063134140625 0.42942145312499996 0.327027509375 0.42978301874999997 0.3644355890625 0.298381071875 0.36454410312499996 0.292164240625 0.28860048437499997 0.28591114218749997 0.2468039203125 0.42630269375
1 0.32433802031250003 0.3500512046875 0.36430814375 0.21615313125000002 0.36433733125 0.21448104687499997 0.2825845375 0.2083646453125 0.2501959640625 0.34704173125 0.28228041406250004 0.3487232078125 0.32433802031250003 0.3500512046875
0 0.49536225156249997 0.9514004500000001 0.49681120312499993 0.9512736828125 0.49685835312500004 0.9485724062499999 0.48976942343749996 0.8675455609375 0.33674499999999996 0.8353609921875 0.34199075 0.9135576421874999 0.49536225156249997 0.9514004500000001
1 0.3465773109375 0.897382928125 0.33509671875 0.9821413453125001 0.3700718125 0.9887885859375001 0.4268450515625 0.9987992390624999 0.49262129843749997 0.99994736875 0.49301313281250003 0.9977251671875 0.4946997609375 0.974746653125 0.34796247812500003 0.89740710625 0.3465773109375 0.897382928125
0 0.436121246875 0.6380123859375 0.4998034578125 0.505646646875 0.49991020312499995 0.50514445 0.4999404140625 0.50341366875 0.42595215625 0.48659625 0.35301553124999996 0.6189024171875 0.3900490484375 0.6282194390625 0.436121246875 0.6380123859375
0 0.478095678125 0.73285751875 0.40108154531249995 0.7361404140625 0.3692061109375 0.8867806249999999 0.45148558593750004 0.87688333125 0.47885212343749994 0.73901825625 0.478095678125 0.73285751875
0 0.43811951406249994 0.7149168640625 0.49843713437500003 0.5895364828125 0.4985740640625 0.5816917765625 0.42601625624999995 0.5698028484375001 0.35387599999999997 0.705620575 0.3644144265625 0.707478784375 0.43811951406249994 0.7149168640625
1 0.486282315625 0.795118040625 0.4920380125 0.7952185078125 0.5002933984375 0.7166737624999999 0.3614632921875 0.65603094375 0.35204726875 0.7316983328125 0.486282315625 0.795118040625
0 0.375291984375 0.4029823453125 0.353067225 0.47864004062500004 0.47973431250000004 0.549936815625 0.48484341249999996 0.5513057953125 0.4879760109375 0.551360475 0.507034403125 0.49299743281249997 0.5116229109375 0.4758728921875 0.39479099375 0.4120703875 0.375291984375 0.4029823453125
0 0.378608040625 0 0.36802775468750004 0.0784209875 0.4989153609375 0.1077338265625 0.5104055062499999 0.10793438749999999 0.5179390046875 0.027557278125 0.412428228125 0 0.378608040625 0
1 0.4151330546875 0.0708137921875 0.393415078125 0.20434480625 0.42668401093749997 0.20492551875 0.4775915546875 0.2038525796875 0.49940481718749996 0.0864519703125 0.499616340625 0.0743338640625 0.4151330546875 0.0708137921875
1 0.4128948765625 0.2471035203125 0.39132905625 0.3777723140625 0.41199315 0.3781330078125 0.4739626078125 0.37517170625 0.49799901249999995 0.2529447984375 0.49773460781249995 0.2453732578125 0.4128948765625 0.2471035203125
1 0.4907742875 0.1500108859375 0.40957985937499997 0.163403221875 0.40463559687500006 0.29830494218750003 0.415205803125 0.298489446875 0.435495996875 0.29527579375 0.48912102968750004 0.28543821875000003 0.4912476296875 0.15299945312500002 0.4907742875 0.1500108859375
1 0.503568159375 0.44854477656249997 0.5102786734375 0.4483104421875 0.5103976078125 0.4414966859375 0.5080924296875 0.37059250312500003 0.3787752625 0.341858509375 0.382955625 0.42554459843750003 0.503568159375 0.44854477656249997
0 0.724810115625 1 0.73021988125 0.99865119375 0.74253590625 0.8324082171875 0.74186083125 0.8297006375 0.667002778125 0.8469382734374999 0.661326396875 0.848353553125 0.6598386781250001 1 0.724810115625 1
0 0.7199390984375 0.285273978125 0.7957907468750001 0.11706163124999999 0.79585838125 0.1131868234375 0.709930875 0.09183916875 0.62804259375 0.259780021875 0.6444561249999999 0.264486528125 0.7199390984375 0.285273978125
0 0.6943258453125 0.9459835812499999 0.7838860265625 0.780497465625 0.7842330359374999 0.7792024109375 0.784277625 0.776647940625 0.7136209484375 0.75945339375 0.618488765625 0.9225684749999999 0.6937598109375 0.9458319124999999 0.6943258453125 0.9459835812499999
0 0.7910299734375 0.4532655359375 0.8031907453124999 0.389940971875 0.8062860953125 0.36791641249999996 0.6250632406250001 0.3022114125 0.612558709375 0.394791859375 0.783086021875 0.45214908437499995 0.7910299734375 0.4532655359375
1 0.801743803125 0.1551901015625 0.8098553671875001 0.0769944328125 0.8107252234375 0.060396576562500005 0.6274837953125 0.027155935937499997 0.620431853125 0.11843319375000001 0.792845684375 0.154723771875 0.801743803125 0.1551901015625
1 0.7553552546875 0.6454379953125 0.6706308796875 0.6598616921875 0.653493978125 0.8480443484375 0.6628567125 0.848207775 0.7013149000000001 0.8425826171875 0.7365206296875 0.8370065765625 0.7559359578125 0.6491044046875001 0.7553552546875 0.6454379953125
0 0.6224688671874999 0.4069686640625 0.6214532562499999 0.48915109531249995 0.7861849265624999 0.5362501359375 0.7959335796875 0.5364203 0.8001460390625 0.47988848125 0.8018240249999999 0.44787061718750004 0.6227622546875 0.40137050937499996 0.6224688671874999 0.4069686640625
1 0.6147285109375 0.294182009375 0.7875589796875 0.365935678125 0.790012453125 0.365978503125 0.8044214828125 0.2756994328125 0.637300515625 0.200108003125 0.6369790625 0.2000337890625 0.6147285109375 0.294182009375
0 0.6114802125 0.657218984375 0.7760456234374999 0.74325481875 0.7791498890625 0.7439714953125 0.7805180328125 0.7439953765625 0.7962038859375 0.6835516578124999 0.802771303125 0.6551050468749999 0.636329834375 0.5651550078125 0.6114802125 0.657218984375
1 0.79706714375 0.634869303125 0.8022997859375 0.55011798125 0.6244538359375 0.49126361406249996 0.6235832234375 0.49121798749999995 0.623476253125 0.49121612031249995 0.6240245953125 0.585929465625 0.6433196265625 0.59174525 0.795863971875 0.634806246875 0.79706714375 0.634869303125
0 0.1486664046875 0.0361720171875 0.1487450859375 0.031664384375 0.07368114375 0.014923621875000001 0.0391470671875 0.10747203125 0.11308218750000001 0.1231874265625 0.1486664046875 0.0361720171875
0 0.0619636484375 0.098858178125 0.049663179687499996 0.19521911875 0.07133083125 0.19559732968750002 0.12624324375 0.1927194921875 0.13977054375 0.1002313421875 0.1395262453125 0.0955698578125 0.0619636484375 0.098858178125
0 0.8845357859374999 1 0.9277702328125 0.8821775828125 0.92790070625 0.87470273125 0.8482287765625 0.8639453609375 0.8406065703125 0.8638123140625 0.8310834 1 0.8845357859374999 1
1 0.13147234531250002 0.28259769375 0.1338596015625 0.2826393640625 0.147938284375 0.2105035 0.05391875625 0.1662655234375 0.039944978125 0.24382636875000002 0.13147234531250002 0.28259769375
0 0.14953658593750002 0.34443620468749997 0.14955222031249998 0.3435404546875 0.149368003125 0.34143484062499996 0.1408313171875 0.2730540515625 0.03854794375 0.2568687375 0.0385317375 0.2577972046875 0.03900319375 0.263185971875 0.0469381328125 0.3323649796875 0.142380284375 0.3450623015625 0.14953658593750002 0.34443620468749997
0 0.148175621875 0.4168964875 0.151409259375 0.41620915625 0.151517540625 0.4100057140625 0.13134917343750002 0.3402254125 0.0336656296875 0.337677065625 0.049803659374999996 0.4136005296875 0.148175621875 0.4168964875
0 0.7984286953125 0.8120999265625001 0.9691530640625 0.8816834828125 0.9714776296875 0.8817240578125001 0.9795538765625 0.78941211875 0.8072027125 0.725708303125 0.8054787765625001 0.7256782109375 0.7984286953125 0.8120999265625001
0 0.8641079734374999 0.7946100656249999 0.889227978125 0.8008731859375 0.98042450625 0.641021534375 0.980454896875 0.639280478125 0.8910340078125 0.6154645609375 0.8029790390624999 0.773929521875 0.802537475 0.7757005359375 0.8641079734374999 0.7946100656249999
0 0.7856222546875 0.8411361859375001 0.7957219296875 0.928270953125 0.992118740625 0.9558804703125 0.9926351828125 0.92629356875 0.9872027140625 0.8919943140625 0.9825860000000001 0.8656014234375 0.78587350625 0.841096390625 0.7856222546875 0.8411361859375001
0 0.9774519875 0.54272938125 0.9775627828125 0.53638195625 0.892389103125 0.524370521875 0.8109316765625 0.694517715625 0.9078287671874999 0.7093347171875 0.9774519875 0.54272938125
0 1 0.1998415828125 0.81247095625 0.1552271 0.8075331468750001 0.2539504546875 0.991139796875 0.2882268171875 0.997675065625 0.288340890625 1 0.2217635 1 0.1998415828125
0 0.9617098671875001 0.2193361953125 0.9419581031250001 0.22126055625 0.864591740625 0.2293920890625 0.84623729375 0.42009300312500003 0.856342028125 0.4202693828125 0.8795123328125 0.41792777968749995 0.940754784375 0.4114909390625 0.961939528125 0.22152126718749998 0.9617098671875001 0.2193361953125
0 0.9916935515624999 0.35353515625 0.9918249203125 0.3460090640625 0.9010338234375 0.323533221875 0.8105433796874999 0.49238511875 0.907203709375 0.518285178125 0.9916935515624999 0.35353515625
0 0.8781722984375 0.421381228125 0.832368125 0.6136304296875 0.9068353765625 0.6149302609375 0.9300246062499999 0.6149302609375 0.9714543828125001 0.424812865625 0.9714543828125001 0.4230951046875 0.8781722984375 0.421381228125
0 1 0.09859242343749999 0.8207638984375001 0.0471876765625 0.817185325 0.07265054843749999 0.8097075125 0.1499340234375 0.9802259921875001 0.1942720359375 0.995060496875 0.19453097187499999 0.9998018296875 0.166033125 1 0.1646230703125 1 0.09859242343749999
0 0.1382461109375 0.72719451875 0.14441825156250002 0.72719451875 0.145487490625 0.6659378484375 0.145487490625 0.6589097140625 0.037766337500000004 0.627062634375 0.0365220609375 0.6998353578125001 0.1382461109375 0.72719451875
0 0.07897629687499999 0.4061511765625 0.0443781515625 0.495744325 0.0839234609375 0.499809115625 0.1168315140625 0.502688196875 0.11759335156249999 0.5027014953125 0.1448568515625 0.41824019218749997 0.1451891546875 0.4144419453125 0.14525356250000002 0.410752009375 0.07897629687499999 0.4061511765625
0 0.037657834375 0.753721921875 0.1357804625 0.8077528640624999 0.138846115625 0.8078063765625 0.14712600468749998 0.7403720921875 0.14757440625 0.7361027499999999 0.042692171875000004 0.6923007125 0.037657834375 0.753721921875
0 0.042468421875 0.6217994046875 0.1300068 0.654503759375 0.1377406078125 0.6546387546875 0.14610871718750001 0.5845047937500001 0.0462368484375 0.5467753656250001 0.04584755 0.5467685703125 0.042468421875 0.6217994046875
0 0.15036911718749998 0.5653280765625001 0.14442723125 0.53162996875 0.136913196875 0.4958944640625 0.039239801562499996 0.48581985625 0.039204343749999995 0.48785127812500007 0.052710167187500004 0.5561141562499999 0.1487742109375 0.5689330140625 0.15031092343750002 0.56866205 0.15036911718749998 0.5653280765625001
0 0.0379264328125 0.8988781781249999 0.1335631 0.9546115343749999 0.13536093124999998 0.9546429156249999 0.14385595625 0.8854565109375001 0.043895296875 0.8280273359375 0.0431161328125 0.828013734375 0.0379264328125 0.8988781781249999
1 0.15298418125 0.7736279859375 0.08010389531249999 0.7641458359375 0.0341370546875 0.867685271875 0.0340881390625 0.8704875937500001 0.0969597921875 0.8759881515625001 0.10905490468750001 0.85473520625 0.1529704046875 0.77441721875 0.15298418125 0.7736279859375
0 0.040780115625 0.957850703125 0.145573084375 0.983993465625 0.14932143281250002 0.9834666703125 0.14941597499999998 0.9780503375 0.13834625625000002 0.9010604390625 0.08157648125 0.9090389125 0.0324240109375 0.91627490625 0.040780115625 0.957850703125