0 0.0018623156250000001 0.391036109375 0.0030297421875 0.3993427765625 0.0673081015625 0.394870403125 0.0992278328125 0.2819367265625 0.0282897546875 0.287413496875 0.0018623156250000001 0.391036109375
0 0.0740406421875 0.388168403125 0.074409875 0.39079562343749996 0.14082153749999998 0.3885944625 0.1744217265625 0.274693184375 0.10628234218749999 0.2769449203125 0.0740406421875 0.388168403125
0 0.4260680203125 0.2520853765625 0.3536978171875 0.246419315625 0.31024954375 0.3481410078125 0.3100687765625 0.3498608890625 0.31023281875 0.3510281125 0.38531009374999997 0.3613483140625 0.4305770546875 0.2530246484375 0.43051067343750005 0.25255231875 0.4260680203125 0.2520853765625
0 0.2720044484375 0.25660694687499996 0.229777259375 0.362362396875 0.230218846875 0.365504459375 0.2544576015625 0.3671993984375 0.30758291249999997 0.3673928578125 0.348004053125 0.2618187953125 0.2720044484375 0.25660694687499996
0 0.1661274296875 0.2795004421875 0.171841971875 0.399379034375 0.17791774062500001 0.398525140625 0.2462348734375 0.3736597390625 0.24216835625000002 0.252344484375 0.24215118750000003 0.2522973125 0.1661274296875 0.2795004421875
0 0.39418979374999996 0.32892701562500004 0.511821478125 0.3371196234375 0.5097813703125 0.3226035015625 0.49813718749999997 0.26269937187500003 0.38284955625 0.2510700453125 0.381590240625 0.25131482968749996 0.39418979374999996 0.32892701562500004
0 0.4771397421875 0.32505484375 0.5966327171875 0.32417829375 0.5776995015625 0.244125109375 0.4573901921875 0.245300621875 0.473952940625 0.3131615390625 0.4771397421875 0.32505484375
1 0.8169303250000001 0.326074190625 0.823448965625 0.32515805468750003 0.89633225 0.30966623437499996 0.89239045625 0.170503478125 0.81084555625 0.187275853125 0.8169303250000001 0.326074190625
0 0.7403989859375 0.341563534375 0.740953153125 0.34144574375 0.814914446875 0.325087278125 0.8118956046875001 0.183859171875 0.8117589203125 0.183216125 0.8046174921875 0.1842197875 0.7267415765624999 0.20221841562499998 0.7314486 0.338965671875 0.73224439375 0.3427095875 0.7403989859375 0.341563534375
1 0.5527690140625 0.34780083125 0.5539012171875 0.355856878125 0.630651371875 0.358537053125 0.66787580625 0.21854713124999997 0.5902092671875 0.213515078125 0.5527690140625 0.34780083125
1 0.6332025671875 0.3289783515625 0.771759115625 0.299896084375 0.772441909375 0.29962021875 0.743220915625 0.2314144125 0.6032850859375001 0.2520260015625 0.6205339359375001 0.297622390625 0.6332025671875 0.3289783515625
0 0.0282015796875 0.544768634375 0.028722254687499997 0.5484734296875 0.11093793437499999 0.5556663703125 0.169205959375 0.4105555234375 0.09128637656250001 0.4021428734375 0.0282015796875 0.544768634375
0 0 0.49792898281250003 0.112500271875 0.527635990625 0.12208322812500001 0.52628919375 0.11450955 0.44443290625 0 0.448909809375 0 0.49792898281250003
0 0.4944174109375 0.494473159375 0.4993724015625 0.49377678124999996 0.49954832031249996 0.4108878390625 0.35225075625 0.3804038796875 0.354941203125 0.45744820781250006 0.4944174109375 0.494473159375
0 0.16965030781249998 0.40082002499999997 0.12291870625000001 0.54509445625 0.123108896875 0.5464477375000001 0.20539189218749998 0.5450114828125 0.248247021875 0.4068029359375 0.2482279 0.40570742343750005 0.16965030781249998 0.40082002499999997
0 0.31525285625 0.5356571109375 0.3175796265625 0.5414160671875 0.318269315625 0.5413191375 0.3870889984375 0.5135141812499999 0.37626634062500003 0.3596987265625 0.2999574515625 0.39730925 0.31525285625 0.5356571109375
0 0.18613425781249998 0.411091134375 0.1974677546875 0.4917331515625 0.341110425 0.5160190515624999 0.34506895000000004 0.5154627171875 0.33605124218750004 0.4410162625 0.18613425781249998 0.411091134375
0 0.5774847796875 0.36278683906250003 0.49947029218749994 0.3513078859375 0.4464960234375 0.4866648515625 0.44555541249999997 0.4943255125 0.44563878749999997 0.49491875625 0.5066807140625 0.5057748296875 0.524277196875 0.5079354046875 0.5711989203125001 0.383360896875 0.5774847796875 0.36278683906250003
0 0.9706310453125001 0.443213684375 0.9802564031250001 0.3245536046875 0.9769570390625001 0.3010774078125 0.8945082531249999 0.3044123140625 0.8885150234375001 0.4352175265625 0.89055329375 0.449720575 0.9706310453125001 0.443213684375
1 0.914770228125 0.44170784531249996 0.915341728125 0.35685640625000004 0.7839760140625 0.34017274999999997 0.7809859578125 0.34059297499999996 0.7814798406250001 0.3688875109375 0.7845637562500001 0.4239198453125 0.90881029375 0.44254545937499995 0.914770228125 0.44170784531249996
1 0.612844925 0.4429282953125 0.731566078125 0.47061122187500004 0.7417642515625 0.46917796093749997 0.742966328125 0.38636728124999997 0.611822878125 0.3599914796875 0.6118228796875 0.36335622968750003 0.612844925 0.4429282953125
1 0.8295201390625 0.376368034375 0.6994093453125 0.348902109375 0.6977196328125 0.3491395828125 0.6948528734375 0.43123288281249994 0.8226394609375 0.460967403125 0.8286362703125001 0.46012460624999996 0.8295201390625 0.376368034375
0 0.5239654609375 0.38143140625 0.5310124765625 0.43998959062500004 0.533862225 0.460266603125 0.65633679375 0.476450440625 0.6644638421875 0.47530825937500004 0.65331726875 0.39456223281249997 0.5239654609375 0.38143140625
0 0.02699779375 0.7158356640625 0.038473559375 0.7974899796875 0.196323453125 0.815647971875 0.2027134953125 0.8147499093749999 0.189666378125 0.7452127890625 0.02699779375 0.7158356640625
0 0.7925748828125 0.580464959375 0.8053014828125 0.76218810625 0.805924515625 0.7646869515625 0.8206248578125 0.762620953125 0.8659293218749999 0.7513252828125 0.897959665625 0.7429803078125 0.879159796875 0.55555858125 0.7925748828125 0.580464959375
0 0.0874772328125 0.70380335625 0.09317845625 0.7713355875000001 0.094812346875 0.7829613296875 0.28032600625000004 0.8038421828125 0.28492746874999997 0.8031954890625 0.2743520453125 0.7309043953125001 0.0874772328125 0.70380335625
0 0.6104209046875 0.5992889109374999 0.60229870625 0.7788120843749999 0.60344390625 0.7869606046875 0.6630657671875 0.7816087281249999 0.6896698156250001 0.7778697734375 0.70286165625 0.5857904078125 0.6104209046875 0.5992889109374999
1 1 0.5967838609375 0.835762296875 0.614375215625 0.8540573765625 0.6998768328125 0.85642401875 0.7087092578124999 1 0.6892507015625 1 0.5967838609375
0 0.19629530312500001 0.7663505234375 0.3785043390625 0.8024397999999999 0.381081828125 0.80230471875 0.38313131718750004 0.8020166828124999 0.379783228125 0.7194281953125 0.190902709375 0.679627396875 0.1916133859375 0.6931878953124999 0.19629530312500001 0.7663505234375
0 0.5929099328125 0.5969298609375 0.52667951875 0.61939721875 0.5067670484375 0.626644765625 0.533867978125 0.8092334265625001 0.53579085625 0.808963184375 0.5447459171875 0.805703809375 0.615278115625 0.7767879875 0.5931279968750001 0.5975289859374999 0.5929099328125 0.5969298609375
1 0.8152428828125 0.587480703125 0.7230075578124999 0.58898080625 0.679048521875 0.760962525 0.6789492125 0.762857478125 0.6795500703124999 0.7671328109375 0.7388513203125 0.770549021875 0.7741895578125 0.7724010203125 0.8152817984375 0.5877576046875 0.8152428828125 0.587480703125
0 0.33859423906249997 0.8371853078125 0.399057275 0.8204719671875 0.42697647187500004 0.8119362125 0.42165475625 0.6228186515624999 0.329500203125 0.6473302375000001 0.337273690625 0.8328659828125 0.33859423906249997 0.8371853078125
1 0.4236723734375 0.8199795375000001 0.5068901703125 0.803098625 0.5177092046875 0.6160799984375 0.5175056703124999 0.6151224453124999 0.42615791875 0.6401667078125 0.4255342234375 0.6603095140625 0.4234218765625 0.8188010421874999 0.4236723734375 0.8199795375000001
0 0.8209213468750001 0 0.82601110625 0.082340896875 0.8272037859375001 0.0879520109375 0.848842825 0.08491084374999999 0.9004241484375 0.07394689374999999 0.8981541343749999 0 0.8209213468750001 0
0 0.7542519390625 0 0.7392648625 0.09177710312500001 0.7393471046875 0.09236228125 0.8160367656249999 0.0910236578125 0.8326131515625 0 0.7542519390625 0
0 0.1980623890625 0.9001371265625 0.197763046875 0.8980071953125 0.057421548437500004 0.9004568656249999 0.05828019062499999 0.9496485124999999 0.0585789546875 0.951774325 0.1889948546875 0.9870863406250001 0.19407154375 0.9863728593750001 0.1980787171875 0.9010725531249999 0.1980623890625 0.9001371265625
1 0.655325275 0.1007752953125 0.65557493125 0.10255168750000002 0.729056434375 0.10774612812499999 0.76150656875 0.009036153125 0.682820875 0.004618821875 0.655325275 0.1007752953125
0 0.5954741328125001 0.028430267187500004 0.6007134328125 0.1281331421875 0.6015034328125 0.1307171171875 0.6067314968749999 0.12998236093749999 0.6131354046874999 0.1280244890625 0.673010465625 0.107940225 0.6649982624999999 0.004333615625 0.5954741328125001 0.028430267187500004
0 0.5269472171875 0.14109552812499998 0.5275281140625 0.14269152499999999 0.533945878125 0.1417895671875 0.6002414390624999 0.11765995625 0.5892544 0.0145283484375 0.5162421234375 0.0472199859375 0.5269472171875 0.14109552812499998
0 0.29043277343749996 1 0.320332521875 0.8334028765625 0.227312515625 0.8455745890624999 0.20482519375 1 0.29043277343749996 1
0 0.396186596875 1 0.403740603125 0.9972614265624999 0.40771978593749997 0.9955723640624999 0.3839790390625 0.8101165781249999 0.3107141015625 0.8398460156249999 0.297462721875 0.8454708921874999 0.3190158703125 1 0.396186596875 1
0 0.197519303125 1 0.233064815625 0.8460626328125 0.2328180265625 0.8443066390625 0.2167014171875 0.845433621875 0.14132072499999998 0.851925109375 0.1095737421875 1 0.197519303125 1
0 0.531382296875 0.9797627640625001 0.5326840390625 0.979808221875 0.5375493640625 0.9791244453125 0.5375901 0.8929375625 0.357762084375 0.8359527859375 0.35657475 0.933969009375 0.531382296875 0.9797627640625001
0 0.9254567 0.8052756640625001 0.7333897703125001 0.8134114046875001 0.73670990625 0.837035403125 0.749199225 0.9012873750000001 0.9366715203125 0.9025382625 0.942638621875 0.901378375 0.9254567 0.8052756640625001
0 0.7659897078125 0.776363396875 0.710870440625 0.776363396875 0.673519284375 0.9599890796875 0.6742833796875 0.965425896875 0.7675844546875 0.965425896875 0.8086483359375001 0.77808195 0.8086483359375001 0.776687565625 0.7659897078125 0.776363396875
0 0.7249947703124999 0.8358075484375 0.5354149265625 0.8418064984375 0.5375234296875 0.8568092843749999 0.559419575 0.9385268046874999 0.7447139609375 0.9293036390625 0.75145234375 0.92749809375 0.7249947703124999 0.8358075484375
0 0.5349634046875 1 0.5666557078125 0.9955459375 0.6041131828124999 0.9819125328125 0.5776616703124999 0.78643938125 0.48906630937499995 0.816854296875 0.510253378125 1 0.5349634046875 1
0 1 0.9261047671875 0.9753444234374999 0.7369078796874999 0.8799849984374999 0.7581427484375001 0.8998818500000001 0.947539021875 0.9001649015625001 0.9486742765624999 0.9404565937499999 0.9430116484375001 0.9583767218749999 0.9385436593750001 1 0.9262353265625001 1 0.9261047671875
0 0.3048512171875 0.0657414609375 0.3047161578125 0.064780459375 0.2356162796875 0.0711630640625 0.2179431046875 0.177114778125 0.21876398125000002 0.1829556234375 0.25373554062500003 0.179267346875 0.27205920625 0.17701748281250002 0.28945181875000003 0.1745731109375 0.3048512171875 0.0657414609375
0 0.4379576140625 0.1177997171875 0.5257894546874999 0.1334687453125 0.532316346875 0.13255145 0.5259395625 0.0615388546875 0.4305287 0.0500102671875 0.435897784375 0.1010937015625 0.4379576140625 0.1177997171875
0 0.173479584375 0.08398563125 0.142758090625 0.19226988125 0.1431125703125 0.194792134375 0.1974483171875 0.189081215625 0.215470675 0.18654833906249998 0.23445905156250002 0.0750741734375 0.173479584375 0.08398563125
0 0.3738163 0.1549321359375 0.3658170140625 0.048657225 0.363568775 0.0489731953125 0.296215621875 0.07676351249999999 0.3036410921875 0.1708129234375 0.3060904921875 0.177193825 0.3738163 0.1549321359375
0 0.4534481921875 0.157836346875 0.45432985937500003 0.1577124359375 0.45830705156249996 0.0848762390625 0.36707520625 0.05005825312499999 0.3670289125 0.050064759375000004 0.363252671875 0.0932274140625 0.36138716875 0.121250646875 0.44816540156249995 0.1573741625 0.4534481921875 0.157836346875
0 0 0.21090229531250002 0.03341751875 0.20973532968750003 0.0644183546875 0.20712586718749998 0.105444221875 0.10152971875000001 0.10540788281249999 0.10048913906250001 0.035224110937500004 0.102940009375 0 0.19528858437500002 0 0.21090229531250002
0 0.0868706125 0.1000678125 0.0792901515625 0.21015592968750002 0.08073122656250001 0.215534096875 0.1301543859375 0.2033209109375 0.14075610624999998 0.200480190625 0.1450744921875 0.17506794375 0.1589980484375 0.08374168125 0.091813784375 0.09874329375 0.0868706125 0.1000678125
0 0 0.2073636328125 0.0048870515625 0.206676803125 0.050501418750000006 0.1994521984375 0.0415605859375 0.15866537812499998 0 0.1490644859375 0 0.2073636328125