0 0.6296875 0.23359375 0.11875 0.1703125
0 0.46640625 0.27890625 0.1046875 0.1421875
0 0.5421875 0.259375 0.109375 0.15
0 0.38125 0.30625 0.125 0.153125
0 0.1375 0.3734375 0.128125 0.1625
0 0.87421875 0.17734375 0.1140625 0.1671875
0 0.71875 0.21953125 0.11875 0.1703125
1 0.3109375 0.33046875 0.115625 0.1578125
0 0.79765625 0.2 0.1140625 0.165625
1 0.22734375 0.359375 0.1171875 0.165625
1 0.05625 0.41015625 0.1125 0.1484375
0 0.54609375 0.40703125 0.1171875 0.1703125
0 0.4546875 0.43359375 0.121875 0.1578125
1 0.284375 0.48203125 0.1125 0.1421875
0 0.6328125 0.38828125 0.125 0.1703125
0 0.8015625 0.34375 0.121875 0.171875
1 0.1984375 0.50703125 0.121875 0.1578125
1 0.36875 0.4625 0.115625 0.15
0 0.89140625 0.3234375 0.1265625 0.18125
1 0.71484375 0.3734375 0.1296875 0.159375
0 0.04375 0.5578125 0.0875 0.146875
1 0.11640625 0.5390625 0.1234375 0.153125
0 0.03984375 0.165625 0.0796875 0.125
0 0.7796875 0.015625 0.103125 0.03125
0 0.34609375 0.0859375 0.1015625 0.134375
0 0.2671875 0.10625 0.103125 0.134375
0 0.8953125 0.6234375 0.128125 0.1875
0 0.96171875 0.60390625 0.0765625 0.1765625
0 0.79921875 0.65859375 0.1296875 0.1796875
1 0.11328125 0.15078125 0.1109375 0.1421875
0 0.42109375 0.06875 0.1015625 0.1375
0 0.6453125 0.03828125 0.1 0.0765625
0 0.1921875 0.13125 0.109375 0.14375
0 0.7078125 0.6875 0.140625 0.1875
1 0.14609375 0.84609375 0.1484375 0.2015625
1 0.621875 0.72109375 0.140625 0.1765625
1 0.34140625 0.79921875 0.1359375 0.1859375
0 0.24609375 0.828125 0.1421875 0.184375
0 0.434375 0.77890625 0.146875 0.1921875
0 0.5359375 0.7578125 0.13125 0.190625
0 0.49453125 0.059375 0.1078125 0.11875
0 0.571875 0.0484375 0.103125 0.096875
1 0.71328125 0.0296875 0.1078125 0.059375
0 0.91171875 0.82109375 0.1296875 0.1859375
0 0.9671875 0.79453125 0.065625 0.1890625
0 0.61953125 0.9 0.1359375 0.184375
0 0.81640625 0.8484375 0.1359375 0.184375
0 0.4140625 0.93203125 0.14375 0.1359375
0 0.52109375 0.91796875 0.1421875 0.1640625
0 0.721875 0.87578125 0.140625 0.1828125
0 0.31484375 0.9484375 0.1328125 0.103125
0 0.2125 0.9609375 0.146875 0.078125