0 1 0.541500353125 0.960074484375 0.5109586921875 0.9253365359375 0.623057575 0.9765253406250001 0.6616032703125 0.9830820609375 0.65321105 1 0.603207715625 1 0.541500353125
0 0.8685496468749999 0.50195520625 0.8353264749999999 0.5597359765625 0.83692215 0.5609826546875001 0.9509151703125 0.5848677906249999 0.9848928390625 0.5257614109375 0.8685496468749999 0.50195520625
1 0.73127635 0.450646521875 0.788335725 0.39958135 0.7875567125 0.39865296093749997 0.6932166343749999 0.337688703125 0.6363874390625 0.382854984375 0.632783678125 0.3858788984375 0.6327737328125 0.3858916265625 0.73127635 0.450646521875
0 0.8374986703125 0.452314 0.8522380281249999 0.43046200468749996 0.7398025734375 0.39772492187499997 0.6984989015624999 0.458783084375 0.7036865671875 0.4628361328125 0.8051987734375 0.4939677515625 0.8374986703125 0.452314
0 0.8442917828125 0.41423127656250003 0.8442544765625 0.41426486718750005 0.78370989375 0.5194707640625 0.8316885031249999 0.5727564093749999 0.8372994765625 0.5771401828125 0.8986456796875 0.47394120781250004 0.8442917828125 0.41423127656250003
0 0.72688844375 0.3438372046875 0.7259202390625 0.3429955578125 0.6202635578125 0.295423034375 0.580227334375 0.341479440625 0.5712024875 0.353030715625 0.67717081875 0.404751553125 0.72688844375 0.3438372046875
0 0.6625716578125 0.304680815625 0.5625971843750001 0.2387089875 0.5030784140625 0.294765325 0.503958590625 0.295742859375 0.6030928375 0.361507296875 0.6625716578125 0.304680815625
1 0.300737415625 0.0190474765625 0.2997473703125 0.020314674999999997 0.2605538234375 0.1525436171875 0.33473143437499997 0.18872245468749999 0.335999946875 0.1870988328125 0.37290996718749997 0.0551018953125 0.300737415625 0.0190474765625
1 0.3824190265625 0.24752555781250002 0.38348936562499997 0.2462037984375 0.4496042125 0.1230268796875 0.39026136875 0.07415767031250001 0.3841000015625 0.06916829218750001 0.3822962828125 0.0713957015625 0.315260315625 0.19247419062499999 0.3595958265625 0.22969412031249997 0.3824190265625 0.24752555781250002
1 0.587656371875 0.26747753125 0.599976228125 0.24140637968749998 0.45862045625 0.2058761984375 0.4229576203125 0.27721493750000004 0.42342590468749997 0.2775808015625 0.5652634265625001 0.31142615937499996 0.587656371875 0.26747753125
1 0.5094745296875 0.1644300671875 0.4364949703125 0.1260802609375 0.398983128125 0.262461109375 0.46106455156250004 0.29858095156250003 0.46515275625 0.2933482890625 0.4659310234375 0.291944259375 0.5094745296875 0.1644300671875
0 0.8513863203125001 0.5843157875 0.7977673390625 0.7306585015625 0.8200657640625 0.748079940625 0.8635393 0.7808396 0.8670357453124999 0.776364353125 0.9149210140624999 0.630202346875 0.8513863203125001 0.5843157875
0 0.8220994781250001 0.7119948734375 0.9345570296875 0.75338906875 0.9639769984375001 0.7157332265624999 0.8675953921874999 0.642472375 0.8140172937499999 0.7056803796875 0.8220994781250001 0.7119948734375
0 0.536334125 0.4314309984375 0.5066772796875 0.5091825453125 0.507435490625 0.5097749234375 0.5109909906250001 0.51128414375 0.65465075625 0.526721403125 0.68469880625 0.45593263124999994 0.6843971421874999 0.45569694531250005 0.536334125 0.4314309984375
0 0.8828962625000001 0.6417629921875 0.7457669703125 0.5717339 0.694749115625 0.6295191296875 0.6990608625 0.633984075 0.8234244687500001 0.6994775843750001 0.8828962625000001 0.6417629921875
0 0.5642694796875001 0.5462471375 0.5685880859375 0.549621203125 0.7119119671874999 0.5854216906249999 0.75235954375 0.5206920390625001 0.7515643453124999 0.5200707625 0.6131375921875 0.4795687046875 0.5642694796875001 0.5462471375
1 0.775312028125 0.637659703125 0.8160519640624999 0.5670960625 0.6644031312500001 0.5384102421875 0.628141271875 0.604080615625 0.6291325999999999 0.6048551265625 0.6309656125 0.6059134171875 0.775312028125 0.637659703125
0 0.438031671875 0.414645340625 0.55559923125 0.5052704140625 0.595438403125 0.47414464062499995 0.617259078125 0.4562398265625 0.6159775359374999 0.454599528125 0.601556940625 0.44161022031249997 0.4964156984375 0.3583932953125 0.43554614375 0.41146400781250003 0.438031671875 0.414645340625
0 0.2664557421875 0.16860493125 0.27026605625 0.15976438125 0.15723921875 0.126579171875 0.14051981875 0.1479790265625 0.11766746718750001 0.199306246875 0.12184739375 0.20257196249999998 0.234648615625 0.2400449046875 0.2664557421875 0.16860493125
1 0.2344180734375 0.1471453390625 0.192894996875 0.2767691546875 0.210485459375 0.2853485953125 0.26975112968750004 0.31250018125 0.272882103125 0.30849272031249997 0.30879883124999996 0.1870403203125 0.2344180734375 0.1471453390625
0 0.431795471875 0.3962236765625 0.4713459078125 0.3191621953125 0.34345888125 0.285194965625 0.3049065546875 0.3555076578125 0.3095785859375 0.35915785 0.31200583593750003 0.3604484421875 0.431795471875 0.3962236765625
1 0.300870646875 0.20217120624999999 0.263331215625 0.3323996546875 0.2913596953125 0.3469253765625 0.33951138593749997 0.3704105265625 0.3403974796875 0.3692763796875 0.37507639375 0.23895259375000003 0.300870646875 0.20217120624999999
0 0.42415422031250005 0.329792478125 0.36877709687500004 0.391598665625 0.37111141718749996 0.3936278609375 0.48679190625 0.4512347765625 0.495465209375 0.44125728124999997 0.5248030828125 0.40734340468749997 0.5377835156249999 0.3907292078125 0.42415422031250005 0.329792478125
0 0.6056969125 0.8976770703125 0.7426426953124999 0.992725815625 0.7594370109375 0.980070390625 0.7902279765625 0.940659753125 0.669195565625 0.8446001531249999 0.664523425 0.8481208640625001 0.604017565625 0.8954485015625 0.6056969125 0.8976770703125
0 0.20687773437499998 0.4170980828125 0.1323231015625 0.357575853125 0.044502996875 0.5226993859375 0.0805039890625 0.5529592609375 0.11337380156250002 0.5786399734375001 0.1180455953125 0.5726603484375 0.20687773437499998 0.4170980828125
0 0.5376812625 0.8839952171875 0.7170617796875 0.9408222374999999 0.71736359375 0.9403199359375 0.7553489109375 0.87129795625 0.5736072890624999 0.8200471531250001 0.5344879640625 0.8818734828125001 0.5356131296875 0.882752559375 0.5376812625 0.8839952171875
0 0.2028923078125 0.6553913640625 0.2835996796875 0.6983042359375 0.2866578421875 0.69438996875 0.338679784375 0.5138144640625 0.2590043078125 0.47644199531250003 0.2028923078125 0.6553913640625
1 0 0.441537990625 0.10346427656249998 0.4936161796875 0.10857753750000002 0.48603546093750005 0.153712478125 0.411148390625 0 0.3390997328125 0 0.441537990625
0 0.5388700328125 0.9205338265625 0.6459022 0.7682466734375 0.5911446859375 0.704536928125 0.47970667499999997 0.8590683171875 0.4855714203125 0.8662238359375 0.5320342796875 0.9215961140625 0.5349185249999999 0.923849534375 0.5388700328125 0.9205338265625
0 0.42460061250000003 0.6021277828125 0.3709967609375 0.5398252109375 0.3671735875 0.5357253609375 0.2598940078125 0.686445196875 0.2817601046875 0.709893715625 0.322572484375 0.7517719578125 0.325071115625 0.749441946875 0.42460061250000003 0.6021277828125
1 0.1807220703125 0.6364377906249999 0.279115059375 0.4886916296875 0.218446075 0.41906757499999997 0.1085598359375 0.5733880703125 0.133582034375 0.5984102703125 0.17156274062500002 0.6359992 0.17695093906249998 0.640208921875 0.1807220703125 0.6364377906249999
1 0.573998928125 0.7990237203125 0.6042815234375001 0.7463497484375 0.42220698125 0.6920299234375 0.376273209375 0.7701596140625 0.3811977421875 0.77400708125 0.55550049375 0.8286274062500001 0.573998928125 0.7990237203125
1 0.43746132812500005 0.813534553125 0.4377320703125 0.8129794515625001 0.4723244484375 0.6297138437500001 0.3955127390625 0.5931308640624999 0.395359684375 0.5933267640625 0.3588413078125 0.7485797265625 0.3545734921875 0.7682750875 0.436747175 0.814448628125 0.43746132812500005 0.813534553125
1 0.48711856249999996 0 0.4726186 0.018588203125 0.4768438078125 0.021889296875 0.563387553125 0.0641786375 0.5968991734375 0.0224789890625 0.6119400515625 0.0025190703125000003 0.6115552171874999 0.0022184046875 0.606525925 0 0.48711856249999996 0
0 0.5897093 0.0062444828124999996 0.5311604609375 0.0486018375 0.5347632124999999 0.0532131484375 0.61036703125 0.1153635671875 0.6508391203125 0.085463121875 0.6674563265625 0.0724803359375 0.67011249375 0.0690805984375 0.5897093 0.0062444828124999996
0 0.7113167609375 0.0942699484375 0.6579136125 0.0347078828125 0.6059290515625 0.1244544625 0.6504048874999999 0.167404278125 0.6623383234375 0.1767277 0.6633545484375001 0.17567536718750001 0.7113167609375 0.0942699484375
0 0.536565796875 1 0.5499336890625 0.921916571875 0.46522767187499997 0.881595821875 0.4489551453125 1 0.536565796875 1
0 0.47874357187500005 1 0.48257829843750005 0.9962968468750001 0.52644515 0.949135465625 0.5251772375 0.947822503125 0.369686915625 0.8546153078125001 0.303541528125 0.9205616828125001 0.43951154687500005 1 0.47874357187500005 1
0 0.62338026875 1 0.6283441515625 0.97832495625 0.5627694640625001 0.9405844125 0.5485777671875 0.9327178281249999 0.5477795015625 0.9337395640624999 0.5336980890625 1 0.62338026875 1
0 0.3585513265625 0.7661216046875 0.2630433234375 0.928797971875 0.3033949109375 0.973570378125 0.3166432359375 0.987289421875 0.3234783265625 0.9926295796875 0.425019340625 0.83816736875 0.3585513265625 0.7661216046875
0 0 0.6820475328125 0.0988431046875 0.714977190625 0.143806346875 0.6267318578125 0 0.5865324937499999 0 0.6820475328125
0 0.173084934375 0.627787875 0.12312991250000001 0.604493465625 0.0849855765625 0.5870581171875 0.0835444921875 0.588902621875 0.041783315625 0.7751683125 0.12704913281250002 0.814928415625 0.12863598437499998 0.812897340625 0.173084934375 0.627787875
0 0.20806700625 0.8700052828124999 0.252485621875 0.6898383640625 0.162527490625 0.64596285 0.11983563906250001 0.8336832390625 0.195521990625 0.8724066468749999 0.20387732656250002 0.87648181875 0.206620946875 0.8729701437499999 0.20806700625 0.8700052828124999
0 0.1467899109375 0.7956656093750001 0.14789406562500002 0.796981490625 0.3018362234375 0.9159893171875 0.37109170625 0.8578770656250001 0.37562046250000003 0.852080521875 0.217146475 0.7343921359375 0.1467899109375 0.7956656093750001
0 0 0.6526413734375 0.0161566359375 0.6591681453125 0.0284697171875 0.6378412640625 0.06343354062499999 0.5735902171875 0 0.546107503125 0 0.6526413734375
0 0.8332403062499999 0.30628528125 0.923036365625 0.344302090625 0.968030871875 0.2867117484375 0.863299053125 0.24539338906250002 0.8239398375 0.2990189578125 0.8332403062499999 0.30628528125
0 0.7393033015625 0.216547028125 0.740004265625 0.21528245468749999 0.7651464359375 0.12823407343749998 0.700479971875 0.0936600171875 0.7003490015625 0.0938276515625 0.6789807515625 0.18723901406250001 0.679832996875 0.187731634375 0.73704105 0.21944257656250002 0.7393033015625 0.216547028125
0 1 0.33503003593749997 0.9267305218749999 0.29414695625 0.87825279375 0.330262359375 0.8808582984375001 0.33347988906250003 0.9696548015625 0.3964283359375 1 0.371855278125 1 0.33503003593749997
0 0.8690787249999999 0.285353990625 0.9053454609375 0.24933435781250002 0.9046504734375 0.24856249687499998 0.8191433734375 0.19613431406249998 0.76241900625 0.2447163421875 0.7636583 0.24609271718749998 0.8526078015625 0.300184475 0.8690787249999999 0.285353990625
0 0.7622329640625 0.1338220765625 0.72993814375 0.2270260671875 0.759149940625 0.248938571875 0.7889205609375 0.269784184375 0.791997440625 0.26584595625 0.8201014578124999 0.176162146875 0.7622329640625 0.1338220765625
0 1 0.3239893296875 0.9787707359375 0.314720171875 0.9750126046875 0.40702525312500004 0.9744027640624999 0.43279459375 0.9842676640624999 0.43760602656250003 1 0.444902240625 1 0.3239893296875