0 0.5976357234375 1 0.64002935625 0.9931204328125001 0.6438119484375 0.9903722171875 0.6274663453125 0.9596306109375 0.6108752109375 0.9302038156249999 0.49789305625 0.9515367828124999 0.497294221875 0.9519718609375 0.523894878125 1 0.5976357234375 1
0 0.5484673296875 0.8378545015625001 0.5474293 0.8364257765625001 0.488438503125 0.8689806546875 0.5107269046875 0.9854442484374999 0.569900984375 0.9527806578125 0.5484673296875 0.8378545015625001
0 0.390926353125 0.7845944796875 0.4429795703125 0.7284350046875 0.379951771875 0.6288142999999999 0.3768543984375 0.6323774203125 0.33070319062500003 0.6884097015624999 0.39001169999999996 0.783799384375 0.390926353125 0.7845944796875
0 0.41177818281249995 0.8290281875 0.5117416078125 0.7730835078125 0.512447 0.77232706875 0.5080649453125 0.7662956875 0.49501272968750004 0.7541242984375 0.45384835468749996 0.7205411125000001 0.3559953171875 0.7771497203125 0.41177818281249995 0.8290281875
0 0.5646213015625 0.85477196875 0.517348278125 0.789706234375 0.4034911515625 0.828309409375 0.4495485796875 0.8924216843749999 0.5635343875000001 0.8555616578125 0.5646213015625 0.85477196875
0 0.3205688140625 0.7018246421875001 0.4223606109375 0.6430172234375 0.418176296875 0.637258009375 0.3697110796875 0.5887927921875 0.26690495468750003 0.6440092265625 0.266560465625 0.644353715625 0.3205688140625 0.7018246421875001
0 0.2576953 0.6275060781249999 0.3696384171875 0.6005073015625 0.3737590328125 0.5975135 0.341994465625 0.5344005171874999 0.3375355390625 0.5260144984374999 0.2212392921875 0.5537637 0.2576953 0.6275060781249999
1 0.195402003125 0.2987360953125 0.18472050625 0.2840342734375 0.14128934531249998 0.23579908437500002 0.0236361953125 0.310781790625 0.0785919 0.3706613203125 0.195402003125 0.2987360953125
0 0.2468155140625 0.36418415312499997 0.20003691406250002 0.30531567656249997 0.0744253046875 0.3699393203125 0.07371519843749999 0.37049411718749997 0.0780369859375 0.376442546875 0.128255553125 0.43842708906250005 0.24909975 0.3742503953125 0.2523079640625 0.3717438625 0.2468155140625 0.36418415312499997
1 0.22841489375 0.5731872859375 0.34297483125 0.4955976203125 0.34769914218750003 0.49053141718750004 0.30123138125 0.4445364359375 0.29322629375 0.4370715703125 0.17004410781249998 0.5183599953125 0.197457228125 0.5443187953125 0.22841489375 0.5731872859375
1 0.292151784375 0.4628277953125 0.2951421078125 0.4614964171875 0.2991870484375 0.458557596875 0.26861571875 0.3935650328125 0.12948447031250002 0.4190477546875 0.16132775625 0.4950920109375 0.292151784375 0.4628277953125
0 0.7689958031249999 0.8625037171875001 0.7526839 0.8436314390625 0.7174335375 0.8044819453125 0.5706440390624999 0.867213265625 0.6278812453125 0.9298421828125001 0.7662888890625 0.8649410328125 0.7689958031249999 0.8625037171875001
0 0.6370738078125 0.9038673218750001 0.6172913109375 0.9157538437499999 0.639456646875 0.9453807015625 0.784485703125 0.9113430265625 0.797186071875 0.9021156687499999 0.7769263375000001 0.868397809375 0.7551844796875 0.8352816015625001 0.75504985625 0.8350963078125 0.6370738078125 0.9038673218750001
0 0.4701434953125 0.686246853125 0.50221433125 0.6655164453125 0.536493396875 0.6415139859375001 0.5407631562499999 0.638411825 0.489361321875 0.5066233859375 0.48500438125 0.500626571875 0.42312354843750005 0.5426717921875001 0.4701434953125 0.686246853125
0 0.5766340640625 0.8472628609375 0.72005975 0.7949114109375001 0.7157386765625 0.7889639625 0.668253765625 0.73032498125 0.53295969375 0.78164435625 0.532108190625 0.782333890625 0.5766340640625 0.8472628609375
0 0.6140098359375 0.6856255203125 0.62003205625 0.6812501203125 0.5890882375000001 0.6148908796875 0.4360499953125 0.6337487859375 0.47760267343749996 0.7079847125 0.6140098359375 0.6856255203125
0 0.5231041640625 0.6743148328124999 0.571954671875 0.8185422640625 0.6170774171875 0.7857586703125 0.636823271875 0.7703315171875 0.5852968 0.6318081 0.5832287859374999 0.6291611640625 0.5231041640625 0.6743148328124999
0 0.3396132921875 0.5087247406250001 0.37618239062500003 0.578586946875 0.516761509375 0.541900025 0.5236160812499999 0.5369198875000001 0.4969105921875 0.481960203125 0.4883155828125 0.46645439375000003 0.3599527921875 0.50171698125 0.3396132921875 0.5087247406250001
0 0.213119234375 0.1131173515625 0.20837353125 0.10658545312500001 0.1594161828125 0.1294146390625 0.1364799859375 0.1460787609375 0.17198206875 0.259626525 0.18075477499999998 0.2556625015625 0.25162875625000003 0.2226134203125 0.213119234375 0.1131173515625
1 0.245832634375 0.16080176875000002 0.1751730640625 0.2060149546875 0.2340389 0.327990665625 0.2340457625 0.32800011093750003 0.2581696078125 0.3117283703125 0.30264398593749997 0.279169225 0.2536833078125 0.17160729375 0.245832634375 0.16080176875000002
1 0.33606695468750003 0.29819726874999997 0.275199140625 0.3573232609375 0.34919519375 0.4685771015625 0.3499812390625 0.46800600625 0.3516602921875 0.466326953125 0.40720354375 0.4093383109375 0.34142410624999997 0.3035544203125 0.33606695468750003 0.29819726874999997
1 0.3565527125 0.348034953125 0.303737565625 0.23518450156249998 0.2974141953125 0.2264811296875 0.23156496093749998 0.27321917500000004 0.287016065625 0.3983458046875 0.3126673625 0.3803845734375 0.3565527125 0.348034953125
0 0.46729451875 0.47698419375 0.46880592656250003 0.47631127187500005 0.4732748671875 0.473064396875 0.4422879125 0.40301328437499995 0.31162318125 0.4248146515625 0.34684850625 0.50084105 0.46729451875 0.47698419375
0 0.9007325390625001 0.8165475671875001 0.9607510140625 0.7832787812500001 0.9724734875 0.77476190625 0.9335402187499999 0.62354240625 0.928485059375 0.6165845765625 0.869613284375 0.6528406234374999 0.9007325390625001 0.8165475671875001
0 0.49926634375 0.012524278125 0.41948039374999996 0.0498105203125 0.4614859453125 0.231668965625 0.4616018421875 0.23182848437499998 0.47724746093750003 0.22518731406249998 0.548990715625 0.19383922343749999 0.502497934375 0.016972181250000003 0.49926634375 0.012524278125
0 0.8459596421875 0.5530172624999999 0.791042503125 0.6095402937500001 0.89908168125 0.7662807765624999 0.9035739328125001 0.763016965625 0.916510328125 0.748649640625 0.948495190625 0.711433953125 0.8474920156250001 0.5543970171875 0.8459596421875 0.5530172624999999
0 0.7039615234375 0.2623812359375 0.6632688875 0.21236130000000003 0.64838675 0.19583300937499998 0.48156599375000003 0.2924234109375 0.544448971875 0.361512 0.6980000000000001 0.26774901406249996 0.7039615234375 0.2623812359375
1 0.412466153125 0 0.3202429875 0.051359415625 0.3757195109375 0.1303600046875 0.5266044890625 0.0407063921875 0.5345469656249999 0.0345010484375 0.5094804859375001 0 0.412466153125 0
0 0.753499934375 0.6486111265625001 0.9206556984375001 0.5667196640625 0.9245567125 0.5633285625 0.9194958015625 0.5563628171875 0.8753520953124999 0.505581290625 0.869202121875 0.49866938125000004 0.6991405234375 0.5845613703125 0.753499934375 0.6486111265625001
0 0.5803319171875 0.40834041406250005 0.5930846234375 0.42526382656250006 0.7591284546875 0.346269234375 0.7432439203125 0.32440605 0.704941734375 0.277596546875 0.53999156875 0.3511890703125 0.5394823765625001 0.3515727734375 0.5803319171875 0.40834041406250005
1 0.4795601328125 0.266890815625 0.645405775 0.21087767968749999 0.6523626250000001 0.20582323281249998 0.62320691875 0.15471398125 0.6055135515625001 0.12406817031249999 0.4280107484375 0.1902690453125 0.4795601328125 0.266890815625
0 0.83827134375 0.5527628484375 0.7560947609374999 0.38721300625 0.75341185 0.384126671875 0.68250390625 0.4424789546875 0.764637696875 0.6138143625 0.8119259234375 0.575664575 0.83827134375 0.5527628484375
1 0.5940602593750001 0.4181735046875 0.641006703125 0.489190734375 0.8176744515625 0.4294293640625 0.8190043984375001 0.428532303125 0.81913533125 0.428437175 0.7618317109375 0.353301725 0.7429219890625001 0.3602690703125 0.594255765625 0.4180416328125 0.5940602593750001 0.4181735046875
1 0 0.56932471875 0.0757994796875 0.5416725609374999 0.07866678906249999 0.5395893390625 0.039810890625 0.4773016359375 0 0.4900851421875 0 0.56932471875
0 0.058926735937499995 0.51445835625 0.00336360625 0.5654499203125 0.052082870312499994 0.655471496875 0.0613752828125 0.6487201640625 0.0630666375 0.6472498921875001 0.10653618437500001 0.606549015625 0.060547803125 0.5163231796875001 0.058926735937499995 0.51445835625
0 0.122048753125 0.583225153125 0.118508525 0.578352446875 0.053078040625 0.6161287546875001 0.081834659375 0.715882415625 0.14806087343750002 0.6710089890625001 0.122048753125 0.583225153125
0 1 0.462448778125 0.883517509375 0.4782285953125 0.8830753093749999 0.47854987187500003 0.9175506875 0.5584615109375 1 0.5500498968749999 1 0.462448778125
0 1 0.373985221875 0.8270674124999999 0.41167458593750006 0.8630691765625 0.48206963593749996 0.8698275843750001 0.4947803515625 1 0.46487080000000003 1 0.373985221875
0 0.8630351578125 0.2420335875 0.7997478015625 0.31308067031250003 0.9046468109375001 0.46673997187499994 0.9082355046874999 0.46413263281250006 0.9632808703125001 0.40087059687500004 0.8679658531250001 0.24482599062500002 0.8641234531249999 0.2412428953125 0.8630351578125 0.2420335875
0 0.61956046875 0 0.5413932140625 0.0405622640625 0.5943943921875 0.112640440625 0.760327953125 0.0366080875 0.7690372875 0.030280385937499998 0.7470373 0 0.61956046875 0
0 0.621965115625 0.1452462109375 0.65278741875 0.19094215625 0.82933039375 0.117807103125 0.830791671875 0.116745421875 0.7778132609374999 0.038201696875 0.5998079171875 0.10881152812499999 0.5984466281249999 0.1098005625 0.621965115625 0.1452462109375
0 0.8428268437499999 0.2593010328125 0.78624811875 0.083210184375 0.7817951843750001 0.0770812453125 0.6980820609375 0.1273811640625 0.7605650125000001 0.310404246875 0.77920478125 0.29920434375 0.8428268437499999 0.2593010328125
0 0.9509331453125001 0.274739771875 0.9063447578125 0.2086347703125 0.8967219046875 0.19539004843750002 0.7139976390625 0.2681287984375 0.7649422593749999 0.34673446406249997 0.944975040625 0.2790685890625 0.9509331453125001 0.274739771875
0 0.56939750625 0 0.6039851578125 0.0678904140625 0.6334959828125 0.0472267109375 0.68687496875 0.006306984375 0.6834612703125 0 0.56939750625 0
0 0.32163925625 0.9282625187500001 0.30208103125 0.8230434750000001 0.2990445265625 0.8188640843749999 0.2357103171875 0.8497822265625 0.258865259375 0.9592223000000001 0.28634082968749996 0.9462479640625 0.32163925625 0.9282625187500001
0 0.1922385828125 0.7387511453125 0.175125615625 0.651608515625 0.1743829140625 0.6499403796875 0.1709869484375 0.6452662328125001 0.11164431562499999 0.6729747500000001 0.12481971562500001 0.768108196875 0.161377471875 0.752491396875 0.1922385828125 0.7387511453125
0 0.3434657953125 1 0.37428485 0.9776086453125 0.336567890625 0.8758271328125 0.33409220624999997 0.872419646875 0.28667642031249996 0.9098855625000001 0.3094132 1 0.3434657953125 1
0 0.23903865624999998 0.896310584375 0.2744198625 0.8594207421875 0.2889606328125 0.8426935 0.2333247296875 0.7547015781249999 0.23192693593749997 0.75348649375 0.1843422828125 0.8110500953124999 0.23825478437499997 0.8956291734375 0.23903865624999998 0.896310584375
0 0.21280597656250003 0.7001669046875 0.1523545734375 0.733940209375 0.1699750984375 0.8299534062499999 0.1704787203125 0.8306465828125 0.222005584375 0.8032492640625 0.23564706875 0.7954131421875 0.21621608281250002 0.7048605125 0.21280597656250003 0.7001669046875
0 0.40415328281249996 1 0.3980626515625 0.9312262890625 0.3965784 0.9291833921875 0.3391576453125 0.9534158937500001 0.338865146875 0.9794246703124999 0.3389841796875 1 0.40415328281249996 1