0 0.5127301203125 1 0.5078017406249999 0.9123302125 0.5050387515625 0.9064049640625 0.44212069375 0.933651284375 0.4475668546875 1 0.5127301203125 1
0 0.5220713640625 0.9345071781250001 0.5229957359374999 0.9340761359374999 0.4955273015625 0.8720687937499999 0.377564325 0.8841219109375 0.4049462609375 0.9459176359375 0.5220713640625 0.9345071781250001
0 0.2797718 0.6526107375 0.30522157499999997 0.720594996875 0.41546735312500005 0.7169931046875 0.4183574484375 0.71564543125 0.3960226953125 0.6433734515625 0.27844328125 0.6481383234375 0.278261078125 0.648223284375 0.2797718 0.6526107375
0 0.45968851875 0.764784796875 0.41649036562499997 0.7074589125 0.3060985734375 0.745974053125 0.30617281093750004 0.74613325625 0.3581178546875 0.8063305250000001 0.4593075328125 0.76940115 0.46118236562500003 0.7679883609375 0.45968851875 0.764784796875
0 0.3728051453125 0.8717906453125 0.49120610625000005 0.8661465406250001 0.4936517921875 0.8650060984374999 0.466964440625 0.7916832031250001 0.3456491859375 0.79574971875 0.3456020140625 0.7957668875 0.3728051453125 0.8717906453125
0 0.380865871875 0.6555467796875 0.38391365 0.654125578125 0.37153803124999996 0.5778928046875 0.2531140796875 0.56964501875 0.2675906375 0.6441204484374999 0.380865871875 0.6555467796875
0 0.257165459375 0.5940164328125 0.365348490625 0.5426003953125 0.3143572328125 0.47804909375 0.20581676249999997 0.5299593796875001 0.257165459375 0.5940164328125
1 0.229123596875 0.27116197343750004 0.23389700468750002 0.268936096875 0.2160811625 0.19176720625000002 0.0770083953125 0.198137125 0.0952013703125 0.2793768859375 0.229123596875 0.27116197343750004
0 0.1069998265625 0.287111921875 0.108285290625 0.28999911875 0.143787734375 0.36608699218749996 0.2707757421875 0.334492603125 0.280093746875 0.3301475453125 0.2770178578125 0.3232389859375 0.24563944843750002 0.2542950390625 0.10812516718750001 0.2866108875 0.1069998265625 0.287111921875
1 0.3522245984375 0.46320077031249995 0.3163351671875 0.4085497 0.3100570421875 0.3995836078125 0.1730807 0.4533219234375 0.17418485156250002 0.4556897828125 0.194082809375 0.484575715625 0.218361878125 0.5192498203125 0.34655020468750003 0.4671740265625 0.3522245984375 0.46320077031249995
1 0.268709259375 0.3202487921875 0.142201475 0.3871012125 0.142209821875 0.3871191140625 0.1891698046875 0.44471529375 0.3137391546875 0.3882631015625 0.3173440359375 0.3854466609375 0.268709259375 0.3202487921875
0 0.603346265625 0.7912632875 0.5366947984375 0.8422673734374999 0.5904003140625 0.9888462640625001 0.5929245562500001 0.987669190625 0.6123736109375 0.9736225328125 0.6537785484375 0.9424216734374999 0.6049564078125 0.7934000203125 0.603346265625 0.7912632875
0 0.6487553875 0.8633732375 0.6456698796875 0.8567563437500001 0.5659945265624999 0.8770448859375 0.589830696875 0.9969987031249999 0.636200875 0.9871424187500001 0.6487553875 0.8633732375
0 0.43821918593750003 0.678799303125 0.5081073515625001 0.646209915625 0.488417503125 0.5084359640625 0.4843795375 0.49977651874999995 0.4087998421875 0.5316690578125 0.43821918593750003 0.678799303125
0 0.5081606515625 0.854504565625 0.658817321875 0.833190465625 0.6481512296874999 0.8103169578125 0.6220909953125 0.75917086875 0.47908352499999995 0.7812395734375001 0.4781072671875 0.781737 0.5081606515625 0.854504565625
0 0.4722894125 0.7525615515624999 0.541864603125 0.72011810625 0.524369740625 0.57814140625 0.5207111484375 0.5702955296875001 0.448993334375 0.6104387234375 0.4722894125 0.7525615515624999
1 0.5793993203125 0.6554836328125 0.5775183375 0.6514498515625 0.505151159375 0.6667087125 0.4882457171875 0.8201181359374999 0.5676372671875 0.8017891531249999 0.5793993203125 0.6554836328125
0 0.37640214375 0.5705205984374999 0.5035400265625001 0.5283239875 0.5114308421875 0.525134153125 0.5223355187500001 0.5183201546875 0.4860239234375 0.45699300468750004 0.48318425468750004 0.4524485859375 0.336736140625 0.498978546875 0.37513278125 0.5684891953125 0.37640214375 0.5705205984374999
0 0.3361648359375 0.1316429515625 0.33945106406250003 0.1298213640625 0.329825790625 0.1091798984375 0.298598940625 0.052845171875 0.16560477812500002 0.11033256875 0.2079442828125 0.1817952171875 0.3361648359375 0.1316429515625
1 0.361466465625 0.23002588125 0.2938726328125 0.1118191203125 0.2294119046875 0.16630693125 0.2921778859375 0.28203095624999996 0.3478578484375 0.2406581 0.361466465625 0.23002588125
1 0.30871016562500003 0.31775144375000003 0.3600376453125 0.4394114734375 0.36142635312500004 0.438763909375 0.430952428125 0.389776140625 0.3788538625 0.2761312375 0.3737982765625 0.26917282187499997 0.30871016562500003 0.31775144375000003
1 0.335555915625 0.1904992640625 0.2687747140625 0.241548834375 0.32748358906249997 0.3614941671875 0.3328245234375 0.3590036484375 0.3949182515625 0.3138899140625 0.33907688281250004 0.1935954796875 0.336505603125 0.1900564171875 0.335555915625 0.1904992640625
1 0.48653614375 0.450312840625 0.451406525 0.3809548984375 0.3220618609375 0.4095648515625 0.3612178234375 0.4836435078125 0.48025019843749994 0.453515690625 0.48653614375 0.450312840625
0 0.8127691374999999 0.726543403125 0.8431864046875001 0.8916585109374999 0.9090749953125 0.8609341562499999 0.8894689187499999 0.695604925 0.8882044718750001 0.6928933109375001 0.8180711781250001 0.724071021875 0.8127691374999999 0.726543403125
0 0.58390318125 0.018133946875 0.49987244375 0.047146850000000004 0.5223365125 0.22994246718750003 0.52345909375 0.2323498515625 0.538991190625 0.22760121249999998 0.6136181953125 0.2039240625 0.5856802703125 0.0219449265625 0.58390318125 0.018133946875
0 0.89954690625 0.797019540625 0.83959791875 0.6186581125 0.8375662171875 0.6154067125 0.776286590625 0.6556947156249999 0.8307014171875 0.8365142078125001 0.8990499484375001 0.7973300765625 0.89954690625 0.797019540625
0 0.7457012625 0.294037790625 0.709523 0.24066159687500002 0.696138028125 0.2228991390625 0.5215336671874999 0.3045825984375 0.578155890625 0.378888896875 0.7392945921875 0.29886556249999996 0.7457012625 0.294037790625
1 0.48897820468750003 0 0.4085166125 0.0326943015625 0.4539518734375 0.117866921875 0.614638203125 0.047269825 0.6241366187499999 0.041562603125 0.6218476765625 0.036653950000000005 0.614584971875 0.0238600203125 0.600248425 0 0.48897820468750003 0
1 0.898536990625 0.6485403125 0.9040308890625001 0.6454949937500001 0.8953623890625 0.626905334375 0.8653743171875 0.5728054203124999 0.6791689203125 0.6195795609375 0.7221905109375 0.695122184375 0.898536990625 0.6485403125
0 0.7852698609375001 0.381838025 0.7527921296875 0.33321051874999996 0.734402234375 0.3069470265625 0.5649277359375 0.3804346828125 0.5655941734375001 0.3818638609375 0.5678866859375 0.3851379078125 0.6176829296874999 0.45052382187499995 0.782471271875 0.38379761874999996 0.7852698609375001 0.381838025
1 0.5119826125 0.26324855937499997 0.6996010640625 0.25521003124999997 0.701244446875 0.254443709375 0.6760917562500001 0.1663299421875 0.49378543593749996 0.1684364671875 0.492469921875 0.1690499015625 0.5119826125 0.26324855937499997
0 0.80910658125 0.62705835 0.791982478125 0.4458754890625 0.7890693875 0.439628346875 0.7032073609375 0.4682774078125 0.7184847421875 0.6576669109375 0.776303765625 0.638997596875 0.80910658125 0.62705835
1 0.8292459265625001 0.45987748906250003 0.776424834375 0.3933936609375 0.6048782796875 0.4686585109375 0.60411749375 0.46927458125 0.6679031109375 0.5392961656249999 0.6861336312499999 0.530707240625 0.828309603125 0.460635709375 0.8292459265625001 0.45987748906250003
0 0 0.40378302968749996 0.024102148437500002 0.3954839953125 0.0090723921875 0.297556040625 0.009045528125 0.29749843125000003 0 0.300616153125 0 0.40378302968749996
1 0 0.471302146875 0.0748594859375 0.46205444218749997 0.077836490625 0.46066624218749996 0.0540008796875 0.39127135625 0 0.395807953125 0 0.471302146875
0 0 0.5158004593750001 0.013528009375 0.5441074234375 0.1048264984375 0.5256618546875 0.114200775 0.5212905578125 0.1133302125 0.5193352421874999 0.0829960109375 0.45745921093749997 0 0.4721057109375 0 0.5158004593750001
0 0.11294566406249999 0.509221421875 0.1102811234375 0.5035072953124999 0.0392310359375 0.5353203515625 0.0502604203125 0.6320396359375 0.1232016796875 0.6054911890625 0.11294566406249999 0.509221421875
0 1 0.5535191312500001 0.8706536406250001 0.5779941296875 0.9093833359374999 0.656232978125 1 0.6421638734374999 1 0.5535191312500001
0 1 0.4452958265625 0.8304339000000001 0.5183047328125 0.8792062218750001 0.5805369671875 0.8882657765624999 0.591724584375 1 0.5421170203125001 1 0.4452958265625
0 1 0.646942809375 0.9102067796875 0.65007498125 0.9086246890625 0.650812721875 0.913868690625 0.6660424109374999 0.9396489453125 0.73717445 1 0.734118165625 1 0.646942809375
0 1 0.4283511015625 0.9879685453124999 0.3889313640625 0.7993374249999999 0.387013175 0.826859140625 0.48109369687500003 1 0.4740782375 1 0.4283511015625
0 0.8475283328125001 0.11037318125 0.8502897140625001 0.10908552812500001 0.82738669375 0.023610290625 0.63422890625 0.0358226796875 0.658370771875 0.13167596718750002 0.8475283328125001 0.11037318125
0 0.6865197656250001 0.1648319390625 0.70263508125 0.2175427578125 0.8891576156250001 0.1995748921875 0.8941334703124999 0.1972546125 0.8668548749999999 0.10803035000000001 0.6756910515625 0.12353483437499999 0.6743575953125001 0.12394251249999999 0.6865197656250001 0.1648319390625
0 0.931317309375 0.2833571828125 0.9386760328125 0.2799257546875 0.9036959343750001 0.18879948124999998 0.7131088796875 0.218472840625 0.7495731984375 0.30829319375 0.931317309375 0.2833571828125
0 0.9068679281250001 0.233796575 0.904483421875 0.2286829875 0.81669871875 0.2554334 0.8326517687500001 0.45375943437500005 0.9258231328125 0.4234862234375 0.9068679281250001 0.233796575
0 0.65709703125 0 0.684525053125 0.09567078749999999 0.717436503125 0.081017665625 0.7776426187500001 0.051034940625000004 0.761625 0 0.65709703125 0
0 0.1639558 0.8753676515625 0.2680767484375 0.8736478999999999 0.27501274375 0.8704135921875 0.26807978593750004 0.8431694406249999 0.25741945624999996 0.8059924546874999 0.145092990625 0.8050710515624999 0.1639558 0.8753676515625
0 0.0753791390625 0.66709395625 0.16784620156250002 0.6721261390625 0.17092949531249998 0.6706883765625 0.1668693546875 0.6517998296874999 0.1550331796875 0.60053171875 0.058793792187500006 0.6007169828125 0.0753791390625 0.66709395625
0 0.30199473593750004 0.9388609984375 0.30938828906250004 0.935413328125 0.28914070937499997 0.8807188921875 0.17278068124999998 0.8729101953124999 0.19696865 0.9431400343749999 0.30199473593750004 0.9388609984375
0 0.23755678125 0.7965061109375 0.24665450781249998 0.792263771875 0.24016466875 0.7783462671875 0.2149195734375 0.7275378781249999 0.11466862656250001 0.7425460671875 0.1423545171875 0.8104022890625 0.23755678125 0.7965061109375
0 0.2141470921875 0.72255139375 0.21232917968749998 0.71865286875 0.2092440921875 0.713087225 0.1786771109375 0.6605498515625 0.080972621875 0.6802493109375 0.0807047078125 0.6803978171875 0.08252262187500001 0.6842963453124999 0.0836780546875 0.6863808015624999 0.118667196875 0.7449025140625001 0.2137957375 0.7227461515625 0.2141470921875 0.72255139375
1 0.303503203125 1 0.30412655625 0.990212940625 0.30838845625 0.8987723234375 0.3080548625 0.8980569265625 0.23839379374999997 0.9214830421875 0.241219278125 1 0.303503203125 1