0 0.9646829531250001 0.27523157343750004 0.8996660750000001 0.189629340625 0.8925244125 0.1851667328125 0.873575475 0.2132596859375 0.8553822249999999 0.2417238296875 0.927743715625 0.3320698359375 0.9646829531250001 0.27523157343750004
0 0.8663281421875 0.24433860312500003 0.8640970734375 0.2429444765625 0.8184382203125 0.2917241484375 0.87562498125 0.3956001125 0.9218092703125 0.3462493953125 0.8663281421875 0.24433860312500003
0 0.74998420625 0.4704657515625 0.6597045109375 0.5333784671874999 0.657877284375 0.5363026421875 0.715889846875 0.584683025 0.8120754046875 0.51652785625 0.808355065625 0.513621209375 0.74998420625 0.4704657515625
0 0.7819507625 0.5127094640625 0.8482039265625 0.4246298265625 0.8454891046874999 0.42293341875 0.777039040625 0.39801963281249997 0.7080745984375 0.48703587343750004 0.7066926796875 0.4908326578125 0.7819507625 0.5127094640625
0 0.8156499546875 0.3066371375 0.81339373125 0.3052272921875 0.7632392625 0.36716290156250003 0.8306785640625 0.46817234531249996 0.880685725 0.4070908078125 0.8156499546875 0.3066371375
0 0.751573034375 0.608941784375 0.6854275421875 0.51453234375 0.6825853687500001 0.5127563578125 0.6346882734375 0.5698378953125001 0.6986547375 0.6674403843750001 0.6990279375 0.6677535375 0.751573034375 0.608941784375
0 0.6621462390625 0.5966796921874999 0.5715752859375 0.6685175859375 0.5695497515625 0.67175911875 0.6327293875 0.7223639640624999 0.7268106999999999 0.6473678406250001 0.6719797234375 0.6040897546874999 0.6621462390625 0.5966796921874999
1 0.5030048046875 1 0.5364992984375 0.9493092375 0.437071371875 0.8520185828125 0.4062284 0.89774516875 0.39120303437500004 0.9217907796875 0.47364767968750005 1 0.5030048046875 1
0 0.46303541406250004 0.7832464421875 0.46075211562499996 0.786900484375 0.43116691406249996 0.8640275265625 0.548497909375 0.937425478125 0.5504479671875 0.9382133515625 0.552776196875 0.93448740625 0.5541253015625001 0.9311482546875001 0.5823354593750001 0.8596363 0.4647927546875 0.783956453125 0.46303541406250004 0.7832464421875
1 0.5633258609375 0.640198065625 0.559374784375 0.637916909375 0.5526374796875 0.6486988499999999 0.5195227375 0.706055265625 0.6256506890625 0.8046437781250001 0.6665559578125 0.7384307 0.5633258609375 0.640198065625
1 0.5167389734375 0.7084062125 0.4757271421875 0.7786495984374999 0.5866994796875 0.8689824249999999 0.6213777015625 0.8032331156250001 0.5207400609375 0.710624053125 0.5167389734375 0.7084062125
0 0.7859630390625 0.1298616640625 0.6897194828125001 0.2536689046875 0.6888484312500001 0.25619861875 0.7684037625 0.282934065625 0.8602102640625 0.1560034796875 0.8349830687500001 0.1467406140625 0.7859630390625 0.1298616640625
0 0.8588929671875001 0.1464583953125 0.8274735625 0.115038990625 0.8013280546875 0.0987014640625 0.720551478125 0.179478040625 0.7184355328125 0.182864259375 0.7453635750000001 0.20482466718749998 0.8588929671875001 0.1464583953125
0 0.595845971875 0.408093859375 0.5143617609375 0.530308571875 0.5136065765625 0.5323834265625 0.5848430437500001 0.5594516875 0.6754833140625001 0.43858393125 0.6401068828125 0.4242035125 0.595845971875 0.408093859375
0 0.7140284359375 0.349938790625 0.8063822515625001 0.2271473828125 0.8052758171875001 0.22645600625 0.727827390625 0.2010807234375 0.6447605859375 0.3144633140625 0.6428425171875001 0.32036652656250003 0.7140284359375 0.349938790625
0 0.6350706546875 0.48460182031250004 0.7189590140625 0.3678207046875 0.71312989375 0.364178265625 0.647736321875 0.34037695156250003 0.5564434234375 0.45733073125 0.5547676203125 0.4619349625 0.6350706546875 0.48460182031250004
0 0.586842896875 0.355681065625 0.5854823859375 0.3573024609375 0.5848157406250001 0.3583693171875 0.6413513328125 0.4076769953125 0.77404349375 0.3288541875 0.711626290625 0.2764799328125 0.586842896875 0.355681065625
0 0.528532765625 0.632156159375 0.6210692234375 0.5351162625 0.6335417171875 0.52024640625 0.6340875968749999 0.5193009109375 0.5936323828125001 0.4940216875 0.5666989828125 0.47847168125 0.46288815781250003 0.5845770406249999 0.4608695734375 0.58807333125 0.528532765625 0.632156159375
0 0.252072359375 0.9174071015624999 0.2461895546875 0.9268215546875 0.2871962203125 0.9566146421875 0.3137066765625 0.9731802140625 0.3980542546875 0.8847225765625 0.39033415 0.87897159375 0.327068384375 0.8330063234375 0.252072359375 0.9174071015624999
1 0.4305819609375 0.858596434375 0.34694052656249996 0.7544264140625 0.3454021171875 0.753465109375 0.3249910640625 0.7753532875 0.2899219796875 0.8159918203125001 0.3700184328125 0.9204723265625001 0.4305819609375 0.858596434375
1 0.464071440625 0.621331884375 0.37784345468749997 0.7013884625 0.370244134375 0.7135499171874999 0.43819968125 0.760835934375 0.5334006984374999 0.6668622484375 0.53061119375 0.6649807046875 0.464071440625 0.621331884375
1 0.3646826734375 0.6870673671875 0.359610665625 0.6951842765625 0.33107552500000004 0.7624088546875 0.44432546406249995 0.8390819437499999 0.4759884234375 0.75912923125 0.3646826734375 0.6870673671875
0 0.48814188437499995 0.53907734375 0.48659775625 0.5376870046875 0.4823100421875 0.53500774375 0.4307371953125 0.59200869375 0.5037998703125 0.7025094515625 0.5589260125 0.6394067953125 0.48814188437499995 0.53907734375
0 0.528829490625 0 0.4587908140625 0.08277113593749999 0.4577454859375 0.08535841250000001 0.5284389515625 0.11541333281249999 0.533863121875 0.11760484062500001 0.621083475 0 0.528829490625 0
0 0.13445645 0.7512558609375 0.2562262125 0.6111459046875 0.2146830890625 0.5851868812500001 0.174853859375 0.5618218640625 0.055639720312499995 0.7076186828125001 0.0556240859375 0.7076447 0.13445645 0.7512558609375
0 0.47228523281249996 0 0.44020573125 0.0330175765625 0.42766163125 0.0469492078125 0.5355458140625 0.203464828125 0.536651278125 0.2041555984375 0.5847027421875 0.1482457625 0.489353884375 0 0.47228523281249996 0
0 0.2401509140625 0.5923839015625 0.35343543125 0.43605328749999994 0.35303956406250003 0.435805921875 0.26823356875000004 0.398047859375 0.1668671796875 0.545039071875 0.1631570234375 0.5533722203125 0.2401509140625 0.5923839015625
1 0 0.7586903015625001 0.049220778124999996 0.80791108125 0.0728935734375 0.8227034859375 0.21169796875000002 0.71535299375 0.186264584375 0.688628678125 0.14747863125 0.6498427265625 0.000220721875 0.7572785609375 0 0.757631790625 0 0.7586903015625001
0 0.49563465000000007 0.098290778125 0.3467586734375 0.20565047343749998 0.3431246421875 0.21146613749999998 0.40481300468750003 0.264486303125 0.56273766875 0.153491915625 0.5523354671875 0.144763434375 0.49563465000000007 0.098290778125
0 0.21564548593750002 0.4828354328125 0.2897829375 0.5087421015625 0.3013083640625 0.5124869390625 0.3924684421875 0.351738309375 0.39177101406250003 0.3513025078125 0.3769332484375 0.346481425 0.3083380078125 0.32718980468750003 0.2164327375 0.48041251875 0.21564548593750002 0.4828354328125
1 0.30424668125 0.585784640625 0.1485638625 0.4786000375 0.14688037812500002 0.48129417500000005 0.1148562125 0.5644239421874999 0.26260884375 0.673109921875 0.26290784375 0.673249346875 0.30424668125 0.585784640625
0 0.4917533890625 0.2941429734375 0.3714005890625 0.152724646875 0.368213825 0.15049325156249999 0.36768115625000003 0.150160403125 0.3303449765625 0.2005290375 0.31359948437499996 0.22444407812499997 0.43422545 0.3701943734375 0.4917533890625 0.2941429734375
1 0.2944699328125 0.24006986874999997 0.262663925 0.32905575625 0.27880620624999997 0.34112009374999996 0.4082277828125 0.43433688593750003 0.408444859375 0.4344290296875 0.44243605468749997 0.35637767343750004 0.2960957984375 0.2407600078125 0.2944699328125 0.24006986874999997
0 0.7199010359375 1 0.7276473218749999 0.9886334906249999 0.7195402140625 0.9835676078125 0.6581754531249999 0.9562462546875 0.6271719109375 1 0.7199010359375 1
1 0.7362027875 1 0.7633286453125 0.9396792609375 0.6819796421875 0.8784725171875 0.65048166875 0.9458863531249999 0.7168365765625 1 0.7362027875 1
0 0.7118401000000001 0.81851438125 0.7085068796875 0.8281947562499999 0.6895617140625 0.88843993125 0.777920384375 0.9427516859375 0.7783132968750001 0.94212289375 0.7994613312500001 0.872446503125 0.7157204312500001 0.8180813062500001 0.7127498625 0.8170584562500001 0.7118401000000001 0.81851438125
0 0.7576154390625 0.7513421140625 0.756019440625 0.75076121875 0.7525851203125 0.7562572796875 0.7284555109374999 0.822552840625 0.8145212374999999 0.880428 0.836409378125 0.803483571875 0.7576154390625 0.7513421140625
0 0.3018395328125 0 0.219982715625 0.08724568906249999 0.21925587968750002 0.0887359234375 0.22144759375 0.0901054578125 0.3032261140625 0.1291909859375 0.41666380781249995 0 0.3018395328125 0
0 0.3482473203125 0.1687606984375 0.357306875 0.15757308125 0.253876778125 0.0149007546875 0.25204058906250004 0.013413837500000001 0.24843279687500003 0.0111594390625 0.1922077375 0.0734444359375 0.18948729375 0.07680390468750001 0.2975153453125 0.2294060359375 0.3482473203125 0.1687606984375
0 0.26978249062500004 0 0.2645497046875 0.005232381249999999 0.2619777234375 0.010069575 0.3428978359375 0.051439390625000005 0.39274766875 0 0.26978249062500004 0
0 0.3138811765625 0.20787151406249998 0.165634646875 0.09745358750000001 0.16103820468750002 0.10480943437500001 0.153281040625 0.1222323109375 0.130676015625 0.17810566562500002 0.276062775 0.29830578750000003 0.3138811765625 0.20787151406249998
0 0 0.595829725 0.121266340625 0.5063410171875 0.058004125 0.44307880156249996 0 0.48164249375 0 0.595829725
0 0 0.43926126875 0.08269669375000001 0.5589720796875 0.0837164828125 0.559923046875 0.113046678125 0.5289455859375 0.1506379296875 0.4886339046875 0.0408031984375 0.3346647640625 0.0375827078125 0.3326523796875 0 0.3729548984375 0 0.43926126875
0 0.006436434374999999 0.3846581703125 0.00167541875 0.39227738749999996 0.0757755046875 0.44997176874999995 0.2271208921875 0.3325236625 0.1493517890625 0.269547484375 0.006436434374999999 0.3846581703125
0 0.274711534375 0.235059515625 0.22491334531249998 0.20140368125000002 0.2075089890625 0.190101159375 0.1964750015625 0.18320635937500002 0.0562475765625 0.31673792968750003 0.053315053125 0.32143094687499996 0.134310096875 0.37402974218749996 0.274711534375 0.235059515625
0 0 0.7158834203125 0.0030342203125 0.7185212921875 0.017038584375 0.6969564640625 0.05647719062499999 0.6300741109375 0 0.583393234375 0 0.7158834203125
0 1 0.53573056875 0.9881840546875 0.525822996875 0.9589725796874999 0.5021680109375 0.875278415625 0.5628555265624999 0.8711994359374999 0.569383259375 0.9217494765625001 0.6128979906249999 1 0.5590575109375 1 0.53573056875
0 0.759076065625 0.7647431921875001 0.816851853125 0.7980610593749999 0.8871915375 0.73273179375 0.871610365625 0.7229955968749999 0.853462309375 0.71171316875 0.824505746875 0.6943143093749999 0.762938278125 0.758315390625 0.759076065625 0.7647431921875001
0 1 0.4511317484375 0.9087820656250001 0.5062899171875 0.906599109375 0.5097833765625001 0.965062103125 0.5522525218750001 1 0.525605078125 1 0.4511317484375
0 0.9357438296874999 0.58556994375 0.91953424375 0.570454259375 0.830727021875 0.6223584109375 0.8290973328125 0.6249664578125 0.8842589859375 0.6739045406249999 0.9706680625 0.6229766484375 0.9713764125000001 0.6222170328125001 0.9357438296874999 0.58556994375
0 0.8376933828125 0.6289012765625001 0.8255662546875 0.6507791953125001 0.8089166765625 0.6832796343750001 0.878388759375 0.752483053125 0.8824214937500001 0.7460293265625 0.9122522 0.6894708281249999 0.8456635828125 0.6190536421874999 0.844314240625 0.6183056890625 0.8376933828125 0.6289012765625001
0 1 0.3712910484375 0.9924605171875 0.3640257359375 0.987414296875 0.36167264375 0.9650015453125 0.4073834640625 0.9603630093750001 0.41733083437499996 0.9770541156249999 0.4369735875 1 0.463063428125 1 0.3712910484375