0 0.02918505625 0.719894271875 0.0281823171875 0.7785064640625 0.028497232812500002 0.7875244953125 0.138536759375 0.753235284375 0.1402522578125 0.68377410625 0.135393734375 0.68377410625 0.02918505625 0.719894271875
0 0.09244122187500001 0.6934697078125 0.1600225484375 0.788440353125 0.2246245375 0.7685641203125 0.1563304640625 0.6716287750000001 0.092366003125 0.691315721875 0.09244122187500001 0.6934697078125
0 0.3576946359375 0.775968396875 0.4624674609375 0.7354795609375 0.459330534375 0.6629557015625 0.45907754375 0.6593377375 0.455806265625 0.6594519734375 0.3490664390625 0.6997416890625 0.34925806875 0.7052292140625 0.3564856578125 0.7760529359375 0.3576946359375 0.775968396875
0 0.388837709375 0.7641277750000001 0.3888203515625 0.7636307140625 0.332786478125 0.6615636421875 0.2591165109375 0.6758836328125 0.25915855468750004 0.677087615625 0.259519675 0.6789454187499999 0.31000768437500004 0.7740984046875 0.388837709375 0.7641277750000001
0 0.270150046875 0.6674497328125 0.1991449453125 0.6574706171875 0.19202885625 0.657719115625 0.2113699609375 0.7762066953125 0.29138826562500003 0.7870091453125 0.29139525312500003 0.786959434375 0.270150046875 0.6674497328125
0 0.5362296468750001 0.74084406875 0.546506653125 0.6677193796875 0.5464380906249999 0.665756003125 0.4289586234375 0.6801473734375 0.42043824374999994 0.7583126046875 0.421708646875 0.7584911484375 0.5362296468750001 0.74084406875
0 0.6119362500000001 0.77046060625 0.5982363109375 0.651687096875 0.5888309890625 0.6503652640625 0.5170739953125 0.6419154765624999 0.516856825 0.6434607203125 0.5301723921875 0.7614245453125 0.6119362500000001 0.77046060625
1 0.8436442765625 0.616202775 0.859251953125 0.753406284375 0.942416678125 0.7572157296875 0.924540090625 0.619149665625 0.8584467484375 0.6156858609375 0.8436442765625 0.616202775
0 0.74107021875 0.6332658140625 0.7923902593750001 0.760105165625 0.8748144546875001 0.7441039171875 0.8774792859374999 0.7435374890625 0.877414478125 0.7416816374999999 0.8229649140624999 0.6119957375 0.7487443234375 0.6271343046875 0.7405815312499999 0.628869359375 0.740669171875 0.6313790390625 0.74107021875 0.6332658140625
1 0.6784624140625 0.623900253125 0.60509385 0.6135889734375 0.6001761203125 0.613760703125 0.5995983375 0.6178718421875 0.613451915625 0.7596963203125 0.69081233125 0.7682273671875001 0.6784624140625 0.623900253125
1 0.79312123125 0.70371519375 0.78953435625 0.6305999546875001 0.7842676390625 0.6307838718750001 0.651468178125 0.6642541750000001 0.6538272375 0.6979902890624999 0.658312215625 0.74653345 0.79312123125 0.70371519375
0 0.034920734375 0.658069578125 0.18411135625 0.6012176796875 0.17991441875 0.52524870625 0.1723342109375 0.5255134124999999 0.03196785 0.5735100046875 0.034920734375 0.658069578125
1 0.1240318796875 0.54592786875 0.0032167078124999996 0.5823856671875001 0.003001915625 0.59469115 0.004227671875 0.629792228125 0.12468744218750001 0.6302945296875 0.129513290625 0.546246559375 0.1295054984375 0.5460234109375001 0.1240318796875 0.54592786875
0 0.513905359375 0.585556190625 0.5076102359375 0.5106784109375 0.5018471 0.5108796640625 0.36587425625000003 0.5542547265625 0.3663802890625 0.568745571875 0.368663690625 0.601399753125 0.3727359703125 0.6393695421875 0.513905359375 0.585556190625
0 0.11817949999999999 0.5290033421875 0.11856827968749999 0.530832415625 0.19156828125 0.6561211218749999 0.2718940171875 0.6388407640625 0.27184561406249996 0.637454690625 0.19392142968749998 0.5074976906249999 0.18194725 0.51004288125 0.11817949999999999 0.5290033421875
0 0.43101741406249994 0.5842248734375 0.42675217187500003 0.5103751328125 0.4173853125 0.51070223125 0.2879634828125 0.557019375 0.28765653750000003 0.6310981875 0.2884030015625 0.64177311875 0.43101741406249994 0.5842248734375
1 0.203633725 0.5197499671875 0.2670315484375 0.6520931296875 0.3474592515625 0.64015496875 0.27712776250000004 0.5038231765625001 0.2034391984375 0.5141794281250001 0.203633725 0.5197499671875
0 0.44643673906250003 0.56437515625 0.4388469890625 0.6077926406249999 0.43963695312500006 0.60797501875 0.592561221875 0.60430775625 0.608218990625 0.5282288359375 0.60165999375 0.526714571875 0.5869738796874999 0.5259421171875001 0.45496971249999996 0.5274147859375 0.44643673906250003 0.56437515625
0 1 0.5066579499999999 0.8844400734375 0.5018617109375 0.873556625 0.579301453125 0.8733607624999999 0.580826975 0.8736412140625 0.5888580906249999 0.9967546515624999 0.5896369890625001 1 0.5665451312500001 1 0.5066579499999999
1 0.8705180265625 0.47876770312500005 0.805947584375 0.48599435 0.8062821984375 0.49557643906250004 0.8368795234374999 0.613669471875 0.9211837125000001 0.609557221875 0.890014734375 0.4770619640625 0.8705180265625 0.47876770312500005
1 0.734999253125 0.49492054999999996 0.6228485828125 0.52575244375 0.6235037984375 0.54451534375 0.6292346265625001 0.6123128984374999 0.7556888671875 0.5733489421875 0.751183759375 0.49435537500000004 0.734999253125 0.49492054999999996
1 0.737482265625 0.6094412015625 0.8200226171875 0.6201545671875001 0.82272086875 0.6200603421875 0.8106058546874999 0.484287515625 0.7337007671875 0.47620446562499996 0.7283652890625001 0.47639078437500004 0.737482265625 0.6094412015625
1 0.627008534375 0.488872715625 0.5522832140625 0.4903569671875 0.549277540625 0.49046192812499995 0.549399875 0.49747049375 0.57868090625 0.6167139953125 0.6624710890625 0.6165088359374999 0.627008534375 0.488872715625
0 0 0.357451584375 0.0037570671875 0.3811727734375 0.1576528140625 0.314058634375 0.1567376484375 0.3082805046875 0.143355603125 0.2326380234375 0.1405994890625 0.2330745484375 0 0.3054476484375 0 0.357451584375
0 0.79478098125 0.18814055937500002 0.75690381875 0.1861555 0.7535290046875 0.1862733515625 0.7532308328124999 0.191962846875 0.769841075 0.371974171875 0.8634313453125 0.377867028125 0.8650338109375 0.37781106875 0.842280253125 0.192336325 0.79478098125 0.18814055937500002
0 0.235921440625 0.24651083593749998 0.054178815625 0.289311053125 0.051334610937500004 0.33830033125000003 0.0508337234375 0.3526438375 0.0512014953125 0.3631754484375 0.23822208437499998 0.3253907140625 0.237982196875 0.24658279843750003 0.235921440625 0.24651083593749998
0 0.6057454828125 0.1945609703125 0.5519703453125 0.19737920625 0.552295003125 0.206676175 0.599545734375 0.3838982625 0.687089190625 0.37489681875 0.6431770859375 0.1932538296875 0.6057454828125 0.1945609703125
1 0.9610882578125001 0.3674548078125 0.93909999375 0.1853914703125 0.868910971875 0.18294041562500002 0.8534660625000001 0.182783471875 0.8488049828124999 0.182946240625 0.8484104875 0.19424315625 0.8645671546875 0.3690087390625 0.9610882578125001 0.3674548078125
1 0.1565098921875 0.2790515578125 0.15602997968750001 0.3206139515625 0.1575947875 0.3654241921875 0.34220207812500003 0.31630656562500004 0.34122109375 0.23347565625 0.3365804515625 0.23347565625 0.1565098921875 0.2790515578125
0 0.45864727656250004 0.37583989687499997 0.46009534375000005 0.37542466874999997 0.617362275 0.28840814843749996 0.596834934375 0.2042528484375 0.5940849265625 0.20434888125 0.4325082734375 0.2886663671875 0.44384626718750003 0.32820665 0.45864727656250004 0.37583989687499997
1 0.627858484375 0.24638115156249998 0.6144979015625001 0.3313916375 0.6147117359375 0.33751505000000004 0.8025557890625 0.322577475 0.8104223749999999 0.226954975 0.8061336125 0.22657975625 0.627858484375 0.24638115156249998
0 0.32765653125 0.20270859843750003 0.26623627656250004 0.20819576093749997 0.2664112953125 0.21320763125000003 0.3247256953125 0.38862843125 0.41732239375 0.38126284374999997 0.3603169125 0.2015680734375 0.32765653125 0.20270859843750003
1 0.51102721875 0.37243213750000004 0.510907915625 0.3714604890625 0.4397910078125 0.19815323437500001 0.35694838125 0.20910825000000002 0.3571296265625 0.21429843593750003 0.4093550375 0.3596498984375 0.416502609375 0.37849223906249996 0.51102721875 0.37243213750000004
0 0.974630071875 0.8546996359374999 0.911938371875 0.8436453984375 0.9008288984374999 0.8440333484375 0.8999694140625 0.8489077249999999 0.8975382828124999 0.939504690625 0.9750420953125 0.95237378125 0.974630071875 0.8546996359374999
0 0.8143045499999999 0.8675147796875 0.810716934375 0.935970571875 0.811004209375 0.9441970546875 0.9081658625 0.931794375 0.9114541828125 0.8542317781250001 0.9067926984374999 0.8539874796875001 0.8143045499999999 0.8675147796875
0 0 0.1635604203125 0.1194529859375 0.18247991562500002 0.1199333015625 0.1794473171875 0.1279425578125 0.09327987812500001 0.12475407187500001 0.092774871875 0 0.10842527187499999 0 0.1635604203125
1 0.74517738125 0.9448323296875 0.8214940359374999 0.9593723578125 0.8225762609375 0.959334565625 0.8149883000000001 0.8559537421875 0.7428783218749999 0.8432952953124999 0.7417080921875 0.8433361609375 0.74517738125 0.9448323296875
0 0.693675359375 0.9577514953125 0.7611031546875 0.9403678609374999 0.767213953125 0.9386156187499999 0.715398571875 0.848839521875 0.6485003328125 0.865375321875 0.6472288265625 0.8657399203124999 0.6474714546875 0.8726878875 0.64761798125 0.873198884375 0.693675359375 0.9577514953125
0 0.57075683125 0.8696680109375 0.61282533125 0.9540650968750001 0.691863721875 0.9417172734375001 0.6449087265625 0.8492398624999999 0.5706422078125 0.8663856375 0.57075683125 0.8696680109375
0 0.26894416875 0.042159828125 0.10012005937499999 0.1041905296875 0.1046840453125 0.19127656875000001 0.28005162031249997 0.1333297453125 0.275988103125 0.0419138484375 0.26894416875 0.042159828125
0 0.3766726125 0.1104231671875 0.35180114218749997 0.0240999640625 0.34960145625 0.024607803125 0.191369221875 0.1089534015625 0.2123878296875 0.1999949984375 0.2124729828125 0.2003387328125 0.3766726125 0.1104231671875
0 0.0654975015625 0.21178507500000002 0.140605725 0.22090335625000002 0.15705528124999998 0.2226322734375 0.15715113125 0.221720321875 0.11835572187500001 0.02217645 0.11178706406250001 0.0214860578125 0.0310481875 0.01639001875 0.030914946874999998 0.0176577125 0.0654975015625 0.21178507500000002
0 0.47233164843750003 0.10711378593750001 0.44662704218749993 0.015630125 0.441061475 0.015824478125 0.4409385515625 0.015862059375 0.286864528125 0.1143306703125 0.3097949875 0.19974680312499998 0.47233164843750003 0.10711378593750001
0 0.6812691296875 0.047043959375 0.6668375609375 0.128889453125 0.667057371875 0.13518399375 0.8591753953125 0.13996493125 0.874677478125 0.043576990625 0.86869104375 0.0425214203125 0.6812691296875 0.047043959375
0 0.585520115625 0.1433739609375 0.5914572203125 0.17627460781249998 0.5920845625 0.17616399062500002 0.770864928125 0.105749075 0.7573563984375 0.0291384 0.7540431875 0.011148725 0.74832795 0.011348306249999999 0.5748268984375 0.0827297046875 0.585520115625 0.1433739609375
0 0.47935103906250004 0.0659402484375 0.4793510375 0.1325481921875 0.48051007968750004 0.16573880000000002 0.665870096875 0.12230541718750002 0.6676948921875 0.026891426562499997 0.6607188046875 0.026891426562499997 0.47935103906250004 0.0659402484375
0 0.500756340625 0.000523765625 0.45180606875 0.001378196875 0.40326436875000005 0.0030733109375 0.403283484375 0.00416843125 0.4525024125 0.195848015625 0.5461130390625 0.19249304843749998 0.500756340625 0.000523765625
0 0.9611558390624999 0.03069138125 0.7799278265625 0.0356751171875 0.7711797953125 0.1023625390625 0.7685752296875 0.1321328484375 0.7687875296875 0.1382122984375 0.9647231656249999 0.127934 0.9707107453124999 0.031527328125 0.9611558390624999 0.03069138125
0 0.3008897625 0.8587298750000001 0.2796210390625 0.8601137187499999 0.28003844375 0.8720666390625 0.3092412203125 0.9672651765625 0.3819261890625 0.963481928125 0.3464067484375 0.8571403875 0.3008897625 0.8587298750000001
0 0.6018962734375 0.91679889375 0.5927757812500001 0.8516638953125 0.58522774375 0.8519274796875 0.5028367625 0.88503124375 0.508121384375 0.918397028125 0.514934815625 0.9575624609375 0.6018962734375 0.91679889375
0 0.203254953125 0.9065537203125 0.203017621875 0.9498212796875001 0.20365056250000002 0.9679463078125 0.311217646875 0.9336857046875 0.30993659687499997 0.85997740625 0.308552578125 0.8600257359375 0.203254953125 0.9065537203125
0 0.353600828125 0.874361009375 0.385310728125 0.959237571875 0.46047949062500004 0.9558522328124999 0.42260533906250003 0.8555972765625001 0.35323462499999997 0.86387431875 0.353600828125 0.874361009375
0 0.501823515625 0.8579757859375 0.501552765625 0.8579763781249999 0.42816387499999997 0.8605391750000001 0.428230440625 0.8624453843750001 0.4604265640625 0.9528591531249999 0.5321232874999999 0.9518473078125 0.501823515625 0.8579757859375
0 0.168550459375 0.8582392593750001 0.16592764531249998 0.858285040625 0.06471335 0.9038404703125 0.06354961875000001 0.9406364921874999 0.06472418437500001 0.9742716671875 0.1702843328125 0.9275420375 0.16959851875 0.8882517249999999 0.168550459375 0.8582392593750001
1 0.21822521250000002 0.9297707687500001 0.24167355468750001 0.918513890625 0.239343890625 0.855564228125 0.2373040328125 0.855599834375 0.13132007343750002 0.8940472375 0.1319251828125 0.9287140468749999 0.1319435296875 0.9292394328125001 0.1342746265625 0.968327878125 0.21822521250000002 0.9297707687500001
0 0.05378453749999999 0.9675166234375 0.095930409375 0.9722173609375 0.0988549484375 0.922621271875 0.1016847203125 0.8686260234375001 0.10157053906249999 0.8653563249999999 0.036167801562500004 0.8617203609375 0.0187689953125 0.862327940625 0.018607946875 0.8654009140625 0.05378453749999999 0.9675166234375