0 0.8719711015625 0.74871525625 0.87152545625 0.7488774578124999 0.79763806875 0.8394158328125 0.831044971875 0.8949705921875 0.8353863390624999 0.8933904640625 0.8369556906250001 0.892409825 0.9080416171874999 0.8097430421875 0.8719711015625 0.74871525625
0 0.8629147703125 0.6875666875 0.765979425 0.7558607609375 0.7860343796875 0.821020909375 0.8827910015624999 0.752168678125 0.8629147703125 0.6875666875
1 0.711314265625 0.5938506953125 0.713140996875 0.5970146875 0.7152815734375 0.59623558125 0.794553184375 0.5121752374999999 0.7539769140625 0.44680093281250005 0.6767024484374999 0.5300418203125 0.711314265625 0.5938506953125
0 0.7275923578125 0.6684604265625 0.7295462453125 0.6678630640625001 0.8189005406250001 0.6077054390625001 0.8014252921875 0.5332498640625001 0.8003660265624999 0.5303395531249999 0.704601221875 0.5968145140625001 0.720800475 0.6497998828125 0.7275923578125 0.6684604265625
0 0.7452258421875 0.74431869375 0.8524481859374999 0.6894971156249999 0.8396814812500001 0.611595371875 0.7307726109375 0.6653524656250001 0.7417802625000001 0.734852040625 0.7452258421875 0.74431869375
0 0.6653895734375 0.5172795859375 0.6678556312499999 0.5167102531250001 0.76732503125 0.45983560468749995 0.7502581375 0.38591076874999997 0.645427153125 0.44161285625 0.6653895734375 0.5172795859375
0 0.723752121875 0.3107750265625 0.6141739234375 0.3586023578125 0.6156596999999999 0.367983178125 0.6285588421875 0.43907521093749996 0.630100059375 0.43883110625 0.73901633125 0.39160808125 0.723752121875 0.3107750265625
1 0.5410955375000001 0 0.482298228125 0.021931009374999998 0.486468621875 0.033389071874999995 0.5514400390625 0.1437334703125 0.5721643281250001 0.1361904453125 0.6292366484375 0.11385008125 0.559803540625 0 0.5410955375000001 0
1 0.625878840625 0.07293125 0.624831321875 0.07046345000000001 0.6220635109375 0.07147085 0.5060912203125 0.1490356 0.53511360625 0.219003975 0.5383573421875 0.2266457375 0.5435208140625 0.22476638750000003 0.6573133796875 0.1507879015625 0.625878840625 0.07293125
1 0.6233540140625 0.2281012140625 0.5547935734375 0.2667947765625 0.5559077343750001 0.2698559125 0.6527422546875 0.375240090625 0.6958826078125 0.35132700156249996 0.7206750343749999 0.3366022140625 0.6233540140625 0.2281012140625
1 0.606668409375 0.153548025 0.5333947359375 0.1897281796875 0.5341512703125 0.1918067375 0.6210319734375 0.300558646875 0.6595296312500001 0.283572290625 0.6886479234375 0.2699942078125 0.606668409375 0.153548025
1 0.629544046875 0.8387382046875 0.6432328421875 0.916371221875 0.6450362171874999 0.921325953125 0.6458450328125 0.9211833374999999 0.7841960859375 0.8449345265625 0.769024309375 0.7680446625 0.629544046875 0.8387382046875
0 0.6584098828125 0.845422784375 0.7332718781249999 0.9455220875 0.778145625 0.9291893796874999 0.7374643953125 0.815951659375 0.6593123578125 0.83941893125 0.6566733250000001 0.840379459375 0.6584098828125 0.845422784375
0 0.6619099375 0.518265171875 0.6309902562499999 0.4523234453125 0.6293207796875 0.45293108593750003 0.5151066531249999 0.5483161765625 0.526929 0.5761678828125001 0.5454474125 0.61814349375 0.5477800859374999 0.6172944703125001 0.666418934375 0.528887703125 0.6619099375 0.518265171875
0 0.5978219328125001 0.7526245625 0.6049423359375 0.8340111421874999 0.605341259375 0.8351071749999999 0.7449595062500001 0.7730982390625 0.7318852890625 0.6954619765625 0.730793778125 0.695557471875 0.5978219328125001 0.7526245625
0 0.581605496875 0.6931102499999999 0.6862031734375 0.606298909375 0.6574376171874999 0.526235553125 0.54280325625 0.629363084375 0.5726384375 0.6963739921875 0.581605496875 0.6931102499999999
0 0.62327135 0.781037340625 0.7133248296875 0.6632678750000001 0.6661744374999999 0.5970260765625001 0.5766317484375 0.7215852328125 0.619278228125 0.78249071875 0.62327135 0.781037340625
0 0.508699525 0.5163555078125001 0.6356309078125 0.47354173125 0.6354221359375 0.4711554609375 0.6242545046875 0.39253411250000003 0.47929341093750005 0.443508309375 0.4797604515625 0.44884659843749997 0.4876683203125 0.5196775015624999 0.50047795 0.5185568046875 0.508699525 0.5163555078125001
0 0.41870676093750003 0 0.32499075624999996 0.051145165625 0.32513209062500004 0.051533478125 0.3508843203125 0.112201928125 0.3589745859375 0.13064627812500001 0.3658236078125 0.1281534375 0.48239828281249997 0.0591083046875 0.4592881078125 0 0.41870676093750003 0
1 0.5032021375 0.12956554375 0.4581461203125 0.0596324578125 0.4553031578125 0.06066721093750001 0.358328959375 0.15185285625 0.3695545265625 0.1678846296875 0.40847957343749997 0.220708490625 0.41130499687500005 0.2196801203125 0.41226969843749994 0.21900462968749998 0.5032021375 0.12956554375
0 0.41841999531249996 0.275860778125 0.489388925 0.37582822656250003 0.49291328281249996 0.374545465625 0.568054046875 0.3397751859375 0.5678904390625 0.3393256734375 0.48832084687500005 0.234212984375 0.41477059531249993 0.2658341359375 0.41841999531249996 0.275860778125
1 0.42848104062500003 0.3015557734375 0.5327074296875 0.22035949062500002 0.49419661875000004 0.14347063124999998 0.38806012968750003 0.2297223390625 0.42661564687500003 0.302234721875 0.42848104062500003 0.3015557734375
0 0.49055578750000006 0.45521685781250004 0.58697291875 0.3830971203125 0.5540446375 0.30604801406250004 0.4504112921875 0.38856287031250003 0.48172095937500004 0.45843247187499997 0.49055578750000006 0.45521685781250004
0 0.5000416171875 1 0.44679460156250006 0.8870336859375 0.376713303125 0.8923932421874999 0.3760689359375 0.8926277718750001 0.376738225 0.898078690625 0.417013715625 1 0.5000416171875 1
0 0.12311088125 0.3326895984375 0.141063378125 0.367923359375 0.1503147796875 0.3645561234375 0.29478541406250003 0.262371384375 0.25237115 0.176917775 0.10299488593749999 0.2894561390625 0.12311088125 0.3326895984375
0 0.41153457343750005 0.80583604375 0.3402771859375 0.8231767734375 0.3412694921875 0.826880115625 0.4308296734375 0.9923662328124999 0.431395709375 0.9922145625000001 0.5066667546875 0.968951125 0.41153457343750005 0.80583604375
0 0.2526690359375 0.35503542499999996 0.168986990625 0.3900269953125 0.1725131703125 0.3997150953125 0.27696889687500004 0.5492882921875 0.2936626828125 0.5422022 0.356680759375 0.5116421250000001 0.2526690359375 0.35503542499999996
1 0.1741078375 0.089487084375 0.1357662515625 0.10048135625000001 0.082522065625 0.11986065625 0.15803897656250002 0.282649028125 0.2107657375 0.267529871875 0.24596648281250003 0.2564866109375 0.1741078375 0.089487084375
0 0.4632409125 0.7162466609375 0.2922988953125 0.800372803125 0.294117846875 0.8094440796875 0.3091659 0.8802396046875 0.31037004218750003 0.8835479609375 0.31568073281250003 0.8824191390625 0.48167901406249997 0.7982061234375 0.4632409125 0.7162466609375
0 0.3501857734375 0.44567447031249996 0.19782672343750002 0.5506130109375 0.2103542671875 0.58012605625 0.2336689234375 0.6318549171875001 0.2420975546875 0.6287871468749999 0.3814385578125 0.5277135359375 0.3523761484375 0.4508346703125 0.3501857734375 0.44567447031249996
1 0.1448484828125 0.4090616734375 0.1709163078125 0.4618127796875 0.17899685468749998 0.4588717015625 0.31817355625 0.35270158125 0.2834772796875 0.267118853125 0.129335959375 0.3772562875 0.1448484828125 0.4090616734375
1 0.420977890625 0.6208119937500001 0.258183640625 0.7170915124999999 0.2669689171875 0.7477294109375 0.28637335625000004 0.8070793453125 0.29104665625 0.8057392999999999 0.4489844234375 0.7093785484375 0.420977890625 0.6208119937500001
0 0.38265825625 0.5343950125 0.248535459375 0.620710653125 0.23178390312500002 0.6319136359375 0.258889159375 0.72244216875 0.260548915625 0.7218380671875 0.41273957968749997 0.61403770625 0.3828798578125 0.53431435625 0.38265825625 0.5343950125
0 0.7099570578125001 0 0.7109562421875 0.00372900625 0.7524018781249999 0.087510296875 0.8186158406249999 0.06976832031249999 0.8263509171875001 0.06695298125 0.7947388906249999 0 0.7099570578125001 0
1 0.7700919671875 0.17223123125 0.8502538671875 0.11138972031250001 0.8211277906250001 0.0429176859375 0.7376922593749999 0.10124810625 0.767120584375 0.17331272656250002 0.7700919671875 0.17223123125
0 0.8102495546874999 0.233740096875 0.8647467046875 0.219255834375 0.8805949 0.21348756406249997 0.8300686828125 0.1244655875 0.7573814109375 0.1445643828125 0.7581038359375001 0.1469273296875 0.8102495546874999 0.233740096875
0 0.7932142046874999 0.2384123828125 0.8093831578125 0.3038494796875 0.8132377421875001 0.3144398625 0.8169776125 0.31322470625 0.9005222500000001 0.26118434218750003 0.876536465625 0.18736367812500002 0.7932142046874999 0.2384123828125
0 0.1535587828125 0.996357446875 0.3220273734375 0.9171728281249999 0.3103851375 0.8306525140625001 0.139963028125 0.903995471875 0.152556734375 0.9936043390625 0.1535587828125 0.996357446875
0 0.193001315625 0.9179486671875001 0.27914313125 0.8996386578125 0.284369909375 0.8977362671875 0.1977048484375 0.7326991515625 0.1109607265625 0.7560602828125 0.1114300953125 0.7582684984375 0.193001315625 0.9179486671875001
0 0.3141627375 1 0.24631058593750002 0.9069546031250001 0.161610809375 0.936248209375 0.16488632812499998 0.945247621875 0.206148525 1 0.3141627375 1
0 0.096341871875 0.80943775625 0.1109849234375 0.8394604625 0.1144998625 0.8381811296875 0.2520937953125 0.7160941359375 0.2160836234375 0.6353167296875 0.070039053125 0.75223561875 0.096341871875 0.80943775625
0 0 0.4516760515625 0.127865640625 0.353297003125 0.07864655625 0.26757556718750003 0 0.3344671359375 0 0.4516760515625
0 0 0.4684061875 0.088332634375 0.5556261828125 0.13997779375 0.5220874234374999 0.167304925 0.504185115625 0.16658295781250002 0.5022015234375 0.032923915625 0.3661778390625 0 0.38755887968749997 0 0.4684061875
0 0 0.5829252859375 0.047200440625 0.6614800062499999 0.051385334375 0.6599568296875 0.1856736578125 0.5294238046874999 0.13752193906250001 0.4457001140625 0.1366912234375 0.44600247031249995 0 0.574141625 0 0.5829252859375
0 0.11611060937499999 0.5471862984375 0.025949596874999998 0.58179586875 0.027842304687500003 0.5869960375 0.13724265 0.74676454375 0.1494690265625 0.74231450625 0.168842984375 0.734877540625 0.22455040468749998 0.7123107921875 0.11611060937499999 0.5471862984375
0 0 0.37502502031249996 0.002397925 0.378256746875 0.0620427265625 0.34717237968750003 0.093242215625 0.3291593453125 0 0.20982695312500002 0 0.37502502031249996
0 1 0.5231268734375 0.9714497078125 0.46641689375000006 0.9697294781249999 0.46704300625000006 0.8860200921875 0.5374174234375 0.9012088640625 0.5699898484375 0.9164084812500001 0.601181928125 0.9221103609375 0.5991066140625 1 0.5302683984375001 1 0.5231268734375
0 0.8753726453124999 0.274713053125 0.8106513453125 0.29081507812499996 0.8125921999999999 0.298058446875 0.8541335609375 0.37655052968749997 0.8867641703125001 0.36780718437500004 0.9250028531250001 0.35693717343750003 0.8753726453124999 0.274713053125
0 1 0.5844172765625 0.960753934375 0.5460743734375 0.897086371875 0.58135963125 0.8979747765624999 0.583800503125 0.9874832265625001 0.65413746875 1 0.64756999375 1 0.5844172765625
0 0.9000025 0.5223515515625 0.9720381265625001 0.4690758125 0.948064609375 0.39775208906250004 0.8621328921875 0.46179307031250005 0.8892412734375 0.5262683171875 0.9000025 0.5223515515625
0 0.8324237109375 0.365311146875 0.8830673140625 0.4444982421875 0.91034086875 0.437794896875 0.9378686015625 0.4304188625 0.951538 0.4254436078125 0.90205915 0.3427344390625 0.8308249765625 0.3593445875 0.8324237109375 0.365311146875
0 1 0.6839964125 0.9417757515625 0.708711140625 0.9434316328125 0.7132606359375 1 0.767447171875 1 0.6839964125
0 1 0.6355467781249999 0.972066240625 0.6152062890625001 0.913946875 0.65966259375 0.914311775 0.66066515 0.9922886156249999 0.7081344875 1 0.7126507140625 1 0.6355467781249999