0 0.9154893953125001 0.24161828281250003 0.9103205046875 0.23909724687499997 0.9086663625 0.2411399421875 0.8819265406250001 0.29843177656250003 0.9652255656250001 0.3811007375 0.9948269359375 0.3164017046875 0.9154893953125001 0.24161828281250003
1 0.893061775 0.291527953125 0.8908514890625 0.28973809687499996 0.840829015625 0.333066365625 0.8863971609375 0.44272956875 0.93793434375 0.3980981359375 0.893061775 0.291527953125
1 0.75266258125 0.5015519796875 0.6527872218749999 0.552158690625 0.65179513125 0.5533838203125 0.7030040546875 0.6099126796875 0.8077389078125 0.5558072359375 0.8044593000000001 0.5524111031250001 0.75266258125 0.5015519796875
0 0.757432796875 0.41927119062499996 0.7552064140625 0.4182330109375 0.7535781921875 0.42024369687499996 0.7228424890625 0.4861566234375 0.80871288125 0.5655799265625 0.837545178125 0.4912790796875 0.757432796875 0.41927119062499996
0 0.7562790796875001 0.41690837812500003 0.752247996875 0.42188635156250004 0.8028353125000001 0.4807235546875 0.9148252609374999 0.431495340625 0.8629408359375 0.3718091375 0.7562790796875001 0.41690837812500003
0 0.6823279734375001 0.55136183125 0.6061222265625 0.642231815625 0.6064829828125 0.64252395 0.6748085171875 0.6743846703124999 0.7519812109374999 0.587950565625 0.75252338125 0.5867878765625 0.6823279734375001 0.55136183125
0 0.5493486375 0.6774118671875 0.5466767765625 0.680711340625 0.604462 0.73707014375 0.7055726140624999 0.6728531578125 0.6470946109375 0.6149972828125 0.5493486375 0.6774118671875
1 0.4333135125 1 0.4813686328125 0.9557759625 0.4090513953125 0.8465586921874999 0.40254330625 0.841288546875 0.345056528125 0.894895834375 0.41233154687500007 1 0.4333135125 1
1 0.48886764375 0.9396138390625 0.5356963546875 0.8786479093749999 0.4435672484375 0.7735006109375 0.4422270109375 0.772453503125 0.42399996875 0.794962025 0.3891734359375 0.8412013296874999 0.481728009375 0.9440967734375001 0.4839865578125 0.9458613453125 0.48886764375 0.9396138390625
1 0.5692215890625001 0.64652981875 0.5635593953125 0.641944665625 0.503047234375 0.6892219484375001 0.5645154515625 0.8203878546875 0.6272460140625 0.774319540625 0.5692215890625001 0.64652981875
1 0.43417861562500004 0.8253709359375 0.4991967609375 0.8611276046875 0.596461959375 0.75906391875 0.593873909375 0.7569681562499999 0.5551137171875 0.7334213578125001 0.52582604375 0.7165121125 0.43454682499999997 0.8247331812500001 0.43417861562500004 0.8253709359375
0 0.8378439734375001 0.1705231421875 0.7145075796875 0.26736935625 0.713050409375 0.2696132015625 0.7837747171875 0.3148006671875 0.9035614609374999 0.2138504640625 0.8813245125 0.198759734375 0.8378439734375001 0.1705231421875
0 0.9300521484375001 0.20967035625000002 0.9030864484375 0.18642612812499998 0.85593134375 0.1468582984375 0.8088197203125 0.1087080578125 0.7966724484375 0.1237086875 0.7881345125 0.136272825 0.87592733125 0.27564219218749997 0.8778401421875 0.2771911546875 0.9300521484375001 0.20967035625000002
0 0.6655811703125 0.524818653125 0.5766865984375 0.4074208515625 0.573917609375 0.4054090640625 0.5317216140625 0.4591818515625 0.52252275 0.4718430015625 0.6197769078124999 0.5864910578125 0.6541308875 0.540578615625 0.6655811703125 0.524818653125
0 0.66049419375 0.3431782203125 0.7333250328124999 0.3789221984375 0.8358047624999999 0.2736407578125 0.767706734375 0.23343324999999998 0.6627221249999999 0.33861028437499996 0.66049419375 0.3431782203125
0 0.6167121343749999 0.3456853703125 0.6113044015625 0.3426878140625 0.610591278125 0.34356844999999997 0.5748199640625 0.4081016078125 0.68002995 0.520827746875 0.7156640265624999 0.443576140625 0.6167121343749999 0.3456853703125
0 0.604300415625 0.3687168765625 0.6018265921875 0.37177179374999997 0.6525769171875 0.4263730375 0.7927814046874999 0.36185213437499997 0.736180728125 0.3032404171875 0.604300415625 0.3687168765625
0 0.62288983125 0.5160322640625 0.5836474609375 0.49596441406249997 0.548994325 0.48053584374999997 0.468376109375 0.5850727859375 0.46015469375 0.5972665125 0.4574167375 0.603416065625 0.52759914375 0.636696653125 0.622560071875 0.516772915625 0.62288983125 0.5160322640625
0 0.27277312343750004 0.8131916328125 0.2064659125 0.9056805656250001 0.2400087703125 0.9328430375 0.278535303125 0.9533279578125 0.34603402031249997 0.851823959375 0.3385976375 0.8458020953125001 0.27277312343750004 0.8131916328125
1 0.2370388046875 0.8147986828124999 0.235707815625 0.8164423187500001 0.28662562812500003 0.8849679703125 0.40298498125000004 0.8184305359374999 0.4038856625 0.8173182890625 0.38629198593749997 0.794799409375 0.3507097765625 0.7527045796875 0.2388874171875 0.8133543890625001 0.2370388046875 0.8147986828124999
0 0.344055046875 0.6925759796875 0.404486734375 0.7505919875 0.51265049375 0.673073559375 0.5130810875 0.6725418203125 0.5107555687499999 0.670373240625 0.4518632109375 0.6168526984375 0.349997084375 0.6852381734375 0.344055046875 0.6925759796875
1 0.2911364328125 0.7455108390625 0.28700087343749997 0.7506178296875 0.34101876249999996 0.8140989859375001 0.4587247484375 0.7486383 0.4066588609375 0.68434228125 0.2911364328125 0.7455108390625
0 0.4704192984375 0.68355581875 0.5577376453125 0.5849556984375 0.5551621921875001 0.5828701374999999 0.48302464218749996 0.547467396875 0.40224432656250003 0.6444353921875 0.400556928125 0.6477470984375 0.4704192984375 0.68355581875
0 0.5960197875000001 0 0.5041928890625 0.0456590453125 0.5035628671875 0.0462067140625 0.5004935359375 0.049997021875 0.5488643718749999 0.10074394843750001 0.70252386875 0.036268140625 0.6709964546875 0 0.5960197875000001 0
0 0.19513012031250002 0.5383923359375 0.0313889859375 0.6218443859375 0.029326400000000002 0.6243914687500001 0.08671106875 0.6988993453125001 0.2509662515625 0.6088676921875 0.2335518125 0.58575795 0.19513012031250002 0.5383923359375
0 0.5356172171875 0 0.5076212703125 0.021096459375 0.4923473578125 0.033168909375 0.562314578125 0.208557765625 0.62746496875 0.1632338859375 0.5562245 0 0.5356172171875 0
0 0.3515283890625 0.5026915625 0.235034078125 0.3658573 0.22863925468750002 0.3606788734375 0.18868455625 0.40525500000000003 0.17177754843749998 0.426133415625 0.293127459375 0.5756081843749999 0.3515283890625 0.5026915625
1 0 0.679009109375 0.11564602500000001 0.7917918296875001 0.172533946875 0.7200629515625 0.0498898359375 0.59356410625 0.042773728125 0.588201734375 0 0.6393180125 0 0.679009109375
0 0.5390484125 0.0972344171875 0.38290848125 0.1978469984375 0.3819136546875 0.19891381875 0.3799046359375 0.20139475 0.43965323281249996 0.2584489390625 0.603170465625 0.1558718046875 0.5932393328125001 0.1466108765625 0.5390484125 0.0972344171875
0 0.3686461703125 0.48842841875 0.4042984234375 0.414375059375 0.2700326015625 0.2978406328125 0.2670160578125 0.2962367078125 0.23843321093749997 0.34725100468750003 0.2233811078125 0.375559896875 0.36601438750000004 0.49337808125000004 0.3686461703125 0.48842841875
1 0.2970045609375 0.5510706015625 0.1433986546875 0.441315734375 0.14162528125 0.44350566875 0.10801573281250001 0.5264078375000001 0.253849028125 0.637655903125 0.25414554843750004 0.6378005250000001 0.2970045609375 0.5510706015625
0 0.3922633921875 0.1420050296875 0.3572515890625 0.1937072609375 0.3403616921875 0.22073674843750002 0.4703113359375 0.3581587390625 0.52164519375 0.28074274843749997 0.3963862890625 0.1445813015625 0.3922633921875 0.1420050296875
1 0.2649084953125 0.3504567046875 0.330779446875 0.4029148359375 0.48060643281250004 0.2912814640625 0.46578581406249997 0.2792799640625 0.40369884375 0.23633972656250002 0.3878676578125 0.24880949375 0.2675719015625 0.34704770156250003 0.2649084953125 0.3504567046875
1 0.68962334375 1 0.7066829890624999 0.9679742046875001 0.6309978890625 0.8993522578125 0.625806534375 0.905763046875 0.5936658125000001 0.9682668359375001 0.6315406859375 1 0.68962334375 1
0 0.6832335734375 0.839812234375 0.678217975 0.8464681578125001 0.6415832703125 0.8979103453124999 0.7089017281250001 0.976947625 0.7097124859374999 0.975946421875 0.751046259375 0.9166605406249999 0.6882037000000001 0.8390788062500001 0.6854859234374999 0.8370308140624999 0.6832335734375 0.839812234375
0 0.748424275 0.7815924843750001 0.7427317734375001 0.7769827874999999 0.693041321875 0.8364555593749999 0.74555259375 0.91886390625 0.799471725 0.863029009375 0.748424275 0.7815924843750001
0 0.314686678125 0 0.39688086562499997 0.1330065546875 0.3982208203125 0.134091628125 0.45698288125 0.07033085156249999 0.41666284375 0 0.314686678125 0
0 0.2922545328125 0 0.261168621875 0.025250515624999997 0.24460935468749997 0.0391453921875 0.3216885671875 0.20489388437499997 0.392282590625 0.151837903125 0.3939330671875 0.1504529890625 0.326016971875 0 0.2922545328125 0
0 0.149502109375 0.1631493546875 0.14548805625 0.168106296875 0.20420909375 0.24244409218750002 0.374687434375 0.1653974921875 0.319062515625 0.09664001718750001 0.149502109375 0.1631493546875
0 0 0.5488366484375 0.1152562984375 0.42769755 0.10759398125 0.42149272812499994 0.0424492453125 0.3758778921875 0 0.416326784375 0 0.5488366484375
0 0 0.4573562 0.0362083875 0.4856452921875 0.18200314687500002 0.361114371875 0.1298778578125 0.318904146875 0.10791776875 0.3017470453125 0 0.3911414171875 0 0.4573562
0 0.0249583296875 0.36182260781250003 0.1098582609375 0.41283563437500004 0.241410628125 0.2725033984375 0.23571593124999998 0.267891925 0.22348431093749999 0.2605424265625 0.1583830296875 0.22310095 0.0272532828125 0.358003165625 0.0249583296875 0.36182260781250003
0 0.15518455312499999 0.32982459531249997 0.307772475 0.2035978921875 0.2875040328125 0.18718483125000002 0.230254175 0.14404396875 0.082751378125 0.270945409375 0.0817176046875 0.272317271875 0.15518455312499999 0.32982459531249997
0 0.989325309375 0.6185847203125 0.90745105625 0.5462249406249999 0.9041335421875001 0.5446779578125 0.902875490625 0.5462315203125 0.88804593125 0.576664184375 0.8728571593750001 0.6092366109375 0.9579966875 0.6808133468750001 0.989325309375 0.6185847203125
0 0.808573746875 0.7380492000000001 0.728268525 0.7841986999999999 0.72618095625 0.786776634375 0.7773394484375 0.837701228125 0.8578388421875 0.78520371875 0.8208900874999999 0.74952271875 0.808573746875 0.7380492000000001
0 1 0.516185625 0.9021290015625001 0.5521190328125 0.9013561015624999 0.553073484375 0.9515520046875 0.6068938984375001 1 0.582914584375 1 0.516185625
0 0.9530751437499999 0.662759865625 0.91380709375 0.630038153125 0.8961062859375 0.6166996375 0.812209671875 0.67833801875 0.811095053125 0.6798171671875 0.8718377703125 0.7232704734375 0.952450071875 0.6635893609375 0.9530751437499999 0.662759865625
0 0.7672622890625 0.7378994109375 0.8251937671875 0.7781756640624999 0.9036659328125 0.7203224515625 0.889315434375 0.7087016453125 0.8569553390625 0.6851906609375 0.8439322453125 0.676364903125 0.7696168078125 0.7346586953124999 0.7672622890625 0.7378994109375
0 1 0.427599675 0.9650252546875 0.47679051250000004 0.9617403078125 0.48184888593749997 1 0.53071185 1 0.427599675