0 0.45397426875 1 0.4532659375 0.9797160453125 0.45125378281249995 0.9459943421875 0.3396080578125 0.9154359062499999 0.3431322796875 0.9831313640625 0.39906567187499997 1 0.45397426875 1
0 0.426531646875 0.8588127890624999 0.30821988125 0.8667417140625 0.3334284984375 0.9294554109375 0.45195263125 0.9220727265625 0.426531646875 0.8588127890624999
1 0.26935251718750003 0.7114831265625 0.3458081171875 0.7072445859375 0.3695128578125 0.592570853125 0.369314859375 0.5918319109375 0.3649688546875 0.5922121359375 0.292847159375 0.6004590624999999 0.2692468890625 0.7102758109375 0.26935251718750003 0.7114831265625
0 0.3692869765625 0.7823181421875 0.39344838437499996 0.6772482296875 0.39331725781250004 0.675373046875 0.3924932203125 0.67229769375 0.318636340625 0.677561959375 0.29076975781250003 0.7913024609375 0.3170638203125 0.7894637999999999 0.3692869765625 0.7823181421875
0 0.396452328125 0.73724040625 0.3497420359375 0.7548842109375 0.3235043359375 0.7649559203125 0.3297262703125 0.8869423234375 0.33941481093750003 0.8843462875 0.34374782656249997 0.8827099765625 0.40530779062500005 0.8590793203124999 0.397553453125 0.7401089359374999 0.396452328125 0.73724040625
1 0.25264457500000004 0.6137739421874999 0.363358909375 0.619111440625 0.36929772031249997 0.617520140625 0.3538415078125 0.5461586515625 0.3527790125 0.5421933640625001 0.234290115625 0.5401582234375 0.25264457500000004 0.6137739421874999
0 0.23379586562500002 0.54047741875 0.3534687171875 0.535419184375 0.3317532203125 0.45607552812499996 0.21155822500000002 0.4614490578125 0.23379586562500002 0.54047741875
1 0.252968565625 0.10932534218750001 0.2514368 0.10360871093749999 0.17258473125 0.112655253125 0.1618979953125 0.25225755781250003 0.2447493765625 0.24410082812499997 0.252968565625 0.10932534218750001
1 0.31369889375 0.28164068124999997 0.2864546015625 0.2068430953125 0.1497503875 0.228425015625 0.1475835296875 0.2291711265625 0.14970700312500002 0.237096040625 0.17524715468750002 0.30933268593749996 0.31360820624999997 0.2893340390625 0.31557853593749996 0.2886556 0.31369889375 0.28164068124999997
1 0.3200266046875 0.47549245625000003 0.3011907640625 0.3308791578125 0.3009872921875 0.33034909843750004 0.22620208281249998 0.35840071406249996 0.246761925 0.5026960390624999 0.2739780328125 0.493168846875 0.3200266046875 0.47549245625000003
1 0.32178748281249997 0.3779019015625 0.3351978515625 0.3743086046875 0.3164362515625 0.3052136796875 0.174993690625 0.30614937656249996 0.1931482578125 0.38656787656249997 0.32178748281249997 0.3779019015625
1 0.5511988640625 0.804784234375 0.476703215625 0.8434395484375001 0.5041396671875 0.9971174406250001 0.5068299578125 0.9963965796875 0.5284227140625 0.9859406156249999 0.5746165890625 0.962403659375 0.5524135046875001 0.807168103125 0.5511988640625 0.804784234375
0 0.45597495312499997 0.9568635203125 0.47601963124999996 0.9879643843749999 0.6354366515625001 0.9621215624999999 0.63802965625 0.9608003593750001 0.6370344640625001 0.9570862546875001 0.6185245078125 0.9207584203125 0.599034053125 0.8860072125 0.4765384234375 0.9463859109375001 0.45597495312499997 0.9568635203125
0 0.47289492656250004 0.65176710625 0.505169153125 0.5084685109375 0.50514579375 0.50713029375 0.504913021875 0.5062615734375 0.42892525 0.5065193015625 0.387620396875 0.6518416421875 0.42580062031250004 0.6525891390624999 0.47289492656250004 0.65176710625
0 0.47328603437499994 0.7522020281249999 0.47611058906250003 0.9059530499999999 0.47825583906249997 0.9053782312499999 0.5540584890625 0.8779992703125 0.54971073125 0.7375115359375 0.5475878109375001 0.7316788609375 0.47328603437499994 0.7522020281249999
0 0.5074655796875 0.7194423828125001 0.513919603125 0.5821338484374999 0.511493803125 0.573080640625 0.439623909375 0.5905933437499999 0.42628666718749997 0.7438016640625 0.43671340000000003 0.7413944625 0.5074655796875 0.7194423828125001
0 0.4221617109375 0.76604784375 0.5680909125 0.7907203296875001 0.572320934375 0.7895869 0.5619050453125001 0.715474003125 0.4115512328125 0.685461678125 0.4114734828125 0.6854825124999999 0.4221617109375 0.76604784375
0 0.37070650625 0.5531974640625 0.50103826875 0.5222422203125 0.5091770703125 0.519752253125 0.5206341296875 0.513914590625 0.4898057234375 0.44965604375 0.4873729328125 0.44488142656249996 0.33742674687499996 0.4784705296875 0.36961902343749997 0.5510631593750001 0.37070650625 0.5531974640625
0 0.307389653125 0.1644936203125 0.3813299484375 0.139033934375 0.3534132359375 0.021639715625 0.3070213640625 0.0340703796875 0.27373671875 0.045531203125 0.29823705624999997 0.16745126875 0.2993809703125 0.1671447578125 0.307389653125 0.1644936203125
1 0.27102125625 0.1326856265625 0.2943702875 0.213014790625 0.41779070625000003 0.2033569640625 0.42530515781249995 0.2013434734375 0.4113292859375 0.1388912078125 0.4058229015625 0.1183411015625 0.2754631015625 0.13149543749999998 0.27102125625 0.1326856265625
0 0.3358887359375 0.3702062203125 0.4663231375 0.379614165625 0.46764141875 0.3792609328125 0.45412580468749997 0.293926690625 0.3233627890625 0.288510753125 0.3219371546875 0.28889275 0.3358887359375 0.3702062203125
1 0.32132217343749997 0.20055296875 0.34681958125 0.3307540953125 0.365114490625 0.3258519890625 0.42444422499999995 0.3030774375 0.401640096875 0.1724291265625 0.399991775 0.168135103125 0.32132217343749997 0.20055296875
0 0.4791770125 0.4619037890625 0.48810128593749996 0.45951253750000004 0.47714515625000004 0.3801460921875 0.34779335 0.367015265625 0.3572739265625 0.44579546875 0.4791770125 0.4619037890625
0 0.7192710109375 0.8813555859375001 0.7196161625 0.886291465625 0.8791654296875 0.91604101875 0.9040437625 0.9093748906249999 0.8970255640625 0.8489653578125 0.7156502375 0.8029457375 0.71521239375 0.8030630562500001 0.7192710109375 0.8813555859375001
0 0.528002071875 0.1799499296875 0.7080133984375 0.196560171875 0.7089742078125 0.1965098171875 0.713940853125 0.195179009375 0.711835684375 0.155010021875 0.70763991875 0.10751075000000002 0.522007096875 0.0847378 0.528002071875 0.1799499296875
0 0.8199076390625001 0.8697557203124999 0.833750103125 0.6835552203125 0.8333952124999999 0.6817294640625 0.8333426421875 0.6815332671875 0.75548146875 0.6936224328125 0.7473864546875 0.885006384375 0.77196643125 0.8802285218750001 0.8199076390625001 0.8697557203124999
0 0.7768010359375 0.3455730546875 0.7535570500000001 0.28542655156249996 0.7445108171875 0.2651083796875 0.5560067765625 0.3054208625 0.59446249375 0.390559925 0.7694725546875001 0.3488359046875 0.7768010359375 0.3455730546875
1 0.5425081734375 0 0.557667625 0.15139275000000002 0.5938087703125 0.14398574375 0.647254546875 0.131646815625 0.63778659375 0 0.5425081734375 0
0 0.681763890625 0.72672488125 0.8676291265625 0.716656353125 0.8730193249999999 0.714904971875 0.8717744453125 0.7102590203125 0.8498156031249999 0.6426766546875 0.8468552234375 0.6339112234375001 0.6567520234375 0.6465268578125001 0.681763890625 0.72672488125
0 0.7981747453125 0.44618534375 0.78133344375 0.3901870578125 0.771425803125 0.3596944703125 0.5876689578125001 0.3804443125 0.5880388812499999 0.38182488124999997 0.5893253890625 0.3857843484375 0.617828784375 0.4628722203125 0.7949255109375 0.447241084375 0.7981747453125 0.44618534375
1 0.57148231875 0.1684850125 0.6373556109375 0.3451094859375 0.6406077703124999 0.344238071875 0.7143699125 0.29461258125 0.656973746875 0.12467201406249999 0.654821175 0.12094365 0.57148231875 0.1684850125
1 0.8442756625 0.6454513609375 0.8350554921875 0.583402165625 0.8299858562500001 0.554650828125 0.6416293953125 0.5368852421875 0.654727459375 0.6313401 0.8398275984374999 0.646235675 0.8442756625 0.6454513609375
0 0.6287856765625001 0.43693427187499995 0.62947951875 0.5220632000000001 0.8085862562499999 0.56775313125 0.8118646734375 0.5668746828125 0.8048223562500001 0.47390310312499995 0.7851686390625 0.46944743750000006 0.6290214625 0.43693015781250005 0.6287856765625001 0.43693427187499995
0 0 0.245985978125 0.031172653124999998 0.23878920468749998 0.026719512499999997 0.14635969843750002 0.025198912499999997 0.1406847421875 0 0.146237828125 0 0.245985978125
0 0 0.322624021875 0.0502269125 0.3137676625 0.050687121875 0.21769692031250001 0.0499031296875 0.2147710203125 0 0.223586040625 0 0.322624021875
0 1 0.7903308484375 0.890125503125 0.8177256375 0.899802084375 0.853509434375 1 0.8572717890625 1 0.7903308484375
1 0 0.390047321875 0.0029217984375 0.395592090625 0.10099739062499999 0.36923518125 0.10069432812500001 0.3681041359375 0.06750607812500001 0.30284599375 0 0.318185628125 0 0.390047321875
0 0 0.4153518265625 0.015340473437499998 0.4610847296875 0.11133690624999999 0.45366104375000005 0.118203834375 0.45156161250000004 0.117487490625 0.44888818593749996 0.1174177359375 0.448660025 0.09485043125 0.3835483984375 0 0.38853270625 0 0.4153518265625
0 0.1210151890625 0.44394262187500005 0.11979914843749999 0.4394042984375 0.044393790625 0.4460014109375 0.02829841875 0.548562003125 0.107284084375 0.535881275 0.1210151890625 0.44394262187500005
0 1 0.68555339375 0.9965721828125 0.5779887171875 0.9959377859374999 0.57614629375 0.9080504093749999 0.607190884375 0.9199369890625 0.7902653625 0.9364113375 0.7858510734374999 1 0.7639557421875 1 0.68555339375
0 1 0.5443059828125001 0.8308833218749999 0.55299196875 0.8536309843750001 0.6383207296875 0.8542967750000001 0.640369821875 1 0.6345306953125001 1 0.5443059828125001
0 1 0.6773226515624999 0.9567511453125 0.681572059375 0.9249647671875 0.8822131265625 1 0.8716676109374999 1 0.6773226515624999
0 1 0.4787449921875 0.9937313624999999 0.45416285156249997 0.8066539734375 0.4552086359375 0.82950368125 0.5406464078125001 1 0.5483367765625 1 0.4787449921875
0 0.9201347296875 0.14214954062500001 0.8913656281250001 0.0585980015625 0.7016621765625 0.0935025 0.7039203875 0.101930253125 0.7306183453124999 0.1780478546875 0.91856214375 0.15291168125000001 0.9226420187500001 0.15150686875 0.9201347296875 0.14214954062500001
0 0.90266944375 0.11922745937499998 0.8694574968750001 0.12025421249999999 0.8088214218750001 0.122371671875 0.7743968375 0.31061861875 0.77492479375 0.3125889765625 0.7938737015624999 0.3120714 0.8720963046874999 0.30933980625 0.903428303125 0.122059565625 0.90266944375 0.11922745937499998
0 0.9276462890625 0.21987618437499998 0.9275141203124999 0.2179860953125 0.926179309375 0.213004509375 0.8321053875000001 0.22139318281249998 0.8015177921875001 0.410506596875 0.9013441640625001 0.40352605625000004 0.9276462890625 0.21987618437499998
0 0.998367065625 0.4280795546875 0.983728925 0.37344927499999997 0.9656322234375001 0.3379324984375 0.7748397296875 0.38800902812500004 0.8158249953125001 0.47223736718750003 0.998367065625 0.4280795546875
0 0.6971315765625 0 0.6757809140625 0.007112675000000001 0.7148210749999999 0.0966682734375 0.894822525 0.041646071875 0.8836634953125 0 0.6971315765625 0
0 0.1985033390625 0.7270953 0.1978997515625 0.724842678125 0.1270155046875 0.7323184890625 0.11139560625 0.8427084765625 0.111490959375 0.8430643375000001 0.1415993984375 0.8402832859375 0.1809204546875 0.8354552671875 0.19871194375 0.7287942468749999 0.1985033390625 0.7270953
0 0.054584207812499994 0.5938687109375 0.14427075312499998 0.6082583171875 0.1491828765625 0.6069421171875 0.14717190156249998 0.588221696875 0.1407595421875 0.5359972234375 0.045028001562499996 0.526121715625 0.054584207812499994 0.5938687109375
0 0.1853984203125 0.90672009375 0.22608284374999998 0.7998382281249999 0.2255299890625 0.7977749515625 0.1526532890625 0.8003253375 0.1239863609375 0.909854821875 0.134408421875 0.9096729031249999 0.1853984203125 0.90672009375
0 0.1777501375 0.6719647546874999 0.07103253281250001 0.6799973578125 0.0713200578125 0.6810704203125 0.0995815140625 0.7495654296875001 0.1936309234375 0.742139959375 0.20001182499999998 0.7396905609375 0.1777501375 0.6719647546874999
0 0.0763015265625 0.6673936984375 0.17201679375 0.6784695015625 0.174662115625 0.6777606890625 0.167577315625 0.6413125578125001 0.159440753125 0.605713634375 0.061159185937500006 0.5973069421874999 0.0763015265625 0.6673936984375
0 0.2762735953125 1 0.256826846875 0.9563218859375 0.1408292703125 0.9585934390625 0.14097389375 0.95913318125 0.1616274765625 1 0.2762735953125 1
0 0.151129371875 0.9516298703125001 0.1769471921875 0.9514696015625 0.2662764109375 0.9493933531250001 0.2688364703125 0.9481995781249999 0.2432099859375 0.886596890625 0.24066099687500003 0.8811305703125001 0.125154271875 0.8933950359375 0.147319203125 0.9434589328125 0.151129371875 0.9516298703125001