0 0.08287563437499999 0.1490701890625 0.07925087812500001 0.1513351875 0.16695808125 0.2267554203125 0.2254517140625 0.19218271874999998 0.223593975 0.1867874515625 0.137285290625 0.116351871875 0.08287563437499999 0.1490701890625
0 0.2196117734375 0.1740359953125 0.12166824843749999 0.24118910468750002 0.1404139921875 0.30612814374999997 0.2385264703125 0.2395362265625 0.2196117734375 0.1740359953125
0 0.20661259531249998 0.47149114531249997 0.2296182875 0.5403409015625 0.231182278125 0.544637928125 0.2316248078125 0.5444855515625 0.3257754140625 0.47436056249999997 0.2977499125 0.40438705781250006 0.29316030312499997 0.40596738749999994 0.20661259531249998 0.47149114531249997
0 0.221461134375 0.47333602812500003 0.2942017328125 0.3867995796875 0.26827686875 0.3404289265625 0.2549844765625 0.319960440625 0.2523399109375 0.3208710375 0.180057409375 0.4093920296875 0.221461134375 0.47333602812500003
0 0.2733893890625 0.3113515578125 0.23845285624999998 0.23972105312499997 0.2359373125 0.240587225 0.1499712453125 0.323836409375 0.1849563703125 0.39460159375 0.2733893890625 0.3113515578125
0 0.28964028124999996 0.6065604859375 0.36154603750000003 0.5778307265625 0.3599186234375 0.5731043765625 0.2931005828125 0.4836569703125 0.273251059375 0.490491709375 0.2215777046875 0.509299271875 0.28964028124999996 0.6065604859375
0 0.2973832140625 0.69793404375 0.38542037812499996 0.6170372421875 0.3809614546875 0.6086512234375 0.34605000625 0.5463991046875 0.343089296875 0.547418559375 0.25663395 0.6264744296875 0.2973832140625 0.69793404375
1 0.448609159375 1 0.510526178125 0.976905359375 0.5074993531249999 0.9681148203125 0.440761778125 0.8547708625 0.3632375796875 0.8851169015625 0.43330068906249997 1 0.448609159375 1
0 0.4156184953125 0.9256521187500001 0.491679978125 0.8885769 0.48895343125 0.8806584359375 0.40699842343750003 0.77490915625 0.3310851328125 0.8135889093750001 0.4156184953125 0.9256521187500001
1 0.301552525 0.64523173125 0.276506890625 0.6595215890625 0.371919484375 0.7697045499999999 0.4411447796875 0.7322134250000001 0.44008421249999996 0.7291333109375 0.34510364843749997 0.6220751890625 0.301552525 0.64523173125
1 0.3337619578125 0.8409347671875 0.46109053437499997 0.775648378125 0.43557933125000003 0.6984131390625 0.4312045609375 0.699750640625 0.3135115890625 0.76941223125 0.3337619578125 0.8409347671875
0 0.22252859374999998 0.162174440625 0.24825371718749997 0.23620451406249998 0.37653793125 0.1467870578125 0.3733810140625 0.1370710671875 0.349348065625 0.067274315625 0.34892144062499997 0.067412934375 0.22252859374999998 0.162174440625
0 0.280276103125 0.048254179687499996 0.2695945859375 0.050524606250000006 0.2348939515625 0.0624729921875 0.2609201109375 0.177388775 0.344119475 0.1631466046875 0.3429769921875 0.15777164531250001 0.280276103125 0.048254179687499996
0 0.3757627609375 0.39691936875 0.33857227968750003 0.4055886453125 0.409188734375 0.5391475812500001 0.48378257187499996 0.5235564140625 0.48336126406249996 0.52138896875 0.42199885156250005 0.38793198125 0.3757627609375 0.39691936875
0 0.316410471875 0.1580938875 0.24266320000000002 0.1958987578125 0.35332606875 0.302960634375 0.41839274218750006 0.262995315625 0.416705028125 0.25809383750000003 0.41619152968749995 0.2570860390625 0.316410471875 0.1580938875
0 0.46455423281249997 0.44105790312500004 0.463040178125 0.43540737500000004 0.39100608124999997 0.3140453765625 0.31855362343750004 0.32781740937500004 0.3083385328125 0.331334746875 0.39159640156250003 0.4596620578125 0.46455423281249997 0.44105790312500004
1 0.44105121562500005 0.359152975 0.4401253484375 0.3559240875 0.35834405 0.23281627500000002 0.30661012187500003 0.2476507390625 0.28089185156249996 0.25650625 0.3691807640625 0.3812541546875 0.44105121562500005 0.359152975
0 0.5068014562500001 0.5821040875 0.44967939218749997 0.4630900578125 0.41257573281250004 0.47097668437499995 0.3700185609375 0.48244705625 0.3701871234375 0.48324008437500005 0.43813938124999996 0.6202866874999999 0.51370755625 0.602325103125 0.51230799375 0.5957406796875 0.5068014562500001 0.5821040875
0 0.5836713046875001 1 0.6056127734375 0.992444946875 0.6532724062499999 0.9691997890625 0.585630559375 0.8675351015625001 0.5099587765625 0.9017889328124999 0.5704337953125 1 0.5836713046875001 1
1 0.5586722859375 0.7916806234375 0.4924730828125 0.8124083046875 0.549202865625 0.931207925 0.629625859375 0.91146515625 0.6311138703125 0.9109527921874999 0.5752728765625 0.7869204796875 0.5586722859375 0.7916806234375
1 0.4384705875 0.6439878015625 0.49255500625000004 0.7647509593749999 0.5724731453125 0.75027906875 0.5708319828125 0.74183601875 0.5232485 0.626227903125 0.4384705875 0.6439878015625
1 0.5254917671875 0.8494293640624999 0.605113721875 0.828639121875 0.6043305812499999 0.8257164046875 0.5485201359375 0.7055925390625 0.49552992968750004 0.7184167312499999 0.49034745312499994 0.7198053718749999 0.46608495781250003 0.72815961875 0.5254917671875 0.8494293640624999
1 0.5475466609375 0.61110431875 0.5166632046874999 0.5421858359375 0.5051123359374999 0.54616311875 0.410985034375 0.6165700671875001 0.44391331718749993 0.693619175 0.5475466609375 0.61110431875
0 0.53413641875 0 0.4748298578125 0.0641282515625 0.50701285625 0.129036540625 0.6426942734375001 0 0.53413641875 0
0 0.72001053125 0.6730884484375 0.696021059375 0.6892695515625 0.8220159468749999 0.8278724093750001 0.9007418296875 0.7759678515624999 0.8999056046874999 0.773539278125 0.7717596906249999 0.6408122609375 0.72001053125 0.6730884484375
0 0.585502209375 0.0089193578125 0.508211815625 0.024187389062500002 0.585772684375 0.1963529296875 0.6584523156250001 0.1865556203125 0.6578525484375 0.18276883906250002 0.586080996875 0.0088276859375 0.585502209375 0.0089193578125
0 0.7314572046875 0.45223420000000003 0.6443469625 0.48567268906249994 0.7493306109375 0.64777364375 0.828076815625 0.6129263484374999 0.8262033109375 0.6074852984375 0.8249917484375 0.604329071875 0.7314572046875 0.45223420000000003
1 0.889551853125 0.7408343921875 0.7324055734375 0.8205123796875 0.7628415203125 0.9068542624999999 0.9312358359375 0.8273198984375 0.926099778125 0.8115127359375001 0.8980260828125 0.738080946875 0.889551853125 0.7408343921875
0 0.6194640140625001 0.2953435671875 0.7034223 0.276978675 0.70258725625 0.2733617078125 0.6141962859375 0.1064149546875 0.57946528125 0.1144332390625 0.5428146703125 0.12335315 0.5328279218749999 0.1267918640625 0.6194640140625001 0.2953435671875
0 0.6887571609375 0.37202321875 0.6527807859375 0.39196524843749997 0.609697878125 0.41710205624999996 0.610428209375 0.418419603125 0.7305918640625 0.5520813375 0.80709339375 0.5135916484374999 0.8051947953124999 0.5080777171874999 0.6887571609375 0.37202321875
1 0.6682806796875 0.5894450499999999 0.6693019890625 0.5912875421875 0.7868255765625001 0.72968050625 0.8697890203125 0.69087366875 0.8690722265625 0.6887919484375 0.7526526640625 0.5426768937500001 0.6682806796875 0.5894450499999999
0 0.7559210515625 0.3220853609375 0.6194352671875001 0.1974604375 0.5901589328125 0.21647271093749998 0.5404526 0.25141356406250004 0.682511625 0.3775920703125 0.7573867625 0.3260393921875 0.7561429203125 0.322427009375 0.7559210515625 0.3220853609375
1 0.7597148218750001 0.294406146875 0.7584076984375 0.294613175 0.588443928125 0.371393590625 0.602543109375 0.455349703125 0.6027760296875 0.4553128125 0.7509044140625 0.39617486875 0.769485828125 0.3883740640625 0.7603390390625 0.2962190046875 0.7597148218750001 0.294406146875
0 0.2638126890625 1 0.28452986875 0.99246674375 0.2834058546875 0.98920236875 0.23529145625 0.9067801328125 0.22503483281249997 0.9103117718749999 0.161247790625 0.9335283546875001 0.2016966734375 1 0.2638126890625 1
1 0.1439195328125 0.871076025 0.16193338125 0.9477992453124999 0.2535088234375 0.89870129375 0.235452721875 0.8265159421874999 0.1439195328125 0.871076025
0 0.22948382656250002 0.8212195515625 0.20946950625 0.7552784109374999 0.2089907578125 0.7538880234375 0.1956088015625 0.7584958 0.11958420781250001 0.8052261234375001 0.1404729171875 0.8716517218750001 0.14254257343750001 0.8776624390625001 0.22948382656250002 0.8212195515625
0 0.1554419796875 0.7993953109375 0.21920384531249998 0.759552475 0.21747726093750003 0.7545381078125 0.15157734843749998 0.6897657374999999 0.08086513749999999 0.7271732171874999 0.1554419796875 0.7993953109375
0 0.8570755218749999 0.0156437796875 0.8555552171875 0.01122849375 0.6847248859375 0.07778141250000001 0.693652396875 0.1697371640625 0.6940956765624999 0.17102454375 0.8656863359375 0.0975702046875 0.8570755218749999 0.0156437796875
0 0.874186896875 0.0977754171875 0.7145559796875001 0.172415540625 0.71705578125 0.1865926109375 0.732025521875 0.26422956875 0.9004919671874999 0.18313377343749998 0.8997413171875 0.178876621875 0.880644696875 0.096636734375 0.874186896875 0.0977754171875
0 0.692202128125 0 0.7607531125 0.09753486875 0.8459512328125 0.06972393906249999 0.8428332749999999 0.060668731249999996 0.798751275 0 0.692202128125 0
0 0.9289014124999999 0.2254666265625 0.92706895625 0.20452156718749998 0.9227375078125 0.1919421265625 0.750043103125 0.25679390625 0.7547134640625 0.345111003125 0.932957796875 0.2882955109375 0.9289014124999999 0.2254666265625
0 1 0.5856091578125 0.9766562499999999 0.536831215625 0.9079138109375 0.5578478890625 0.8824004015625 0.5666328609375 0.97455338125 0.7371921953125 1 0.72957145625 1 0.5856091578125
0 1 0.565457325 0.9511637937499999 0.44754249375 0.8743315562499999 0.46247716875 0.8593148390625001 0.4655147234375 0.8551184828125 0.4669596453125 0.855123053125 0.46698315937499996 0.9315693203125001 0.6439524 0.9911276203125 0.6323754375 1 0.6306139515625 1 0.565457325
0 0.8219602 0.3726148890625 0.894709171875 0.5513227703125 0.9901221421875 0.5344988875000001 0.9921920515625 0.5337861609375001 0.9914777609375 0.5297352265625 0.9174022265625 0.356800459375 0.84320711875 0.368424878125 0.8246007171875 0.3717056875 0.8219602 0.3726148890625
0 0.87761071875 0.459808046875 0.9706608125 0.4331263609375 0.9692836203124999 0.428323521875 0.8738388859375 0.2589441125 0.8414373765625 0.26823509687499997 0.8021037734375 0.2803000671875 0.784284609375 0.28643569687500003 0.87761071875 0.459808046875
0 1 0.677708075 0.9027880312500001 0.748344071875 0.95081535625 0.8334188359375 1 0.7995200015624999 1 0.677708075
0 0 0.439589759375 0.0537454046875 0.51619313125 0.12004462187500001 0.49077038906250003 0.11818749375 0.4853768953125 0.0552934671875 0.4002872953125 0.025442909375 0.41056566562499996 0.01772475625 0.41337484375000005 0 0.4204365109375 0 0.439589759375
0 0.1154700890625 0.623984178125 0.0675169015625 0.64239168125 0.1211045734375 0.7221695140625 0.187272259375 0.6956122265625 0.185126428125 0.68938028125 0.1312904 0.6182351265625 0.1154700890625 0.623984178125
0 0 0.3983382265625 0.05501855 0.4356737203125 0.10526631875 0.40465735625 0.1037013671875 0.40011241093749994 0.0211720203125 0.33004045625 0 0.3443211640625 0 0.3983382265625
0 0.044663698437499996 0.5913881765625 0.1368187796875 0.536680328125 0.11620856093750001 0.4684338140625 0.1095767140625 0.4700873203125 0.0282768703125 0.51794925625 0.044663698437499996 0.5913881765625
0 0.12181458437499999 0.532720275 0.054386585937499995 0.6022738421875 0.08652874375 0.6624062984375 0.0896128578125 0.6677481421875 0.0909278875 0.6672953406250001 0.1575983203125 0.5942801390625 0.1283081625 0.5410203734375 0.123233934375 0.532231553125 0.12181458437499999 0.532720275
0 0 0.30206692031250004 0.00698986875 0.30716810781250004 0.064713140625 0.2724844671875 0.06298539375 0.2674667296875 0 0.2220936515625 0 0.30206692031250004
0 0 0.3583612203125 0.0170013171875 0.37866641875 0.0845875671875 0.3494012046875 0.0844211203125 0.34891780781250004 0.019861 0.28360634687499997 0.002376325 0.26651057031250003 0 0.26742275625 0 0.3583612203125