0 0.34645409531250004 0 0.365856515625 0.1027577390625 0.370236115625 0.1077958921875 0.4264317453125 0.076671628125 0.413989603125 0 0.34645409531250004 0
1 0.484756578125 0.12403103124999999 0.4349551421875 0.01641895625 0.3854408265625 0.062427803125 0.4348084046875 0.1704338984375 0.484756578125 0.12403103124999999
1 0.6083387890624999 0.36022721406249997 0.6531394500000001 0.298170965625 0.5790352375000001 0.20769977343749998 0.5764145890625 0.20997786875000002 0.5758006906250001 0.210888009375 0.5368221046875 0.272127053125 0.6072392421874999 0.3594855609375 0.6083387890624999 0.36022721406249997
0 0.493723959375 0.188953315625 0.5180674484375001 0.2939811921875 0.5190073296875 0.2956091140625 0.521096115625 0.2980119875 0.5851705375 0.26090377343750004 0.5603563015625 0.14645858125 0.537529371875 0.1596377171875 0.493723959375 0.188953315625
0 0.4918372625 0.0775641640625 0.45547642968749996 0.10807452656250001 0.43147262187499996 0.12894071875 0.47376207499999995 0.2340338203125 0.479108684375 0.240184390625 0.539103484375 0.19039620625 0.4918372625 0.0775641640625
0 0.571278025 0.3200299890625 0.5684074078125 0.32252537812500004 0.603682378125 0.39110136406249996 0.718858953125 0.3623504609375 0.6820767562500001 0.2959936234375 0.571278025 0.3200299890625
0 0.641039934375 0.3712738875 0.679423478125 0.4801467828125 0.6820471203125 0.48316493749999995 0.7502995593749999 0.4400068640625 0.710019209375 0.3266348859375 0.6512477546875 0.364388625 0.641039934375 0.3712738875
1 0.909816203125 0.7444760484375 0.9128464375 0.7477255781250001 0.9165454078125 0.7445101125 0.9713405156249999 0.6924299796875 0.89586055625 0.574507184375 0.8346013453125 0.6308826437499999 0.909816203125 0.7444760484375
1 0.8701518078125 0.685463478125 0.8705828062500001 0.6850888171875 0.9201779531250001 0.61813408125 0.826193178125 0.51457251875 0.8200424484375001 0.5199192671875 0.7917191703124999 0.557505528125 0.7730238171875 0.58325038125 0.8637491031250001 0.6806386953125 0.8701518078125 0.685463478125
1 0.6525120656250001 0.47891663281249996 0.649587903125 0.4815495625 0.6898545171875 0.527871003125 0.7016100749999999 0.540926871875 0.8281686625000001 0.4704587171875 0.77783670625 0.411094528125 0.6525120656250001 0.47891663281249996
1 0.7867446328125001 0.4476936125 0.752006809375 0.47554510624999996 0.7231883 0.5005966546875 0.789789071875 0.6166344578125 0.794781653125 0.6223777640625 0.8495899687499999 0.5744111640625 0.7867446328125001 0.4476936125
0 0.251196675 0.09114140468750001 0.27587951875 0.24456052499999997 0.278580965625 0.24766818281249997 0.3511713453125 0.20837857187500003 0.3209520734375 0.054669096875 0.2969727390625 0.0668018390625 0.251196675 0.09114140468750001
0 0.3064983640625 0.03543558125 0.2745656046875 0.051175396875 0.22532528125 0.07626459375 0.1732578265625 0.121526140625 0.1834839453125 0.137392753125 0.3475536953125 0.11079568437500001 0.348367725 0.11008805937499999 0.3064983640625 0.03543558125
0 0.5427513859374999 0.3356567703125 0.42382004218749997 0.4224889296875 0.4217602328125 0.42522238437500004 0.4747884125 0.46835042031249996 0.48728709062500003 0.47776885 0.603615003125 0.3825303890625 0.5583091140625001 0.347380359375 0.5427513859374999 0.3356567703125
0 0.3834145875 0.15493152968749999 0.2574676984375 0.24005166562500002 0.2606754828125 0.2437418 0.322806215625 0.290560665625 0.44166619531249995 0.208035096875 0.44232559218749995 0.20716004687499998 0.3834145875 0.15493152968749999
0 0.367554603125 0.35198374062500004 0.36415182343749997 0.3556327765625 0.3728778484375 0.36567092031250004 0.41798217812500005 0.4077313875 0.552812471875 0.332917509375 0.4864762296875 0.2796530625 0.367554603125 0.35198374062500004
0 0.4609919109375 0.3293762046875 0.40177147812499997 0.187884853125 0.362857028125 0.22171266875 0.34085203124999996 0.24152605624999998 0.40191589375000003 0.37611773125000003 0.4041635109375 0.37861396406250003 0.4609919109375 0.3293762046875
0 0.6234257828125 0.4160866578125 0.6223012171875 0.41397165625000004 0.49252955 0.4471967890625 0.48443544374999997 0.44982841718750005 0.476884565625 0.45384329062499995 0.4735302671875 0.4567591375 0.5050271875 0.5195758734375 0.5075429359375 0.5243073078125 0.6568800734375 0.48810639843750003 0.6234257828125 0.4160866578125
0 0.7641482921875 0.8205393687500001 0.769451371875 0.8261636640625 0.8155199609375 0.8738690828125 0.9290401156250001 0.7839693953125 0.9283891453124999 0.783220540625 0.8697109078124999 0.725849753125 0.7588397265625 0.8074790421875001 0.755553653125 0.8106523671874999 0.7641482921875 0.8205393687500001
1 0.7772550703125 0.8165638281250001 0.8475031640624999 0.76807739375 0.784856334375 0.64906631875 0.7842329328125001 0.6483491765625 0.7608678359375001 0.6653249140625 0.7175568484375 0.6994163578125 0.7740798921875001 0.8129112031249999 0.7772550703125 0.8165638281250001
0 0.6535611375 0.6790335265625 0.660970371875 0.6875568765625 0.7255049890625 0.6411227390625001 0.6762054359375 0.518328525 0.6045383484375 0.566975590625 0.6535611375 0.6790335265625
1 0.73641025 0.597181209375 0.6405803171875 0.6926805468749999 0.643075396875 0.6955508078125 0.684761425 0.7236683890625 0.7113553078125 0.7406789015624999 0.8053667375 0.643054578125 0.73641025 0.597181209375
0 0.534650334375 0.52163724375 0.5289276140625 0.526611928125 0.570168446875 0.5956304265625 0.6943680359375 0.5571756375 0.6548592421875 0.48836243437500004 0.534650334375 0.52163724375
0 0 0.3785707 0.000668475 0.3794907765625 0.17383440625 0.3114955453125 0.175194365625 0.3103133515625 0.1303628453125 0.2542076125 0 0.295969728125 0 0.3785707
0 0.44626130937499997 0.8879604453125 0.44260600937500005 0.8912516921875 0.474043003125 0.9274158171875 0.5025921734375001 0.9569298046875 0.6611874546875 0.8578051906249999 0.5966095499999999 0.7875842296875 0.44626130937499997 0.8879604453125
0 0.10341773437499999 0.4820070515625 0.1037397296875 0.48237746562500006 0.1745775234375 0.448094090625 0.1265074734375 0.263259278125 0.1261330328125 0.262828534375 0.10425453437500001 0.2744615390625 0.0614700796875 0.2984933796875 0.1026722234375 0.4806049484375 0.10341773437499999 0.4820070515625
0 0.3201593875 0.7350057062500001 0.313782875 0.7405487234375 0.36985615 0.812319240625 0.5363431296875001 0.725985475 0.4857029296875 0.6540101125 0.3201593875 0.7350057062500001
1 0.6847823734375 1 0.69849284375 0.9858023921875001 0.5905208640625 0.84310821875 0.526654340625 0.90282675 0.5203023828125 0.90940439375 0.5929302890625 1 0.6847823734375 1
0 0.10703841249999999 0.3954611484375 0.1876444609375 0.5622273 0.19102429375000002 0.566115353125 0.25493804062500003 0.5137625578125 0.1730532390625 0.3389631515625 0.1626510375 0.3476916359375 0.10703841249999999 0.3954611484375
0 0.47367094375 0.6719514609374999 0.43919839375 0.611608871875 0.428284525 0.5934451468749999 0.2557611359375 0.6543442875000001 0.25422596875000003 0.6556787875000001 0.25976201250000003 0.6648923140624999 0.30160474531250003 0.7286112375 0.47255631718749996 0.6729203906250001 0.47367094375 0.6719514609374999
1 0.5326197078125 0.7159648734374999 0.37602890312500004 0.8194267828124999 0.38805808750000004 0.833264778125 0.44186749374999995 0.8835628 0.5979884890625 0.7872834296875 0.5982297703125 0.7870584328125 0.5326197078125 0.7159648734374999
0 0.3059112484375 0.45195169999999996 0.13257170468749999 0.5129912890625 0.12769415 0.5172312828125001 0.16067150624999998 0.5690912 0.17699707343749999 0.593294846875 0.3562951765625 0.53291304375 0.3059112484375 0.45195169999999996
1 0.231579978125 0.5373949296875 0.2382162453125 0.556423371875 0.2913667109375 0.7005992640625001 0.2953070265625 0.705132078125 0.36533960468750004 0.660573128125 0.3082176203125 0.481468959375 0.3031570171875 0.484755353125 0.231579978125 0.5373949296875
1 1 0.368166059375 0.997983965625 0.3634263140625 0.9722329515625001 0.38079559218750003 0.9367915890624999 0.4055717890625 0.9715470796875 0.4970560546875 0.97539290625 0.5014801734375001 1 0.4837415625 1 0.368166059375
0 1 0.37749849062499996 0.9592214453125001 0.3273491359375 0.8687802078125 0.36575420937500003 0.864949215625 0.3690844390625 0.871674 0.37800853125 0.9110255125 0.42740345937499996 1 0.3870015484375 1 0.37749849062499996
0 0.8654173015625 0.38449429375 0.8687549078125001 0.3883337703125 0.93169164375 0.34240466875000003 0.9007942078125 0.25009207031249997 0.8349666250000001 0.2912257109375 0.8654173015625 0.38449429375
0 0 0.5802141921875 0.12239401406249999 0.5408582546875 0.0679767796875 0.46444073750000003 0 0.48879984375 0 0.5802141921875
0 0.0337216328125 0.524066628125 0.010654348437499999 0.5358199953125 0.0468436765625 0.717013371875 0.047508256250000006 0.7177778828125 0.130930321875 0.676934525 0.09342388125 0.4995702421875 0.09259524375 0.4979439484375 0.0337216328125 0.524066628125
0 0.10913245625000001 0.7862867687499999 0.11379701874999999 0.7916527359375001 0.196175278125 0.7454129203125001 0.14674593593750002 0.5649807078125 0.0701333265625 0.609164753125 0.10913245625000001 0.7862867687499999
0 0.4460673296875 1 0.4997520546875 0.9733208421875 0.44801688593750005 0.9003286453125 0.2777156234375 0.974794121875 0.2711405453125 0.9805097500000001 0.2847877640625 1 0.4460673296875 1
0 0.396320371875 0.8472890328125 0.3872345203125 0.8321676359374999 0.2078663375 0.8926602156250001 0.2046798640625 0.8954301765625001 0.254383378125 0.9781507171875001 0.4345244609375 0.914351028125 0.43579602343749996 0.9135869968750001 0.396320371875 0.8472890328125
0 0.3233757046875 0.757110540625 0.1457803890625 0.8108974906249999 0.142895271875 0.8124967375000001 0.139532 0.8154203843750001 0.1440388703125 0.8235509921874999 0.186670328125 0.8971069890625 0.3718991328125 0.8446491203125 0.3233757046875 0.757110540625
0 0.1876102640625 0.867038578125 0.19215063593749998 0.8722616796875 0.2663797203125 0.8184351015625 0.186727175 0.6361079562499999 0.1084879125 0.6950654703125 0.1876102640625 0.867038578125
0 0.6380376609375 0.059171796875 0.6668257125 0.15992422343749998 0.6685378203125001 0.1627736484375 0.670494409375 0.165024446875 0.7293587546875 0.13202195781249998 0.7008749 0.0221206421875 0.6702569890625 0.0398124734375 0.6380376609375 0.059171796875
0 0.8424428374999999 0.32860928437500003 0.8438395390625001 0.32739514999999997 0.8810324125 0.274220928125 0.8224812968749999 0.1989679578125 0.8200785640625 0.201056621875 0.7982039125 0.23022407031249997 0.7783475328125 0.257554034375 0.8367391124999999 0.3244652828125 0.8424428374999999 0.32860928437500003
0 0.6007099390625 0 0.598755303125 0.001489803125 0.6246669125000001 0.11230594218750001 0.6263762890625 0.11427235468750001 0.685397440625 0.0713842078125 0.6603527578125 0 0.6007099390625 0
0 0.6645586015625 0.15184377031250001 0.71335670625 0.2038160015625 0.8068126328125 0.15136128437500002 0.7514060765624999 0.10045041406249999 0.669306503125 0.1469271765625 0.6645586015625 0.15184377031250001
0 0.7358711828125 0.1859387671875 0.7686194953125 0.27075950937500004 0.773465040625 0.276333671875 0.8277546953125 0.23362504999999997 0.7950356734375 0.1407107828125 0.7481188796875 0.1760651234375 0.7358711828125 0.1859387671875
0 0.52291094375 0 0.52546105625 0.0029459515624999997 0.545768878125 0.026307426562500003 0.5509026890625 0.0320091 0.575505671875 0.02431989375 0.6489069890625 0 0.52291094375 0