0 1 0.433701503125 0.9381866484374999 0.41977971875 0.9019703921875 0.4790771125 0.9061779984375 0.48150637500000004 1 0.5001134328125 1 0.433701503125
0 0.8740633828125001 0.4842458734375 0.93715539375 0.5058450375 0.9380452265624999 0.503748725 0.9397365453125 0.38757316875000003 0.875232871875 0.36549779375 0.8740633828125001 0.4842458734375
0 0.7278140140625 0.3743861640625 0.740021125 0.29879244374999997 0.7388314625 0.2985611984375 0.627149403125 0.3105532078125 0.6114088828125 0.3814177734375 0.6105800359375 0.385681821875 0.6112733234375 0.3859761046875 0.7278140140625 0.3743861640625
0 0.7232262671874999 0.30205599843750003 0.71268465 0.41714059218750005 0.782330965625 0.44670370000000004 0.7830189546875 0.4450828953125 0.794369809375 0.3379797171875 0.7232262671874999 0.30205599843750003
0 0.8696036875 0.3620151875 0.79406626875 0.3334894015625 0.794048278125 0.333536265625 0.787895940625 0.4541582046875 0.8030567281250001 0.460593578125 0.8604435171875 0.48262230156249997 0.86197834375 0.4790064765625 0.8696036875 0.3620151875
0 0.5721423015625 0.246066203125 0.5713766828125 0.24786988906250002 0.56687489375 0.36296386406250003 0.637770603125 0.38737521406250003 0.6388016265625 0.38494627656249997 0.6469246953125001 0.2692451859375 0.5721423015625 0.246066203125
0 0.48093678124999995 0.24163754843750002 0.4563743109375 0.31852793749999997 0.460282434375 0.3201868375 0.575888878125 0.3294066875 0.6003602031249999 0.2508692234375 0.48093678124999995 0.24163754843750002
1 0.1694874015625 0.11299615781250001 0.1374398296875 0.1865431578125 0.1432091390625 0.18899208437499998 0.27408721406250003 0.220437721875 0.274286925 0.21996723281250002 0.30611425 0.143592146875 0.1694874015625 0.11299615781250001
0 0.3841938609375 0.1809829625 0.24842567031249999 0.144033090625 0.216498434375 0.20814858281249998 0.2117032453125 0.2194453421875 0.21835181406249998 0.22268806406250002 0.3463138546875 0.25931151875 0.36076517343750003 0.23096591718749998 0.37782163125 0.195994996875 0.3841938609375 0.1809829625
1 0.36735397187499996 0.2909256734375 0.503737890625 0.3152418859375 0.53504005625 0.24149860625000003 0.3920192734375 0.21776785625 0.36405273125000004 0.2895243796875 0.36735397187499996 0.2909256734375
1 0.37160470624999997 0.14647359843750002 0.313737875 0.27734112187500004 0.3821695140625 0.321309453125 0.3847276296875 0.31751688906250003 0.43235278906249996 0.18931307656250002 0.37160470624999997 0.14647359843750002
0 0.9399724734375001 0.5221994890625 0.8694348953125 0.4880427328125 0.84195195 0.641981059375 0.8991692718750001 0.6711347421875 0.9174459921875 0.6788927484375 0.9176057375 0.6785792328125 0.9399724734375001 0.5221994890625
0 0.8828019203125 0.6720213968750001 0.9199274796875001 0.686485740625 0.958398784375 0.699732471875 0.96344490625 0.6878445531249999 0.9666465546874999 0.5360144499999999 0.9330586828125 0.5204932484375 0.9255449203125 0.5423147984375001 0.8828019203125 0.6720213968750001
0 0.525082234375 0.41188678906250004 0.5012737609375 0.4903560515625 0.50851654375 0.4934304296875 0.6497577734375 0.49869171874999996 0.6748562421875001 0.42580047343749994 0.525082234375 0.41188678906250004
0 0.7634189703125001 0.4764673046875 0.763172496875 0.4775349015625 0.776355965625 0.62163334375 0.85639809375 0.6401125249999999 0.8569937812499999 0.6387091734375 0.8412955999999999 0.48802390781250005 0.7634189703125001 0.4764673046875
0 0.7036201906249999 0.43072222968749996 0.6331647078125 0.39980247812499997 0.6144347890625 0.5458331796875 0.6824047 0.580821078125 0.6871948031249999 0.58285435625 0.691040696875 0.573793996875 0.7036201906249999 0.43072222968749996
0 0.6522444484375 0.5697162484375 0.6552683515625 0.57099981875 0.8041576046875001 0.5545924921875 0.8213254781250001 0.48023026875 0.8204894078124999 0.47987537812500003 0.669552740625 0.492009746875 0.6522444484375 0.5697162484375
0 0.434067809375 0.44883697343750006 0.5600663124999999 0.4882279125 0.579603034375 0.455713346875 0.60023805625 0.4167662265625 0.5995431140624999 0.4163486609375 0.45297024375 0.37258023906250004 0.4145691453125 0.440097075 0.42033918750000004 0.44356406562500006 0.434067809375 0.44883697343750006
0 0.1957851796875 0.24112018124999998 0.0777062984375 0.21520928125 0.063779703125 0.24801828593750003 0.048093628124999996 0.296295059375 0.0528676859375 0.2983215265625 0.1678592875 0.3193486171875 0.1957851796875 0.24112018124999998
1 0.12728762656249998 0.3434902515625 0.143884928125 0.353861396875 0.2010254828125 0.3876732078125 0.203178625 0.3842274578125 0.25193574218750003 0.26636821093749996 0.1828249015625 0.21938748281249998 0.182067046875 0.21906579218750002 0.12728762656249998 0.3434902515625
1 0.2645398390625 0.3774476890625 0.27140896406250004 0.382623946875 0.38412731093749997 0.4366979546875 0.43307680312499997 0.369739396875 0.4344801359375 0.366433353125 0.31424700625 0.31321730468750003 0.2645398390625 0.3774476890625
1 0.3410925546875 0.3332532765625 0.3481367734375 0.3027414125 0.21134903437500002 0.29820130312500004 0.192773153125 0.3763796921875 0.19932935000000002 0.379162634375 0.32753825000000003 0.386061446875 0.3410925546875 0.3332532765625
0 0.3425574171875 0.41327299375 0.3455257953125 0.415509828125 0.46063863437499997 0.467252325 0.506922965625 0.40771115937499997 0.5100784171875 0.4002773796875 0.38965178906250003 0.35046268125 0.3425574171875 0.41327299375
0 0.7050682734375 0.8585014453125 0.8629079953125001 0.912120790625 0.8751297984375 0.8959019093749999 0.8949442328125 0.8492220296875 0.751477115625 0.7899780375 0.7479564046875 0.7946501796875001 0.70283970625 0.8568220999999999 0.7050682734375 0.8585014453125
0 0.1594666734375 0.6698305953125 0.1816864890625 0.489022553125 0.096523734375 0.459618803125 0.067940734375 0.6457997640625 0.0994904390625 0.6558096421874999 0.15806588593749998 0.6737179515625 0.15882480937500001 0.6719300406250001 0.1594666734375 0.6698305953125
0 0.7439764421875 0.9320118046875001 0.802725990625 0.7572189687499999 0.733873278125 0.717745790625 0.679458453125 0.8985652828124999 0.6957264249999999 0.9092605859375 0.7367238375 0.9348786109375 0.7410401875 0.93671079375 0.7439764421875 0.9320118046875001
0 0.19987571875000001 0.679453734375 0.20868667031250002 0.681814621875 0.38671223125 0.695542709375 0.4108620421875 0.6054143921875 0.218011775 0.5950673953125001 0.19987571875000001 0.679453734375
1 0 0.5655487328125 0.10535245468750001 0.6041305984374999 0.131945046875 0.5561562921875 0.148126084375 0.5251813765625 0.1488825265625 0.5233993078125 0 0.46409710937500004 0 0.5655487328125
0 0.6098310140625001 0.6787998546875 0.5938995421875 0.8686539281250001 0.6026119750000001 0.8717668359375 0.673079915625 0.8960308937500001 0.67647241875 0.8880386578125 0.6895803078125 0.7052075609374999 0.6098310140625001 0.6787998546875
0 0.43002438125 0.5997488843750001 0.35074561718749997 0.5780726046875 0.34528345625 0.576811565625 0.3406261171875 0.761753953125 0.371866178125 0.768966290625 0.428374690625 0.780708234375 0.4298880234375 0.777143046875 0.43002438125 0.5997488843750001
1 0.2269139015625 0.71442399375 0.283714709375 0.5462461828125 0.20709293906249998 0.49469679843750003 0.140892065625 0.6721996015625 0.1715378765625 0.6898929703125 0.217953153125 0.7163709578125 0.224247309375 0.71904266875 0.2269139015625 0.71442399375
0 0.6400440374999999 0.795168596875 0.6721366765625 0.7446999796875 0.49260905 0.6814813234375 0.442867046875 0.761411165625 0.44656124375 0.763902934375 0.6214145906249999 0.8227878875 0.6400440374999999 0.795168596875
1 0.5190454546875001 0.6620853359375001 0.5191251140625 0.6419330359375001 0.4287070421875 0.6137160374999999 0.4284702125 0.6146659046875 0.43275579999999997 0.8019481828125 0.5145847828125001 0.8215437109374999 0.5156584750000001 0.8190142484375 0.5190454546875001 0.6620853359375001
0 0.30279751718750003 0 0.301262353125 0.0238758390625 0.3746386984375 0.043536971875000004 0.3757604484375 0.040894296875 0.3791409234375 0 0.30279751718750003 0
1 0.3795176796875 0 0.3657766421875 0.0477874859375 0.431564215625 0.0839348484375 0.43473265625 0.085279771875 0.4351705109375 0.08442043125000001 0.455909475 0 0.3795176796875 0
0 0.4273348828125 0.08860225625 0.528220859375 0.0797902078125 0.5397018109375 0.0213577609375 0.541877309375 0.007622203125 0.43869371562500004 0.0140741 0.42494998125 0.08791702500000001 0.426105603125 0.08840755781250001 0.4273348828125 0.08860225625
0 0.5121918890625 0.019400478125000002 0.5117992640625 0.020325445312500003 0.5170275265625001 0.1228606203125 0.5911639937500001 0.1372712890625 0.593014490625 0.13291179375 0.5889734296875 0.040147495312499996 0.5121918890625 0.019400478125000002
0 0.7053258265625 1 0.7205424093749999 0.928411596875 0.5361525984375 0.9389954609375 0.5226786703124999 1 0.7053258265625 1
0 0.5735618375 1 0.5790532546875 0.8629731171874999 0.5770041609375001 0.8623073265625001 0.491675403125 0.8395596640624999 0.483435040625 1 0.5735618375 1
0 0.7580597890624999 1 0.7771437078125001 0.9502789453125 0.7058303421875001 0.8992017953125 0.7056737281250001 0.899402253125 0.6652355625 1 0.7580597890624999 1
0 0.370250259375 0.8494447359375 0.334256671875 0.9371801203125001 0.34356328281250004 0.9411305421874999 0.5208435046875 0.9579427140625001 0.555361478125 0.8765164828125 0.370250259375 0.8494447359375
0 0 0.7986176140625 0.167409290625 0.80627146875 0.1890531421875 0.7194627171875 0 0.701506921875 0 0.7986176140625
0 0.1457708484375 0.6826886765625 0.1452260203125 0.6839722140625 0.109824409375 0.8724681625 0.1971560359375 0.9095382390625 0.197727409375 0.9081921671875 0.23590253906249997 0.72059514375 0.185164984375 0.6990583296875 0.1457708484375 0.6826886765625
0 0.325014915625 0.762326978125 0.237956984375 0.7196859359375 0.19506122343750001 0.907738821875 0.25739647187500003 0.936806225 0.28528241875 0.9486431062499999 0.286672890625 0.9456612328125 0.325014915625 0.762326978125
0 0.35499987499999996 0.9816312875 0.37598665468750003 0.9905396468750001 0.419354121875 0.798204415625 0.33054468593749997 0.756791896875 0.29029472031250003 0.9528938171875 0.35499987499999996 0.9816312875
0 0 0.7778006546875 0.0526925515625 0.8012577578125001 0.0657424296875 0.7803735890625 0.10292728124999999 0.7173819 0 0.6684538828125001 0 0.7778006546875
0 0.87107214375 0.157872196875 0.8040848609375001 0.129409565625 0.789364475 0.2407711109375 0.7957849953125 0.2436297109375 0.8521806468750001 0.2675682453125 0.8546910828125001 0.2619297140625 0.87107214375 0.157872196875
0 0.6583044546875 0.1510515578125 0.6690591921875 0.11981752812499999 0.6814303484375 0.082037790625 0.5855106015625 0.077203953125 0.562756278125 0.139622575 0.5661533999999999 0.14106456875 0.56975843125 0.1423058796875 0.658006734375 0.151752940625 0.6583044546875 0.1510515578125
0 0.8815881624999999 0.1538594390625 0.8477254703125 0.2623592984375 0.8512842015625001 0.26476008281249996 0.8998090781249999 0.2962725046875 0.9099569687500001 0.30058002968749997 0.93187555 0.18948370625 0.8815881624999999 0.1538594390625
0 0.726547134375 0.1256232109375 0.6911339234375 0.188998446875 0.6931334328125 0.190247878125 0.7884726718749999 0.2167134203125 0.797615121875 0.20285939531250002 0.8239389859375 0.160732409375 0.827155384375 0.1531550484375 0.726547134375 0.1256232109375
0 0.6606627421875 0.0976988234375 0.6220377234375001 0.1598141390625 0.62738719375 0.16290265625 0.719191359375 0.1830859546875 0.7337366953125 0.1590606578125 0.75013685 0.1306547546875 0.7541500328125 0.121200290625 0.6606627421875 0.0976988234375
0 0.9720925578124999 0.3342951765625 0.97375288125 0.3320099359375 0.9928358015625 0.244718115625 0.9979193984375 0.219405221875 0.9906256000000001 0.2141059671875 0.9457107859375 0.182795628125 0.9116319296875 0.2938399984375 0.91651145 0.2973851765625 0.9720925578124999 0.3342951765625