0 0.62734375 0.24296875 0.1203125 0.1765625
0 0.45703125 0.2875 0.1078125 0.146875
0 0.5375 0.26953125 0.1125 0.1546875
0 0.36796875 0.3140625 0.1265625 0.159375
0 0.11484375 0.3796875 0.1296875 0.16875
0 0.88203125 0.18984375 0.1171875 0.1734375
0 0.7203125 0.23046875 0.121875 0.1765625
1 0.2953125 0.33828125 0.11875 0.1640625
0 0.80234375 0.2125 0.1171875 0.171875
1 0.209375 0.36640625 0.11875 0.1703125
1 0.04375 0.415625 0.0875 0.153125
0 0.5375 0.42109375 0.11875 0.1765625
0 0.4421875 0.44765625 0.125 0.1640625
1 0.265625 0.4953125 0.115625 0.146875
0 0.628125 0.4046875 0.128125 0.178125
0 0.8046875 0.36328125 0.125 0.1796875
1 0.17734375 0.5203125 0.1234375 0.1625
1 0.353125 0.4765625 0.11875 0.15625
0 0.89765625 0.34140625 0.1296875 0.1890625
1 0.71328125 0.390625 0.1328125 0.165625
0 0.02890625 0.56640625 0.0578125 0.1453125
1 0.09140625 0.5515625 0.1265625 0.159375
0 0.02890625 0.1640625 0.0578125 0.125
0 0.78984375 0.0171875 0.1046875 0.034375
0 0.3375 0.08671875 0.103125 0.1328125
0 0.25546875 0.10703125 0.1046875 0.1328125
0 0.89609375 0.65390625 0.1296875 0.1953125
0 0.96328125 0.63671875 0.0734375 0.1828125
0 0.79765625 0.6890625 0.1328125 0.1875
1 0.0953125 0.15 0.1125 0.140625
0 0.41640625 0.07109375 0.1015625 0.1390625
0 0.65 0.03984375 0.1 0.0796875
0 0.175 0.13203125 0.109375 0.1421875
0 0.70078125 0.71796875 0.1421875 0.1953125
1 0.1234375 0.86875 0.13125 0.203125
1 0.6125 0.75234375 0.14375 0.1828125
1 0.31953125 0.82578125 0.1390625 0.1921875
0 0.21953125 0.8546875 0.1453125 0.190625
0 0.415625 0.80859375 0.15 0.1984375
0 0.52109375 0.7875 0.1328125 0.196875
0 0.4921875 0.06015625 0.109375 0.1203125
0 0.57265625 0.05 0.1046875 0.1
1 0.7203125 0.03203125 0.109375 0.0640625
0 0.90546875 0.84296875 0.1234375 0.1578125
0 0.96796875 0.81796875 0.0640625 0.1609375
0 0.60078125 0.91953125 0.1296875 0.1578125
0 0.80703125 0.86796875 0.1296875 0.1578125
0 0.3875 0.94765625 0.1375 0.1046875
0 0.496875 0.934375 0.1375 0.13125
0 0.70703125 0.896875 0.1359375 0.153125
0 0.2859375 0.9640625 0.128125 0.071875
0 0.178125 0.9765625 0.140625 0.046875