0 0.32734375 0.27578125 0.1046875 0.1609375
0 0.48984375 0.28828125 0.1078125 0.1078125
0 0.41484375 0.28515625 0.0953125 0.1390625
0 0.57421875 0.2984375 0.1015625 0.1375
0 0.81484375 0.31796875 0.1296875 0.1296875
0 0.0875 0.2671875 0.1234375 0.1234375
0 0.2421875 0.27890625 0.1015625 0.159375
1 0.6453125 0.30859375 0.09375 0.1453125
0 0.16484375 0.27578125 0.1234375 0.1234375
1 0.728125 0.3203125 0.0921875 0.15
1 0.9015625 0.3375 0.1109375 0.1109375
0 0.4390625 0.42265625 0.096875 0.1578125
0 0.5296875 0.43125 0.11875 0.1171875
1 0.696875 0.4453125 0.1171875 0.115625
0 0.35390625 0.42265625 0.134375 0.134375
0 0.1875 0.41171875 0.0921875 0.153125
1 0.78203125 0.4546875 0.096875 0.140625
1 0.6140625 0.44296875 0.1 0.1375
0 0.0984375 0.4078125 0.0984375 0.1671875
1 0.27421875 0.4234375 0.1125 0.146875
0 0.95078125 0.471875 0.0984375 0.1375
1 0.86484375 0.46875 0.10625 0.140625
0 0.87890625 0.09140625 0.0859375 0.1359375
0 0.95546875 0.0984375 0.08125 0.140625
0 0.13828125 0.05625 0.0921875 0.1125
0 0.5671875 0.07421875 0.1171875 0.115625
0 0.6453125 0.08046875 0.090625 0.146875
0 0.15 0.6890625 0.1359375 0.1359375
0 0.06015625 0.6890625 0.1046875 0.1609375
1 0.246875 0.7046875 0.1046875 0.165625
1 0.796875 0.0921875 0.1203125 0.1203125
0 0.49296875 0.071875 0.115625 0.115625
0 0.271875 0.06640625 0.084375 0.1328125
0 0.721875 0.08984375 0.096875 0.15625
0 0.3375 0.715625 0.1140625 0.1703125
1 0.89375 0.7625 0.153125 0.15625
1 0.42421875 0.7328125 0.1375 0.1375
1 0.7015625 0.75390625 0.115625 0.171875
0 0.796875 0.7640625 0.1421875 0.1421875
0 0.61171875 0.75234375 0.1546875 0.1546875
0 0.5125 0.75078125 0.14375 0.14375
0 0.41875 0.0703125 0.11875 0.11875
0 0.34375 0.06640625 0.1203125 0.1234375
1 0.20390625 0.05859375 0.1125 0.1125
0 0.16953125 0.88671875 0.1140625 0.1890625
0 0.0765625 0.88046875 0.153125 0.1578125
0 0.45859375 0.9078125 0.1171875 0.184375
0 0.2640625 0.89453125 0.11875 0.1859375
0 0.66171875 0.91640625 0.1171875 0.1671875
0 0.55625 0.9171875 0.1484375 0.1484375
0 0.3578125 0.90546875 0.1171875 0.178125
0 0.75859375 0.9203125 0.1234375 0.159375
0 0.859375 0.93203125 0.153125 0.1359375