0 0.7972736625 0.835244553125 0.72791466875 0.8311059375 0.727745109375 0.835961503125 0.7601366421875 0.94336605625 0.8235401421875 0.9466668374999999 0.824414996875 0.9466973875000001 0.8276546828125 0.9462420796875 0.7972736625 0.835244553125
0 0.7062121328125001 0.8116384265625 0.719212315625 0.8778563140625 0.7209990515625 0.8776052046875 0.8227697328125 0.8201767046875 0.80975513125 0.753850978125 0.7062121328125001 0.8116384265625
0 0.7621981109375 0.5045754687499999 0.76066104375 0.5001115046875 0.6649041125 0.568867584375 0.6914921875 0.6387623640625 0.6958723796874999 0.63814676875 0.783998703125 0.573816240625 0.7621981109375 0.5045754687499999
0 0.7791761453125 0.6972731234375 0.8045133390625001 0.6900077984374999 0.7394257734374999 0.592657621875 0.6689018453125 0.6127775671875 0.669797846875 0.6191529515624999 0.7276584703125 0.7084197750000001 0.7791761453125 0.6972731234375
0 0.7976626265625 0.6688351578125 0.7976128 0.668841275 0.6876739578125 0.72029395625 0.6911726609375 0.748788609375 0.6981489328125 0.7984273625 0.8079385234375 0.7489227859375001 0.7976626265625 0.6688351578125
0 0.7745439875 0.497388925 0.7440121234375 0.4246820875 0.7439750093749999 0.42468730312499997 0.7435540359374999 0.42484890000000003 0.6512962953125 0.4963084234375 0.67822778125 0.5664673421875001 0.6796935609375 0.566261340625 0.7745439875 0.497388925
0 0.6479580234375 0.47491895937499995 0.75990309375 0.4354085828125 0.7503146953125001 0.35370765625 0.6376671578125 0.3937746953125 0.6384949421874999 0.4032363046875 0.646403534375 0.4750549609375 0.6479580234375 0.47491895937499995
1 0.5729734328125 0.0690317828125 0.5806258171875001 0.141839359375 0.5817259875 0.1496674703125 0.71579044375 0.112513753125 0.706543159375 0.0297769953125 0.5729734328125 0.0690317828125
0 0.688891484375 0.10638543593750001 0.60343548125 0.0988884734375 0.603013309375 0.09894780625 0.602593190625 0.104955784375 0.6186419625 0.2400370390625 0.695032403125 0.2453787796875 0.7034455078125 0.2441963953125 0.688891484375 0.10638543593750001
1 0.60007976875 0.3314604546875 0.6200042375 0.40581958125 0.628664759375 0.4046024234375 0.750482334375 0.338243184375 0.7281080828125 0.26369920156250004 0.60007976875 0.3314604546875
1 0.6613141890625001 0.3283525140625 0.709898678125 0.33236510625000004 0.6911402671875 0.1921688296875 0.6175222406249999 0.182879875 0.617445265625 0.18361225625 0.6276809562500001 0.32481751875 0.6613141890625001 0.3283525140625
0 0.6465412234375 0.8046257265625 0.5626984421875 0.8083970671875 0.562838465625 0.811068878125 0.621227809375 0.95660835625 0.67300135625 0.9538950187499999 0.6945347578125001 0.9523280203125 0.6996816078125 0.9516046765624999 0.6465412234375 0.8046257265625
0 0.6316753765625001 0.9854489046875001 0.64255794375 0.9848785734375 0.678807225 0.9797840703125 0.6709941640625 0.8609321140624999 0.5865911578125 0.8619836921875 0.5868787453125 0.8674712015624999 0.6316753765625001 0.9854489046875001
0 0.534109409375 0.6324796703125 0.5358133031250001 0.6318929734375 0.6551473999999999 0.5456151546875 0.6488052078125001 0.5271960906250001 0.6293758328125 0.4732456703125 0.5028513718750001 0.5544497890625 0.5079465265625001 0.5692471921875 0.5324627015625001 0.6327111000000001 0.534109409375 0.6324796703125
0 0.6796034484375 0.8594056265625 0.628805375 0.72154398125 0.5477327078124999 0.7245747609375 0.5479100765625 0.7296539578125001 0.6010389359375 0.8684390484375 0.6796034484375 0.8594056265625
0 0.6065547515625 0.565601896875 0.5313077796875 0.5666034796874999 0.523211378125 0.5677413546875 0.5235483999999999 0.571593521875 0.5814607015625 0.7081905374999999 0.6349654874999999 0.7035094749999999 0.65744791875 0.7003497750000001 0.6065547515625 0.565601896875
0 0.6748647390625 0.7223162375000001 0.6667707265625 0.646496040625 0.5269034031250001 0.7047067031250001 0.5316319140625 0.7587538453125 0.5352914984375 0.7847931406249999 0.5366911140624999 0.784670690625 0.6748647390625 0.7223162375000001
0 0.5693553984374999 0.5454776796874999 0.5970103875 0.541591025 0.6314871484375 0.535459465625 0.6313883421875001 0.5346547640625 0.5756390625 0.3922072359375 0.49879299218749995 0.4035142703125 0.49961335625 0.4101956203125 0.503910434375 0.424260246875 0.550442375 0.5477999078125 0.5693553984374999 0.5454776796874999
0 0.51551509375 0 0.426069996875 0.026728518750000003 0.4363775171875 0.10658838281250001 0.45801951250000006 0.10354680000000001 0.5776650421875 0.07232941875 0.5653226578125 0 0.51551509375 0
1 0.4485051484375 0.07745995781250001 0.45019191875000003 0.0894619609375 0.48615012343749997 0.20332911562499997 0.5368089703125001 0.1981899875 0.56975915 0.1935591421875 0.5319297187500001 0.063670203125 0.4485051484375 0.07745995781250001
1 0.56030970625 0.24018165156250001 0.47549568906250006 0.242893928125 0.47562791249999997 0.25046893125 0.5060282375 0.3712703625 0.585606021875 0.370903528125 0.5880759796875 0.370860415625 0.5889468375 0.3707380234375 0.56030970625 0.24018165156250001
1 0.5136636375 0.2938381796875 0.591889715625 0.26690278125 0.5267582562500001 0.149014303125 0.44636787812499995 0.1745227515625 0.4469124296875 0.1783974390625 0.4471534984375 0.1790975546875 0.5136636375 0.2938381796875
0 0.6154993656250001 0.42945494687499997 0.6179412640625 0.4284683546875 0.5391178187500001 0.32205134687500003 0.468011534375 0.350979425 0.46878959375000007 0.356515596875 0.5398143078125 0.45872053749999997 0.6154993656250001 0.42945494687499997
0 0.31387254375 1 0.44318025 0.96477821875 0.4499487703125 0.8960777296875 0.4494937484375 0.8928400812499999 0.266175296875 0.9303435328124999 0.26295085 0.9918696468749999 0.2626715484375 1 0.31387254375 1
0 0.1930329828125 0.3040314984375 0.349158859375 0.21290143281249999 0.31435376718749997 0.1240763515625 0.155737559375 0.22316747499999998 0.1720089625 0.2679896421875 0.1872444265625 0.30569873593749997 0.18979291874999998 0.30534056875000004 0.1930329828125 0.3040314984375
0 0.2511593703125 0.9220729546875001 0.4326332796875 0.8957551671875 0.4433819265625 0.8222799546875 0.25315556093749997 0.8436912578125 0.25087089375 0.8622983812499999 0.245879321875 0.921424646875 0.2511593703125 0.9220729546875001
0 0.2775059921875 0.5036575765625 0.3662468875 0.47482391249999994 0.269890825 0.3074506921875 0.19004763281249998 0.337893015625 0.1907387515625 0.3428105734375 0.1920596640625 0.3468759265625 0.2775059921875 0.5036575765625
1 0.158378709375 0.1841113765625 0.33107110781250004 0.1527843671875 0.3211107234375 0.056765990625 0.14165659531250002 0.094538446875 0.14533224375 0.164674003125 0.145504478125 0.1669033390625 0.147999359375 0.1846553359375 0.158378709375 0.1841113765625
0 0.42151369531249994 0.7632488828125 0.39899639531250003 0.683025678125 0.3971744203125 0.683281740625 0.23250651093750002 0.7753239828125 0.2347977234375 0.78428763125 0.2541301671875 0.856437290625 0.2611697953125 0.855447934375 0.42151369531249994 0.7632488828125
0 0.2186439671875 0.575832690625 0.38226540781249996 0.5010678937499999 0.377498603125 0.4804205921875 0.360269646875 0.4126384953125 0.3596484109375 0.4127819171875 0.19724534375 0.49183671406249996 0.2114090828125 0.566738678125 0.2136699890625 0.5765317375000001 0.2186439671875 0.575832690625
1 0.29660091093749996 0.22650223593750002 0.20513595625 0.2137587296875 0.223411259375 0.4019485625 0.311711203125 0.4081230953125 0.3197612234375 0.4069917390625 0.319790275 0.4065762734375 0.29660091093749996 0.22650223593750002
0 0.2213617625 0.7434727484375 0.40389089218749996 0.709310540625 0.4070439828125 0.6140039953125 0.22157636875 0.6513608703125 0.21953983593749998 0.6804846265625 0.2168560828125 0.74315768125 0.2213617625 0.7434727484375
1 0.3557564875 0.684369084375 0.3369886578125 0.526121890625 0.33426288125000003 0.506154625 0.24171161562500001 0.4909461734375 0.24126189375 0.4952249859375 0.270955384375 0.676336809375 0.301960340625 0.6795955609375001 0.3541684671875 0.684592265625 0.3557564875 0.684369084375
0 0.79910645 0 0.8323225578125 0.0773434984375 0.9059721453125 0.06034015 0.8822486953125 0 0.79910645 0
0 0.8129070234375 0.06828065 0.8104685453125 0.1381095671875 0.81142826875 0.1449383546875 0.9078906468750001 0.13090992343750002 0.9098480484374999 0.0523693390625 0.8129070234375 0.06828065
0 0.24057725937500002 1 0.27146699375 0.9880494140625 0.2695525421875 0.9597349640624999 0.26834170625 0.9511194265625 0.08178230625 0.967441259375 0.0806590265625 0.9675991265624999 0.082724159375 0.9912036953125 0.08406855156250001 1 0.24057725937500002 1
1 0.8226062046875 0.14702646875 0.813881728125 0.21853075312499998 0.8142055656249999 0.2208349859375 0.9150166093750001 0.21209016875 0.9256943765625 0.1340072875 0.8226062046875 0.14702646875
0 0.82567103125 0.296242846875 0.9245417859374999 0.28236168125 0.9349298859375 0.209517046875 0.8316980218750001 0.221421125 0.8234074625 0.28402836875 0.82259515 0.29175700312499997 0.8231889296875 0.29598196718750003 0.82567103125 0.296242846875
0 0.9338523328124999 0.35493518125 0.9368126109375 0.274992875 0.837074834375 0.3034396515625 0.8392326234375 0.36523067343750004 0.8413402265625001 0.38022704375 0.8428022484375 0.3801759890625 0.9338523328124999 0.35493518125
0 0.0686659734375 0.9112769328124999 0.0711373078125 0.9288613984375 0.242383709375 0.862146384375 0.23347744062500003 0.7704094390625 0.23325141249999998 0.7688011593749999 0.061422257812500006 0.8423575937500001 0.0686659734375 0.9112769328124999
0 0.1343305796875 0.8470489750000001 0.15974394375 0.8421091171875 0.2222197109375 0.8264478546875 0.22187144062500003 0.82465615625 0.1422305609375 0.6617999265625001 0.0520566265625 0.6808250359375 0.05257860625000001 0.684539109375 0.1343305796875 0.8470489750000001
0 0.14025319375 1 0.2600492390625 0.9537723515625001 0.2546686671875 0.878304228125 0.25420061718750003 0.8729544 0.252643934375 0.8618780218750001 0.25231361093750004 0.8619069218750001 0.063838434375 0.938064315625 0.064414084375 0.9446440234375 0.0715921984375 1 0.14025319375 1
0 0.130347153125 0.568415728125 0.0371540453125 0.5860146859375 0.0384187953125 0.5950138453125 0.12137205 0.7538060843750001 0.20846166875 0.7384073875 0.130347153125 0.568415728125
0 0 0.33974754687500003 0.162237040625 0.2920530640625 0.1549499984375 0.20288307187500002 0 0.24029633125 0 0.33974754687500003
0 0 0.336321665625 0.0840525515625 0.4689558609375 0.1419186265625 0.44789433125 0.1732884703125 0.4363342875 0.17307059687499998 0.435735684375 0.072680559375 0.2718988171875 0 0.2983523765625 0 0.336321665625
0 0.0103692609375 0.384204009375 0.0117124984375 0.39376164375 0.07777887812499999 0.5642005890624999 0.152334471875 0.5551726265625 0.17386862187500002 0.5521461984375 0.1072468375 0.3705887546875 0.0103692609375 0.384204009375
0 0.117262284375 0.6629148812500001 0.17721669843750001 0.6586671671875 0.1251105984375 0.46811470312500003 0.028443298437499997 0.47318082031250003 0.028704789062500003 0.4781703640625 0.0836012046875 0.6646789828124999 0.117262284375 0.6629148812500001
0 0 0.2328779484375 0.1476591171875 0.20416832187499998 0.1400857265625 0.10676717656250001 0 0.130398603125 0 0.2328779484375
0 0.865139471875 0.5993834125 0.9253219046875 0.6851614859375 0.96064320625 0.6723055828125 0.9936608187499999 0.6596448265625 0.926176925 0.5683455765625001 0.8634040890625 0.5933547171875 0.8636927328124999 0.5954085265625 0.865139471875 0.5993834125
0 0.91372525 0.44881203281250004 0.9523199968749999 0.43928315625 0.905589603125 0.3553770546875 0.8413401796875 0.3689996875 0.8425450781249999 0.3775729859375 0.88080938125 0.4564112609375 0.91372525 0.44881203281250004
0 0.9716543718749999 0.6318297078125 0.878171021875 0.696480809375 0.8794972703124999 0.7005636265625 0.9018255453125 0.7654096406249999 0.9033524125 0.7651950546874999 0.9893488843749999 0.6908620203125 0.9716543718749999 0.6318297078125
0 0.8914672937500001 0.6115524484375 0.97015081875 0.5595011999999999 0.950006128125 0.4872471421875 0.9494955031250001 0.4873189046875 0.8607773546875 0.5464764421874999 0.8847951328124999 0.6131732624999999 0.8873320296875 0.612816725 0.8914672937500001 0.6115524484375
0 0.9545148937500001 0.492019978125 0.9460142421875 0.4208217828125 0.855824146875 0.460767815625 0.8558530390625 0.46103701875 0.8660730234375 0.53375599375 0.86796183125 0.5334905390625 0.9545148937500001 0.492019978125
0 1 0.8660767249999999 0.9672579156250001 0.784538328125 0.897945990625 0.7833284843749999 0.8978910625 0.7864753265625 0.9398864124999999 0.8892178265625 0.9773505953124999 0.8917137265624999 0.9995708484374999 0.89210158125 1 0.8920412671875001 1 0.8660767249999999
0 1 0.808038203125 0.956869925 0.73530791875 0.94322369375 0.71316469375 0.8808623921875001 0.722061625 0.8811110281250001 0.7240865875 0.9304261515625001 0.8254711078125 0.9648398015625 0.82124564375 0.965360390625 0.8211724796875 1 0.8154299328124999 1 0.808038203125
0 1 0.9149962890625 0.9474340703124999 0.8477335796875 0.9067480187499999 0.8568547015625001 0.9068072718750001 0.8572763078125 0.9317426515625 0.9442363140625 0.97025671875 0.9388235140625 1 0.930294765625 1 0.9149962890625