0 0.45118203125 1 0.4662750421875 0.9170099437499999 0.4640641109375 0.9102053968750001 0.400472071875 0.9191201796874999 0.3836011921875 1 0.45118203125 1
0 0.449102378125 0.8670423734374999 0.3305377875 0.8687684734375001 0.3524296734375 0.9327155375 0.4711777546875 0.9315460468750001 0.449102378125 0.8670423734374999
0 0.2628147765625 0.624634134375 0.27978965625 0.6952131968749999 0.38965263906250003 0.7050737328125 0.3926854328125 0.70408831875 0.3793248984375 0.6296331203125 0.2620412109375 0.62003315 0.2618500125 0.620095275 0.2628147765625 0.624634134375
0 0.299011725 0.7649090000000001 0.410012359375 0.7921043125 0.4126724140625 0.7912400078124999 0.410969946875 0.7668935875 0.40376790937499996 0.7142583640625 0.29359575000000004 0.68892366875 0.299011725 0.7649090000000001
0 0.3408266890625 0.8670896406249999 0.4578917359375 0.8406452171875 0.45599576875 0.83481003125 0.4196449828125 0.7718486203125 0.3008789234375 0.79691953125 0.3008354484375 0.7969446296875 0.3408266890625 0.8670896406249999
0 0.3627974953125 0.6398685609375 0.36599575624999997 0.63882938125 0.363002821875 0.561656628125 0.24646673749999998 0.5390380703125001 0.2517591171875 0.6147226203125 0.3627974953125 0.6398685609375
0 0.22610816093750002 0.5396283453125 0.3415388125 0.5629875296875 0.3439938109375 0.5621898515625 0.3418572625 0.49087241718749997 0.3413601890625 0.4813876796875 0.22423267500000002 0.45738807968749995 0.22610816093750002 0.5396283453125
1 0.23781559687499998 0.12470631562500001 0.23759570000000002 0.1221928828125 0.23691920312499998 0.12011084062499999 0.1572910171875 0.127841028125 0.1441695140625 0.26723556249999997 0.22715062968750002 0.26052602812500003 0.23781559687499998 0.12470631562500001
0 0.265737625 0.3330426296875 0.2589997140625 0.2032367328125 0.255525703125 0.192544828125 0.1754338265625 0.211731309375 0.1809292015625 0.35319986875 0.23486768125 0.3407471890625 0.265737625 0.3330426296875
1 0.32091496406250003 0.483200115625 0.2895469171875 0.340778765625 0.289298025 0.34026845781250004 0.217242253125 0.3747312859375 0.2503000265625 0.5166856171875 0.2765822171875 0.5048226390624999 0.32091496406250003 0.483200115625
1 0.308446171875 0.3985186765625 0.2557456375 0.2671171953125 0.25535539687500003 0.2664926796875 0.1932599625 0.3071135546875 0.2378580171875 0.44134427968749995 0.2797664625 0.4164397484375 0.308446171875 0.3985186765625
0 0.53036898125 0.8247940406250001 0.4895648859375 0.978576 0.4897822109375 0.9792448578125 0.5737910390625001 0.9733703890625 0.6077891906249999 0.8246584046875001 0.6075312046875 0.8209690343749999 0.53036898125 0.8247940406250001
0 0.573725 1 0.6594416125 0.9704854031249999 0.65110093125 0.9448154234375 0.6475240765625 0.9370751125 0.480510559375 0.9405969359374999 0.48195560156250006 0.9450443156249999 0.50336666875 1 0.573725 1
0 0.5087955859375 0.6324984031249999 0.4675507234375 0.4915197734375 0.46644671718749997 0.48960757812500005 0.3999213078125 0.526778734375 0.43424893750000004 0.67390550625 0.46800450937500004 0.6560491421875 0.5087955859375 0.6324984031249999
0 0.5689248734375 0.7424670859375 0.565634 0.73233881875 0.4920521296875 0.74992398125 0.4895058453125 0.9038786265625 0.5683851203125 0.878463509375 0.5689248734375 0.7424670859375
0 0.44645496093750003 0.5969809515625 0.42705026406249996 0.74066856875 0.42713508281249996 0.740929615625 0.5029813171875 0.7302701218750001 0.5282108046875 0.5868239281250001 0.5259115421875 0.579747528125 0.44645496093750003 0.5969809515625
0 0.43989751093749996 0.7766828390625 0.5843138156250001 0.7781859890625 0.5916907250000001 0.7757890859375001 0.5725014984375 0.7130239546875 0.569850375 0.7048646375 0.4167269421875 0.6987453 0.43989751093749996 0.7766828390625
0 0.40573557656250003 0.59301839375 0.43178877499999996 0.58215768125 0.47797455937500005 0.5615944453124999 0.45315199375 0.41524255937500004 0.45150992968750003 0.411554421875 0.3760747453125 0.44038385625 0.40019010625 0.5722860453124999 0.40488892343750005 0.5911167859375 0.40573557656250003 0.59301839375
0 0.38168964375000003 0.127713934375 0.36392763125 0.0485465328125 0.250971503125 0.0551831515625 0.2227130828125 0.06436486875 0.2370713125 0.1432459203125 0.371899934375 0.13055627812499998 0.3744932078125 0.130052196875 0.38168964375000003 0.127713934375
1 0.37353456406249996 0.23746500468749998 0.37640874062499996 0.1044561453125 0.375446775 0.10149552343749998 0.29315939687500003 0.1148340765625 0.287358065625 0.24635579531250001 0.3563937046875 0.2395696375 0.37353456406249996 0.23746500468749998
1 0.4375249671875 0.2790482734375 0.4373766296875 0.276926946875 0.4353212109375 0.270601015625 0.355984390625 0.2771737140625 0.334998659375 0.40782004531249993 0.42148443437500005 0.40303265 0.4375249671875 0.2790482734375
1 0.4015260484375 0.3182641203125 0.4058276296875 0.1899418234375 0.4036266890625 0.1831680234375 0.324126796875 0.1948595234375 0.31672779375000004 0.3315224390625 0.3477374953125 0.3271643109375 0.4015260484375 0.3182641203125
0 0.44388395625 0.48086364843749996 0.4627523203125 0.35502529374999997 0.4611753703125 0.3501719390625 0.3803317484375 0.359897421875 0.364945421875 0.4890003640625 0.4307360671875 0.48224554687500004 0.44388395625 0.48086364843749996
0 0.79469260625 0.9283367703125001 0.8731136640624999 0.9028562234375 0.8635854484375001 0.7442513234375 0.8615914109375 0.73811430625 0.7953763234375 0.7630382015625 0.79469260625 0.9283367703125001
0 0.5212875875 0.19485435625 0.698855465625 0.1675936578125 0.7056162890625 0.1653969328125 0.6936270484375 0.1261818921875 0.6780647984375 0.08110860156250001 0.49243679062499995 0.10392075 0.5212875875 0.19485435625
0 0.7169956890625 0.7971260953125 0.898750440625 0.8074521156250001 0.9050976046875 0.805389796875 0.8951504640625 0.7479549859375 0.8912527718750001 0.7296177890625 0.69988415625 0.7248672859374999 0.7169956890625 0.7971260953125
0 0.767407171875 0.3370387015625 0.7441631859375 0.2768922 0.7351169546875 0.256574028125 0.5466129109375 0.29688651093749996 0.5850686296875 0.3820255734375 0.7600786921875 0.34030155156249997 0.767407171875 0.3370387015625
1 0.554927603125 0 0.46971085625000003 0.0106348375 0.491553653125 0.10466477968750001 0.6650366 0.0780619046875 0.6729653515625 0.07578837187500001 0.676075809375 0.0747777234375 0.6710440859375 0.055435992187500005 0.65910168125 0.013787875 0.654621728125 0 0.554927603125 0
0 0.79115626875 0.555118934375 0.7169080296875 0.591849315625 0.7571461 0.7795312171875 0.7635001828125 0.77746665 0.76947189375 0.7744239109375 0.8344049734375 0.740388846875 0.7932630765625001 0.5592537765625 0.79115626875 0.555118934375
0 0.5941433234375 0.3514045828125 0.6031508 0.4330982125 0.777893634375 0.46063708593749997 0.7821158234375 0.4592652140625 0.77938280625 0.40212746718750003 0.7771462875 0.3701437640625 0.5937522796875 0.3458124 0.5941433234375 0.3514045828125
1 0.565759709375 0.1526695890625 0.6096681328125 0.3362197046875 0.6150473140625 0.33447190312499997 0.6922111578125001 0.2952706390625 0.6559533578125001 0.1196019515625 0.6542712046875 0.1156390453125 0.565759709375 0.1526695890625
0 0.85141618125 0.6272340296875 0.8389612421875 0.565752415625 0.8323938249999999 0.5373058046875 0.643365721875 0.5294223812500001 0.6613892203125 0.62306229375 0.8470152609375001 0.6282500625 0.85141618125 0.6272340296875
1 0.6140640828125 0.4530833796875 0.6381957593750001 0.534723309375 0.8246165031249999 0.5292258750000001 0.8255767609375001 0.5289322953125 0.8263009765625 0.5286969828125 0.7934713906249999 0.440097815625 0.7733508796875 0.44123205312499997 0.6142896015625 0.45301443125 0.6140640828125 0.4530833796875
0 0 0.3466666921875 0.039664596875 0.33895667500000004 0.038442254687499997 0.24243325468750002 0.037643471875 0.23997485625 0 0.24730396406250002 0 0.3466666921875
0 1 0.7664905421875 0.9052523000000001 0.8168687875 0.905435275 0.8174319265625 0.9231973703125 0.8493023578125 1 0.833188053125 1 0.7664905421875
1 0 0.4273252796875 0.0021663640625 0.43667732187499997 0.015890134375 0.4322181984375 0.0308890171875 0.425540265625 0.07009428906250001 0.407294803125 0.051434535937500005 0.3094966421875 0.04972666875 0.3056607078125 0 0.32968543906250003 0 0.4273252796875
0 0.079754646875 0.4909918390625 0.0953650296875 0.39234176249999997 0.09416320156249999 0.38864291562500003 0.02044371875 0.3970986546875 0.0068098140625 0.4995808359375 0.02066366875 0.49836878125000006 0.079754646875 0.4909918390625
0 0.1234876359375 0.5631915328125 0.12831183125 0.56162405625 0.1243797390625 0.48659525 0.022542192187499997 0.4669494421875 0.0324586359375 0.5463295390625 0.1234876359375 0.5631915328125
0 1 0.6164480875 0.86394930625 0.6133959734375 0.8623094968749999 0.6139287796875 0.8837796718750001 0.6979373984375 1 0.7043837374999999 1 0.6164480875
0 0.9774899703125 0.6543486453125 0.9932828796875001 0.4759799546875 0.9924984359375 0.47356568125000004 0.9037332421875 0.48435025937500004 0.8851234343750001 0.6706296234375 0.8854731156250001 0.6705737 0.9774899703125 0.6543486453125
0 1 0.632427525 0.9299058578125001 0.6795678078125 0.9869993515625 0.8674954312500001 0.99582521875 0.8646277328125 1 0.8621576359375 1 0.632427525
0 0.934379984375 0.3687188453125 0.848846275 0.409161353125 0.885377753125 0.5916472609375 0.8918372359375001 0.5895484484375 0.9650770015625 0.55386986875 0.9383105515624999 0.37298750625 0.9361534640625001 0.36814260781249997 0.934379984375 0.3687188453125
0 0.8444080062499999 0.0076774921875 0.8429440953125 0.0031720375 0.7558010015625001 0.01437880625 0.7409143953124999 0.2086323015625 0.8392162187500001 0.1965623546875 0.8444080062499999 0.0076774921875
0 0.7172065953125 0.1517735546875 0.725738565625 0.1934688140625 0.7371985078125001 0.24738359375000002 0.9286330015625 0.24570504999999998 0.9288106812500001 0.2456672828125 0.93003538125 0.245269353125 0.91033803125 0.1526006125 0.7185503375 0.151385075 0.71812201875 0.15147611562500002 0.7172065953125 0.1517735546875
0 0.9636703640625001 0.308996659375 0.9526792828125 0.27516958593749996 0.921484609375 0.223448703125 0.73719953125 0.279131271875 0.7872433265625001 0.365809665625 0.9636703640625001 0.308996659375
0 0.9274288281249999 0.2834147359375 0.9250747625000001 0.2761696640625 0.8364262640625 0.299835784375 0.8454481156250001 0.49859775937500006 0.9396192437499999 0.4715946234375 0.9274288281249999 0.2834147359375
0 0.6662848078125 0 0.6492409828125 0.008469815625 0.7003649375000001 0.0917205265625 0.8677199671875 0.013691700000000001 0.8632712640625 0 0.6662848078125 0
0 0.1260888765625 0.8380195046875001 0.23501478125 0.8293894234374999 0.23856991875000003 0.8280247328125 0.235915790625 0.8198561703125 0.22659855312500002 0.79428566875 0.21371891875000001 0.760733071875 0.1030880375 0.7722559437500001 0.1260888765625 0.8380195046875001
0 0.160628259375 0.6184831109375 0.139939021875 0.5548081828125 0.0441139625 0.5579618453124999 0.0657414234375 0.628126678125 0.15571106562499998 0.6200808046875 0.160628259375 0.6184831109375
0 0.14283718125 0.8824831328125 0.24846894062499997 0.9185238890624999 0.25184073281249997 0.917428328125 0.24832410781249997 0.8503271671875 0.24802433437500002 0.8460448234375001 0.1371293546875 0.8211208453125 0.14283718125 0.8824831328125
0 0.154358884375 0.778795840625 0.17635749218750002 0.77609475 0.1936807875 0.6747011265625 0.1927304515625 0.6717762921875 0.119784478125 0.6825757765625 0.1032548234375 0.7815047875000001 0.103381403125 0.7825356875 0.154358884375 0.778795840625
0 0.15934031875000002 0.6965375609375 0.16196598906249998 0.6025775890625 0.161471040625 0.6008514968750001 0.1601178390625 0.5966867734375 0.0906489046875 0.6190904765624999 0.0908381765625 0.7167877484375 0.1325098421875 0.7048385921875 0.15934031875000002 0.6965375609375
0 0.292213240625 1 0.28800665625 0.9815017812500001 0.1777284640625 0.95557131875 0.17670306875 0.9557521234375 0.1845051625 1 0.292213240625 1
0 0.1966822453125 1 0.2439720265625 0.9855420640625001 0.2472249265625 0.9613057671874999 0.2576982015625 0.87172646875 0.2570657703125 0.86978004375 0.1864466421875 0.88815800625 0.182660125 1 0.1966822453125 1