0 0.7790522578125 0.8076917109374999 0.8391422234375 0.8925363875000001 0.9061979859375 0.87074865 0.8375589390625 0.7789384578125 0.7758476375 0.7978289078125 0.7790522578125 0.8076917109374999
0 0.7746566671874999 0.8308078078125 0.87375725625 0.765374278125 0.856147709375 0.70011796875 0.7568879859375001 0.764987446875 0.7746566671874999 0.8308078078125
0 0.7426104421875 0.47057453281250006 0.6682902656249999 0.4888663015625 0.6685660171875 0.49016361406250003 0.7231846921875 0.5881783203125 0.7945661796875 0.574978553125 0.7961121046875 0.57464995625 0.7990238625 0.57370386875 0.7426104421875 0.47057453281250006
0 0.8195897859375 0.6075528828125 0.79239678125 0.5364273046875 0.7923128687500001 0.5364545703125 0.70324255625 0.6059196953125 0.7189599 0.6566671203125 0.72755939375 0.67906956875 0.7325554140625 0.6774462625 0.8195897859375 0.6075528828125
0 0.8119455421874999 0.6100053171875001 0.81190004375 0.6100265312500001 0.7232417453125 0.692933909375 0.75611755625 0.7634363140625 0.7590091875 0.762496765625 0.8464669375 0.6829977484375 0.8119455421874999 0.6100053171875001
0 0.6400245046874999 0.422568646875 0.64053183125 0.4242280421875 0.7046640984375 0.5201722453125 0.7256435015625 0.513758196875 0.77670455 0.49716745781249994 0.714339290625 0.39730014687500004 0.6400245046874999 0.422568646875
0 0.7184530671875 0.3092305703125 0.6169129609375 0.3737698484375 0.64463431875 0.451219865625 0.7455658656249999 0.38672180156249997 0.7184530671875 0.3092305703125
1 0.49847573437500003 0.05398850937500001 0.509851203125 0.1258103859375 0.5124230437499999 0.13372569843749998 0.6433726890625 0.089936425 0.629807971875 0.00779701875 0.49847573437500003 0.05398850937500001
0 0.61134818125 0.0778000109375 0.533657403125 0.09147989375 0.526648965625 0.0937570734375 0.527620409375 0.0987547171875 0.5780839328125 0.22507946093750003 0.6522738875 0.2106583953125 0.6612967375000001 0.2077266921875 0.61134818125 0.0778000109375
1 0.5767444515625 0.24949887187500003 0.5770798218750001 0.2514008484375 0.6322062359375 0.3819616703125 0.706290890625 0.368898546875 0.7108449515624999 0.36741884375 0.6525247484375 0.2337958140625 0.5767444515625 0.24949887187500003
1 0.63112400625 0.16293993281250002 0.5573032453125 0.17044950625 0.557392990625 0.1711804328125 0.599130615625 0.306464084375 0.6326970296875001 0.3023426484375 0.6790837328125 0.29559320312500004 0.6808273359375 0.295026671875 0.63112400625 0.16293993281250002
0 0.7409899421875 0.7637269953125 0.6202591234375 0.8681609218749999 0.6399937140625 0.9170057453125 0.6495535453125 0.9393512968750001 0.6540202953125 0.9378999609375 0.7721892984375 0.842626165625 0.7409899421875 0.7637269953125
0 0.6356428484375 0.8669021984375 0.6971812578125001 0.9616630374999999 0.7257122859375 0.9523927453125 0.7638690234375 0.9276134687500001 0.66495555 0.846918553125 0.6342729015625 0.8626859359375001 0.6356428484375 0.8669021984375
0 0.548361034375 0.6190051453125001 0.665147234375 0.531978925 0.6606382390625 0.5213563953125 0.62950803125 0.45496568593750003 0.6291140109375 0.45513293906249996 0.5138349515625 0.5514073984375 0.5256573 0.57925910625 0.5438401390625 0.6204740734375 0.548361034375 0.6190051453125001
0 0.596235346875 0.7076809500000001 0.5965601953124999 0.7138794484375001 0.6474509937499999 0.844897890625 0.72597716875 0.8405888171875 0.7297928703125 0.8393490218749999 0.6726495328125 0.6975406078125 0.596235346875 0.7076809500000001
0 0.5991065546875001 0.547204253125 0.52482739375 0.5814672187500001 0.5267605421875 0.5874168359375 0.6341780265625 0.687672128125 0.7012746671875 0.6504798515625 0.5991065546875001 0.547204253125
0 0.5635059625000001 0.632540521875 0.5639734468750001 0.6358668421875 0.6278255578125 0.7691583359374999 0.69812558125 0.7592783125 0.707666325 0.7561783375 0.637752865625 0.6206568625 0.5635059625000001 0.632540521875
0 0.4828509671875 0.47147375937499997 0.5000712078125 0.531195721875 0.508147271875 0.5293312140624999 0.63722541875 0.462498490625 0.6176546125 0.3861112484375 0.5978503140625 0.3945132515625 0.47886289218750006 0.4541995140625 0.4828509671875 0.47147375937499997
0 0.4278191984375 0 0.410367390625 0.0033922874999999996 0.3673085390625 0.0173829578125 0.40455369062499996 0.12781545 0.48061774843749994 0.1152851609375 0.48625557500000005 0.1134533203125 0.45238333906249995 0 0.4278191984375 0
1 0.45438467656250003 0.064570665625 0.374712171875 0.0941782875 0.3773692515625 0.102355940625 0.436094359375 0.210398809375 0.4888625984375 0.194474575 0.515983965625 0.1851359390625 0.5151903250000001 0.1826933640625 0.45438467656250003 0.064570665625
1 0.5216490578124999 0.22101644375 0.5207319171875 0.221612040625 0.4269049765625 0.3134034875 0.47362795625 0.3853505671875 0.4757303609375 0.3846674546875 0.565813209375 0.2909741859375 0.5216490578124999 0.22101644375
1 0.408957425 0.28047603906249996 0.4097703828125 0.28297806875 0.53820918125 0.246342996875 0.53139943125 0.16179087812499998 0.5310469546875 0.160706065625 0.40058715468750006 0.20083824843750003 0.408957425 0.28047603906249996
1 0.5416232578125 0.318465325 0.459113621875 0.32734174375 0.459490565625 0.3304116953125 0.506911371875 0.45062733125000004 0.5200331406250001 0.44901618125000003 0.5782052625 0.441731375 0.585177534375 0.43946594687499996 0.5416232578125 0.318465325
0 0.455776496875 1 0.5203079890625 0.9434333203125 0.4953059234375 0.876108615625 0.4935921546875 0.8766654515625 0.3461218171875 0.99007749375 0.350333671875 1 0.455776496875 1
0 0.1226212890625 0.32940044999999996 0.299266559375 0.29097615625 0.29361341093750004 0.19574312031250002 0.11213959062500001 0.240969275 0.11376380312500001 0.2886258296875 0.1163367625 0.3254208578125 0.11774070156250001 0.3297417359375 0.1226212890625 0.32940044999999996
0 0.31651178125 0.8394175578124999 0.43344770468749994 0.9868376046874999 0.43397880312500003 0.9865899499999999 0.5040666593750001 0.9506092562499999 0.3820551109375 0.8064917890625001 0.3150508765625 0.8358728890625 0.31549210781250003 0.8372308609375001 0.31651178125 0.8394175578124999
0 0.2728807140625 0.53879975 0.34142003593750003 0.5243928921875 0.2783844953125 0.34727536875 0.1871558828125 0.3612225953125 0.187993525 0.3665112578125 0.2549685234375 0.5416367625 0.2728807140625 0.53879975
1 0.20523689687500002 0.0822147546875 0.15750407500000002 0.085552559375 0.11110922187500001 0.10062716093749999 0.149358553125 0.2678147453125 0.2040765546875 0.2639884890625 0.24080410468750002 0.2605051953125 0.20523689687500002 0.0822147546875
0 0.286967096875 0.7342708375 0.3853486265625 0.8904780796875 0.467763284375 0.863699934375 0.36362659375 0.7027245203125 0.2853186984375 0.729197584375 0.286967096875 0.7342708375
0 0.3162045109375 0.6192316140624999 0.3780951140625 0.5839183453125 0.392037021875 0.5752064734375 0.26455624375000003 0.44113922031249997 0.2542791296875 0.44756107343749996 0.1895355875 0.4900274015625 0.190662871875 0.49349682812499995 0.3162045109375 0.6192316140624999
1 0.257837415625 0.2604440359375 0.1621615796875 0.26763295781249996 0.162461890625 0.271927615625 0.2099078734375 0.4449102609375 0.3005263421875 0.44480234531249996 0.300832878125 0.4447809109375 0.30214858125 0.44435341250000004 0.257837415625 0.2604440359375
0 0.2766439953125 0.795964025 0.442685875 0.7128133562500001 0.4194467765625 0.6203297156249999 0.2514608125 0.7073612515625001 0.25753076875 0.735918146875 0.2722260125 0.796903096875 0.2766439953125 0.795964025
1 0.3120404203125 0.529583125 0.23052766875000003 0.55071388125 0.23157424375 0.554911465625 0.30151280625 0.693585228125 0.3109034046875 0.71141605 0.3916873515625 0.696198065625 0.40343835625 0.6923799328125 0.3120404203125 0.529583125
0 0.7790280734375 0 0.728784496875 0.038239970312499996 0.76312564375 0.1056382671875 0.77131526875 0.10297729687499999 0.8425538296875 0.0466739203125 0.818790271875 0 0.7790280734375 0
1 0.7520303515625 0.1163102359375 0.7819252859375 0.1833182890625 0.78504928125 0.1823032421875 0.8647518109375 0.124485834375 0.8336887859375001 0.052056284375 0.7520303515625 0.1163102359375
0 0.8702559921875 0.23069335937500002 0.8940938375 0.2215428671875 0.8349585421875 0.13706356718749999 0.7674474546875001 0.1601567015625 0.7699296703125 0.167796171875 0.822810296875 0.24745440312500003 0.8702559921875 0.23069335937500002
0 0.7909382125 0.22792528124999997 0.79146849375 0.22990431249999999 0.8370812875 0.3139322859375 0.9062776124999999 0.30063310312499997 0.9150585375 0.2977800078125 0.8654381078125001 0.20796309375000002 0.7909382125 0.22792528124999997
0 0.185300746875 1 0.3024144875 0.8736404343749999 0.2595002671875 0.798293003125 0.2583240359375 0.798675184375 0.12867104375 0.9296251062499999 0.1693020078125 1 0.185300746875 1
0 0.27995395312500004 0.8074609984375 0.275267146875 0.793849528125 0.2483366125 0.7195101937499999 0.0949046828125 0.8257715953125 0.09732915156250001 0.8332333437500001 0.127235671875 0.9069847640625 0.137825459375 0.9035439343749999 0.27995395312500004 0.8074609984375
0 0.291822396875 1 0.248011653125 0.8967994562499999 0.1625388453125 0.9094033390625 0.1630491546875 0.9142586078124999 0.197866721875 1 0.291822396875 1
0 0.156113346875 0.6312001953124999 0.0870369359375 0.6506089312500001 0.0635325125 0.65824598125 0.0648616203125 0.6625932953125 0.16333023124999999 0.8166673171875001 0.2458374265625 0.7945177812499999 0.24866738124999999 0.7935982734375 0.156113346875 0.6312001953124999
0 0 0.38983244687499996 0.03353439375 0.4518988484375 0.07902590468750001 0.43799069843750005 0.1187730046875 0.42507608281250003 0.03555983125 0.2511979671875 0 0.26265836875000004 0 0.38983244687499996
0 0 0.5326464171875 0.00894906875 0.5494771671875001 0.013114487499999999 0.548123740625 0.1585957984375 0.4282083140625 0.13271887031250001 0.37954088750000003 0.1124056328125 0.34202774375 0.111174465625 0.3426823671875 0 0.4371759703125 0 0.5326464171875
0 0 0.5631176171875001 0.029305690625000002 0.6324792046875001 0.03279010625 0.640305328125 0.0426532953125 0.637100584375 0.1902949953125 0.5292393 0.14958570468750002 0.43780473750000004 0 0.55129533125 0 0.5631176171875001
0 0.1513668015625 0.72690154375 0.2096727671875 0.7123073890625 0.1252691875 0.5336979734375 0.030950203125 0.555473225 0.0320741453125 0.5603415593750001 0.11852344374999998 0.73448403125 0.1513668015625 0.72690154375
0 0 0.3559431796875 0.0033538953125 0.36119251874999997 0.065021740625 0.3343444828125 0.09740175625 0.3185516953125 0 0.1741631 0 0.3559431796875
0 0.9584815984375 0.4940823 0.8907097343749999 0.4996811796875 0.8910366078124999 0.50591830625 0.9235102734374999 0.6055439265625 0.9610469015625 0.603576715625 0.9917602984375 0.6014400390625 0.995953959375 0.6000774359375 0.9584815984375 0.4940823
0 0.817675484375 0.3147426796875 0.8620585796875 0.388931675 0.932075940625 0.36618165625 0.878677928125 0.2873577046875 0.8150834687499999 0.30676527343750004 0.817675484375 0.3147426796875
0 1 0.5576403359375 0.9983262921874999 0.5523914015625 0.9064579343749999 0.6183250984375 0.9120818796875 0.6356338265625 0.9307681640625001 0.6869739734375 0.93319054375 0.6861868953125 1 0.6263699375 1 0.5576403359375
0 0.9103601359375 0.42443212187499996 0.8500349796875 0.4648226078125 0.8512493250000001 0.4668436171875 0.9241821046875 0.5337076984375 0.938617684375 0.5255142578124999 0.9881976203124999 0.495723625 0.98798835 0.49507955625 0.9103601359375 0.42443212187499996
0 0.9461165640625 0.41815618906249996 0.9306330484374999 0.3517536921875 0.9289056015625 0.345306771875 0.9283198828125 0.3454637140625 0.8443527625 0.39916435156249996 0.8573215484375 0.4519297875 0.862584453125 0.46812734218749996 0.9461165640625 0.41815618906249996
0 1 0.7129053015625 0.954344940625 0.7640251015625 0.9660939781250001 0.7928317171875 0.9824473843750001 0.8279017109375 0.9838228546875 0.82745479375 1 0.8095649234375 1 0.7129053015625
0 1 0.62958381875 0.9461700609375001 0.6827945 0.9281494078125 0.701225090625 0.9320827484375 0.7114717984375 0.950857459375 0.7576633234375 0.9579985859375 0.75534303125 1 0.720175715625 1 0.62958381875
0 1 0.801357921875 0.97087475625 0.81750741875 0.97319788125 0.8540676765624999 0.9747230437500001 0.8587616421875 1 0.855658021875 1 0.801357921875