0 0.39641782187499996 1 0.4287633421875 0.9343159046875 0.3829162109375 0.886872759375 0.3788285046875 0.890960465625 0.32786435625 0.9880635796874999 0.33922539375 1 0.39641782187499996 1
0 0.35547285781250004 0.9123253703125 0.462311665625 0.9529823421874999 0.5051172875 0.8999189390625 0.39393058124999997 0.8582057421875 0.35245592812500004 0.909608915625 0.35547285781250004 0.9123253703125
1 0.515931515625 0.7280239484375 0.5138390937499999 0.73112609375 0.5155087625 0.7326294703125 0.625830471875 0.7670344265625 0.6668010421874999 0.701906509375 0.55810973125 0.6689430828125 0.515931515625 0.7280239484375
0 0.47807023906249996 0.793414534375 0.5181378734375001 0.8506370453125 0.5226422171875 0.854692775 0.59012335625 0.768474978125 0.549513759375 0.7014433890625 0.5462040125 0.7037608984375 0.47807023906249996 0.793414534375
0 0.446312146875 0.788596696875 0.3993533671875 0.8509131046875 0.4013587546875 0.8527187640625 0.5129359796874999 0.8927333390625 0.561177659375 0.8279848828124999 0.56113756875 0.8279546734375 0.446312146875 0.788596696875
0 0.5803436359374999 0.67531015625 0.6202912171875 0.732361215625 0.6247611562500001 0.7363859671874999 0.70019174375 0.646542246875 0.6531954390625 0.5836730796875 0.6517740359374999 0.584668359375 0.5803436359374999 0.67531015625
0 0.683308590625 0.5229217875 0.636071821875 0.6262873609375 0.7015032125 0.676144278125 0.7510233656249999 0.5670803890625 0.687665128125 0.5180833625 0.683308590625 0.5229217875
1 0.837346415625 0.3762003609375 0.8740708359375 0.4099970125 0.8988036125000001 0.43226650468749994 0.9740855843749999 0.31465302500000003 0.9157399265624999 0.259198265625 0.912561271875 0.26260695625 0.837346415625 0.3762003609375
1 0.8462715265625 0.3255872734375 0.7819398046875 0.4405796203125 0.796127796875 0.45335454531249997 0.846875246875 0.4959367125 0.9170001578125 0.37433675625 0.8527167484374999 0.31842912968750003 0.8462715265625 0.3255872734375
1 0.6493509984375 0.52093848125 0.6573105046875 0.528105253125 0.7773708203125 0.5930784546875 0.827702775 0.533714265625 0.701246265625 0.463302946875 0.6493509984375 0.52093848125
1 0.8104960453125001 0.3845532 0.717886571875 0.491638125 0.7391692390625 0.51792003125 0.7684895671875001 0.5525194890625 0.7709643859375 0.5547478265625 0.8565558703124999 0.4427138453125 0.8110683468750001 0.3840897578125 0.8104960453125001 0.3845532
0 0.2970132234375 0.7477562078125 0.230393825 0.8897171546875 0.2676877078125 0.9257314375 0.2700756078125 0.927945590625 0.28755680156249996 0.9436857296875001 0.3588105890625 0.804578309375 0.29887176718749997 0.7458316296875 0.2970132234375 0.7477562078125
0 0.20178309687499998 0.811837 0.180500615625 0.84552053125 0.1654510515625 0.8715871390625001 0.187702434375 0.8916223734375001 0.3192929046875 0.9200925203124999 0.3409378046875 0.8900833374999999 0.320950871875 0.8785438765625001 0.20178309687499998 0.811837
0 0.42126575468749994 0.5672859046875 0.5303852953125 0.6701416484375 0.5400634656250001 0.663856571875 0.6000398453125 0.6216706765625 0.599806715625 0.6213116859375 0.4849768796875 0.524501859375 0.459601234375 0.5409809984375 0.420977878125 0.5668426156249999 0.42126575468749994 0.5672859046875
0 0.28022545625 0.812257775 0.33533632343750003 0.8710662906250001 0.33698679375 0.87255238125 0.4093049921875 0.7368415390624999 0.3524189484375 0.6848229625 0.3478794328125 0.6890561281250001 0.28022545625 0.812257775
0 0.386260703125 0.6836306015625 0.425825796875 0.7422882656249999 0.43009266406249996 0.7461301703125 0.523137375 0.6364500078125 0.48171675625 0.5640159234375 0.4776547046875 0.5667558125000001 0.386260703125 0.6836306015625
0 0.3945127921875 0.624160771875 0.3422780734375 0.7623122109375 0.40107938125000003 0.8116523656249999 0.45914903906250004 0.6707903671875 0.3980037015625 0.620283725 0.3945127921875 0.624160771875
0 0.6190811109375 0.5874833781250001 0.6580660875000001 0.5189399703124999 0.6379835453125 0.5112266421875 0.510929596875 0.4715057390625 0.501798678125 0.486702140625 0.4730679390625 0.5409293484375 0.47612835468750003 0.5436849593749999 0.47980415 0.5458936015625 0.6190811109375 0.5874833781250001
0 0.9131020265625001 0.21034578437499998 0.8868424328125 0.175498125 0.8547671171875001 0.1466173828125 0.773789609375 0.2265766984375 0.81629580625 0.286489403125 0.8234068375 0.2928922046875 0.9131020265625001 0.21034578437499998
1 0.8032431453125 0.19343513125 0.7141203859374999 0.2842083296875 0.7447767468750001 0.33001505 0.760993078125 0.352334915625 0.7621074046875 0.35333825937499996 0.8589241046874999 0.2590634234375 0.8067989125 0.1908517171875 0.8032431453125 0.19343513125
0 0.605649046875 0.42982423125 0.6610519078125 0.48101279999999996 0.666626915625 0.486032559375 0.734750284375 0.370971890625 0.671939878125 0.3160467796875 0.6627842578124999 0.326215125 0.605649046875 0.42982423125
1 0.695922140625 0.2686770625 0.6775274609374999 0.2888250625 0.673525009375 0.293270234375 0.640066775 0.33175953125 0.64512971875 0.33631822499999997 0.757263290625 0.4008004953125 0.811997240625 0.3386429703125 0.695922140625 0.2686770625
0 0.5657686765625 0.41115756406250004 0.5300600249999999 0.47870749218749997 0.5341752109375 0.482412821875 0.5356630359375 0.48320391249999994 0.654151478125 0.51540454375 0.694594328125 0.4420205359375 0.5657686765625 0.41115756406250004
0 0 0.6857754015624999 0.113746371875 0.7508210828124999 0.16975146562500001 0.7048617453125 0.012933970312500001 0.6013106796875001 0 0.6129564796875 0 0.6857754015624999
0 0.6012349859375 0.0234635828125 0.46672443125 0.15333147656249999 0.4990006171875 0.2050806375 0.512867259375 0.2256387765625 0.5159263593750001 0.2283932046875 0.653784578125 0.10307522031250001 0.601385221875 0.02359885625 0.6012349859375 0.0234635828125
0 0.21741560624999998 0.652050140625 0.06611183125 0.539073021875 0.0504975609375 0.5507019078125001 0.015585634374999999 0.57797809375 0.0096942515625 0.5845211375 0.01261593125 0.5882607171875 0.15677393906249998 0.7032499046875 0.21741560624999998 0.652050140625
0 0.52428763125 0.2397943421875 0.47309227500000006 0.16300749375 0.46865311875 0.166001740625 0.3382403703125 0.300712940625 0.3483815953125 0.315747921875 0.39040461249999997 0.37177704375 0.52428763125 0.2397943421875
1 0.5993635562499999 0 0.5360240843749999 0.10494274374999998 0.5780428640624999 0.140200684375 0.60688215 0.1632081109375 0.70447653125 0.01129513125 0.6919320171875001 0 0.5993635562499999 0
0 0.2497191640625 0.47575970312500004 0.1835085453125 0.4288427203125 0.1781217765625 0.434825334375 0.11043210156250001 0.60408989375 0.1692414890625 0.6478637015625 0.1802272203125 0.655845303125 0.2497191640625 0.47575970312500004
0 0.4382810484375 0.39113414999999996 0.4771245421875 0.3329754625 0.47660226874999995 0.3326097640625 0.30918424375 0.26481875 0.2629986296875 0.3254636546875 0.2571138 0.3338680609375 0.2599775390625 0.336446584375 0.426126728125 0.4084923171875 0.4382810484375 0.39113414999999996
1 0.56669166875 0.1441315265625 0.49783445156250006 0.084418675 0.4947100125 0.08788871718749999 0.40975474375000004 0.2514112546875 0.4867967578125 0.3094665765625 0.4880645546875 0.3077841546875 0.56669166875 0.1441315265625
0 0.3570947109375 0.470559521875 0.182445390625 0.3978176015625 0.16447123125000002 0.420823475 0.127199971875 0.4712810546875 0.130759165625 0.474061803125 0.3011859375 0.5478090421874999 0.3570947109375 0.470559521875
1 0.308058459375 0.5146563343749999 0.3659184203125 0.36576520625 0.37288576562500003 0.34685548437499997 0.2993902375 0.29080258593749997 0.29528809843750004 0.29535847187500003 0.23709286875000002 0.467396365625 0.2629387265625 0.48482961874999997 0.308058459375 0.5146563343749999
1 1 0.5162235453124999 0.9914872875 0.50609413125 0.9894491406249999 0.507865865625 0.9284141203124999 0.5858683390625 0.9622350718750001 0.6273174953125 0.9739722640625 0.6408195890624999 0.9792304828124999 0.645554109375 1 0.6167587109375 1 0.5162235453124999
0 0.93867924375 0.565273209375 0.8765288265625 0.6408770265625 0.9064292703125 0.6813491171875 0.9163941453125 0.694103575 0.92315145 0.700187878125 0.9856479109375 0.620219296875 0.9432905546875 0.5616704593749999 0.93867924375 0.565273209375
0 0.81698773125 0.701314990625 0.90540721875 0.7389944828125 0.952119884375 0.6770046828125 0.86251155 0.6380314171875 0.8115442859374999 0.6964136890625 0.81698773125 0.701314990625
0 0 0.55210420625 0.0893172640625 0.4130576171875 0.029204628125 0.3452204890625 0.0272840296875 0.3434911734375 0.0260518671875 0.3446006171875 0 0.388259265625 0 0.55210420625
0 0 0.3858207109375 0.10188191875 0.4741987296875 0.11381655625 0.46614871406249997 0.17865270312499998 0.4208953796875 0.0360465328125 0.29997825312500004 0.032462746875 0.3023955484375 0 0.326922684375 0 0.3858207109375
0 0.24563556250000002 0.3025074984375 0.0690054265625 0.2440232796875 0.03535721875 0.297237196875 0.017767171875 0.326511953125 0.018853084375000002 0.3274897125 0.19847034375 0.377023171875 0.246377784375 0.3031757984375 0.24563556250000002 0.3025074984375
0 0.307778221875 0 0.41811089062500006 0.12009325156249999 0.49921640468749995 0.06359034531249999 0.4347717609375 0 0.307778221875 0
0 0.43923968437500005 0.118465475 0.287630525 0.0021217078125 0.2316904375 0.050749682812499995 0.21591651562499997 0.0682683984375 0.368868215625 0.1820131296875 0.3821821421875 0.17043950937500002 0.440212915625 0.119585046875 0.43923968437500005 0.118465475
0 0.24028688437499998 0.057548198437499996 0.1897195984375 0.23566067031250001 0.2780762859375 0.28264075312500003 0.3270524828125 0.097435959375 0.24532359062500003 0.0519543703125 0.24028688437499998 0.057548198437499996
0 0.3134298109375 0.23319154375 0.12714265625 0.16686175625 0.11818784687499999 0.1768070796875 0.0753248890625 0.24554243125 0.26011226875000004 0.315391640625 0.3134700875 0.2332278078125 0.3134298109375 0.23319154375
0 0.731841675 0.8852047015625001 0.679492728125 0.83635358125 0.6767032953125 0.8392421234375 0.62672200625 0.9351325875000001 0.6552196234375 0.9626524156249999 0.6777013125 0.9830929140625001 0.731841675 0.8852047015625001
0 0.8340097796875 0.678795790625 0.8313789375 0.6764269703125 0.8261281703125001 0.6811547796874999 0.775050596875 0.7538030640625 0.7976549625 0.7789077546875001 0.8192477984375 0.802169865625 0.8250848124999999 0.8074255375 0.8754307953125 0.7264939796875 0.8340097796875 0.678795790625
0 0.59180085625 0.9183213625000001 0.554446621875 0.975841840625 0.55565494375 0.9769298187500001 0.6670772328125001 0.9989127078125 0.7027014984375 0.9486253234375001 0.5942016390625 0.91476263125 0.59180085625 0.9183213625000001
0 0.658545775 0.85367043125 0.6568513328125001 0.8556897906250001 0.664203715625 0.8623099062499999 0.753007590625 0.9005632046875001 0.7973125890625 0.8421847609374999 0.704362015625 0.8017411093750001 0.658545775 0.85367043125
0 0.760815565625 0.7334017625 0.7320256953125 0.82142724375 0.744773353125 0.8306463624999999 0.7931541484375 0.86327961875 0.7937274671875 0.8626428828125 0.821287578125 0.7689975015625 0.76469760625 0.72909031875 0.760815565625 0.7334017625
0 0.6329672609375 1 0.567192409375 0.9769254140625 0.5427273687499999 0.968807996875 0.53749483125 0.9744192046875 0.5167823890625 0.9974227015625001 0.514471490625 1 0.6329672609375 1