0 0.3230910796875 0.019227759375 0.22325292812500003 0.06303814218750001 0.221856303125 0.06425220781249999 0.21907592656250002 0.06794189375000001 0.262435975 0.11613171250000001 0.37062083437500004 0.0719437125 0.37090624375000003 0.0715649625 0.3230910796875 0.019227759375
0 0.27876701718749997 0.12114108906250001 0.276339428125 0.12436260937500002 0.3264871421875 0.1681204859375 0.42830404062499994 0.10734334375000001 0.377371578125 0.06290950468749999 0.27876701718749997 0.12114108906250001
0 0.5528962890625 0.19142830625 0.49438695 0.240825484375 0.5437434109375 0.345142675 0.5456765234375001 0.34659938125 0.548312759375 0.344225703125 0.6009485812500001 0.29423549375 0.5537072265625 0.19232894375 0.5528962890625 0.19142830625
0 0.5607523875 0.21167384218750002 0.5023550078125 0.1628061265625 0.4079338984375 0.2223436828125 0.4047724890625 0.2265390171875 0.4231546984375 0.24196352187499998 0.4660202640625 0.27334630781249997 0.5606992875000001 0.21174430625000001 0.5607523875 0.21167384218750002
0 0.44103992812500004 0.2476973546875 0.46394642812500003 0.2033301671875 0.47670555 0.1782889796875 0.390695246875 0.09203769687499999 0.3859905421875 0.0982810515625 0.38286886249999996 0.1043262 0.3529328890625 0.16307885625000001 0.43830220937500003 0.24630241874999997 0.44103992812500004 0.2476973546875
0 0.5323025593749999 0.30914322968749997 0.5300134937500001 0.31218092343750004 0.5787753703125 0.3719242828125 0.6854574125 0.31985509843750004 0.63568263125 0.26259576562500003 0.5323025593749999 0.30914322968749997
0 0.6124583375 0.3416144234375 0.66836225625 0.444919096875 0.6699802187499999 0.4461383203125 0.7311249984375 0.39240921093750003 0.673605284375 0.286734265625 0.6214633890625 0.3332170765625 0.6124583375 0.3416144234375
1 1 0.5325150140625 0.9330880531249999 0.4978647203125 0.8504797390625001 0.6095449328125 0.852679765625 0.6112027703125 0.922500928125 0.64677843125 1 0.545331415625 1 0.5325150140625
0 0.78034335 0.552780446875 0.8412122140625 0.5978676265625 0.94581788125 0.502935303125 0.9465592203125001 0.5019515125 0.9440351859374999 0.5000495171875 0.8760959140625 0.450713490625 0.7759795359375 0.5439801953125001 0.7733303546875 0.5474957765624999 0.78034335 0.552780446875
1 0.6426117484375 0.450948703125 0.7045509328125 0.49762322656249997 0.8152489671875 0.40437652343749997 0.7545145296875 0.3557068109375 0.6490575328125 0.44239485937499995 0.6426117484375 0.450948703125
1 0.7096807953125001 0.48137545781249996 0.7061543984374999 0.4860551453125 0.7616069484375 0.5440396734374999 0.87902855625 0.46226531875 0.8253848781249999 0.41080750468750005 0.7096807953125001 0.48137545781249996
0 0.1716271421875 0.151805065625 0.22766823593750002 0.2967397578125 0.2309567671875 0.29921784375 0.29379210312500004 0.2456944171875 0.2322752 0.1016268015625 0.21134240937499998 0.11848 0.1716271421875 0.151805065625
1 0.2519084828125 0.1613218203125 0.26905946406250003 0.14587900625 0.2416482953125 0.12102582343749999 0.11742410625 0.1768752890625 0.10038265937499999 0.199490053125 0.1213933375 0.222824775 0.1490964578125 0.25122690937500003 0.149233528125 0.2513302 0.2519084828125 0.1613218203125
0 0.577125671875 0.36584087187500003 0.5118618359375 0.332412625 0.5014031390625 0.3275356546875 0.40789237343750007 0.44428715937499996 0.411555284375 0.4470473609375 0.44928363125 0.4652905609375 0.4767057765625 0.47807771875 0.576944771875 0.36622881406249996 0.577125671875 0.36584087187500003
0 0.24522680000000002 0.309345790625 0.2535756125 0.3182987953125 0.391947640625 0.2565397296875 0.3927823078125 0.2554320875 0.3368949234375 0.1952038984375 0.2052341734375 0.2559633171875 0.20386659062499998 0.2572386109375 0.24522680000000002 0.309345790625
0 0.33870410624999997 0.3799713328125 0.3359530421875 0.3842075984375 0.343880603125 0.3901814453125 0.407861284375 0.42530075156249997 0.5184525828125001 0.32811361250000004 0.4534207421875 0.2869934765625 0.33870410624999997 0.3799713328125
1 0.2667877453125 0.3017183984375 0.26463684375 0.303460165625 0.264047734375 0.3042419390625 0.31145925 0.362790284375 0.4558745046875 0.3110494828125 0.4051952109375 0.2474669046875 0.2667877453125 0.3017183984375
0 0.5165513625 0.392893271875 0.48880923125000003 0.4187632265625 0.5535359453125 0.533818525 0.56154796875 0.54615084375 0.5622658671874999 0.546920696875 0.5668906984375 0.5504057578125 0.62419625 0.49947448593750005 0.550910059375 0.365204553125 0.5503571328125 0.36461161249999996 0.5165513625 0.392893271875
0 0.9357068328124999 0.7526175734375 0.9566240484374999 0.7248594921875 0.8790465515625 0.6336309671875 0.8230853546875 0.69501409375 0.8988717390625001 0.7907614296875 0.9357068328124999 0.7526175734375
1 0.9085651359375 0.6614165 0.84947103125 0.6027486734374999 0.7434085703125 0.672881646875 0.7406759171874999 0.6765080015625 0.7842024078125001 0.7255087765625 0.797549921875 0.7398222328124999 0.9064213609375 0.6642613859375001 0.9085651359375 0.6614165
1 0.7535390796875 0.578328984375 0.6602630484375 0.4846435171875 0.6593003234375 0.48592109843750003 0.6132171015625001 0.55734160625 0.7040941796875 0.6431948578125 0.7113883046875 0.647752734375 0.7535390796875 0.578328984375
1 0.68322693125 0.597210425 0.7618273328125 0.7012139703125 0.7659073234375 0.7042884640625 0.8210384749999999 0.6444048812500001 0.740783821875 0.533541503125 0.7194274171874999 0.55644344375 0.68322693125 0.597210425
1 0.5534044265625 0.4910466828125 0.6233904703125 0.5968943125 0.6276716734375001 0.6001204296875 0.681575125 0.5384173828125001 0.6066226625 0.43217973593750003 0.5622505390625 0.4812220765625 0.5534044265625 0.4910466828125
0 0 0.475824934375 0.137093596875 0.3657444921875 0.071931796875 0.3217385171875 0.0677821125 0.31904367968749997 0 0.38101956718749996 0 0.475824934375
0 0.7248315187500001 0.8756631796875001 0.5831999390625 0.7556700453125 0.5717005562499999 0.7709302421875 0.5665819109375 0.7791217859375 0.5361314046875 0.8319658421874999 0.6751308828125 0.9570949656250001 0.7248315187500001 0.8756631796875001
0 0.0198872953125 0.4016684453125 0.1143699703125 0.5615700828125 0.119357971875 0.5653288125 0.1698371609375 0.514277725 0.07901694218750001 0.34872305 0.0203088296875 0.401261371875 0.0198872953125 0.4016684453125
0 0.385771771875 0.69899365625 0.49175302500000007 0.8426931171875 0.49842426250000005 0.8489141484375 0.5603772921875 0.7888159546875 0.44940746875000004 0.630752725 0.385771771875 0.69899365625
1 0.7492908046875 1 0.7789546374999999 0.9606347640624999 0.79682501875 0.9239950531250001 0.650042640625 0.82165000625 0.6077560046875 0.8981815453124999 0.6037475390625 0.90640011875 0.7463381703125 1 0.7492908046875 1
1 0.23840519062499999 0.445827625 0.072705696875 0.5270056453125 0.068099590625 0.53311815625 0.11655303125000001 0.5888574609375 0.122703003125 0.595769371875 0.29276460000000004 0.50987738125 0.23840519062499999 0.445827625
0 0.507887084375 0.673857159375 0.452581571875 0.613060090625 0.2957963515625 0.6930980124999999 0.2926100578125 0.6973263671875001 0.32821103125 0.7417025234375 0.3488199609375 0.7662632890625 0.511490446875 0.67815148125 0.507887084375 0.673857159375
1 0.5193205984375 0.6924007328124999 0.51768344375 0.69107499375 0.47166615 0.7479016203125 0.45752525625 0.76666721875 0.5781366218749999 0.9032174734374999 0.5828409921875 0.906762471875 0.6352033046875001 0.8321705578125 0.5193205984375 0.6924007328124999
0 0.1716226984375 0.5270188421875 0.2624747125 0.6868702453125 0.266589825 0.68997120625 0.3349103203125 0.6264953 0.2385976828125 0.4623287875 0.1951798796875 0.5034616609375 0.1716226984375 0.5270188421875
1 0.26892525156249997 0.5611009140625 0.2472687625 0.5835268640625 0.33962286875 0.7391361640625 0.3450150546875 0.74319946875 0.40515611875 0.6732007062500001 0.3944094734375 0.6561528 0.306857684375 0.5225450625 0.26892525156249997 0.5611009140625
1 1 0.3255193609375 0.9577591921874999 0.26242584999999996 0.9406304234375 0.28079420625 0.9053835187500001 0.3210377796875 0.96089304375 0.3973215671875 0.966745790625 0.40173192812499997 1 0.3648557765625 1 0.3255193609375
0 0.9169773984375 0.2366893375 0.832181028125 0.2876564046875 0.8295028640625001 0.29121045 0.837332384375 0.29903996875 0.8831753765625001 0.34247751875 0.9708930812500001 0.28676280625 0.9169773984375 0.2366893375
0 0.8951013296875001 0.249549396875 0.8263326015624999 0.1733908328125 0.82077615625 0.18076448437499998 0.7856734125 0.24186110312500003 0.8502733484375 0.31234567968750004 0.85197191875 0.31349137968749996 0.8951013296875001 0.249549396875
0 0 0.6972051015625 0.1396057234375 0.632949765625 0.13993466875 0.632513240625 0.0836018 0.566172984375 0 0.601359315625 0 0.6972051015625
0 0.1188260421875 0.6030082609375 0.0016907968749999998 0.744072934375 0.00022337968750000002 0.74736880625 0.0644949078125 0.77722130625 0.08424264375 0.7860135640625 0.1994271 0.64407586875 0.1207943171875 0.6038845921875 0.1188260421875 0.6030082609375
0 0.2036625015625 0.6659062140625001 0.0677709984375 0.794490528125 0.0731229578125 0.7985235187499999 0.09709940781250001 0.8129300234375 0.15179143281250002 0.8441182484375 0.28099403125 0.7088195749999999 0.2036625015625 0.6659062140625001
0 0.53964770625 1 0.588333440625 0.9367219671875 0.50983650625 0.8937962203125001 0.419506584375 1 0.53964770625 1
0 0.4044921171875 1 0.5161728953125 0.8935107171875 0.5169526249999999 0.89235471875 0.48176829374999997 0.8682315703124999 0.4360723484375 0.837409265625 0.2995319125 0.9715982859375 0.298883671875 0.9725593437500001 0.303508503125 0.9760444046875 0.339024134375 1 0.4044921171875 1
0 0.368359775 0.7818950765625 0.223214346875 0.89067378125 0.21613045937500003 0.90007441875 0.222562246875 0.9056654875 0.287780346875 0.9602046984375001 0.4438968390625 0.8475584453125 0.368359775 0.7818950765625
0 0.154094375 0.7843526375 0.290604178125 0.922787296875 0.2948413578125 0.9254349812499999 0.3461375203125 0.8433439578125 0.20473811875 0.7053892671875001 0.1719565078125 0.755767246875 0.154094375 0.7843526375
0 0.5878482 0 0.57173635 0.014015915625 0.5438029156249999 0.0391672921875 0.5912228374999999 0.13245032031249998 0.5964460625 0.1363863015625 0.64734665 0.0932541015625 0.6028067359375 0 0.5878482 0
0 0.7223831578125 0.18992344218749999 0.7745215937500001 0.25883706875 0.7823686453125 0.2647502453125 0.82365528125 0.21371267343749997 0.7701095515625 0.1339830140625 0.7440976125 0.164045165625 0.7223831578125 0.18992344218749999
0 0.4865107625 0 0.532678021875 0.093276703125 0.535272328125 0.0961579734375 0.5354846796875 0.0963179921875 0.5787026984375 0.0541222703125 0.5588316671875 0 0.4865107625 0
0 0.58857685 0.1252381625 0.647114234375 0.16592897812500002 0.727621975 0.0951899421875 0.6628412203125 0.05691126875 0.59219878125 0.11944186406249999 0.58857685 0.1252381625
0 0.735485084375 0.22301317968749998 0.7673068671875 0.160040115625 0.699101696875 0.0903896109375 0.695351146875 0.095366759375 0.6708064296875 0.14152865625 0.6638790296875 0.15565331875 0.731948221875 0.22113259687500003 0.735485084375 0.22301317968749998
1 0.4074926109375 0 0.45964799687499996 0.035728753125 0.46476292968750005 0.038924917187500005 0.5127268046875 0 0.4074926109375 0