0 0.44940409531250003 1 0.4414333015625 0.94314175 0.32654811875 0.9191776265625 0.3369599375 0.9895608640625 0.3943603109375 1 0.44940409531250003 1
0 0.4119982984375 0.8252075390625 0.411992146875 0.82518286875 0.3455430140625 0.8403928546874999 0.334866284375 0.9584883625 0.40075136406249995 0.943400690625 0.4119982984375 0.8252075390625
0 0.279473084375 0.602932978125 0.284203753125 0.719668428125 0.29382211406250003 0.7172703015625 0.35669463125 0.6937340984375 0.3530306640625 0.5815884015624999 0.352598865625 0.580334365625 0.279473084375 0.602932978125
0 0.403193571875 0.7705176234375 0.3848895203125 0.6971040828125 0.26957273593750003 0.6895127171875 0.293924871875 0.765400071875 0.4014850984375 0.7709435953125 0.403193571875 0.7705176234375
0 0.393624078125 0.736008440625 0.34632648125 0.7520113328125 0.31975326718749997 0.761161225 0.321729203125 0.8842283328124999 0.3229275140625 0.8839295609375 0.3358748671875 0.8795500359374999 0.3982220296875 0.8580821859375 0.394624421875 0.738913653125 0.393624078125 0.736008440625
0 0.3551957578125 0.51988064375 0.2767830765625 0.5188144 0.24823947031250002 0.633432871875 0.2483813796875 0.634002040625 0.3239542984375 0.6326829093749999 0.35529931875 0.521616590625 0.3552745328125 0.520196590625 0.3551957578125 0.51988064375
0 0.3400421734375 0.54954396875 0.34057778125 0.5494104265625 0.34157040781250003 0.46741695625 0.2245504171875 0.4394520953125 0.22414343906249998 0.5215485578125 0.3400421734375 0.54954396875
1 0.1783105328125 0.2527468328125 0.2587242046875 0.2332590515625 0.2592201421875 0.23313540000000002 0.2486354953125 0.0989494703125 0.24711923750000003 0.09286809375 0.16946437812499998 0.113015821875 0.1783105328125 0.2527468328125
0 0.25439098125 0.1667054265625 0.25383686562499996 0.1668435828125 0.17925045312500001 0.2039849640625 0.215975534375 0.3389271859375 0.22388324843750002 0.336955571875 0.2661832796875 0.31632446718749996 0.29452887968749997 0.3018731484375 0.257905428125 0.17391110625 0.25439098125 0.1667054265625
1 0.36067506875 0.43085757031250005 0.364676075 0.42873019843750004 0.364201478125 0.4268266921875 0.32803711406249997 0.358811415625 0.18819006875 0.396569071875 0.222665453125 0.46634629375000003 0.36067506875 0.43085757031250005
1 0.27752200312499997 0.4063758359375 0.3105871296875 0.2699195515625 0.3103322296875 0.26889719843750004 0.2284104375 0.267068659375 0.20332405156250002 0.40725078281249993 0.23545253281249998 0.40725078281249993 0.27752200312499997 0.4063758359375
0 0.550193625 0.9729103015625 0.5685649984375 0.8202100609375 0.5672290265625 0.8148517703125 0.486406746875 0.8326579484375 0.4730873 0.9887425406249999 0.4994819546875 0.9836893999999999 0.550193625 0.9729103015625
1 0.5613922812500001 1 0.6187300921875 0.9857040781249999 0.6172548531250001 0.9681432859375001 0.4592078953125 0.914364396875 0.4588436171875 0.9144552218750001 0.4607642703125 1 0.5613922812500001 1
0 0.478215903125 0.49070157812500004 0.405820159375 0.5144961484375 0.411441378125 0.6653998515625 0.41274949687499995 0.6650737015625 0.44798652499999997 0.6543823828125 0.492521846875 0.6390476406250001 0.4789347609375 0.49278929531250004 0.478215903125 0.49070157812500004
0 0.5948005968750001 0.8423123390624999 0.5694052953125001 0.7808232828125 0.563847684375 0.7699158578125 0.41269933437499995 0.791299515625 0.4124314203125 0.7914360265625 0.44982647187499997 0.8652763531250001 0.5931344734375 0.8431612703125 0.5948005968750001 0.8423123390624999
0 0.4237884296875 0.60220545 0.4320788765625 0.7456020375 0.4496211453125 0.7412282578125 0.504709009375 0.7222599859375001 0.5020555203125 0.573917346875 0.5004603265625 0.5692845703125 0.4237884296875 0.60220545
1 0.5772209703125 0.764233775 0.5785963015625 0.7635629828125 0.5760511968750001 0.7533551203125 0.547432578125 0.69467825625 0.395079528125 0.7126065796875001 0.43015694687500006 0.785959903125 0.5772209703125 0.764233775
0 0.347204146875 0.449417884375 0.3563079640625 0.5277450671875 0.4991219046875 0.543697946875 0.5088462515625001 0.5412733937499999 0.503645378125 0.48080134531249996 0.5011780296875 0.4632452515625 0.368704059375 0.450164603125 0.347204146875 0.449417884375
0 0.4158708578125 0.0915307828125 0.41383944531249994 0.083383234375 0.4080272671875 0.07213017656250001 0.377743715625 0.0151751 0.36572824375 0.01817089375 0.2429154921875 0.068732134375 0.28400135312499997 0.140922825 0.41307765625000004 0.0930159546875 0.4158708578125 0.0915307828125
1 0.2817034421875 0.12124765312500001 0.295022140625 0.20341254687500002 0.42077216875 0.20895929375 0.426381359375 0.20756076562499998 0.4199821453125 0.1424614703125 0.4175970171875 0.12303616875000001 0.28594058125 0.12019121562499999 0.2817034421875 0.12124765312500001
1 0.42446934374999995 0.2506266078125 0.3495623953125 0.282015996875 0.369975715625 0.4127529890625 0.45074918906250006 0.3814743328125 0.42769136406249997 0.2586013859375 0.42446934374999995 0.2506266078125
1 0.4576159609375 0.278337334375 0.45364612343750005 0.262415184375 0.43211038906250004 0.1998708765625 0.296644971875 0.2186706671875 0.3266136140625 0.2992737671875 0.4576159609375 0.278337334375
1 0.4906475046875 0.4502468171875 0.4953132375 0.448908940625 0.4897272390625 0.426504728125 0.4725722171875 0.369897828125 0.34275883125 0.377163746875 0.36444662499999997 0.45349094375 0.4906475046875 0.4502468171875
0 0.777535190625 0.7775525125 0.77174196875 0.7783666984375001 0.7526009765625 0.9447619265625 0.7526953671875 0.945140503125 0.8185329078124999 0.935887640625 0.82467140625 0.934357140625 0.8541733453125 0.7709974171875 0.8541303062500001 0.7706911796875 0.85352559375 0.76826580625 0.777535190625 0.7775525125
0 0.53350006875 0.1701071015625 0.7123250343749999 0.2048475609375 0.7148131703125 0.2048909921875 0.7164591171875 0.2044806109375 0.7175239921875 0.143474059375 0.717753428125 0.11037528593749998 0.5318521765625001 0.0800262515625 0.53350006875 0.1701071015625
0 0.890213028125 0.8143092234375 0.8730374921875 0.757512815625 0.8669341109375001 0.7397873109375 0.6764129875 0.7583941828125 0.7022031078125 0.8280290171875 0.8851831515624999 0.8160411484375001 0.890213028125 0.8143092234375
0 0.7758919 0.36351484218749996 0.761244896875 0.30071874374999996 0.7551144437499999 0.2793393140625 0.5628344984375 0.2930247875 0.5890669015625 0.382687284375 0.7681806375 0.3657260109375 0.7758919 0.36351484218749996
1 0.6072133546875 0 0.49674291562499995 0.0229138328125 0.524397528125 0.1101863375 0.6978515390625 0.0792470171875 0.7062764234375 0.0763460953125 0.6845047203125 0.0008056906250000001 0.6842272984375 0 0.6072133546875 0
1 0.7200724640625 0.601052325 0.7237422359375 0.7920468953124999 0.7672479234375 0.7811997093749999 0.8070679796875 0.7692822390625 0.8012441750000001 0.5836248875 0.799965040625 0.579164015625 0.7200724640625 0.601052325
0 0.6806164328125 0.5066257671875001 0.7217501671875 0.5066257671875001 0.7582647765625 0.328067271875 0.7575990828125 0.3253973234375 0.671045715625 0.328861521875 0.6307487078125 0.504021203125 0.6307487078125 0.5055276265625 0.6806164328125 0.5066257671875001
1 0.565189609375 0.2869841078125 0.7538230609375 0.27890209062500004 0.754602321875 0.2787078 0.7292987531249999 0.190065490625 0.5461935015625 0.1921812484375 0.5455832796875 0.19233339375 0.565189609375 0.2869841078125
0 0.8036592265625 0.6672060671875 0.7633740015625 0.48715543125 0.76128203125 0.4832210109375 0.6765905984375 0.5243355796875 0.7206971906249999 0.709487884375 0.774243928125 0.682846459375 0.8036592265625 0.6672060671875
1 0.6378120078125 0.542529290625 0.6577792734375 0.5452550656249999 0.8130156156250001 0.5636658156250001 0.8162893390624999 0.562849584375 0.8082901843749999 0.47927032187499996 0.6234269625 0.44896178593749997 0.6224533796875 0.4490641125 0.6378120078125 0.542529290625
0 0 0.22774839375 0.0424466421875 0.22438008593749997 0.054490089062500004 0.22137731718749998 0.0440634234375 0.176214459375 0.0374616828125 0.1497363265625 0 0.151541184375 0 0.22774839375
0 0 0.301902659375 0.0658918234375 0.30227190312499996 0.07215278124999999 0.300710871875 0.0574481015625 0.2250618546875 0 0.2257893609375 0 0.301902659375
0 1 0.755096359375 0.9327229921875 0.7566352828125 0.9296642765625001 0.756902884375 0.9418870578125 0.8966099203125 0.9419811890625001 0.8969874593749999 0.9921610031249999 0.8925972953124999 0.9930070578124999 0.89238635 1 0.8569082546875 1 0.755096359375
1 0 0.3711926046875 0.08761227187500001 0.3838144125 0.092149615625 0.382683125 0.08305234375000001 0.3062418765625 0 0.2975747234375 0 0.3711926046875
0 0.0989792875 0.35771778125 0.028292628125000004 0.36654233281250004 0.012200724999999999 0.4682354015625 0.0122391359375 0.4683894609375 0.0376120890625 0.46616961718749994 0.08760355625 0.46043551875000005 0.1004722046875 0.3637055453125 0.0989792875 0.35771778125
0 0.036043070312499995 0.44530200937500003 0.039800815625 0.5487168578125 0.042680296875 0.547998921875 0.1149277765625 0.5215304921875 0.11074796875 0.4260121359375 0.11018323125 0.4240426609375 0.036043070312499995 0.44530200937500003
0 1 0.5955193484375 0.9256843328125001 0.6064088828124999 0.8960124890625 0.7901214265625 0.8962367062500001 0.7910207125000001 0.988501 0.7780538109374999 1 0.688104965625 1 0.5955193484375
0 0.9420753875000001 0.6899187421875 0.9675710953125 0.6854231609375 0.9856991953125 0.5039655515625 0.9848954515624999 0.5007419093750001 0.8938085046875001 0.515309375 0.8778197921875 0.6958895015625 0.878136740625 0.69768700625 0.9420753875000001 0.6899187421875
0 1 0.66846748125 0.9225551734374999 0.7039434171875001 0.95734279375 0.9012784484375 0.9687498437500001 0.8984343515625 1 0.8825116015625 1 0.66846748125
0 1 0.4805132875 0.81980760625 0.43997221406250003 0.8228523609374999 0.5283602875 1 0.5777628781249999 1 0.4805132875
0 0.9239766171875001 0.162105009375 0.927565865625 0.1610076640625 0.9218456796875 0.1380652546875 0.9000881671875 0.06689963593750001 0.7086228296875 0.095259975 0.73527006875 0.1806667265625 0.9239766171875001 0.162105009375
0 0.7487554953125 0.2455627609375 0.7754778453125 0.2937711609375 0.9501543937499999 0.238687909375 0.9411979031250001 0.20276539062499999 0.9133401343750001 0.1525086453125 0.7295772625 0.2074195140625 0.72835770625 0.20809552656250002 0.7487554953125 0.2455627609375
0 0.925251384375 0.21631175156250002 0.8279490015625001 0.22653864375000002 0.807542384375 0.41591112656250007 0.8082412 0.418713928125 0.8288555437499999 0.416547271875 0.9033805812500001 0.4072704359375 0.9267195828125001 0.2222003703125 0.925251384375 0.21631175156250002
0 0.9892468624999999 0.4842990875 0.99069578125 0.4012905375 0.9870039625 0.386483459375 0.7989687359375 0.3420562640625 0.7956137671875 0.43566688906250006 0.987096425 0.48483525156249996 0.9892468624999999 0.4842990875
0 0.7373936765625 0 0.7709607203125 0.140629946875 0.8403070546875 0.11735438125 0.8634480765625 0.1089317375 0.8402995687500001 0 0.7373936765625 0
0 0.1900752796875 0.8195616343750001 0.1759047015625 0.7123594640625 0.17427143125 0.7086910796875 0.10837144375 0.7366917234375 0.125767003125 0.8471936484375 0.15388394375 0.8356750546875 0.1900752796875 0.8195616343750001
0 0.1320383265625 0.6010244890625 0.1348879015625 0.5146567609375 0.13251088125 0.50512305 0.068306153125 0.518804171875 0.059743500000000005 0.6144631734375 0.09887729843750001 0.6074703375 0.1320383265625 0.6010244890625
0 0.23624240468750002 0.87174345 0.24102562968750002 0.8693062765624999 0.2404571984375 0.8670264265625001 0.21223891250000002 0.8167713703124999 0.0960899171875 0.8272615312499999 0.130966459375 0.8928428921875 0.23624240468750002 0.87174345
0 0.1974249703125 0.7275183578125 0.201886478125 0.7252451078125 0.2007533421875 0.720700346875 0.168001459375 0.6601808921875 0.068335359375 0.678678646875 0.0983725328125 0.7455273109375 0.1974249703125 0.7275183578125
0 0.0693845484375 0.6529680828125 0.162260571875 0.6806568453125 0.1629983890625 0.6806439656250001 0.1644510265625 0.6802817828125 0.16380259375 0.6431330453124999 0.1619713328125 0.6066620515625 0.066642690625 0.5813166609375 0.0693845484375 0.6529680828125
0 0.26320973593749997 1 0.26079142499999997 0.9895251437500001 0.25231466875 0.959591790625 0.1408305140625 0.9394683781250001 0.1398159859375 0.9397026 0.1537367375 1 0.26320973593749997 1
1 0.128477334375 0.8712187515625001 0.12836820468750001 0.8712459593749999 0.1386386484375 0.9392594671875001 0.1396151234375 0.9442829921874999 0.2469063625 0.9592454453125001 0.25419195 0.9574289437499999 0.2456360265625 0.9083072281250001 0.24354176249999998 0.8975331734375 0.21849265624999997 0.8914526374999999 0.128477334375 0.8712187515625001