0 0.1993641484375 0.8139033437500001 0.17653322968750002 0.749734371875 0.1701693515625 0.751321065625 0.0853271890625 0.8219649734375001 0.10706252499999999 0.8816179203125 0.108594275 0.8856082609374999 0.1993641484375 0.8139033437500001
0 0.26797775625 0.7418643953124999 0.1566695953125 0.782742690625 0.15917650781249998 0.8508731656249999 0.270456496875 0.8094094734375 0.26797775625 0.7418643953124999
1 0.3979616015625 0.711594165625 0.399795228125 0.7827223984375 0.40122725 0.7884659203125 0.511078634375 0.7491780390625 0.5046383046875 0.6729114046875 0.503313828125 0.6729808187499999 0.3979616015625 0.711594165625
0 0.4195773984375 0.68767955625 0.41602460781249995 0.6882422625 0.315484809375 0.7389545359375 0.3250782234375 0.7995249640625001 0.3285912359375 0.8136148921874999 0.42713026562499995 0.765659865625 0.4202776734375 0.6904882031249999 0.4195773984375 0.68767955625
0 0.3548243828125 0.7753169953125 0.3475504328125 0.748170246875 0.334550725 0.7006741828124999 0.329689121875 0.7018863171875 0.2309344984375 0.7642460015625 0.23626359218749998 0.7856198265625001 0.24766052656249998 0.828153765625 0.25149453906249997 0.84215745 0.25265957656250004 0.841866975 0.3548243828125 0.7753169953125
0 0.46630031718750004 0.6985284546874999 0.4756524921875 0.7575757656250001 0.4794695375 0.772885096875 0.5866301046875 0.72520998125 0.571950134375 0.648101725 0.570236284375 0.648373171875 0.46630031718750004 0.6985284546874999
0 0.5349608124999999 0.6595962515625 0.6048436140625 0.7537631734375 0.6802547875 0.72131090625 0.6087896421875 0.6245201781249999 0.5343591171875001 0.657182978125 0.5349608124999999 0.6595962515625
1 0.9972168 0.5934194921875 0.9615758609375 0.521794584375 0.9594517 0.5223241984375 0.9572036609374999 0.52346963125 0.8476735828124999 0.60448751875 0.8859568687499999 0.6784150062500001 0.9972168 0.5934194921875
1 0.8757780984375 0.5399657015625 0.8747755625 0.540454671875 0.7658161515625 0.6218939406249999 0.80303401875 0.698201878125 0.8037960140625 0.6980118921875 0.9166865968750001 0.6159060109375 0.8807225828125 0.538732903125 0.8757780984375 0.5399657015625
1 0.6951371828124999 0.7323623078125 0.73215919375 0.711840671875 0.76503803125 0.6932847921875 0.6651803328125 0.5846105140625 0.6556071140624999 0.589917034375 0.5999107875 0.62299635 0.600474040625 0.6252554375 0.60275080625 0.6293628296875 0.6951371828124999 0.7323623078125
1 0.76435168125 0.56637400625 0.69805613125 0.5778354296875 0.6926313359375 0.5791879843750001 0.694115215625 0.58682188125 0.7427234968749999 0.7124926453125 0.8232798640625001 0.69495994375 0.76435168125 0.56637400625
0 0.212537040625 0.665488446875 0.187359759375 0.5860016359375 0.1839062578125 0.5868626906250001 0.0591815015625 0.6803735671875 0.0752023640625 0.729680709375 0.08402354375 0.7550657203125 0.212537040625 0.665488446875
0 0.0808136828125 0.7579126656249999 0.11755396250000001 0.76229498125 0.11795674687499999 0.739219575 0.1185262109375 0.6026529546875 0.07874797812499999 0.6003689750000001 0.0418938609375 0.599725684375 0.0341860984375 0.6016474453125 0.0341572375 0.60330085 0.0808136828125 0.7579126656249999
0 0.4700554375 0.65831081875 0.5371586171875 0.6296589828125 0.5368746671875 0.6285201265625 0.4451461 0.5105481968750001 0.41689876718749996 0.5213913328124999 0.37431342343749996 0.53842914375 0.3748094875 0.54041875 0.4592820171875 0.662446346875 0.4700554375 0.65831081875
0 0.23472188125 0.5699284796875 0.1569731671875 0.5726435249999999 0.1522289296875 0.5738263953125 0.20657567656250003 0.715792896875 0.28478979375 0.706799765625 0.2847515546875 0.7057047515625 0.23472188125 0.5699284796875
0 0.3037324984375 0.6220182140625 0.337076015625 0.6903825546875 0.33838849843749996 0.690055315625 0.44584336562500004 0.5943463296875 0.415321696875 0.5178920046875 0.41037285468749995 0.5191258890625 0.3037324984375 0.6220182140625
0 0.2409693078125 0.7011542890625 0.3707097359375 0.621348875 0.3507019390625 0.5436655234375001 0.347670865625 0.5444212546875 0.22239915156249998 0.6266734578125 0.2409693078125 0.7011542890625
0 0.46539324843749996 0.6206085171875 0.4844455015625 0.6169088781250001 0.614181071875 0.583020546875 0.6084291281249999 0.5024692046875 0.604392575 0.5025396625 0.46126225156249995 0.5418937578125 0.4621445859375 0.59244269375 0.46316379375 0.6170645828125 0.4640532265625 0.6206319078125 0.46539324843749996 0.6206085171875
0 1 0.48306421562499996 0.982181259375 0.377973884375 0.9160244687500001 0.38260001718750003 0.9015087765625 0.38378928125 0.8953520906250001 0.385324315625 0.895636028125 0.3893848203125 0.9234087171875001 0.5242345078125 1 0.5210852906250001 1 0.48306421562499996
1 0.9262177156250001 0.5300230203125 0.8881571875000001 0.399340596875 0.8687764703124999 0.40206437968750003 0.8059072765625 0.4124564125 0.8033005421875 0.4131063453125 0.8038359375 0.4169158828125 0.84224428125 0.5385417734375 0.9262177156250001 0.5300230203125
0 0.731438796875 0.4422958265625 0.6246007062500001 0.5024265375 0.6255080453125 0.506065675 0.6522335 0.58442929375 0.6526976515625 0.5843135671875 0.7655518109375 0.5161671359375 0.741791978125 0.43971448906250005 0.731438796875 0.4422958265625
1 0.7503737703125 0.5558103234375 0.8351949484375 0.5549152203125 0.8363017046874999 0.5546392734375 0.8053676984375 0.42169778906250005 0.7253400203125 0.42449241718749997 0.7227873765624999 0.4251288625 0.7503737703125 0.5558103234375
0 0.6817715953125 0.5344769296874999 0.6602356609375 0.46004876250000004 0.65331346875 0.46177465937499995 0.545778290625 0.5208837828124999 0.56697231875 0.5992133187500001 0.5676982578125 0.601744965625 0.6817715953125 0.5344769296874999
0 0 0.46196972656249996 0.1207046375 0.3916135921875 0.10914855625 0.3216061703125 0.10359584531249999 0.3227864359375 0 0.3745776421875 0 0.46196972656249996
0 0.6622430265625 0.21513811718750003 0.6726066281249999 0.26869383125 0.6811356359375 0.3029018125 0.85488895 0.235256221875 0.835371053125 0.1464627546875 0.8342906890625 0.1421296515625 0.6622430265625 0.21513811718750003
0 0.053338756249999994 0.3037914 0.033805478124999996 0.30945688125 0.036224104687499994 0.31915746093749997 0.12348332343749999 0.4749595140625 0.19593031562500002 0.45866307968750003 0.1084479890625 0.290051125 0.053338756249999994 0.3037914
0 0.47522981406250003 0.219808721875 0.5950821187499999 0.3630038671875 0.6706192609375 0.31784832500000004 0.55364094375 0.17126215 0.47372081093749996 0.21375643906250003 0.47522981406250003 0.219808721875
1 0.9384072765625 0.22729384062500002 0.9369567046875 0.1857548703125 0.9248159093749999 0.1370608015625 0.75486571875 0.16483592656249998 0.7551848390625 0.17397435781249998 0.7626874203125 0.261088921875 0.9384072765625 0.22729384062500002
0 0.30500827343750003 0.3385715625 0.27285828125 0.260331371875 0.267445434375 0.261680946875 0.1198646421875 0.3765663703125 0.1337920859375 0.40937737343749997 0.15325896562500002 0.45376934375 0.30500827343750003 0.3385715625
0 0.573008828125 0.29053532656250003 0.5554834921875 0.20596833124999997 0.5485172546875 0.20770520937499998 0.3882584234375 0.2843420765625 0.398209575 0.3242539625 0.411339190625 0.37237473906249996 0.41280086718750003 0.372010303125 0.573008828125 0.29053532656250003
1 0.752650253125 0.17637473125 0.752385375 0.1753123578125 0.5681086625 0.216322990625 0.572915696875 0.30804668125 0.5740536765625001 0.312610865625 0.5752610921875 0.3125475875 0.7511668125 0.26758556875 0.752650253125 0.17637473125
1 0.37690398125 0.4194698671875 0.32036510625000003 0.238923121875 0.2911880171875 0.23994200625 0.22857776406250002 0.24382407343749998 0.22873539375 0.24833800468749997 0.281789946875 0.42629629687500004 0.37690398125 0.4194698671875
1 0.33810271875 0.40458419375 0.34084213281250003 0.40996059531249995 0.47986330625000007 0.283412828125 0.4416898015625 0.21018527812499999 0.43600691718749995 0.2116021796875 0.3176963671875 0.3100474828125 0.3024349734375 0.32320846406250003 0.33810271875 0.40458419375
0 1 0.7618234140625 0.9618426515625 0.7687176734375 0.9618426515625 0.8410148187500001 0.962633534375 0.8441868734375 1 0.8386271765625001 1 0.7618234140625
0 0.8838468609374999 0.794136109375 0.8945704015624999 0.8618418859375 0.89656178125 0.869828871875 0.9890215578125 0.8374961765625001 0.9761118484375 0.760944828125 0.9715014375000001 0.7616750453125001 0.8838468609374999 0.794136109375
0 0 0.270964653125 0.0561352828125 0.2580048015625 0.0677501578125 0.2551088890625 0.06710646406250001 0.2523207421875 0.0422536265625 0.16942736249999998 0.039108134375 0.17015355625 0 0.19196594843749998 0 0.270964653125
1 0.81047914375 0.7833036250000001 0.8297136796875 0.8826483328125001 0.9084849453125001 0.885105721875 0.8847614359374999 0.783943153125 0.812736903125 0.782740703125 0.81047914375 0.7833036250000001
0 0.806377225 0.800536365625 0.7374738375 0.8015995234375 0.736998359375 0.8016244421875 0.734499040625 0.8022475921875 0.73485418125 0.8090240828124999 0.7607109140625 0.901770271875 0.8303210062499999 0.9000001328125 0.8340876546875 0.89980273125 0.836525 0.8991950328125 0.806377225 0.800536365625
0 0.73603135625 0.8066965453125 0.659678553125 0.8572225953125001 0.6815666921875 0.934167025 0.7677159578125 0.8762356859375 0.7418754421875 0.80523945 0.73603135625 0.8066965453125
0 0.047445506250000005 0.2802009984375 0.20728579531250002 0.1834945484375 0.1869360953125 0.0997864609375 0.18284564375 0.100806325 0.024815021875000003 0.18943508281250002 0.047445506250000005 0.2802009984375
0 0.1650942578125 0.26800645 0.16670584375 0.26714955625000003 0.2991612921875 0.1433740515625 0.254252725 0.0620682 0.253269828125 0.0623132640625 0.1196970140625 0.1899808421875 0.131851171875 0.2128394875 0.1650942578125 0.26800645
0 0 0.2475263015625 0.048457346875 0.3052709828125 0.1277038328125 0.267661603125 0.12760443906250002 0.2674274421875 0.0025812515625000003 0.1135914734375 0 0.11463845937499999 0 0.2475263015625
0 0.21993107968749998 0.0775176640625 0.1963653625 0.0895249953125 0.1971738125 0.0927675140625 0.3138580796875 0.2334156921875 0.40218915468749994 0.19091615625 0.2745448078125 0.0520194328125 0.21993107968749998 0.0775176640625
0 0.6552001140625 0 0.5773573812499999 0.037253340625 0.606313890625 0.13196581406250002 0.7777183609375 0.039356209375 0.7659319859375 0 0.6552001140625 0
0 0.48966969843749997 0 0.4897207609375 0.00020480156249999998 0.586805909375 0.1650382734375 0.6389222015625 0.1470931953125 0.679018996875 0.132945040625 0.6786657968750001 0.131528428125 0.5984966234375 0 0.48966969843749997 0
0 0.532334071875 0 0.389292571875 0.09703003125000001 0.42675541875 0.18975383125 0.42692348750000003 0.1897119265625 0.583344796875 0.0794196375 0.553010475 0 0.532334071875 0
0 0.3638504734375 0.018639074999999998 0.3055545890625 0.033173871875 0.3868003640625 0.21226992656250002 0.47840625000000003 0.1927106125 0.40040350468749997 0.0115338859375 0.3638504734375 0.018639074999999998
0 0.70611411875 0 0.776783871875 0.11961403906250001 0.84901235 0.09112369218750001 0.8725024453125 0.080665228125 0.822091653125 0 0.70611411875 0
0 0.48574516875 0.9689645453125 0.4158640171875 0.8810173578124999 0.380004996875 0.895505340625 0.3535208875 0.9071435625 0.354727625 0.9119835265624999 0.355264115625 0.9133113875 0.41873758906249997 0.9973793609375001 0.48574516875 0.9689645453125
0 0.6769253203125001 0.8350043265625 0.67606888125 0.8315693375000001 0.6690720390625 0.832552678125 0.5861024078125 0.8642186187500001 0.590803909375 0.8976715499999999 0.595697175 0.929031275 0.5975973453125001 0.9366524421875001 0.6845924078125 0.8977102546875001 0.6769253203125001 0.8350043265625
0 0.3796097625 1 0.41608030156250003 0.9876655296875001 0.3482060640625 0.8964954203125 0.34417201875000003 0.8979633484375 0.2800709671875 0.9225694375 0.28045353125 0.9241038156249999 0.3508308109375 1 0.3796097625 1
0 0.5081491437500001 0.8660673515624999 0.44102506249999995 0.8738085390625001 0.435358625 0.875221340625 0.4361128890625 0.88058820625 0.4781749640625 0.9720567234375 0.550162796875 0.9583189171875001 0.5081491437500001 0.8660673515624999
0 0.5327478718750001 0.8628954453125001 0.49935291875 0.8784677671875001 0.49999878437499995 0.88105819375 0.5652983468749999 0.95206921875 0.63090016875 0.9231236671874999 0.56633055625 0.8485535390625 0.5327478718750001 0.8628954453125001
0 0.2621211359375 1 0.2104857546875 0.93445844375 0.1800765765625 0.9410267703124999 0.1422686953125 0.9511573625 0.142453615625 0.9518990359374999 0.17986971875 1 0.2621211359375 1
0 0.3385207609375 1 0.35228524375000003 0.992950459375 0.2702379375 0.9107284421875 0.264816934375 0.9133724421875 0.20670930625 0.9448079953124999 0.20743287968750002 0.9477100921874999 0.2690224234375 1 0.3385207609375 1
0 0.1976533171875 1 0.194564315625 0.9902771546875 0.177059203125 0.936401953125 0.167151278125 0.9388722765624999 0.09953490000000001 0.9606049593750001 0.10147833749999999 0.968399659375 0.1280014 1 0.1976533171875 1