0 0.27272890625 0.10970754687499999 0.1734167625 0.053959167187500004 0.170416959375 0.060109678124999996 0.1588348140625 0.11958448125000001 0.255212771875 0.176997359375 0.259965128125 0.178007503125 0.27272890625 0.10970754687499999
0 0.2230685984375 0.14693879375000002 0.317561465625 0.21857425937500002 0.33968016562500003 0.1547052953125 0.24538539374999999 0.0825182484375 0.2230685984375 0.14693879375000002
0 0.51457288125 0.20483008281249998 0.42761943437500005 0.281276028125 0.4267305453125 0.2830985203125 0.43004217968749997 0.2851678609375 0.49260425 0.3219854921875 0.5784912703125 0.247663165625 0.51457288125 0.20483008281249998
0 0.482792303125 0.21636504531249998 0.38623807499999996 0.162953503125 0.385252128125 0.16497499531249998 0.3699022046875 0.23719070625 0.467650140625 0.293095325 0.4716023 0.2939353828125 0.482792303125 0.21636504531249998
0 0.27638742656250004 0.2170928078125 0.348673540625 0.2523491015625 0.4310803234375 0.16481183593749998 0.3603151390625 0.1298267109375 0.276976378125 0.21588527812499997 0.27638742656250004 0.2170928078125
0 0.631310390625 0.3052702375 0.54465133125 0.224504578125 0.5444338421875 0.2243985015625 0.5088496859375 0.29132256875 0.58998858125 0.3717847515625 0.5925379515625 0.3730281625 0.631310390625 0.3052702375
0 0.6557708296875 0.41580770312500004 0.6567351 0.4165082875 0.656848259375 0.41656347812499994 0.7063628609375 0.3515286765625 0.63030225625 0.25899780781250004 0.5800043046875001 0.32409078125 0.6557708296875 0.41580770312500004
1 1 0.4489699546875 0.9443844390624999 0.415052253125 0.860085590625 0.513789034375 0.8559322265624999 0.5223046921875001 0.9234354093749999 0.5628646984375 1 0.47595051875000005 1 0.4489699546875
0 0.928629159375 0.40364199375 0.8479132125 0.3805178921875 0.7857336828125 0.5024017453125 0.7849089140625 0.5050994421875 0.793938696875 0.5095035609375 0.8654629359375001 0.530728475 0.9312913406250001 0.40574402656249997 0.931651496875 0.4045660125 0.928629159375 0.40364199375
1 0.732067984375 0.46541967343749996 0.7372116015625 0.46792838281250004 0.7814219375 0.406419140625 0.6826097140625 0.29828549843749996 0.637801409375 0.36471654375 0.732067984375 0.46541967343749996
1 0.8565384984375 0.4169865890625 0.7359644875 0.3441195859375 0.72840284375 0.3596232515625 0.723143553125 0.3733241703125 0.7088840359375 0.41291295781250004 0.8252836921875 0.4932746 0.8565384984375 0.4169865890625
0 0.1994702859375 0.353421865625 0.2471860828125 0.29270333437499996 0.15791623906250002 0.1610489890625 0.1572590421875 0.160728453125 0.10656665624999999 0.227999521875 0.196496221875 0.35122209375 0.1993147390625 0.353346 0.1994702859375 0.353421865625
1 0.18035372031250002 0.3070611453125 0.21013047812500002 0.2283166546875 0.099880696875 0.1797801265625 0.08448401875 0.211347996875 0.07967515 0.22267697968750003 0.175216578125 0.30512279375 0.1802558390625 0.30726183281249997 0.18035372031250002 0.3070611453125
0 0.4988335859375 0.4976926609375 0.5439781734375 0.43735909375000004 0.45291647968750004 0.3170993046875 0.45271029374999994 0.316998740625 0.4292020609375 0.3469566328125 0.40151650781250003 0.385062528125 0.49580646249999993 0.496216234375 0.4988335859375 0.4976926609375
0 0.2104395421875 0.3592396484375 0.219953121875 0.36694359374999996 0.3486470953125 0.2863627390625 0.349129059375 0.2853745671875 0.2853300765625 0.233450840625 0.1634067171875 0.3119425890625 0.1622299296875 0.3133958 0.2104395421875 0.3592396484375
0 0.329918025 0.35919384375 0.427994125 0.459665065625 0.4338869640625 0.4625391953125 0.47042015312499996 0.3974524171875 0.3674666578125 0.283210353125 0.3621161578125 0.292477690625 0.329918025 0.35919384375
1 0.24152955625 0.3779399671875 0.2405341078125 0.380403790625 0.25419428437499997 0.3870663046875 0.31020837343749996 0.409697465625 0.4114323640625 0.2944300359375 0.336281809375 0.26338926875 0.24152955625 0.3779399671875
0 0.572217365625 0.532801003125 0.575875859375 0.5352686890625 0.5779873671875 0.536298540625 0.6227600796874999 0.47322815937499996 0.5214380625 0.359211715625 0.5203044609374999 0.358658821875 0.49389856718749997 0.39359344531249996 0.4726869390625 0.4250409765625 0.5616365234375 0.5225870734375 0.572217365625 0.532801003125
0 1 0.59873855625 0.9406541828125 0.5639838734375 0.854294540625 0.668235696875 0.8510349609375 0.674918828125 0.8676409140624999 0.6855730109375 0.9233879578125 0.720407628125 0.9239200125 0.7206671296875 0.9913340140625 0.6332019984375 1 0.6154340953124999 1 0.59873855625
1 0.88566845 0.68288775 0.9220400328125 0.6076247078125 0.8196939296875 0.5290189890625 0.8173758156250001 0.52788836875 0.786378253125 0.5829318531250001 0.776254115625 0.603689409375 0.8816220687499999 0.6809141984375 0.88566845 0.68288775
1 0.6248496968749999 0.519404628125 0.71426664375 0.6061327999999999 0.715243109375 0.6067195187500001 0.7210581125 0.6095556859375 0.7655165859374999 0.5379398546874999 0.6666892515625 0.44778751093749997 0.6649562765625 0.45067166406250003 0.6248496968749999 0.519404628125
1 0.7001871046875 0.6150221796875 0.7087897187500001 0.6192179546875 0.7786287671875 0.6405698937500001 0.8430439921874999 0.5199258296875 0.7602195875 0.4967936578125 0.7001871046875 0.6150221796875
1 0.5506736078125 0.478387540625 0.6321410843749999 0.5747789390625 0.63252185625 0.5750658703125 0.635489875 0.5765134703125 0.6825056421875 0.5144328875 0.600115715625 0.41075253749999996 0.5985307328125 0.41285588124999995 0.5506736078125 0.478387540625
0 0 0.5320579078125001 0.0842719703125 0.585873528125 0.0888429140625 0.5873587171875 0.09091025312499999 0.5831200437499999 0.10848143437499999 0.5192117703125 0 0.43970776718750004 0 0.5320579078125001
0 0.7182177296875001 0.7297127078125001 0.5956682421874999 0.8598867171875 0.592133925 0.8671331421874999 0.6246913703125 0.8899301124999999 0.6647044796875 0.9158672734375 0.7969367859375 0.783607040625 0.7182177296875001 0.7297127078125001
0 0.01367595625 0.487638221875 0.12580754375 0.638744765625 0.126834609375 0.6396065765625 0.1291309015625 0.640726553125 0.1745752546875 0.5839565859375 0.066947384375 0.42880213749999996 0.01405263125 0.48718931718749997 0.01367595625 0.487638221875
0 0.537718234375 0.6443175671875 0.4279676484375 0.7868806203125 0.42587521562499997 0.7909872499999999 0.42437749687500004 0.794058028125 0.4772274453125 0.8244121062499999 0.5004594953125 0.8357431328124999 0.6211836890625 0.6862820765625 0.537718234375 0.6443175671875
1 0.6804650953125 0.8858784453125 0.8420579109374999 0.9392633671875 0.8631276078125 0.8960640874999999 0.871517521875 0.852901715625 0.703247784375 0.7920340671874999 0.682209853125 0.8769024453125001 0.6804650953125 0.8858784453125
1 0.1028605609375 0.5417717515625 0.21907927656249998 0.686335746875 0.2235713609375 0.6885266828125001 0.2735815578125 0.6237709265625 0.154474146875 0.4718716890625 0.1463020359375 0.48271645 0.1028605609375 0.5417717515625
0 0.54149315 0.6709440890625 0.47647055156249996 0.6206743625 0.33527417187499997 0.727243728125 0.33332803437499997 0.7312339 0.376328003125 0.7689591453125 0.4008887703125 0.789568075 0.545787471875 0.674547453125 0.54149315 0.6709440890625
1 0.6195656953124999 0.686614471875 0.5070530421874999 0.8384079203124999 0.5067599859375 0.8390087749999999 0.5916083750000001 0.875144090625 0.70525376875 0.7314400359375 0.705489225 0.7309572796875 0.6195656953124999 0.686614471875
0 0.304122453125 0.5333028625 0.167114878125 0.6549946125 0.1641955453125 0.6609801296875 0.21423115781250002 0.69615245 0.24096175937500003 0.7135115062499999 0.380630753125 0.585979996875 0.304122453125 0.5333028625
1 0.43822629375 0.590267571875 0.355123134375 0.571793790625 0.269552728125 0.7375062546875 0.2693096609375 0.738649790625 0.271108384375 0.7395270875 0.3626053359375 0.753476265625 0.37136792500000004 0.73532858125 0.4381772625 0.590498240625 0.43822629375 0.590267571875
0 1 0.23698882656250003 0.97615860625 0.2152787953125 0.9356290250000001 0.2827313484375 1 0.3392318171875 1 0.23698882656250003
1 0.861356634375 0.2860149546875 0.861186528125 0.2867517609375 0.8631418156249999 0.28770541875 0.938062625 0.3025580109375 0.9794010999999999 0.20952545625000002 0.9066295734375001 0.1939995875 0.861356634375 0.2860149546875
0 0.8667656484374999 0.28425755937499997 0.9054421578125 0.2244361234375 0.837884425 0.14674196718750002 0.8377417171875001 0.1466723640625 0.823132796875 0.1675360609375 0.795391475 0.20951755468750002 0.8612191265625 0.2815523390625 0.8667656484374999 0.28425755937499997
0 0.8394323609375001 0.1738614578125 0.7517638078125 0.1192522859375 0.750711346875 0.12141015156249998 0.7321243140625 0.1966334171875 0.813649940625 0.24658138593749998 0.8155985078124999 0.247214515625 0.8394323609375001 0.1738614578125
0 0 0.7189304125 0.095485015625 0.8294523406250001 0.0997175609375 0.8315166906250001 0.14778041875 0.7532238578125 0.022493659375 0.6175225375 0 0.6535199171875 0 0.7189304125
0 0.07035322187500001 0.71657198125 0.0574087125 0.738992528125 0.1847607859375 0.8695181625 0.1877468765625 0.870974575 0.2351371109375 0.791834140625 0.10708205468750001 0.6635114078125001 0.10550135624999998 0.6625987906249999 0.07035322187500001 0.71657198125
0 0 0.76978245 0.0187800390625 0.7885639421875 0.027111426562500002 0.7926274328125 0.067803675 0.7130326578124999 0 0.647324221875 0 0.76978245
0 0.2577371703125 0.915290115625 0.25879094375 0.9160557265625 0.26320684375000003 0.9182095046875001 0.31143570781249996 0.8467801187499999 0.194217009375 0.6989790484375 0.1384226890625 0.77957423125 0.2577371703125 0.915290115625
0 0.6272446796875 1 0.677728890625 0.9239416359374999 0.6513745234375 0.9110877515625001 0.596809253125 0.886022975 0.5128324984375 1 0.6272446796875 1
0 0.49416800624999996 1 0.6026569312500001 0.913280075 0.60368303125 0.9111762593750001 0.57129086875 0.8845355109374999 0.5284551515625 0.84984783125 0.381565003125 0.9709449328125 0.3804351140625 0.9732615499999999 0.41345435156250004 1 0.49416800624999996 1
0 0.5141806046874999 0.8594375624999999 0.43128925625000003 0.8035266421875 0.29838080625 0.9312022640625001 0.2944439921875 0.939273928125 0.3016623 0.9441427375 0.3730409328125 0.990327334375 0.514059490625 0.8596858828125 0.5141806046874999 0.8594375624999999
0 0.37758600468750003 0.9577171 0.3806385609375 0.9514584328125 0.41429828124999996 0.8681477 0.2512481125 0.756949428125 0.2496627078125 0.7601999890625 0.2275559328125 0.8121476921875 0.21492896562500002 0.8434005328125 0.3734038046875 0.95602738125 0.37758600468750003 0.9577171
0 0.7450195390625 1 0.7660822515625 0.9662963343750001 0.7425921546875001 0.9558378703124999 0.670363678125 0.9273475234375 0.6274395140625 1 0.7450195390625 1
0 0.4692865390625 0 0.462498903125 0.0272651671875 0.454043409375 0.0638899296875 0.5465165 0.11317005312499999 0.5526021109375 0.1145750265625 0.569884390625 0.0488050046875 0.4835162875 0 0.4692865390625 0
0 0.723111890625 0.10255882187500001 0.6507320796875 0.15887445625000002 0.64886563125 0.162701240625 0.6640971984374999 0.1741244265625 0.7066649796875 0.20505173124999998 0.779176221875 0.1417731921875 0.723111890625 0.10255882187500001
0 0.42888951718749996 0 0.3736672640625 0.028332575 0.372113103125 0.0315190796875 0.42282449062499994 0.075601815625 0.426113190625 0.0783609421875 0.5210761265625 0.015903418750000002 0.5012152765625 0 0.42888951718749996 0
0 0.609320715625 0.1517140203125 0.6339174562500001 0.08340943437500001 0.5471339640624999 0.025541934375000002 0.5435254046875 0.032940578124999995 0.529001771875 0.08044523906249999 0.5245439937499999 0.09643419375 0.6070659609375 0.151024671875 0.609320715625 0.1517140203125
0 0.66135031875 0.0722818984375 0.580124184375 0.1218612 0.5783686593749999 0.1254605578125 0.6054811703125 0.1490291046875 0.633809753125 0.172072071875 0.7164323625 0.118188459375 0.66135031875 0.0722818984375
1 0.3431350171875 0 0.344042696875 0.0009613328125000001 0.40857666718749996 0.06701913125 0.40860515937499997 0.06703064375 0.4390297703125 0 0.3431350171875 0