0 0.10640018749999999 0.2916931234375 0.1706121484375 0.1953841921875 0.1500073140625 0.1686140078125 0.12862852656249998 0.1422134046875 0.12366681875 0.1446333921875 0.064647734375 0.23829061562499998 0.10640018749999999 0.2916931234375
0 0.20428459999999998 0.25785385625 0.1620462953125 0.205882734375 0.1610228171875 0.20638191875 0.0973618703125 0.305035484375 0.1403659203125 0.35793820468750004 0.20428459999999998 0.25785385625
1 0.2543790453125 0.562104721875 0.32900713593750003 0.545112803125 0.3287540671875 0.5438108781250001 0.2758543046875 0.44485787187500003 0.20425332031250001 0.45680984999999996 0.2031756609375 0.457019325 0.20005469531250003 0.45854152187499997 0.2543790453125 0.562104721875
0 0.2241976609375 0.4877746421875 0.2963316046875 0.4685502078125 0.2950359765625 0.46371486093750003 0.2379835 0.37223548906250004 0.1862791359375 0.382481334375 0.1674285296875 0.387532340625 0.1615305953125 0.3904089546875 0.2241976609375 0.4877746421875
0 0.2515911328125 0.3382757046875 0.2059690625 0.27312063750000004 0.203448615625 0.274349940625 0.13164553437499998 0.3699136984375 0.1772700484375 0.43433476718749997 0.2515911328125 0.3382757046875
0 0.22813007812500002 0.5396511109375 0.22861065468750003 0.5408405828125 0.30115397499999996 0.6311951390625 0.3701174171875 0.6033321 0.37143513281249996 0.6026894078125 0.3000833421875 0.507947359375 0.22813007812500002 0.5396511109375
0 0.3189612671875 0.7202979968750001 0.40114090312500006 0.6334570937499999 0.39610786249999996 0.6254025421875 0.357218071875 0.56616251875 0.35273775937499996 0.5683477124999999 0.273326496875 0.6518549796875 0.3189612671875 0.7202979968750001
1 0.5148424640625 1 0.559181946875 0.9878057359374999 0.5578978671875 0.9830134828125001 0.5000510234375 0.8610648968750001 0.43271461093749997 0.878423096875 0.426369296875 0.8801233187499999 0.4218029 0.8823505 0.47539363124999995 1 0.5148424640625 1
1 0.47326082812500003 0.9316792093749999 0.5412701796875 0.8804559046874999 0.5390363046875 0.8758757828125001 0.53834958125 0.8749968171875 0.43603602031250005 0.78535060625 0.3691336234375 0.8376204859374999 0.3694778859375 0.8383263296875001 0.47326082812500003 0.9316792093749999
1 0.3977817921875 0.626346534375 0.3962774 0.62760886875 0.312798465625 0.7379510765624999 0.3400071921875 0.7703771765625 0.364495725 0.79911130625 0.45211960468749995 0.6803522453124999 0.4450839234375 0.671967446875 0.40241377500000003 0.624087365625 0.3977817921875 0.626346534375
1 0.37468369687499997 0.7260488031250001 0.3353840203125 0.75489475625 0.44151820624999993 0.8483956046875001 0.5023032140625 0.8076904468749999 0.5007587109375 0.8045237468750001 0.40238618437499996 0.7066513125 0.37468369687499997 0.7260488031250001
0 0.1932449953125 0.12399129843750001 0.1687253984375 0.1349913609375 0.26916249375 0.255208653125 0.3466590609375 0.22298883281249998 0.34561366875 0.2205260421875 0.24096820000000002 0.10373400156249998 0.1932449953125 0.12399129843750001
0 0.3055716171875 0.0739504640625 0.303191225 0.0644032296875 0.3019775 0.061914725000000004 0.21123399062499998 0.0845396234375 0.151823253125 0.113516175 0.1661567265625 0.182645978125 0.167115353125 0.184611453125 0.3088570390625 0.09675534999999999 0.3055716171875 0.0739504640625
0 0.4821753828125 0.528247071875 0.4810183375 0.5236064140625001 0.4068904765625 0.39958424843749996 0.3404208234375 0.41615699531250006 0.3329191625 0.4198158 0.4019929015625 0.5514233078124999 0.4821753828125 0.528247071875
0 0.2301890359375 0.27682397187499996 0.27422267499999997 0.3469083671875 0.27447767343749996 0.3467490265625 0.3706542015625 0.2282030015625 0.36416709375 0.217821459375 0.3248074125 0.164744525 0.32257172343749996 0.16583494375000002 0.2301890359375 0.27682397187499996
0 0.46489337031250005 0.42089207812499996 0.462657525 0.41630791875 0.33984186875 0.333390428125 0.279903959375 0.3802190546875 0.280496928125 0.38143481874999996 0.39645556718749997 0.46664252343749996 0.46489337031250005 0.42089207812499996
0 0.2636724453125 0.3349274453125 0.2873534875 0.40740794999999996 0.41206170000000003 0.321389278125 0.3902355890625 0.24999928906250002 0.38763434375 0.24466594531250002 0.385862425 0.24520767499999999 0.2636724453125 0.3349274453125
0 0.37783488125 0.48830784843749997 0.374530434375 0.48991953437499997 0.37483191875 0.491225409375 0.3824118984375 0.5090921265625 0.44253323125 0.628946884375 0.5201284375 0.60657306875 0.519220271875 0.6026393718749999 0.45096769062500003 0.4708189671875 0.40170681874999997 0.482191734375 0.37783488125 0.48830784843749997
0 0.615434096875 1 0.6374474078125 0.9892633906249999 0.714992809375 0.915321028125 0.669343853125 0.8485387359375001 0.663317034375 0.8514782125 0.660451778125 0.8535599421875 0.5592182609374999 0.943513040625 0.601297428125 1 0.615434096875 1
1 0.5824920140625001 0.9310169593750001 0.6763498515624999 0.8387005203125 0.64727785 0.79357680625 0.6307692890625 0.7700001390625 0.6255149671875 0.7725628421875 0.531129346875 0.861314425 0.5824920140625001 0.9310169593750001
0 0.6061996828125 0.7303923921875 0.6031181828125 0.7234712296875 0.5279336546875 0.6241512796875 0.460199171875 0.6532720828125 0.45198411250000003 0.657278834375 0.5291877406250001 0.7660285328125 0.6061996828125 0.7303923921875
1 0.5528586296875 0.8418421609375001 0.636172715625 0.8247332484375001 0.6362045453125 0.824717725 0.6351718578125001 0.8202446703125 0.58101973125 0.6991804046875 0.5045090906249999 0.7168442765624999 0.5007760515624999 0.7186650015625 0.5528586296875 0.8418421609375001
0 0.42597658281250006 0.6156024140625 0.4506782125 0.6910081890625001 0.5623614375 0.624441184375 0.5383202609375 0.546489196875 0.5380313015625 0.545896740625 0.53241594375 0.5477212796875001 0.42597658281250006 0.6156024140625
0 0.4730254171875 0 0.4188728796875 0.0650812828125 0.4541411953125 0.12774083281249998 0.45547503906250003 0.12709027343749998 0.5758177718749999 0 0.4730254171875 0
0 0.8718570421875 0.596823146875 0.7322957125 0.7139039015625 0.7745264984375 0.7934893 0.9224058921875 0.6768187250000001 0.9061586171875 0.6479811171875001 0.8755576921875001 0.594978759375 0.87229735 0.5965689359375 0.8718570421875 0.596823146875
0 0.5901964625 0.0075479640625 0.44181459843750004 0.1170325140625 0.47557455312499997 0.1888593421875 0.6238623703124999 0.07195174843749999 0.616671 0.05385974375 0.6082772921874999 0.03408540625 0.5944529046875 0.0057412125000000005 0.5901964625 0.0075479640625
0 0.7179020546875 0.43035869218749995 0.65246029375 0.4553100921875 0.7424270468749999 0.620386071875 0.83035065625 0.5923392609375 0.8286959984375001 0.5872467453125 0.7351499078125 0.424754525 0.7179020546875 0.43035869218749995
1 0.9205366625 0.694206165625 0.7693312375 0.784652034375 0.80571595 0.8686604890625 0.968152028125 0.7775732734374999 0.9619258296875 0.7621628890625 0.928798178125 0.690868296875 0.9205366625 0.694206165625
0 0.6433358625000001 0.1004091828125 0.4870495953125 0.20151241718750001 0.5139537859375001 0.2810955890625 0.6751657890625 0.1795619921875 0.6724085953125 0.1707305421875 0.6500428296874999 0.1018957921875 0.6484994656249999 0.0987314265625 0.6433358625000001 0.1004091828125
0 0.6157918953125 0.3722484578125 0.6162297515625 0.3736806171875 0.70597770625 0.5294049484375 0.790283284375 0.50727516875 0.790931196875 0.5070770828125 0.702493378125 0.3445836078125 0.6631569921875 0.35660994687500003 0.6158508046875 0.372219725 0.6157918953125 0.3722484578125
1 0.6814679578125 0.562519378125 0.6800537109375 0.5634732984374999 0.81061680625 0.7008338937499999 0.888454890625 0.6477422578125 0.8850929703125001 0.6408493 0.7598918953125 0.5171166875 0.6814679578125 0.562519378125
0 0.5840925 0.37996958125 0.71404214375 0.242547590625 0.6971522453125 0.21551810468750002 0.6629305859375 0.16498268437500002 0.656370996875 0.16818201093750001 0.5327586421875 0.3025535921875 0.5840925 0.37996958125
1 0.6529523578124999 0.2812516375 0.637795484375 0.2679704203125 0.5621756875 0.31461636406250004 0.5572328609375 0.3180773671875 0.70189708125 0.43813355156249995 0.7695950593750001 0.3897861625 0.7672892015625 0.3850584546875 0.6529523578124999 0.2812516375
0 0.3369010578125 1 0.2864678421875 0.936188734375 0.266144375 0.9461011515625 0.21771774375000003 0.9707757515625 0.23996007656249999 1 0.3369010578125 1
1 0.30399576562499997 0.916979103125 0.267240728125 0.8534290765625 0.26405523125 0.854982746875 0.19103722343750001 0.9206308921874999 0.22950103125000001 0.9894166953125 0.30399576562499997 0.916979103125
0 0.22261037187500002 0.784797846875 0.2202514484375 0.786708065625 0.1604164109375 0.86214144375 0.20276427031250002 0.9174167296875 0.206764896875 0.9223570921875 0.269158346875 0.8395824671875 0.2277978390625 0.784463365625 0.22652326718750002 0.7828894015625 0.22261037187500002 0.784797846875
0 0.1759569765625 0.7268878796875 0.11315908125 0.7725132218749999 0.18717545 0.8357417312500001 0.2540543140625 0.7941468265625 0.2535450140625 0.7931026078125 0.25181852031249996 0.7907262921875 0.1759569765625 0.7268878796875
0 0.64255600625 0 0.7269534484375 0.15116786875 0.812450884375 0.13351864062500002 0.7435806296874999 0 0.64255600625 0
0 0.738992528125 0.0574087125 0.71657198125 0.07035322187500001 0.6625987906249999 0.10550135624999998 0.6635114078125001 0.10708205468750001 0.791834140625 0.2351371109375 0.870974575 0.1877468765625 0.8695181625 0.1847607859375 0.738992528125 0.0574087125
0 0.6514525718749999 0 0.707823475 0.0696067625 0.7865111109375 0.033931634375000005 0.7846822765625 0.0294051109375 0.7616249640625 0 0.6514525718749999 0
0 0.9040698875000001 0.2354559296875 0.8913088874999999 0.17380303125000002 0.8860103265625 0.1508524390625 0.8812434828125 0.14107896250000002 0.7185511296875 0.2297177015625 0.7353779765625 0.3160664171875 0.735576265625 0.3164729703125 0.9040698875000001 0.2354559296875
0 1 0.5050060281250001 0.8883292140625001 0.6069122 0.9339683171875001 0.683863228125 1 0.6292866203124999 1 0.5050060281250001
0 1 0.4902438421875 0.9310444 0.3935631953125 0.8612144703125001 0.42465348281250004 0.8418360953124999 0.43410494687499995 0.8418383734375 0.43411006093750004 0.956134746875 0.5893469234375 1 0.5698168531250001 1 0.4902438421875
0 1 0.42732703125000004 0.867833590625 0.3089506328125 0.78687515 0.367770384375 0.9318663656249999 0.49297833750000003 1 0.44543996406249997 1 0.42732703125000004
0 0.8127719984375 0.4232599375 0.9524205078125 0.2870134875 0.9435994609374999 0.2689276625 0.9031904703125001 0.2042597578125 0.8974635781250001 0.20705295 0.7616831937499999 0.34474790624999996 0.8127719984375 0.4232599375
0 1 0.574316396875 0.9904184796875001 0.579848290625 0.9280133968750001 0.61800941875 1 0.7150270734374999 1 0.574316396875
0 0 0.530300059375 0.0387101796875 0.5841259859375 0.11160443125 0.500111721875 0.0915072078125 0.47031636250000003 0.071266390625 0.44138751093749995 0.0681234984375 0.4429204015625 0.06757924374999999 0.44328750625 0 0.5251802296875 0 0.530300059375
0 0.21361834218750003 0.7156711687499999 0.1447100171875 0.659650328125 0.11808968125 0.680448415625 0.08713803906249999 0.70539535625 0.164950409375 0.761690990625 0.21727525781249998 0.7223029171875 0.214742540625 0.7171100765625 0.21361834218750003 0.7156711687499999
0 0 0.5114950875 0.004268560937500001 0.5189830046874999 0.08081260625 0.4349597296875 0.0786019140625 0.4312798953125 0.0425988265625 0.3736629109375 0.039843015625 0.37500700937500003 0 0.4295239125 0 0.5114950875
0 0.0726131484375 0.5269828046875 0.0556346828125 0.5412294281250001 0.018132971875 0.5759614281250001 0.018800596875 0.576757075 0.1024258921875 0.6321374750000001 0.159705821875 0.586446425 0.15809485 0.5831434421874999 0.0726131484375 0.5269828046875
0 0.0972924296875 0.711547528125 0.1736176625 0.6499850234375 0.1604565140625 0.6159222703125 0.15068268437500001 0.592896571875 0.14520563749999998 0.581666959375 0.143785503125 0.582269771875 0.0702010671875 0.645340796875 0.09395638281249999 0.704707621875 0.0972924296875 0.711547528125
0 0 0.435463571875 0.05116179375 0.36256210312500003 0.047616615625 0.3576825828125 0.006646175 0.30601460468749997 0.0036294874999999996 0.30748594218749997 0 0.3136892421875 0 0.435463571875