0 0.6472190359375001 0.9745289937500001 0.7568426765625 0.9536518875000001 0.7674236921875 0.8866956531250001 0.6531953484375 0.90541653125 0.6476693390625 0.9387431749999999 0.6450679781249999 0.9572528124999999 0.6444781328125 0.9741437859375001 0.6472190359375001 0.9745289937500001
0 0.721005140625 0.8005919203125 0.6536614296875001 0.8007114234375001 0.6536376828125 0.8013914203124999 0.6903061984375001 0.913143265625 0.696712971875 0.9133669953125001 0.758559959375 0.91325118125 0.721005140625 0.8005919203125
0 0.64887819375 0.652609884375 0.7588581796875 0.6408006375 0.7745986968749999 0.5699360718750001 0.775499540625 0.5653016328125 0.6581935671875 0.5769676796875001 0.6460668734375 0.65206341875 0.64887819375 0.652609884375
0 0.659705059375 0.6558153156250001 0.6391788140625 0.722953634375 0.63899703125 0.72815924375 0.640655575 0.7286663109375 0.748373359375 0.7287596656249999 0.7759711796875 0.6560748609375 0.776034584375 0.6542592218750001 0.659705059375 0.6558153156250001
0 0.6503965046875 0.7112299796875 0.6499464890625 0.716373678125 0.6764252640625 0.8303382656249999 0.7255844421875 0.8346391359374999 0.75486800625 0.8356617406250001 0.7292097375 0.7176935875 0.6503965046875 0.7112299796875
0 0.6501765984375 0.5151796609375 0.660616246875 0.591598725 0.6649552437499999 0.591750246875 0.768945075 0.5481221953125 0.7610145687500001 0.472668453125 0.6501765984375 0.5151796609375
0 0.7081756 0.510711778125 0.7766781984375 0.49704346250000003 0.7268986625 0.38750940625 0.6471897703125 0.4040070359375 0.647124125 0.40588686718749994 0.696049803125 0.5128498828125 0.7081756 0.510711778125
1 0.6518348390625001 0.077096078125 0.637218465625 0.15229079375000001 0.636987521875 0.15890416093749998 0.7750362234375 0.16040400625 0.7913022203125 0.0807729515625 0.6518348390625001 0.077096078125
0 0.7109655187499999 0.2738360015625 0.7662469359374999 0.2709388265625 0.7325354109375 0.1334357875 0.650257646875 0.13706887031249998 0.6498653015625 0.14830415624999999 0.6791677593750001 0.2749388140625 0.7109655187499999 0.2738360015625
1 0.7693591796875 0.4002818125 0.7778902265625 0.322921396875 0.6335631109375 0.33527131250000003 0.623683446875 0.405568778125 0.6234045640625 0.41355493593750003 0.6275347015625 0.414135390625 0.7693591796875 0.4002818125
1 0.7647923249999999 0.3353885921875 0.7829468937499999 0.254970090625 0.64150433125 0.2540343953125 0.62353761875 0.32020192187499996 0.62338423125 0.3245943421875 0.6303531859375 0.326331896875 0.7647923249999999 0.3353885921875
0 0.4861907078125 0.8846150921874999 0.4934196671875 0.9672424812499999 0.49704831718750003 0.9673691968749999 0.6397142046875001 0.9042666484374999 0.6313015562500001 0.8263470671875 0.4861907078125 0.8846150921874999
0 0.5755587515625 1 0.60864756875 0.99534966875 0.590019621875 0.8744775015625 0.506957615625 0.8827884140625001 0.506770290625 0.8881526734375 0.5067942078125001 0.888322846875 0.5607617703125001 1 0.5755587515625 1
0 0.5006812171874999 0.62509998125 0.64306023125 0.5904112578125 0.6430602328125 0.5788713624999999 0.6403456421875 0.5055948515625001 0.63991759375 0.5055948531250001 0.49618523281250004 0.5491728453125 0.49618523281250004 0.5794298343750001 0.4968255765625 0.6249653390625001 0.5006812171874999 0.62509998125
0 0.487911690625 0.8015209828125001 0.48739978281249996 0.8680458890624999 0.4892626015625 0.8682088640625001 0.630419921875 0.8350294890625 0.6374309359375 0.752557496875 0.6371313921875 0.752531290625 0.48897862343750004 0.7893258765625 0.487911690625 0.8015209828125001
0 0.60018558125 0.5863961671875 0.5210357218749999 0.5648361328125 0.51961590625 0.5647865515625 0.5187432390625 0.5692760359375 0.5367608765624999 0.7165443078125 0.60850326875 0.7304896171874999 0.6120198593749999 0.7306124203125 0.60018558125 0.5863961671875
0 0.6335779109375 0.6667364 0.4894543546875 0.7124449515625 0.48916942968750005 0.720604109375 0.48916942968750005 0.7919873890625 0.494454034375 0.79217193125 0.63503295625 0.7429735187500001 0.6335779109375 0.6667364
0 0.5074785 0.4201580296875 0.5106511 0.43289289999999997 0.5506537046875 0.5586985484375 0.5884938796875 0.5560525046875 0.6322332562499999 0.550616575 0.6321767031250001 0.54980780625 0.5839589515625 0.4046378046875 0.5077703687499999 0.41179999218749996 0.5074785 0.4201580296875
0 0.6520586749999999 0.0897828328125 0.6495640375 0.0049181187500000004 0.634301909375 0.004385153125 0.5082853609375 0.0235277671875 0.5073708015625 0.104703934375 0.519815346875 0.10513850625000001 0.6520586749999999 0.0897828328125
1 0.641419965625 0.091043665625 0.5075161515625 0.1056799171875 0.5048120328125 0.18311572812500002 0.50473179375 0.190601659375 0.5158583671875 0.190990209375 0.6352274671875 0.17522062031250002 0.641419965625 0.091043665625
1 0.6288087375 0.346983859375 0.6305698734375 0.26063044999999996 0.6295085765625 0.26059338906249996 0.50122549375 0.2858207640625 0.498388896875 0.367050284375 0.5056818 0.3673049578125 0.6288087375 0.346983859375
1 0.49588092968749997 0.2136317921875 0.511508009375 0.29402615 0.513647421875 0.29410085937499997 0.6369452625 0.2469688328125 0.6225973171875 0.1621801796875 0.49588092968749997 0.2136317921875
0 0.6195698468749999 0.43385122656249997 0.631028025 0.35084793125 0.49969861875 0.36820185 0.49118901875 0.43891356562499995 0.4909604234375 0.445459690625 0.49741168281250003 0.44625180625 0.6195698468749999 0.43385122656249997
0 0.22646903749999997 0.8262164953125 0.25609471875 0.9902613984374999 0.2705428609375 0.9922919515625 0.327385246875 0.9942769328125 0.3089004140625 0.8335857750000001 0.30310719218750004 0.8327715906250001 0.226857396875 0.8234531828125 0.22646903749999997 0.8262164953125
0 0.2472843765625 0.0809158921875 0.247118434375 0.0856678703125 0.27245496875 0.266084875 0.2956619203125 0.267727209375 0.36206245625 0.2700459671875 0.341748 0.08521015 0.2472843765625 0.0809158921875
0 0.37155818281249997 0.7797148953125 0.1885399203125 0.82620120625 0.18775088125 0.8456540703125001 0.186852440625 0.8971257265625001 0.1985321828125 0.8975335921875001 0.373184834375 0.8590633765625 0.37155818281249997 0.7797148953125
0 0.2945303640625 0.46190219531250004 0.364314559375 0.45595556562499995 0.323334071875 0.27247615000000003 0.2326841625 0.2751542234375 0.2323446875 0.28487554375 0.27640594531249996 0.4625351140625 0.2945303640625 0.46190219531250004
1 0.21757920468749997 0.1280523921875 0.393076234375 0.13025220937499998 0.40162001875 0.0340974296875 0.21825564375 0.0369344375 0.208481265625 0.10648275468749999 0.2067948984375 0.1210973921875 0.20660587812500003 0.12651019218749998 0.21757920468749997 0.1280523921875
0 0.1849961078125 0.783823075 0.370702978125 0.7711652796874999 0.3857547296875 0.688516859375 0.19553107187500002 0.6991630125 0.19366099375 0.7082238875 0.1808665359375 0.774045665625 0.180555246875 0.782959859375 0.1849961078125 0.783823075
0 0.27861110624999996 0.5483778 0.3496270734375 0.5425292109375001 0.3659445296875 0.5405256781250001 0.3070669765625 0.365143778125 0.29503875625 0.36662065625 0.2181560890625 0.377783884375 0.21802557031249997 0.38152145625 0.27861110624999996 0.5483778
1 0.334429353125 0.18868970625 0.243200734375 0.1743518578125 0.25818888906250004 0.36283197500000003 0.3275772625 0.36890267187500003 0.3544113296875 0.3698397390625 0.354472459375 0.369141028125 0.334429353125 0.18868970625
0 0.2746236703125 0.7365213374999999 0.33324115625 0.7483960625 0.32792390781249997 0.5581370437500001 0.2354770328125 0.5403431765625 0.2344746484375 0.5446849765625 0.24216264375000002 0.72902711875 0.2746236703125 0.7365213374999999
1 0.1978415609375 0.5248300078125 0.1897517546875 0.609356465625 0.19094997656249998 0.609482403125 0.348352471875 0.590814753125 0.36831973906250004 0.5880889765624999 0.38367836718750004 0.49462379843750004 0.382704784375 0.494521471875 0.1978415609375 0.5248300078125
0 0.9786256765625 0.13276593750000001 0.9492223109375001 0.038023125000000005 0.9260330203124999 0.040870410937500004 0.875403225 0.0472846171875 0.8752723343750001 0.0510328046875 0.900745853125 0.14311908906249998 0.9786256765625 0.13276593750000001
0 0.8784510437499999 0.11728046406249999 0.878206746875 0.12194194843749999 0.891734046875 0.214430096875 0.9277691499999999 0.2163186171875 0.9684172953125 0.21773808125 0.9560136421875001 0.120568784375 0.8784510437499999 0.11728046406249999
0 0.0657835640625 0.843830303125 0.0651675890625 0.8469992234375001 0.0774880671875 0.983689325 0.0891587734375 0.9859578796875 0.12899012031249998 0.987348821875 0.1545596515625 0.8558049875 0.15457323125 0.8554161265625 0.1516189921875 0.8548418812499999 0.0657835640625 0.843830303125
1 0.9459261124999999 0.2964409671875 0.9710263703124999 0.295564446875 0.9439993156250001 0.1960737953125 0.8717248718749999 0.197390284375 0.8714440109374999 0.2054330984375 0.8924298546875 0.296639984375 0.9459261124999999 0.2964409671875
0 0.8707633390625 0.2696964125 0.8703378875000001 0.281879715625 0.8871020812499999 0.3716494328125 0.9299805890625 0.3743045359375 0.9628009328125 0.37545064687499996 0.9414177359375 0.27478083125 0.8707633390625 0.2696964125
0 0.8734163953125 0.338612525 0.8729904156250001 0.3406165984375 0.8754838125 0.43619384375000003 0.9505336265625 0.45788524218750004 0.95231998125 0.457947621875 0.94885893125 0.3546483296875 0.8734163953125 0.338612525
0 0.027362175 0.69269350625 0.0753921515625 0.8697816609375 0.1625865953125 0.8728265578125001 0.1204245015625 0.6942614781249999 0.0274466171875 0.69027541875 0.027362175 0.69269350625
0 0.02888460625 0.7696600796874999 0.030184193749999998 0.7694542453125 0.1910934484375 0.697611434375 0.188841453125 0.6833928953124999 0.17522894218750001 0.6055065046875 0.0053728390625 0.683649803125 0.006049078125 0.6879194078124999 0.023491846875 0.7694717609375 0.02888460625 0.7696600796874999
0 0 0.9313919796875 0.0043683453125 0.9610157718749999 0.0056360375 0.9608825296875001 0.188331134375 0.8866943390625 0.18163428125 0.8113316156250001 0.1799450984375 0.795260109375 0.1784515203125 0.795207953125 0 0.8709642734375 0 0.9313919796875
0 0.0834003390625 0.688001665625 0.180755509375 0.67657535 0.10528575625 0.5036889828125 0.019575271875 0.5127384765625 0.01940380625 0.5176486234375 0.019585082812499998 0.5189384828125 0.0834003390625 0.688001665625
0 0.2150030859375 0.154674128125 0.021826178125 0.15323938125 0.008969784375000001 0.23441145468750002 0.008412621875 0.250366490625 0.0114202359375 0.25084285 0.200873596875 0.24296104999999998 0.2149025 0.1575545421875 0.2150030859375 0.154674128125
0 0.149262709375 0.4064524578125 0.157635665625 0.21486211875 0.08215391718750001 0.19604240312500001 0.06286219374999999 0.1913878578125 0.062330665625000004 0.1935197015625 0.0568705734375 0.384588946875 0.1166211828125 0.3994864484375 0.14434340625 0.406280671875 0.149262709375 0.4064524578125
0 0.11382485312499999 0.2993711734375 0.018562326562500002 0.3178883328125 0.018327823437499998 0.324603646875 0.0945301375 0.49425990468750003 0.1685110703125 0.481342375 0.1896681203125 0.47722986093750003 0.18968359375 0.47678678750000003 0.11382485312499999 0.2993711734375
0 0 0.5437452796875 0.18610301406250002 0.546040115625 0.2077352484375 0.45234061406250003 0.2077973015625 0.450563671875 0.0079609890625 0.4519627046875 0.000070534375 0.4892526078125 0 0.49127245 0 0.5437452796875
0 0.068404740625 0 0.0673111625 0.00562596875 0.0533241125 0.1863821375 0.11873179375000001 0.202052978125 0.1486758171875 0.20787350781249997 0.15414113125 0.2080643609375 0.164393965625 0.0122428046875 0.091654534375 0 0.068404740625 0
0 0.8613226734375001 0.7558468734375 0.9567504359375001 0.7112391640625 0.9428882125 0.6397880875 0.842333771875 0.6898569203125 0.8490496500000001 0.7279445546875001 0.8549320546875 0.7562930765625 0.85815403125 0.756405590625 0.8613226734375001 0.7558468734375
0 0.856555671875 0.5123550156250001 0.9471513125 0.510948109375 0.9613260718750001 0.43890696250000005 0.8655321984375 0.44579882968750006 0.8653102765625 0.44675786406249995 0.8532118609375001 0.5036764375 0.85293566875 0.511585559375 0.856555671875 0.5123550156250001
0 0.8429279890625001 0.767132809375 0.844668984375 0.8262900406250001 0.8509622406249999 0.82650980625 0.95177180625 0.7904804234375 0.9478899406249999 0.7163034796875001 0.8429279890625001 0.767132809375
0 0.8664119593749999 0.681490203125 0.9547235609375001 0.63315006875 0.9359976031249999 0.5622958953125 0.84690148125 0.6106423484375 0.8596150515625001 0.678716921875 0.8601919546874999 0.6814310406249999 0.8657733359374999 0.681625946875 0.8664119593749999 0.681490203125
0 0.9331568812500001 0.5058197437499999 0.8613252703125 0.49202032031250004 0.86035896875 0.49812130625 0.8744159078125 0.5910609265625 0.9020580359375 0.5960302703125 0.934454521875 0.6011613687499999 0.9447192203125001 0.6015198203125001 0.9331568812500001 0.5058197437499999
0 0.83814778125 0.8934500812499999 0.8314387671875 0.9480906125 0.830911675 0.9631845296874999 0.93768375 0.9320997375 0.9498630328125 0.8616732453125 0.83814778125 0.8934500812499999
0 0.8405529843749999 0.9011920234374999 0.8451445640624999 0.9013523640625 0.8461696359375 0.901244625 0.9462291515624999 0.854715603125 0.945694221875 0.8496260890625 0.9356227468749999 0.781528078125 0.85535209375 0.8272552421875 0.8331752874999999 0.8403937375 0.8343225625 0.8513093203125001 0.8405529843749999 0.9011920234374999
0 0.8275527125 0.9999065406250001 0.9342254046875 0.98299656875 0.9461732796875 0.9423072609375 0.8978385093749999 0.930814884375 0.8419801296875 0.9179189593749999 0.8253177265625 0.9890600296875001 0.8249598609375 0.9993079328125001 0.8275527125 0.9999065406250001