0 0.48499671875 1 0.51131016875 0.9561726343749999 0.509547225 0.9549382078124999 0.398829390625 0.9300020109375 0.38122138125 0.9588318578124999 0.36408450625 0.988513796875 0.3694088640625 0.992241953125 0.40852711406250003 1 0.48499671875 1
0 0.45904284375 0.836486365625 0.437270734375 0.9532273140624999 0.49644481249999994 0.9858909046875001 0.5187332140625001 0.869427309375 0.45904284375 0.836486365625
0 0.5892181140625 0.65304530625 0.5440453 0.7040620828125 0.538920515625 0.7113810328125 0.646314534375 0.7576780421875 0.6938683859375 0.697189490625 0.5892181140625 0.65304530625
0 0.49818749375 0.79974816875 0.6045644890624999 0.816691146875 0.6440426828125 0.747734215625 0.6436352671875001 0.7474489390625 0.528398853125 0.730774084375 0.4954996125 0.7982275203125 0.4964864578125 0.7989185187500001 0.49818749375 0.79974816875
0 0.6025513625000001 0.826483640625 0.60251075 0.826454134375 0.48701592656250003 0.78910613125 0.47014140937500004 0.8123319125 0.44138998437500004 0.853393203125 0.5554470484375 0.8920641687499999 0.6025513625000001 0.826483640625
0 0.729291828125 0.6100827875 0.72883700625 0.609908196875 0.6124603890625 0.6012804921875 0.585806859375 0.6707153078125 0.588247571875 0.6724243125 0.703328278125 0.684552265625 0.729291828125 0.6100827875
0 0.780062971875 0.5502105140625 0.6637667265625 0.5224613125 0.6593078015625 0.5308473328125001 0.62714548125 0.5947506046875 0.6295718390625 0.596449559375 0.743606965625 0.6239528921875 0.780062971875 0.5502105140625
1 0.8429707171875 0.2374119703125 0.7999142234375001 0.30371315781249997 0.80843139375 0.30967694375 0.9265962906249999 0.3610814640625 0.97147773125 0.2909634234375 0.8429707171875 0.2374119703125
0 0.749249778125 0.3769627671875 0.8782359734374999 0.427056803125 0.9195088453125001 0.362200634375 0.9234560484375001 0.3558837890625 0.9199267453125 0.35341254375000003 0.7929339078125001 0.30217778281249996 0.7474731390625 0.372144703125 0.7459195703125 0.37463093125 0.749249778125 0.3769627671875
1 0.656738534375 0.49578180625 0.7752022000000001 0.5672695328125 0.8046065796875 0.5368204078125001 0.8306235531249999 0.5094624921875 0.7033558765625 0.43473232656249994 0.695752440625 0.442605915625 0.6517555546875 0.490969796875 0.656738534375 0.49578180625
1 0.7391143453125 0.3797432328125 0.6978523531249999 0.438254378125 0.709224996875 0.4462175890625 0.8271423875 0.49835814687499996 0.8717068484375 0.428998703125 0.7391143453125 0.3797432328125
0 0.38881045 0.9239634109375 0.43469700937500005 0.8604287171875 0.2878697171875 0.8066321875 0.25148365781250004 0.85491811875 0.23796040624999998 0.8742313234375001 0.23869040937500002 0.8747814203125 0.38881045 0.9239634109375
0 0.292669715625 0.83423623125 0.24505063124999998 0.931869825 0.2716679515625 0.9505074734375001 0.309758928125 0.9690856828125 0.3279837671875 0.8427393328124999 0.2992091640625 0.82489693125 0.292669715625 0.83423623125
0 0.574453534375 0.5361520765625001 0.4980705046875 0.505479740625 0.494998871875 0.5098664859375 0.4771127328125 0.6527876406249999 0.5475391296875001 0.6841434921875 0.574453534375 0.5361520765625001
0 0.46655011249999995 0.7580550234375 0.46553421562499997 0.7576445734374999 0.3211475171875 0.74812376875 0.2903519265625 0.82434553125 0.29140601718750003 0.8250836140625 0.4429532015625 0.8331650109375 0.46655011249999995 0.7580550234375
0 0.46243137812499996 0.5727225015624999 0.42054830625 0.70950430625 0.48343274843749995 0.7535364671875 0.5310542765624999 0.617618125 0.4673968109375 0.5656311296875 0.46243137812499996 0.5727225015624999
0 0.4208909078125 0.63042666875 0.4191357921875 0.6326731140625 0.3709537734375 0.7749268812500001 0.4296783171875 0.820807525 0.4314833875 0.8220714484375 0.4845594765625 0.6793820546875 0.4208909078125 0.63042666875
0 0.4751486625 0.5108947203125 0.48439833749999994 0.5198270265625 0.49145351562500006 0.5245877484375 0.6070399625 0.5922957125 0.6087039375 0.5905726171875 0.660713596875 0.5305640515625 0.5271398484375001 0.4546026078125 0.523417396875 0.4584573203125 0.4751486625 0.5108947203125
0 0.8954393703125 0.1831503921875 0.78385048125 0.091566353125 0.7369563343750001 0.1384604984375 0.726781428125 0.1488811984375 0.7231419921875 0.154078853125 0.7260202125 0.156957075 0.8354498828124999 0.240508903125 0.8939529640625 0.1852732 0.8954393703125 0.1831503921875
1 0.8392393859375 0.23916262187499998 0.725776359375 0.172396165625 0.6897145859375 0.212156440625 0.680552365625 0.22307554999999998 0.67129704375 0.2362935203125 0.78520554375 0.30681549218750004 0.8392393859375 0.23916262187499998
0 0.74034205 0.383671478125 0.739578153125 0.382933790625 0.62735090625 0.31583491874999997 0.5707358234375 0.374461553125 0.5700348187500001 0.3754626921875 0.6812515625 0.4466661390625 0.74034205 0.383671478125
1 0.6888198890624999 0.378023921875 0.7156616125 0.39415205625 0.7622492484375 0.2654621578125 0.6935491484375 0.22358316875 0.68800593125 0.23149970468749997 0.6427848453125 0.34881439062499997 0.6888198890624999 0.378023921875
0 0.6242070640625 0.5295023234375 0.6265536828125 0.5306979859375 0.6551547828125 0.40139333749999995 0.5859566390625 0.366344653125 0.5831499906250001 0.3703529625 0.552466175 0.491582040625 0.6242070640625 0.5295023234375
0 0 0.7473069031249999 0.1562886078125 0.7855881015625 0.197037 0.7265788921875 0.1951243734375 0.7252396562500001 0.018170853125 0.669657140625 0 0.6987365859375 0 0.7473069031249999
0 0.5253092546875 0.011158434375 0.43177992187500003 0.173116503125 0.4770697859375 0.21396446562500002 0.48446923125 0.22017333749999998 0.5001214546875 0.23113314218749997 0.597741175 0.073246325 0.5253092546875 0.011158434375
0 0.029088701562500003 0.692824128125 0.2122766109375 0.713948384375 0.23657192187499998 0.6383933359375 0.0483902921875 0.6227620890625001 0.041311009375 0.6408982453125 0.0237431671875 0.6891654953125 0.02883783125 0.6927328187499999 0.029088701562500003 0.692824128125
0 0.3001241609375 0.300274209375 0.4743793828125 0.3450462203125 0.514315125 0.2605912703125 0.32654334375 0.216995078125 0.3171438875 0.2371522765625 0.293189446875 0.2960584234375 0.2973881484375 0.2989983859375 0.3001241609375 0.300274209375
1 0.5284006781249999 0 0.491038646875 0.11026631718749999 0.49925722187500005 0.1142747828125 0.5796970640625 0.148548209375 0.6254350390625001 0 0.5284006781249999 0
0 0.2611319 0.519782809375 0.1940230375 0.46609236875000004 0.191737634375 0.46901754999999995 0.11762188124999999 0.64277323125 0.1457101875 0.6647182218750001 0.163790846875 0.6785027 0.1846867703125 0.6931341843750001 0.2611319 0.519782809375
0 0.23932183125 0.335632290625 0.2384007359375 0.3369477515625 0.23841947187499998 0.3369652234375 0.396038675 0.4333371515625 0.4104905 0.41783946875 0.4570500953125 0.365652746875 0.4565838015625 0.3652179203125 0.3002297625 0.2747865578125 0.2460534828125 0.328413475 0.23932183125 0.335632290625
1 0.46665910312500003 0.31047922968749997 0.5217449796875 0.137476478125 0.4452101234375 0.08790364218749999 0.44279284687500003 0.0913558703125 0.38126580625 0.2655535671875 0.465513096875 0.31225260312500003 0.466295428125 0.31113531875 0.46665910312500003 0.31047922968749997
0 0.1894421140625 0.581096909375 0.2373889421875 0.6184155921875 0.316520009375 0.445672846875 0.244604478125 0.38856696562500004 0.24197583906250003 0.391699653125 0.16270101406249998 0.5586584609374999 0.1894421140625 0.581096909375
1 0.1801904109375 0.4324786578125 0.181022875 0.43304016250000005 0.357690625 0.49280153593750003 0.4046370671875 0.42178430312500004 0.4044415609375 0.4216524328125 0.2557753390625 0.3638798703125 0.23686561718750002 0.356912525 0.1795666390625 0.43204188906249996 0.1801904109375 0.4324786578125
1 1 0.464405071875 0.9724183656250001 0.4491437078125 0.9698587953125 0.4527991546875 0.941351709375 0.545795971875 0.9877803359374999 0.5723717484375 1 0.5788690578125 1 0.464405071875
0 0.998403559375 0.558591715625 0.943738815625 0.5066382078125 0.942085453125 0.5084744546875 0.8945294171875 0.5978839406249999 0.937282015625 0.6393372671875001 0.9417868453124999 0.643393434375 0.9480886500000001 0.6478060046875 0.998403559375 0.558591715625
0 0.9020093421875 0.5679902796875 0.8990629468750001 0.5708355796875 0.8464036937499999 0.654843434375 0.89750374375 0.7077590859375 0.90074159375 0.7100262546875 0.952636878125 0.6285846109375 0.9020093421875 0.5679902796875
0 0 0.6194401843749999 0.015535423437500001 0.6299189593750001 0.074795875 0.45499091875 0 0.40367191562500004 0 0.6194401843749999
0 0 0.5057198781250001 0.0342742359375 0.5324978453125 0.060740664062500005 0.5510298375 0.1310978875 0.37943793124999997 0.0574441734375 0.3280043265625 0.056054290625 0.3297832984375 0 0.462223209375 0 0.5057198781250001
0 0 0.3604507265625 0.17062102343750002 0.4308361953125 0.22743745468749998 0.3630599796875 0.058329726562499996 0.28304985625 0.018447184375 0.3317664421875 0.00400470625 0.350251971875 0 0.355971284375 0 0.3604507265625
0 0.3062516375 0 0.2481560515625 0.084158690625 0.30821861250000004 0.14635529375 0.3106530765625 0.14805992343750002 0.4239580296875 0 0.3062516375 0
0 0.28892304687500003 0.2321047859375 0.352914740625 0.0514215734375 0.28623353749999997 0.011355464062499999 0.2692907890625 0.001349671875 0.2679972296875 0.0031970671875000004 0.20692928125 0.1842712875 0.2597134640625 0.21598722499999998 0.28829315312500003 0.2330043671875 0.28892304687500003 0.2321047859375
0 0.114239403125 0.22407438281249997 0.29515409375 0.26534188593749997 0.3374529359375 0.1746317234375 0.1490160640625 0.135222546875 0.1116194609375 0.2115731859375 0.10783790468750001 0.2196827640625 0.1138513796875 0.22389344375000003 0.114239403125 0.22407438281249997
0 0.2828710234375 0.2640364 0.0921246 0.21078304218750002 0.08414267187499999 0.222182415625 0.046540115625 0.2930593765625 0.2357497953125 0.34984832187500003 0.28319166875 0.26426091875 0.2828710234375 0.2640364
0 0.7968359781250001 0.8614503718750001 0.687630365625 0.8403292312499999 0.6718754390624999 0.872631615625 0.6572887828125 0.9038836765625 0.661904275 0.9071154796875 0.768190990625 0.9249590281250001 0.7968359781250001 0.8614503718750001
0 0.9077576531249999 0.69082626875 0.8601982453125 0.6358615796875 0.8582329812499999 0.637510634375 0.806169578125 0.71503310625 0.816756003125 0.7281197984375 0.8465745874999999 0.7636562015624999 0.850550140625 0.7664399140625 0.9077576531249999 0.69082626875
0 0.7107342703125 1 0.7265356828125 0.9038547015624999 0.6611134765625 0.8719400796875 0.6596236 0.8740678453124999 0.65334686875 0.9877325015625 0.6771001890624999 1 0.7107342703125 1
0 0.7376536890625001 0.8608562781250001 0.7789032265625 0.891041796875 0.779556865625 0.8902346218750001 0.8179633125000001 0.79757868125 0.7611057625 0.7491525890624999 0.7599402015625001 0.7505919375000001 0.7204291703125 0.8469081390625 0.7376536890625001 0.8608562781250001
0 0.7436851328125 0.763401571875 0.8297287843750001 0.8080010515625 0.8814743703125 0.7583639859375 0.7952942953125001 0.7103750953125 0.768642115625 0.73533803125 0.74810633125 0.755873815625 0.743185315625 0.7629017546875 0.7436851328125 0.763401571875
0 0.670085703125 1 0.673653896875 0.9836778562499999 0.6787753171875 0.9581766187499999 0.6270994562500001 0.9221531187500001 0.6259002765624999 0.9238036515625 0.6025160703125 1 0.670085703125 1