0 0.64609375 0.3375 0.1078125 0.15
0 0.46875 0.290625 0.13125 0.153125
0 0.5640625 0.31953125 0.121875 0.1609375
0 0.96796875 0.43515625 0.0640625 0.1484375
0 0.909375 0.4203125 0.115625 0.159375
0 0.82421875 0.39765625 0.1296875 0.1703125
0 0.73203125 0.3765625 0.1296875 0.175
1 0.11171875 0.22109375 0.1265625 0.1546875
0 0.2015625 0.24765625 0.13125 0.1453125
1 0.38046875 0.2953125 0.1234375 0.1625
1 0.29296875 0.275 0.1171875 0.153125
0 0.6484375 0.50234375 0.128125 0.1703125
0 0.5578125 0.47890625 0.121875 0.1640625
0 0.4640625 0.4546875 0.13125 0.171875
0 0.92578125 0.57890625 0.1296875 0.1765625
1 0.103125 0.35859375 0.13125 0.1703125
0 0.8203125 0.55546875 0.134375 0.1640625
0 0.040625 0.34609375 0.06875 0.1546875
1 0.37890625 0.440625 0.1265625 0.15625
1 0.7328125 0.5359375 0.121875 0.153125
1 0.2875 0.41796875 0.128125 0.1671875
1 0.19296875 0.39453125 0.1265625 0.1640625
0 0.2171875 0.0265625 0.115625 0.053125
0 0.15078125 0.01875 0.0828125 0.0375
0 0.38515625 0.04921875 0.1171875 0.0984375
0 0.86796875 0.15625 0.1203125 0.1625
0 0.78984375 0.1359375 0.1109375 0.159375
0 0.665625 0.8328125 0.13125 0.184375
0 0.76796875 0.8609375 0.1359375 0.196875
0 0.565625 0.81171875 0.140625 0.1953125
0 0.86171875 0.8921875 0.1328125 0.190625
0 0.27265625 0.73515625 0.1546875 0.2078125
0 0.37421875 0.765625 0.1390625 0.2
0 0.4703125 0.06171875 0.11875 0.1234375
0 0.715625 0.115625 0.109375 0.159375
0 0.553125 0.07421875 0.1125 0.1484375
0 0.06484375 0.68671875 0.1296875 0.1984375
1 0.165625 0.72265625 0.146875 0.1921875
1 0.46328125 0.803125 0.1421875 0.19375
1 0.0171875 0.684375 0.034375 0.19375
0 0.634375 0.09296875 0.1125 0.1609375
1 0.3 0.04296875 0.11875 0.0859375
0 0.978125 0.20703125 0.04375 0.1515625
0 0.7875 0.984375 0.134375 0.03125
0 0.48125 0.95 0.125 0.1
0 0.5875 0.9640625 0.13125 0.071875
0 0.68359375 0.978125 0.1140625 0.04375
0 0.3765625 0.9359375 0.134375 0.121875
0 0.1625 0.878125 0.128125 0.11875
0 0.26953125 0.91171875 0.1234375 0.1109375
0 0.0578125 0.8546875 0.115625 0.10625
1 0.94140625 0.203125 0.1109375 0.159375