0 0.79101685 0.09439939375 0.7058039 0.0223442125 0.6471102828124999 0.056258142187500006 0.7335453656250001 0.13324880781249998 0.7629226625000001 0.11657018906250001 0.7725204515625 0.1108032546875 0.7924770156250001 0.0968295171875 0.79101685 0.09439939375
0 0.6083155 0.14552391874999998 0.65184768125 0.1972066984375 0.6530270359375 0.19638090625 0.7143985125000001 0.0964834171875 0.6708603359375 0.0447832359375 0.6083155 0.14552391874999998
1 0.47665565625 0.19144213906250002 0.47562788281249996 0.1920843625 0.40212732500000004 0.27702174375 0.43772353906249994 0.337508334375 0.44174376718749997 0.343249815625 0.5192827328125 0.2550531125 0.47665565625 0.19144213906250002
0 0.4488553390625 0.22490167031250002 0.5520895375 0.27097174375 0.589518009375 0.23326968125 0.6055297015625001 0.21485033437499998 0.6039254390625 0.212559209375 0.4989098421875 0.1674765015625 0.4488553390625 0.22490167031250002
0 0.6182844875 0.0941351390625 0.535106859375 0.18358276406250001 0.548732134375 0.208163409375 0.5731730734375 0.2517041453125 0.575860440625 0.25021451250000004 0.658273296875 0.164062303125 0.626305121875 0.1063901875 0.6240376390625 0.10235149218749999 0.6182844875 0.0941351390625
0 0.42980209374999995 0.2415027484375 0.428612621875 0.2419833265625 0.338258065625 0.3145266453125 0.365034790625 0.380801365625 0.3674685078125 0.384277075 0.4615058453125 0.3134560140625 0.42980209374999995 0.2415027484375
0 0.41078079062499995 0.37820002656249996 0.3233401734375 0.297907396875 0.2557040171875 0.3447297109375 0.343965925 0.42538124843749997 0.35193141250000004 0.42020840000000004 0.4116306609375 0.37950871249999996 0.41078079062499995 0.37820002656249996
1 0 0.5338454109375 0.0708774234375 0.6332492390625 0.139726946875 0.599669084375 0.1451476015625 0.5958735 0.0632656484375 0.4847202765625 0 0.514835721875 0 0.5338454109375
1 0.1653720765625 0.4279980046875 0.0652993484375 0.5272894 0.101839521875 0.58243631875 0.11200843437500001 0.5969590328125001 0.11837962500000002 0.5926616109375 0.2140774859375 0.500154959375 0.1967551359375 0.47346695 0.1848225015625 0.45577609218750004 0.1653720765625 0.4279980046875
1 0.24442407031250002 0.5042768765625001 0.244900240625 0.503967646875 0.3451403234375 0.3980444609375 0.3266187828125 0.369523790625 0.3013744046875 0.333471084375 0.20040988906249999 0.43762500156249995 0.24442407031250002 0.5042768765625001
1 0.1390517625 0.47068309062499997 0.165411671875 0.54004485 0.16609446562500002 0.5397689828125001 0.285965946875 0.46443955 0.273297315625 0.4330835890625 0.254189440625 0.38867007343750004 0.253965053125 0.38834961562500003 0.1390517625 0.47068309062499997
0 0.745601159375 0.302433840625 0.748835834375 0.3006408296875 0.855039478125 0.191133228125 0.8152797640625 0.1194048046875 0.8138287562500001 0.11733255000000001 0.706783521875 0.23563690468749998 0.745601159375 0.302433840625
0 0.7438421765625 0.1939262921875 0.7921406875 0.261106603125 0.7996335046875 0.2558600765625 0.8683926906250001 0.15471446093750002 0.8392065734375 0.1173579328125 0.7438421765625 0.1939262921875
0 0.5926687125 0.44322093906250004 0.4982767375 0.33019597031250003 0.48034494843750003 0.3378075625 0.4278812765625 0.36095299999999997 0.517713484375 0.481504740625 0.5321194218749999 0.4753897828125 0.594006053125 0.4463715125 0.5926687125 0.44322093906250004
0 0.619871621875 0.2721505921875 0.6207109625 0.27285488125 0.7550887828125 0.326527646875 0.807689515625 0.263840534375 0.8066252609375001 0.262320621875 0.6655238812500001 0.20800859374999997 0.619871621875 0.2721505921875
0 0.5381312890625 0.4447896296875 0.54257194375 0.44271891874999997 0.651123978125 0.341580225 0.6221545875000001 0.279455165625 0.6176219749999999 0.27298192499999996 0.5085518140625 0.36676771874999997 0.5381312890625 0.4447896296875
1 0.623438390625 0.241081815625 0.5548197125 0.28470076093749996 0.6745218640624999 0.380639659375 0.71276539375 0.3567424484375 0.7377661921875001 0.3392367 0.7366426625 0.33743867656250004 0.623438390625 0.241081815625
0 0.4294300046875 0.5306690406250001 0.5200684546875001 0.43469018593750003 0.4994088921875 0.40287724999999996 0.47344925 0.36725732031249997 0.47276930312500004 0.367698884375 0.3691771890625 0.480250890625 0.41302698437499996 0.5443630046875 0.41867251562499996 0.540696753125 0.4294300046875 0.5306690406250001
0 0.17626571093750001 0.70818859375 0.0658455203125 0.62978473125 0.0190794578125 0.684897684375 0.042951971875 0.7189911671875 0.12835662187500002 0.7752249640625 0.183479346875 0.7153748875 0.181841059375 0.7130351703125 0.17626571093750001 0.70818859375
1 0.10219409374999999 0.680769171875 0.15804672656250002 0.74325318125 0.159668271875 0.7421177625 0.241831475 0.636048771875 0.2298350125 0.6236260734375 0.1804900515625 0.5749413718749999 0.18036406875 0.5750295859375 0.10219409374999999 0.680769171875
0 0.2279395875 0.5618142421875 0.2287530828125 0.5624968453125 0.345387528125 0.6216036890625001 0.39810058125 0.5587827203125 0.39716477031249997 0.5574462437500001 0.28249184843749997 0.4948510890625 0.2279395875 0.5618142421875
1 0.2698753984375 0.544355990625 0.24624208125 0.5238118625 0.1780154515625 0.6424568140625 0.2389674265625 0.6961291984375 0.24216052656249998 0.6938933656249999 0.31013888437500003 0.5811156640624999 0.2698753984375 0.544355990625
0 0.40332747968750005 0.4317273421875 0.401779446875 0.42959665625000004 0.317592596875 0.5318233140624999 0.3630072546875 0.5940158921875 0.370847996875 0.5885257453125 0.45003363125 0.49808424375 0.40332747968750005 0.4317273421875
0 1 0.3947687890625 0.9382698765624999 0.3342381 0.934028671875 0.3367864734375 0.8673707796875 0.378491528125 1 0.49282466718749995 1 0.3947687890625
0 0.40743952656250004 0.7599265953125001 0.397163540625 0.746289903125 0.26972338125 0.8829238187499999 0.3205506953125 0.9556423875 0.32676475 0.951291259375 0.4538969609375 0.8229464656250001 0.40743952656250004 0.7599265953125001
0 0.996025928125 0.448445065625 0.9612739171875001 0.377739934375 0.8150490046875 0.497217703125 0.843323353125 0.5648851046875001 0.8468258687500001 0.563325684375 0.9962642765625 0.44898040625 0.996025928125 0.448445065625
0 0.41014529531250005 0.70109445 0.5507910078125 0.8325755906250001 0.5727979390625 0.8171661718750001 0.6200525781249999 0.7804182749999999 0.615332846875 0.7736778 0.4869581375 0.6479221875000001 0.41014529531250005 0.70109445
1 0.252274596875 1 0.376987271875 0.8800432828125 0.34552567500000003 0.8351114656249999 0.3236238234375 0.8054238421875001 0.1891175546875 0.9277372546875 0.23971647499999998 1 0.252274596875 1
0 0.76788536875 0.45273011093750004 0.7067778312499999 0.514563875 0.8745323953125 0.6079377296875 0.9312241484375001 0.5492317 0.9291024125 0.546201546875 0.9261667109375 0.543366571875 0.76788536875 0.45273011093750004
0 0.6393475125 0.5927675828125001 0.49991258125 0.7120982484375 0.5057877703125 0.7226973703125 0.545364553125 0.790529484375 0.5475927359375 0.7892943812500001 0.6804639640625 0.6698413984375 0.648438196875 0.606187459375 0.6472755640625001 0.604090015625 0.6393475125 0.5927675828125001
1 0.535415790625 0.848569121875 0.4277526765625 0.7074352796875 0.3421699484375 0.74213155625 0.4523073828125 0.8962728765625 0.48411276875000003 0.8807603515625001 0.5323973234375 0.8568997484375 0.5376761234375 0.8532034921875 0.535415790625 0.848569121875
1 0.8200374609375001 0.5308282921874999 0.7896393484375 0.47932126718749996 0.651807275 0.6105808859375 0.700442890625 0.6911887250000001 0.7043402015625 0.689028409375 0.8361888390625 0.559966146875 0.8200374609375001 0.5308282921874999
1 0.7815239859374999 0.6514374421875 0.780876634375 0.6508337765625 0.6439349375 0.571015240625 0.6263479578125 0.5611755406250001 0.55799965625 0.6264182640625 0.5585952875 0.6272689125 0.7244276859375 0.7142927265625 0.781711815625 0.651705690625 0.7815239859374999 0.6514374421875
0 0 0.403758059375 0.0445405015625 0.3725704640625 0.0425807796875 0.36977169062500004 0 0.3275969171875 0 0.403758059375
1 0 0.32607397968749996 0.0536560265625 0.372392090625 0.1139796015625 0.3300847234375 0.1120059765625 0.3272660953125 0.040173146874999996 0.2601816640625 0 0.28749678749999996 0 0.32607397968749996
0 0.1028206671875 0.220411628125 0.0390227609375 0.257073328125 0.111959184375 0.33109226718749996 0.1629118234375 0.301130734375 0.1759987984375 0.2919671359375 0.1746300921875 0.2897767484375 0.1028206671875 0.220411628125
0 0.11890825625000001 0.2408442703125 0.1667059890625 0.3022889515625 0.171397509375 0.299003915625 0.2259931453125 0.21830892500000001 0.1740535765625 0.1606241921875 0.11890825625000001 0.2408442703125
0 1 0.5701594515624999 0.8810318484374999 0.6742156046875001 0.9160713156250001 0.7541752328125 1 0.6855167484375 1 0.5701594515624999
0 1 0.717591815625 0.8426627296874999 0.629316571875 0.8411392375 0.6308400625 0.7821324765625 0.6965413234375 0.94053235 0.787773159375 0.9558175859375 0.772487921875 1 0.7268734265625 1 0.717591815625
0 0.767309009375 0.866789078125 0.77275716875 0.8638922390625 0.909798490625 0.7461025015625 0.8684897328125001 0.663947840625 0.8651216734375 0.6591377515625 0.7291159703125001 0.7885755859375 0.767309009375 0.866789078125
0 0.5823675140625 1 0.45954567187500006 0.8953759953124999 0.385930678125 0.9613420140625 0.43609701875000006 1 0.5823675140625 1
0 0.6519312562499999 1 0.6797580890625 0.9826118656249999 0.6845017312499999 0.97929033125 0.683887425 0.9783072359375 0.55211329375 0.83943476875 0.5053695031250001 0.8686435296875 0.4693647203125 0.8915240687500001 0.47010363125000004 0.8927065750000001 0.5750379546875 1 0.6519312562499999 1
0 0.7687721984375 0.8815375187500001 0.6047028421875 0.794852003125 0.5403677796874999 0.8715235437500001 0.7121839765625 0.9583609375 0.76806731875 0.8942908359375 0.7734778906249999 0.88784276875 0.7694770203125 0.882128934375 0.7687721984375 0.8815375187500001
0 0.6203073546875 0.8122764625000001 0.7951854734375 0.9036962000000001 0.8039913562500001 0.8975302546874999 0.8575564671875 0.833574740625 0.856950690625 0.8327096031250001 0.6845948234375 0.738322190625 0.6203073546875 0.8122764625000001
0 0.4235859296875 0 0.3611866890625 0.074506325 0.40252402500000006 0.1314450046875 0.40926635625 0.1267239734375 0.4737595703125 0.045732032812500004 0.44682645 0.0072675515625 0.44140490625 0 0.4235859296875 0
0 0.297729859375 0.194906009375 0.22843344999999998 0.1365317265625 0.1704723765625 0.18160239218750002 0.247290403125 0.2392474671875 0.24808707187499998 0.23866926875 0.3006987609375 0.19902351875 0.29894168906249996 0.19651416093750002 0.297729859375 0.194906009375
0 0.44954492031250004 0 0.422124040625 0.033462325 0.463342834375 0.09458159687499999 0.46447724843750005 0.093787271875 0.5257581921875001 0 0.44954492031250004 0
0 0.3350825 0.0557676546875 0.28432395625 0.1113137921875 0.381995984375 0.15542368125 0.42577245625 0.0997854359375 0.42459957031249995 0.09811038125 0.42092037812500005 0.09491210781250001 0.3350825 0.0557676546875
0 0.24475964375 0.1518005265625 0.27547755 0.2153193671875 0.27904669375 0.213500796875 0.3482482890625 0.1492194625 0.341568453125 0.1349760515625 0.320861275 0.0943359265625 0.31357818437499996 0.0839345953125 0.24475964375 0.1518005265625
0 0.5074843109375 0 0.5443597484375 0.019881509375000002 0.5672537390625 0.0317261625 0.5759027156250001 0.0249688421875 0.6066055593749999 0 0.5074843109375 0