0 0.9213457171874999 0.2887058828125 0.9219652234375 0.40415144375 0.9540171031250001 0.4148228546875 0.980283696875 0.4228533578125 0.9882545281249999 0.42425882968749995 0.989291896875 0.4208657484375 0.9858207374999999 0.3093258578125 0.9234002734375 0.2890681578125 0.9213457171874999 0.2887058828125
0 0.8503713515625 0.275672334375 0.8492018609375 0.3944204140625 0.9131489234375 0.41631229999999997 0.9148750234374999 0.297747709375 0.8503713515625 0.275672334375
1 0.6824240953125 0.34627841875 0.7063063781250001 0.27352499531249996 0.7051675375 0.27311049062500004 0.59298450625 0.267483934375 0.5663521171875 0.3350136796875 0.56486110625 0.33911020468749997 0.5648005203124999 0.3394538015625 0.6824240953125 0.34627841875
0 0.6670146890625 0.29927441093749996 0.6619145718749999 0.37623591562500003 0.66696458125 0.37712636875 0.7731079703125 0.34311615156249997 0.7731079703125 0.2669389546875 0.6670146890625 0.29927441093749996
0 0.87404090625 0.3042974875 0.7525632437499999 0.29597369218749997 0.7420351562499999 0.322031621875 0.7235788296875 0.3684268703125 0.7264277078125 0.369577890625 0.845244640625 0.3794073671875 0.8699460671875 0.3182691890625 0.87287655 0.31090088125 0.87404090625 0.3042974875
0 0.5076303828125 0.240772059375 0.5075346828125 0.2413147984375 0.53921513125 0.3535696546875 0.614437928125 0.354882675 0.6147000203124999 0.35339627500000004 0.586386353125 0.23970114687500002 0.5076303828125 0.240772059375
0 0.50693155 0.358827078125 0.5286870953125 0.242124615625 0.45313781875 0.20957794999999999 0.431513121875 0.3271670953125 0.440121009375 0.33118102031249996 0.506272084375 0.36024130625 0.50693155 0.358827078125
1 0.10384365468750001 0.164265640625 0.1037676640625 0.164696609375 0.11948676875 0.30287965781250004 0.20239126875000002 0.3072244984375 0.2025681796875 0.306221190625 0.18483763125 0.1692830359375 0.10384365468750001 0.164265640625
1 0.295168125 0.32094553124999997 0.2954317140625 0.3194506515625 0.2952787375 0.316531709375 0.264432578125 0.1832257390625 0.1805200140625 0.1861359984375 0.17770490625 0.1862835328125 0.177461225 0.18766551874999998 0.21106492812500002 0.3247287640625 0.2867399328125 0.321387234375 0.295168125 0.32094553124999997
1 0.31280746875 0.308767815625 0.31459815468749996 0.3094913 0.4545325625 0.331928146875 0.4808149109375 0.26687705 0.4824985046875 0.257328915625 0.3396479609375 0.236181128125 0.31280746875 0.308767815625
1 0.28343685937499996 0.335773128125 0.36255312812499996 0.3436997421875 0.36429069062499997 0.3338455359375 0.349159628125 0.2034895234375 0.27558397343749996 0.1928983203125 0.28343685937499996 0.335773128125
0 0.888222915625 0.5694639031250001 0.9711011671875 0.563668490625 0.971566328125 0.5610304375 0.9105508328124999 0.41630675625 0.8324963000000001 0.42335823906250003 0.888222915625 0.5694639031250001
0 1 0.43584069062499997 0.9452861312499999 0.41985555156250004 0.9382623453125 0.41861706875 0.949274 0.5847571312500001 0.97094449375 0.5925598453124999 0.9833395250000001 0.5947454234375 1 0.5279239109375 1 0.43584069062499997
0 0.511860259375 0.3982566640625 0.48555360781249995 0.46977788593750003 0.487614965625 0.47056916718749997 0.63331003125 0.48925231875 0.6501896921875 0.44527930156249995 0.66139345625 0.4125154859375 0.6619946140625 0.40910614375 0.511860259375 0.3982566640625
0 0.8391441046875 0.4128979234375 0.7565623140625 0.4073273109375 0.7565413390625 0.40762726875000005 0.7959159437500001 0.55511531875 0.8081278140625001 0.55596925625 0.8742029953125 0.5553244421875 0.8746349328124999 0.5528748015625 0.8391441046875 0.4128979234375
0 0.582577621875 0.5145606625 0.58990515 0.515852703125 0.72844406875 0.47090489687500003 0.72844406875 0.394313278125 0.7281737578125 0.3942656140625 0.5885851109375 0.43347891875 0.582577621875 0.5145606625
1 0.7138774421875 0.5420306187499999 0.793067234375 0.5475681078125 0.7938740859375 0.5429922281249999 0.754416425 0.3986456703125 0.67826351875 0.3947791375 0.7138774421875 0.5420306187499999
0 0.5489233390625 0.501482403125 0.5501859515625 0.49432177031249996 0.5499841437499999 0.4885427765625 0.54821615 0.480217259375 0.5121041234375 0.351219134375 0.509710196875 0.35130273125 0.43061212656250003 0.35834033593750003 0.47392978750000003 0.5057705484375 0.479285203125 0.50558353125 0.5489233390625 0.501482403125
0 0.1308066546875 0.3065485625 0.049067909375 0.27465324999999996 0.013641834375 0.4130046796875 0.0851115234375 0.44429661249999997 0.0891754859375 0.4450131984375 0.0926236453125 0.43647870781250003 0.1308066546875 0.3065485625
1 0.2229399671875 0.32897832656250003 0.089272265625 0.3435887703125 0.08835675625 0.42900279374999994 0.091391775 0.42953795 0.09274465 0.4295851921875 0.2188599015625 0.4129243859375 0.22290379374999997 0.35795425625 0.223909684375 0.32914931406250003 0.2229399671875 0.32897832656250003
0 0.3903012671875 0.356077378125 0.39024254375 0.35271314062500003 0.259579390625 0.38137369374999996 0.26223520312500004 0.4644220671875 0.27053909531250003 0.46588626718750004 0.3906681015625 0.4356551609375 0.3903012671875 0.356077378125
1 0.197119509375 0.3209025671875 0.20210734531250002 0.4569931125 0.23432258125 0.46267352656250005 0.283095003125 0.47039831875000004 0.28379010312499997 0.4664562109375 0.2817020671875 0.3364193359375 0.197119509375 0.3209025671875
0 0.334875809375 0.4685496515625 0.338524334375 0.4692588515625 0.46466948593749996 0.4653025546875 0.475792575 0.4123351546875 0.48090138437499996 0.383361659375 0.349669721875 0.39145130156249996 0.334875809375 0.4685496515625
0 0.8651492265625 0.8671786265625 0.9267222437499999 0.8693288046875001 0.9425435609375 0.8695959921874999 0.9449442515625 0.8559809968750001 0.89648950625 0.6895996640625001 0.8245805078125 0.6837802171875 0.8244487546875 0.6845274265625 0.8651492265625 0.8671786265625
0 0.1829861703125 0.7504218 0.21353226875 0.5722451640624999 0.123116028125 0.54181175 0.0970677 0.727013359375 0.1418625265625 0.7433598765625 0.17191262031250001 0.7531237421875 0.1815557796875 0.7548240921875 0.1829861703125 0.7504218
0 0.8896979578125 0.80996685 0.9111831453124999 0.7341690640625 0.722570628125 0.725114784375 0.698304234375 0.7943206953125 0.7019505671874999 0.7955054625 0.889516871875 0.8105241718749999 0.8896979578125 0.80996685
0 0.426293946875 0.7217741156249999 0.448086903125 0.6552138921874999 0.2631808578125 0.6212455109375 0.2296452046875 0.7072254203125 0.2346441421875 0.70914433125 0.41979477656249997 0.7387050328125 0.426293946875 0.7217741156249999
1 0 0.671825953125 0.13542131875000002 0.6974585171875 0.13824697187499999 0.6887620546875 0.16099178593750002 0.6043351078125 0 0.5785092281249999 0 0.671825953125
0 0.6068359812499999 0.7980803843750001 0.790946121875 0.784549509375 0.8059937609375 0.69921010625 0.614971690625 0.7155839687500001 0.6015826890625 0.7971540874999999 0.6068359812499999 0.7980803843750001
0 0.5145379796875 0.73348253125 0.52481440625 0.6629710515625 0.526532853125 0.6466211125 0.3424014109375 0.6645372953125 0.341134678125 0.6765894593749999 0.334777503125 0.7532823421875 0.3419230921875 0.754542303125 0.5145379796875 0.73348253125
1 0.3491468078125 0.62217754375 0.3494136671875 0.6204926578125 0.15991067187500002 0.6223007609375 0.145456465625 0.7167267265625 0.1512557578125 0.7177492984375 0.3288672359375 0.71049774375 0.3491468078125 0.62217754375
1 0.556184059375 0.6333321046875 0.5745831906250001 0.8209522203124999 0.6067669921875 0.82662709375 0.6679859125000001 0.8340298265625 0.6688567453125 0.829091090625 0.6482886890625 0.645379409375 0.556184059375 0.6333321046875
1 0.484005440625 0.803344378125 0.5669159515625 0.8216750703125 0.567186978125 0.8205011265625 0.567841009375 0.661996871875 0.56756895 0.6418462500000001 0.47667219375 0.6152115625000001 0.47645197812499995 0.6161654171875 0.484005440625 0.803344378125
0 0.12080519062499999 0 0.109487934375 0.0543702625 0.168511365625 0.078217275 0.17945873125 0.080147590625 0.181312871875 0.0755584296875 0.1995046546875 0 0.12080519062499999 0
0 0.18744898593749998 0 0.1703644140625 0.0684332265625 0.2692937703125 0.07487498125 0.2836810421875 0.017170784375 0.286708715625 0 0.18744898593749998 0
0 0.7823790390625 0.976344296875 0.9191319390625001 0.98794698125 0.923835790625 0.97569303125 0.9305806249999999 0.93744116875 0.8062150125 0.8897016828125001 0.8051146796875001 0.892568146875 0.7793652265625 0.9751874031250001 0.7823790390625 0.976344296875
1 0.3602295078125 0.039300609375000004 0.3650885734375 0.008621690625000001 0.263874228125 0.012081346875 0.24946125624999999 0.0877311125 0.25643918125 0.088961509375 0.35275281718749996 0.081892265625 0.3602295078125 0.039300609375000004
0 0.344754340625 0.00299119375 0.34580157499999997 0.1068062671875 0.40719925 0.12159565000000001 0.4153512484375 0.1233284109375 0.41887589375 0.1239499015625 0.4195834234375 0.12062124062499999 0.4161131078125 0.0208411328125 0.346023075 0.00321490625 0.344754340625 0.00299119375
0 0.40439265312500006 0.05530239218750001 0.41097062968750003 0.13048900937500002 0.4152779015625 0.1312484984375 0.503827825 0.101629765625 0.5026001875 0.021642084375000002 0.40439265312500006 0.05530239218750001
0 0.7891774375 1 0.7452938171875 0.8497850874999999 0.6514851 0.8506777124999999 0.7005068484375 1 0.7891774375 1
0 0.7207986375 0.9410677749999999 0.7198951234375001 0.9151945265625001 0.714200040625 0.851037978125 0.7123759187500001 0.8511016781249999 0.5390661421875 0.90428571875 0.5437539359375 0.99638905625 0.5461716984375 0.9968153734375 0.7207986375 0.9410677749999999
0 0.8700957265625 1 0.8383497984374999 0.8625175374999999 0.750666359375 0.860050590625 0.7506486156250001 0.860304353125 0.7805991031249999 1 0.8700957265625 1
0 0.4457356484375 0.8884362046875 0.45018830000000004 0.98306411875 0.4564697921875 0.984171715625 0.6280727046875 0.9231253125000001 0.6249444015625001 0.834740159375 0.4457356484375 0.8884362046875
0 0.10823863125 0.9361934546875 0.204241565625 0.944592625 0.20584989375 0.9354713453124999 0.185252028125 0.7513235203125 0.096171346875 0.7430156484375 0.10823863125 0.9361934546875
0 0.352393565625 0.8547879453125 0.359569534375 0.837518728125 0.359750440625 0.8364927546875001 0.3593991890625 0.8363436562500001 0.1699368265625 0.8007605421875 0.146229984375 0.8566103640625 0.13348443906250002 0.88697420625 0.133295546875 0.8880454671875 0.13523528437500001 0.8888688390624999 0.321810928125 0.926836121875 0.352393565625 0.8547879453125
0 0.264789621875 0.818955378125 0.23091351875 0.9120292031250001 0.235100684375 0.9135532062499999 0.42190435312499996 0.9358692953125001 0.44893486875 0.8658022390625 0.45364903593749994 0.8528501703125 0.4550016828125 0.8451789234374999 0.264789621875 0.818955378125
0 0.5380155984375 0.8974392171875 0.542153265625 0.8374771078125001 0.346203475 0.8625563359375 0.3378104484375 0.958489059375 0.3429429328125 0.9593940546875 0.5350778140625 0.9310182250000001 0.5380155984375 0.8974392171875
0 0 0.9130191328124999 0.024962610937499997 0.9218457984375 0.041234153125 0.9268205093749999 0.0828258140625 0.934154240625 0.082906534375 0.93389021875 0.1126883546875 0.7457948265625001 0.0185709640625 0.7195983328125 0 0.820537721875 0 0.9130191328124999
0 0.8036433859375001 0.177800696875 0.7727507734375 0.0770934375 0.7000658046875 0.0808766859375 0.735652896875 0.18742077343750002 0.7743045375000001 0.186071028125 0.8031958453125 0.184191221875 0.8037556765625 0.1810162609375 0.8036433859375001 0.177800696875
0 0.4830424953125 0.050421223437499996 0.5144928078125 0.1411672515625 0.5154766015625001 0.14113339687499998 0.5797377359375 0.1377656125 0.5808216453124999 0.13161846093750001 0.5562975984375 0.04546736875 0.4830424953125 0.050421223437499996
0 0.8800094828124999 0.104836515625 0.8801914015625 0.09441445468750001 0.7706619171875 0.12308138125000001 0.76808795625 0.19663163749999998 0.7692974484375 0.1968449046875 0.877056671875 0.155826515625 0.8800094828124999 0.104836515625
0 0.7268674140625 0.1669449515625 0.6996320218750001 0.07002260625 0.6263814125 0.0723299 0.6534464828125001 0.170018078125 0.722636240625 0.172943803125 0.72583900625 0.17299970781250001 0.72686310625 0.167191753125 0.7268674140625 0.1669449515625
0 0.5646759921875 0.1600657890625 0.652071453125 0.1254622640625 0.65069530625 0.0974107421875 0.64767129375 0.054165334375 0.5558011515625 0.0874019125 0.558483421875 0.15967270312499998 0.5618381453125 0.16026423125 0.5646759921875 0.1600657890625
0 1 0.187497090625 0.9839487859375 0.124211865625 0.9139902453125 0.10958215 0.9418489171875001 0.2223383453125 1 0.23154857343750002 1 0.187497090625
0 0.8771574109375001 0.21567565000000002 0.9253280500000001 0.232149871875 0.92723238125 0.22691776875 0.929275578125 0.11658788906249999 0.9244666546874999 0.114837584375 0.8588455250000001 0.0940375625 0.8647564890625 0.18622981875 0.8668436187499999 0.21192173749999998 0.8771574109375001 0.21567565000000002