0 0.23433148906249998 0.0155002625 0.245893825 0.1296764109375 0.3092988484375 0.145461696875 0.3099535109375 0.14545026875 0.31121585 0.139982475 0.30297908906250004 0.030627481249999998 0.2776973109375 0.024129279687499998 0.23989992343750002 0.015403065625 0.23433148906249998 0.0155002625
0 0.334395225 0.153387471875 0.3158276109375 0.0890891671875 0.313672640625 0.0891267828125 0.2175370015625 0.15504035 0.2362827484375 0.2199793875 0.334395225 0.153387471875
0 0.2436750828125 0.46834495625 0.342890315625 0.413057290625 0.3296905484375 0.341675803125 0.3287686515625 0.337338625 0.3281766796875 0.3373489578125 0.22528652968750001 0.393631540625 0.2436750828125 0.46834495625
0 0.232077475 0.380608540625 0.3369300109375 0.3383510328125 0.33580941875 0.2852371890625 0.3337973734375 0.2622394234375 0.3264371234375 0.262367896875 0.22554004375 0.30471146875 0.232077475 0.380608540625
0 0.2987313359375 0.1767326171875 0.23315291249999998 0.1836251875 0.21831220468749998 0.18526664843750001 0.26857505625 0.2977351703125 0.2965254765625 0.2947974640625 0.3447395734375 0.2894685953125 0.3446348515625 0.2834690390625 0.2987313359375 0.1767326171875
0 0.33638579375 0.5393660484375 0.3365972625 0.53764376875 0.31703354687499996 0.42390943437499995 0.24721155625 0.41533637187499994 0.24183726249999998 0.41543018125 0.2582182328125 0.532223425 0.33638579375 0.5393660484375
0 0.2296561484375 0.6123612921875 0.3483418140625 0.592627453125 0.353086303125 0.5105027390625 0.2349769234375 0.530436425 0.2296561484375 0.6123612921875
1 0.3716870390625 0.9258413187500001 0.3810788984375 0.8493507546875 0.38100847187500003 0.8453160046875 0.242311734375 0.8513469499999999 0.23271029062499998 0.9340433578124999 0.3716870390625 0.9258413187500001
0 0.3047910875 0.7366345187500001 0.24950967031250001 0.7395316937499999 0.28322119687499997 0.87703473125 0.3658710421875 0.8733852203125 0.36565758593750003 0.8611563078125 0.33662770625 0.7356996375 0.32680130625000003 0.7358711578125 0.3047910875 0.7366345187500001
1 0.229848971875 0.690668084375 0.3753544984375 0.6687169453124999 0.3763084671875 0.65781301875 0.3800640921875 0.5925390859374999 0.37316329531250003 0.59193534375 0.2361110515625 0.6109305453125 0.23242181093749997 0.6530987359375 0.22977283437499998 0.6863062140625 0.229848971875 0.690668084375
1 0.23071751406250002 0.7638038218750001 0.373707615625 0.7584456390625001 0.38322763437499996 0.6776652421875 0.3786974953125 0.677028571875 0.2425911765625 0.6904242140625 0.23071751406250002 0.7638038218750001
0 0.47761489687500003 0.1827983296875 0.47774396875 0.179102203125 0.438576553125 0.031667328125 0.3602046296875 0.028930518750000002 0.354108684375 0.029036925 0.40036618749999997 0.181668575 0.47761489687500003 0.1827983296875
0 0.45960256875 0.123992915625 0.427383365625 0.0019789843750000003 0.4161095671875 0.0013881484374999998 0.37994364062499997 0.002019428125 0.375264421875 0.12170372656249999 0.452932740625 0.12888991562500002 0.45935179843749996 0.12877787031250001 0.45960256875 0.123992915625
0 0.48229004687500004 0.36435092187499996 0.480527353125 0.36472559375 0.351568134375 0.43581714062500004 0.355618334375 0.4548718328125 0.3683279828125 0.5107879578125 0.5038056421875 0.44560857656249997 0.500551815625 0.43030052812499997 0.48395268593749996 0.36432190000000003 0.48229004687500004 0.36435092187499996
0 0.3441052296875 0.1379619203125 0.4278481328125 0.2671735375 0.5009235078125001 0.24263898906249998 0.49942189687500005 0.2366163578125 0.4244666078125 0.1177155140625 0.3441052296875 0.1379619203125
0 0.49549468281250003 0.42094896718749997 0.49539903750000003 0.4154694109375 0.4330246 0.281555859375 0.357265728125 0.290857878125 0.3572833390625 0.2918668453125 0.4129221078125 0.4249334078125 0.49549468281250003 0.42094896718749997
0 0.482168096875 0.35188801718749996 0.48251920937500004 0.34854740781250004 0.45280990781249997 0.203768015625 0.37740999375 0.19584316562499998 0.371938790625 0.195938665625 0.40725172656249997 0.345456728125 0.482168096875 0.35188801718749996
0 0.3914693359375 0.4409476265625 0.38471195156250004 0.441065578125 0.38454717031249996 0.44223806093749995 0.3852208328125 0.4616345 0.398396828125 0.5950741140625 0.4788562515625 0.6019939921875 0.479418115625 0.5979961125 0.46293905 0.45047162343749997 0.412874428125 0.4434355 0.3914693359375 0.4409476265625
0 0.3734121765625 0.9099580625 0.3713966828125 0.9976762000000001 0.51352093125 0.9836468437500001 0.51812098125 0.9114458750000001 0.51795134375 0.9017273765624999 0.5085659312499999 0.90139963125 0.3734121765625 0.9099580625
1 0.4028588359375 0.9217827015625 0.4877383953125 0.9346408953124999 0.4885016078125 0.9303125 0.48955479375 0.8031058546875001 0.43568243124999995 0.7914509546875 0.413248815625 0.7874953031249999 0.40698669374999996 0.787604609375 0.4028588359375 0.9217827015625
1 0.4854338734375 0.762857853125 0.48700904375 0.7554472546875 0.4845622875 0.6309033703125 0.41015251406250003 0.61408543125 0.40363345624999997 0.614199221875 0.4021835046875 0.7464216125 0.4854338734375 0.762857853125
1 0.4875527125 0.8511784656250001 0.4884303421875 0.8466634515625 0.488201184375 0.7140400859375 0.4156617921875 0.69993985625 0.40695306093749994 0.7000918671874999 0.40444897500000004 0.8329139328125 0.4875527125 0.8511784656250001
0 0.4402899484375 0.5393372953125 0.37588451875 0.5543698312500001 0.43246438437499995 0.6714297625000001 0.5120698359375 0.6543052765625 0.5119807749999999 0.6492029359375 0.453171425 0.536363371875 0.4402899484375 0.5393372953125
0 0.6467308625 0 0.632654828125 0.0009842921875 0.6861006781250001 0.16014380156250002 0.69193658125 0.159735715625 0.7674237859375 0.1530883046875 0.7673339484375 0.1479414859375 0.706848703125 0 0.6467308625 0
0 0.7743106937500001 0.90575576875 0.7741584546875 0.8970340421874999 0.745237084375 0.7198778515625001 0.679957884375 0.720330359375 0.649900065625 0.7208550203125 0.68550526875 0.9041312109374999 0.7743106937500001 0.90575576875
0 0.77561761875 0.0732498125 0.77302170625 0.0737544078125 0.6085624046875 0.15486263281249998 0.6209548546875 0.2275350484375 0.6222581953125 0.22751229843749998 0.7953444921874999 0.1489166890625 0.7917674203125 0.13051426093750002 0.7783519812499999 0.073202084375 0.77561761875 0.0732498125
0 0.6206654781250001 0.687706175 0.804227709375 0.6500580546875 0.8026346156249999 0.5587897515625 0.7930895390625 0.5589563609375 0.614724740625 0.5999019 0.6206654781250001 0.687706175
1 0.8026973937499999 0.8597187343750001 0.6266011218750001 0.8655186296874999 0.6176958015625 0.9566337375 0.8039255578125 0.9557176359374999 0.8059511031250001 0.9392208906249999 0.811541309375 0.8608046296874999 0.8026973937499999 0.8597187343750001
0 0.617391271875 0.32543275625 0.7983777890625 0.26591585625 0.7978390171874999 0.256679709375 0.79264098125 0.1823443296875 0.7834560796875001 0.182504653125 0.6105391625000001 0.24170483125 0.617391271875 0.32543275625
0 0.6211246906250001 0.5123961671874999 0.623574428125 0.5945483578124999 0.6239654703124999 0.6001405390625 0.8021884296874999 0.5505224546874999 0.7999519125 0.5185387515625 0.7947487421874999 0.46203764375 0.785780546875 0.46219418437500004 0.6211246906250001 0.5123961671874999
1 0.62890756875 0.7906863515625 0.8105082921875001 0.73673286875 0.8061957328125 0.7016099 0.7987222015625 0.6432458953125 0.790124371875 0.643395971875 0.6239646046875 0.698470290625 0.62890756875 0.7906863515625
0 0.61931615625 0.4180952890625 0.8008098468749999 0.3647196171875 0.800292284375 0.33506851718749997 0.7975256640625 0.27289787187500003 0.7928519921875 0.27297945156250003 0.6141507359375 0.3228766046875 0.61931615625 0.4180952890625
1 0.6188123109375 0.5025334625 0.6196554859375001 0.5025481796875 0.801173684375 0.45624308437499994 0.8018657421875 0.371333203125 0.8006611015624999 0.371312175 0.645484565625 0.403627321875 0.625830846875 0.4080829875 0.618786878125 0.5010763890625001 0.6188123109375 0.5025334625
0 0.055094328125 0.8883903046875 0.038186637499999995 0.9651143859375001 0.1357484875 0.9698147953125 0.15076131718750002 0.9047870828125 0.15062113125 0.8967557640624999 0.145439896875 0.8955595828125 0.055094328125 0.8883903046875
0 0.0667764140625 0.9044145703125 0.142895134375 0.9017797734374999 0.14283488125 0.898327828125 0.1225452390625 0.8050714578125 0.1116992765625 0.805260775 0.043859875 0.807629778125 0.0667764140625 0.9044145703125
0 0.864485446875 0 0.8763331531249999 0.13144491875 0.9114057046875 0.13898424375 0.936798540625 0.0083494203125 0.9366739171875 0.00120975625 0.9304502609374999 0 0.864485446875 0
1 0.07013797656250001 0.726980346875 0.0393081703125 0.730765771875 0.0705322578125 0.8271056343750001 0.14615946562499998 0.8202055156249999 0.14601241250000002 0.8117808421875001 0.1131405609375 0.722427553125 0.07013797656250001 0.726980346875
0 0.0425596890625 0.6753939171875001 0.045544423437499995 0.7449625156249999 0.04598786875 0.7513040890625 0.144575165625 0.7192864984375 0.1423096390625 0.6504121609375 0.142172784375 0.64845505625 0.13248335312499998 0.6486241859375 0.0425596890625 0.6753939171875001
0 0.1409457796875 0.6548410921875 0.148302253125 0.5848489296875 0.14818775312500002 0.5782892484375 0.1459537375 0.5780544437499999 0.0522769046875 0.5903778875000001 0.0387655984375 0.6660714859375 0.0388175375 0.669047040625 0.1409457796875 0.6548410921875
0 0.9813303328125 0.14228564531250001 0.98114129375 0.131455571875 0.8012412890625 0.16735461406250002 0.7942442671875 0.257165434375 0.794307734375 0.2608014828125 0.976017240625 0.21826639375 0.9813303328125 0.14228564531250001
0 0.9621487421875001 0.20438936874999997 0.9611203703125 0.20460795625 0.7987845124999999 0.2898545203125 0.7992324671875 0.2919619828125 0.8221967937500001 0.3772326875 0.9849810031249999 0.2940757953125 0.9804866625 0.2729315796875 0.9647607265625 0.20434377656249997 0.9621487421875001 0.20438936874999997
0 0.8772334046875001 0.0045224140625 0.8091997781250001 0.012139690625000001 0.8774173421875 0.1985437046875 0.9666012296875 0.1937479328125 0.9664433171875 0.18470114531249998 0.896747325 0.0031578671875 0.8772334046875001 0.0045224140625
0 0.8475129062500001 0.4665196359375 0.93665909375 0.4892526109375 0.9412628953125 0.4891722515625 0.9422357671875 0.484958278125 0.9339964609375 0.3022919546875 0.849887340625 0.27979758593750004 0.8485565718749999 0.2798208140625 0.8475129062500001 0.4665196359375
0 1 0.7343930890625 0.8180297453125001 0.7235006765625001 0.7989375375 0.8204860890625 0.9924697578125 0.8225726421875 1 0.7871456328125 1 0.7343930890625
0 1 0.618630590625 0.8115496500000001 0.6463346249999999 0.8103190671875 0.663932778125 0.8052446484375 0.740926265625 0.8067244828125 0.7410297453125 0.996195815625 0.7160933468749999 1 0.6616909828125 1 0.618630590625
0 0.8518916671874999 0.6667480296875 0.9484001921875 0.689028778125 0.9494025484374999 0.68468709375 0.94878665625 0.49655618281249997 0.8759476796874999 0.4782661765625 0.8615260593749999 0.4749366828125 0.8547343187499999 0.4750552328125 0.8518916671874999 0.6667480296875
0 0.8217711796874999 0.5684771484375 0.9999325546875 0.49177261562499996 0.9996101703125 0.4733032296875 0.9846255046874999 0.3962138109375 0.979826375 0.39629758125 0.8022118671875 0.4768712625 0.8217711796874999 0.5684771484375
0 0.9704485015625 0.9728837625000001 0.9704485015625 0.963292359375 0.94968866875 0.783188334375 0.8920816046875 0.780699984375 0.8466362609375 0.7814932359375 0.8738868328124999 0.9753213640625 0.9704485015625 0.9728837625000001
0 0.14026778125 0.37555576562500004 0.14026778125 0.37154021875 0.1096101984375 0.2678424703125 0.10232824375 0.2678424703125 0.039671190625000005 0.26893615312499997 0.068676259375 0.37677984375 0.14026778125 0.37555576562500004
0 0.05269471875 0.5981819046875 0.1437511609375 0.5670245953124999 0.13825122031249998 0.5146961625 0.1359287109375 0.495415721875 0.1317464078125 0.49548872499999996 0.0467662421875 0.53002158125 0.05269471875 0.5981819046875
0 0.1431855890625 0.242789096875 0.12938315 0.1861078484375 0.12324945000000001 0.1862149125 0.0318660265625 0.2425815859375 0.0510853203125 0.31433049999999996 0.1431855890625 0.242789096875
0 0.06666944062499999 0.4457890015625 0.1390731796875 0.4511007375 0.13936052031249999 0.44876053593750004 0.1230543453125 0.35116901875 0.1066345671875 0.3487381078125 0.052996956250000005 0.3421522375 0.0489748953125 0.34222244375 0.06666944062499999 0.4457890015625
0 0.0440254625 0.5197628515625 0.139916925 0.49957458125 0.1436544203125 0.46324940937500003 0.1456752796875 0.4343497625 0.1455260015625 0.4257975625 0.14407835625 0.42569633281249997 0.049880496875 0.4484863953125 0.043925399999999996 0.5140302953125 0.0440254625 0.5197628515625
0 0.1501799359375 0.06571693906250001 0.1500758375 0.059753084375 0.0419880234375 0.0871677078125 0.0282451640625 0.1528853640625 0.028315062499999998 0.1568898625 0.140114503125 0.129267575 0.1501799359375 0.06571693906250001
0 0.1311924703125 0.11262757968749999 0.1266479875 0.1127069046875 0.1254939203125 0.11303782656250001 0.0350342140625 0.17623512187499998 0.0364448 0.181154425 0.0581883625 0.24646898125 0.1292990859375 0.1874976625 0.1488575 0.1707078078125 0.1458321859375 0.1601572796875 0.1311924703125 0.11262757968749999
0 0.14834608124999998 0.020866546875 0.041673390625 0.03777651875 0.029725514062500003 0.0784658265625 0.078060284375 0.0899582046875 0.1339186640625 0.1028541265625 0.1511097359375 0.0294558859375 0.1509703828125 0.021472415624999998 0.14834608124999998 0.020866546875