0 1 0.35309281718749996 0.9439125703125001 0.3245393515625 0.943201846875 0.3243489125 0.9257322718750001 0.43861258750000004 0.9557201624999999 0.45416663437500004 0.9838447312499999 0.4678839015625 0.987986184375 0.46899360156250003 0.9896153484375001 0.4656533234375 1 0.3836518984375 1 0.35309281718749996
0 0.8655179531250001 0.430932940625 0.9299617734375 0.44687917656250004 0.9308635109375001 0.443513846875 0.9225156296874999 0.3289043109375 0.8563334171875001 0.31253480625 0.8655179531250001 0.430932940625
0 0.704782815625 0.35042785 0.7156687734375 0.2746326 0.71447525625 0.27442215000000003 0.603019496875 0.2883614546875 0.5885181312500001 0.35948993749999997 0.5878304765625 0.3633898203125 0.5897369265625 0.36390065312500003 0.704782815625 0.35042785
0 0.7852825359375 0.3684444015625 0.793245221875 0.2926845109375 0.6843531546875 0.31375306406250003 0.67109918125 0.3905544609375 0.67378936875 0.39127529375000003 0.6750432453124999 0.3914070828125 0.7852825359375 0.3684444015625
0 0.765657375 0.4033934171875 0.8318967953125 0.44011052656249994 0.836557334375 0.441359315625 0.8366831906250001 0.441132265625 0.85959458125 0.3223766859375 0.7922563499999999 0.2855208078125 0.790242296875 0.28498114375 0.765657375 0.4033934171875
0 0.534417453125 0.2391691984375 0.53433285625 0.23964897812500002 0.548069371875 0.355533671875 0.6225424578125 0.36866528593750003 0.6227234562499999 0.3679897953125 0.612472796875 0.2504462796875 0.534417453125 0.2391691984375
0 0.4487579984375 0.242346378125 0.4301244265625 0.32113261249999997 0.43499427031250004 0.3224374828125 0.5489713218750001 0.32327357343749996 0.5560522765625 0.296847090625 0.5690673078125 0.243521890625 0.4487579984375 0.242346378125
1 0.0962948203125 0.2363191328125 0.10101330156249999 0.2378522609375 0.23479364062500002 0.255755775 0.2541334875 0.1981049625 0.259383371875 0.178512125 0.12122434062500001 0.15783903125 0.0962948203125 0.2363191328125
0 0.20469754375 0.17852323750000001 0.17691160156250002 0.25085654375 0.1746477984375 0.25930516875 0.1795362421875 0.261084415625 0.31380831875 0.2828907875 0.338734521875 0.21440660312499998 0.3418866203125 0.20264281562500003 0.20469754375 0.17852323750000001
1 0.465461128125 0.21676196874999998 0.392944703125 0.1884992609375 0.3675192 0.3311049421875 0.434331825 0.35946521875 0.440528640625 0.3611256515625 0.44213578125 0.3573394640625 0.465461128125 0.21676196874999998
1 0.290445 0.20465306249999998 0.2542546328125 0.26943080468749997 0.2549048515625 0.2697765296875 0.38966244687499996 0.31318258593750004 0.40553926875 0.283322628125 0.4272796890625 0.2401366890625 0.427380940625 0.2397588125 0.290445 0.20465306249999998
0 0.9963863578125001 0.5008310734375 0.8416984 0.47875375625 0.8056770859375 0.5545307921875 0.805670603125 0.5545549890625 0.8080913015625001 0.5556837796874999 0.96400716875 0.572455696875 0.98591764375 0.5254685328125 0.9957435546875001 0.503230046875 0.9963863578125001 0.5008310734375
0 1 0.4786886703125 0.9501727437499999 0.4572439015625 0.94685970625 0.456356175 0.9375248234375 0.6229045281250001 0.95808993125 0.633293615625 0.9647719515625001 0.6358586015625 0.9700072703125 0.6372614015625 1 0.5591276703125 1 0.4786886703125
0 0.6314219984375 0.5226745203125 0.6315828296875 0.5213646546875 0.6063494640625 0.3762861734375 0.587014284375 0.3739121125 0.53000669375 0.3677248109375 0.5475277968750001 0.5170417875 0.563061184375 0.5189490453125 0.6308694874999999 0.5247365171875 0.6314219984375 0.5226745203125
0 0.8501448265624999 0.4450314296875 0.7694511937499999 0.4266107640625 0.7693835531250001 0.426903746875 0.785201175 0.5787355187500001 0.7971291109374999 0.5814893 0.8621890015625 0.5911439453125 0.8631756718749999 0.5874616421875001 0.8501448265624999 0.4450314296875
0 0.5922475656249999 0.44605563281249994 0.5847756656249999 0.527568428125 0.5902124171875001 0.5290252015625 0.7314320484375 0.4859167875 0.7327709140625001 0.4092132515625 0.5922475656249999 0.44605563281249994
1 0.7841101859374999 0.43265158125000003 0.7095773624999999 0.400155525 0.69697700625 0.553041453125 0.759374009375 0.5808223890625 0.7664862046875001 0.582728096875 0.767529753125 0.580384246875 0.7841101859374999 0.43265158125000003
0 0.42086759375 0.48203177343750003 0.4208776703125 0.48203447343750006 0.42758983125 0.48238624375 0.4421869625 0.48059674374999994 0.571929965625 0.45622416718750003 0.573915203125 0.4183435734375 0.5738502796875 0.37426775 0.5730406484375 0.37422531875 0.42307645625 0.4043918890625 0.42086759375 0.48203177343750003
0 0.1490719515625 0.275107384375 0.0704241046875 0.236209440625 0.023074715625 0.3709468171875 0.09154517031250001 0.40834866718749996 0.09553121249999999 0.409416725 0.0997100796875 0.4012152359375 0.1490719515625 0.275107384375
1 0.1153717921875 0.2954360140625 0.0879697625 0.37679325937499997 0.0920998703125 0.3782964953125 0.21719107656249997 0.4014228859375 0.23802374999999998 0.350392815625 0.2425202015625 0.3380389171875 0.2466133203125 0.3227631890625 0.1153717921875 0.2954360140625
1 0.36090647656249997 0.4755589546875 0.3833921515625 0.346382778125 0.30765853593750003 0.31308146406250004 0.307231246875 0.3140880953125 0.2807743140625 0.44265401249999997 0.35453600937499996 0.47396399375 0.36086379062499996 0.47565951718750005 0.36090647656249997 0.4755589546875
1 0.321195365625 0.36797625156249997 0.3287710171875 0.3375919734375 0.192083346875 0.33066528125 0.1720478765625 0.40889025468750007 0.1824392671875 0.4116746203125 0.30672149531250004 0.420539821875 0.321195365625 0.36797625156249997
1 0.3855179796875 0.47945193125 0.46136124062499995 0.4872388640625 0.46347407812499997 0.47935365 0.44906531562499996 0.3584532171875 0.365874690625 0.34844539218750004 0.3855179796875 0.47945193125
0 0.7604930796875 0.854499859375 0.76467375625 0.8556200687500001 0.9279039875 0.8348922296874999 0.929894353125 0.8274640874999999 0.942336115625 0.7634567671875 0.7747670296875 0.7738879812499999 0.7736507671874999 0.779630653125 0.7604930796875 0.854499859375
0 0.1513880015625 0.72358124375 0.2153705875 0.554506684375 0.1324225171875 0.507380184375 0.0715146359375 0.6842088656249999 0.11236739531249999 0.70880230625 0.14462763750000002 0.72668445 0.14901606875 0.7278603265625 0.1513880015625 0.72358124375
0 0.8593120750000001 0.8454933546875001 0.8898745421875001 0.7728789390624999 0.7037713531249999 0.740906065625 0.6712517578125 0.8066387953125 0.6747265265625 0.8082591062500001 0.8590644203125001 0.846024453125 0.8593120750000001 0.8454933546875001
0 0.2904474015625 0.760377915625 0.3820348671875 0.7651778109375 0.3830273015625 0.7614739968750001 0.3536796640625 0.574679403125 0.26567487343749996 0.5744807515625 0.2904474015625 0.760377915625
1 0 0.6497585124999999 0.1411605359375 0.6276876687499999 0.1411605359375 0.57283605 0.1402477125 0.5359549859375 0 0.5538759703125 0 0.6497585124999999
1 0.6241165671875 0.8399694125 0.6937067109374999 0.8754273640625 0.697868025 0.876542384375 0.700962684375 0.870468775 0.7413617765625 0.6926040390625 0.6650528437500001 0.6526062515625 0.66432794375 0.6524120156250001 0.6241165671875 0.8399694125
0 0.49674654687500003 0.7280720234375 0.5082520015624999 0.65775063125 0.5102555343749999 0.641433175 0.32583945625 0.6561330921875 0.324362575 0.6681613125 0.31661393437499996 0.7452685156250001 0.3209016859375 0.7464174156250001 0.49674654687500003 0.7280720234375
1 0.1613499484375 0.5887434671875 0.12388894531250001 0.6731526390625 0.3098259796875 0.7074574359375 0.33557905625 0.636701440625 0.341079209375 0.6161745890625 0.34084007656250004 0.6160875515625001 0.1613499484375 0.5887434671875
0 0.4994144828125 0.8039272234375 0.6814456359375 0.7738308765624999 0.6849279890625 0.7406984953125 0.6895705265625 0.6810707703125 0.5013776796875 0.709535125 0.49502924843749996 0.80278046875 0.49924090468750004 0.8039089796875001 0.4994144828125 0.8039272234375
1 0.42244037187499994 0.6737482921875 0.3957670890625 0.753619271875 0.39985748593750003 0.755027709375 0.554250359375 0.7718994390625 0.5743190312500001 0.7737351828125 0.6055542468749999 0.69769575625 0.608752146875 0.6857610296875001 0.42244037187499994 0.6737482921875
0 0.1611447234375 0 0.16459031875000002 0.03755789375 0.23721515 0.043911743749999996 0.2394059953125 0.035735396875 0.237243575 0 0.1611447234375 0
0 0.222656584375 0 0.2206155296875 0.0579396359375 0.22128868906250002 0.058120009375000004 0.3187125046875 0.04395175625 0.3202473328125 0 0.222656584375 0
0 0.8596089125 1 0.8322215921874999 0.8988519359374999 0.795178175 0.89747296875 0.7933885593750001 1 0.8596089125 1
1 0.306508115625 0 0.2837427828125 0.062695428125 0.2862962234375 0.063574646875 0.3843658546875 0.07743128906249999 0.40335140156250004 0.02741690625 0.40355621093750005 0.026822093749999998 0.409806753125 0.00349475625 0.37541419375 0 0.306508115625 0
0 0.475996446875 0.0437684296875 0.48174029999999995 0.0188890703125 0.378635746875 0.020674228125 0.3602134984375 0.0888743234375 0.3711168125 0.0917958578125 0.463360684375 0.0924753515625 0.475996446875 0.0437684296875
0 0.45076103125 0.045128809375 0.441171709375 0.12189034375 0.446716659375 0.12337610937500001 0.5424163765625 0.1049143671875 0.546478821875 0.027398278124999998 0.45076103125 0.045128809375
0 0.6842565609375 1 0.7666836 0.9954280593749999 0.7877805312499999 0.9108128859375 0.603133675 0.914955190625 0.5812111109375 1 0.6842565609375 1
0 0.700888534375 0.9135673921875 0.524941253125 0.869893878125 0.480966959375 0.9522977484374999 0.6617722484375 0.9950214078125 0.67432349375 0.9723783625 0.70248491875 0.9144522828125 0.700888534375 0.9135673921875
0 0.8200901453125 1 0.8269131046875 0.8998936375 0.7562418281250001 0.8728758859375001 0.74069915625 0.8672188140625 0.7403855328125 0.8680804890625 0.733477040625 1 0.8200901453125 1
0 0.5615413109375 1 0.5288360812499999 0.8249475000000001 0.4410497203125 0.8142108046875001 0.466050253125 0.9996131140625 0.46955127656249995 1 0.5615413109375 1
0 0.027830059375 0.7725286125 0.022561025000000002 0.8686796546875 0.028924471875000003 0.8703847359375001 0.2144746203125 0.846344284375 0.2207154734375 0.7570959375 0.027830059375 0.7725286125
0 0.32407097500000004 0.7974128140625 0.13228230937500002 0.7856745515625 0.1121481234375 0.8608163546875 0.10715759843749999 0.8800239046874999 0.1092798421875 0.880592559375 0.30022469531249996 0.8893864375 0.31616271875 0.8299049265624999 0.3246862890625 0.7975776859375 0.32407097500000004 0.7974128140625
0 0.40286623906249996 0.902947196875 0.41158792499999997 0.8032578578124999 0.2219694875 0.830540309375 0.2119586484375 0.924281453125 0.2183948375 0.9260060234375 0.218785303125 0.9260401859374999 0.40286623906249996 0.902947196875
0 0.29414704999999997 0.926157103125 0.2957712234375 0.9267163500000001 0.48901896875000006 0.9494398937499999 0.51338534375 0.8786748031249999 0.5192864578124999 0.856651546875 0.3228962234375 0.837399175 0.29414704999999997 0.926157103125
0 0 0.835249978125 0.11137325468749999 0.8449883093749999 0.1169129359375 0.8209933140624999 0.131563815625 0.7493273 0 0.7345124484375 0 0.835249978125
0 0.8061313515625 0.2204674609375 0.8279359124999999 0.11740987031250001 0.7625300515625 0.0854804015625 0.742001625 0.1959189265625 0.7764614796875 0.21347709843749998 0.7995900734375 0.22439873124999998 0.8035831124999999 0.22546866250000003 0.8061313515625 0.2204674609375
0 0.614555959375 0.0983369234375 0.6201787859375 0.0589829171875 0.5248768890625 0.07087880625000001 0.5135691687499999 0.1348187078125 0.5236633015625001 0.1375234234375 0.6092713390625 0.1317027078125 0.614555959375 0.0983369234375
0 0.8322117359375 0.10333920468749999 0.8098758687500001 0.21478430624999997 0.81366605625 0.2167999484375 0.8674298234375 0.24419395625 0.875749640625 0.2464232453125 0.8859473921875001 0.1335118546875 0.8322117359375 0.10333920468749999
0 0.6743448015625 0.07369805 0.6756456484375 0.1808606140625 0.7450539734375 0.1971348984375 0.74693791875 0.19056479843750002 0.7461381859375 0.0962261015625 0.6743448015625 0.07369805
0 0.67024746875 0.07849879062500001 0.601387715625 0.05850433125 0.6029181546875 0.157132909375 0.603177246875 0.1572115015625 0.67410868125 0.176217521875 0.6746023453125 0.17437514375000002 0.67024746875 0.07849879062500001
0 1 0.16347678125 0.939160771875 0.15295548125 0.9389435625000001 0.15376611406250001 0.9704666515625 0.264589290625 1 0.2682155296875 1 0.16347678125
0 0.9723921593749999 0.22314369687500002 0.976655146875 0.1884244515625 0.9798042265625 0.14917475468750002 0.8913045296875 0.1756729671875 0.8665177312499999 0.1835569171875 0.86014026875 0.2454759640625 0.8630665765625001 0.24626006562499997 0.9723921593749999 0.22314369687500002