0 0 0.5795334234375 0.0354753234375 0.6047581796875 0.06627991562499999 0.491515246875 0.019622325 0.45886936718750004 0.0114216515625 0.45521819218750004 0.008806884375 0.45909474531249994 0 0.4884635109375 0 0.5795334234375
0 0.0551350640625 0.4926963578125 0.06353516406250001 0.6080228062499999 0.1297173765625 0.6243923109375 0.120532840625 0.505994178125 0.0562918671875 0.49009813593749996 0.0551350640625 0.4926963578125
0 0.287748978125 0.7023105203125 0.35832804218750003 0.7192853984375 0.362622909375 0.7201983015625 0.3628911203125 0.7195958859375 0.353329053125 0.6027752796875 0.2788896015625 0.589417565625 0.2780290203125 0.5913504625 0.277860946875 0.5921411859375 0.287748978125 0.7023105203125
0 0.3150226875 0.6081416796875 0.3205203890625 0.595793640625 0.3167065359375 0.593850384375 0.2105485578125 0.5750369921875 0.18356573125 0.6203166312499999 0.1793577625 0.6285752359375001 0.17251228125 0.6439504375 0.28718635312499996 0.66259265 0.3150226875 0.6081416796875
0 0.2152216453125 0.5439595296874999 0.1664658171875 0.51911719375 0.1445209171875 0.5093466953125 0.12423618125 0.6276543359375 0.196378040625 0.6639196640625 0.19640083125000002 0.6638749359375 0.2152216453125 0.5439595296874999
0 0.4393522390625 0.720500390625 0.46251395781250004 0.64921595 0.4602555125 0.648210425 0.344250771875 0.642098396875 0.3222865875 0.7175965718749999 0.3235066859375 0.7179930062500001 0.4393522390625 0.720500390625
0 0.42534117031249996 0.6653379390625 0.4199435703125 0.6764046593749999 0.39073665156250004 0.7398584593749999 0.5086112421875 0.7639684734375 0.54247146875 0.68899871875 0.42534117031249996 0.6653379390625
1 0.8091063500000001 0.9159443218750001 0.817445646875 0.7799943578125 0.7362537171875 0.7612497234375 0.7298888015625 0.9002132875 0.807758125 0.9189724874999999 0.8091063500000001 0.9159443218750001
0 0.6587192374999999 0.723585121875 0.658674428125 0.7237648437499999 0.6508108421875 0.8633423875 0.7252467421875 0.8825535625 0.7325163265625 0.8843660734375 0.7335377265624999 0.88207196875 0.733632821875 0.8816905640625 0.7432180609375 0.7436255625 0.6626274140625 0.7220107671875 0.6597406390625 0.7212910140625 0.6587192374999999 0.723585121875
1 0.6274519046875 0.6987058859374999 0.48295850468749996 0.6976441999999999 0.47102577968750003 0.74550374375 0.46493790781250005 0.7734417421875001 0.4654951484375 0.7736898421875 0.610611796875 0.7764994734374999 0.6291892234375001 0.699479390625 0.6274519046875 0.6987058859374999
1 0.6815159421875 0.8090191828125001 0.6952436140625 0.7288887 0.6929644171875 0.7278739359374999 0.554139159375 0.734228875 0.54525305625 0.7753584625000001 0.53912265 0.806896653125 0.6815159421875 0.8090191828125001
0 0.09099044843750001 0.31960758437500003 0.0796025984375 0.31481170937499997 0.0778080234375 0.3188423921875 0.058952787500000006 0.46973826875 0.1362036953125 0.5048206875 0.1504805546875 0.34609428593749997 0.09099044843750001 0.31960758437500003
0 0.041662659375 0.3181698671875 0.0180548234375 0.3531699203125 0.0059111156249999994 0.38044513593749996 0.12326293749999999 0.41455680624999997 0.1460839359375 0.387168140625 0.0479203796875 0.320955984375 0.041662659375 0.3181698671875
0 0.374389040625 0.6037802078125 0.443302165625 0.6273454218750001 0.44402478125 0.6257224 0.4547502875 0.4773035796875 0.4265029546875 0.4664604453125 0.38344425625 0.45062276562500003 0.3824345828125 0.4528905328125 0.3636156203125 0.599644678125 0.374389040625 0.6037802078125
0 0.221121259375 0.37122404531250003 0.13956577187500002 0.35684361249999996 0.13948505312499998 0.3570249109375 0.1632632 0.5080490515625 0.2416379265625 0.51551406875 0.241828190625 0.514435034375 0.221121259375 0.37122404531250003
0 0.4189001890625 0.4656024078125 0.2724701484375 0.470652465625 0.25132456875 0.54439586875 0.396595209375 0.5451789796875001 0.424941109375 0.4682919984375 0.4189001890625 0.4656024078125
0 0.29686292187499996 0.40514954843749995 0.22529188281249998 0.383268084375 0.22351068437500002 0.3872687203125 0.22505105625000002 0.5352609187499999 0.3029524875 0.5584207515624999 0.30298522656250004 0.5583472171875 0.29686292187499996 0.40514954843749995
0 0.4781940390625 0.49549506406250005 0.4272315265625 0.619379759375 0.429169434375 0.62078773125 0.495832346875 0.6639396578125 0.5524646640624999 0.5210940515625 0.5481294015625 0.5179442984375 0.489484609375 0.47744318906250005 0.48192653906249994 0.48784598125 0.4781940390625 0.49549506406250005
0 0.7964001109375001 0.744722296875 0.90826135625 0.797748196875 0.9289056984374999 0.7659586984375 0.9473710703125 0.7244847921875001 0.8435652125 0.6707305859375 0.8009740109375001 0.736315284375 0.7981685734374999 0.740750265625 0.7964001109375001 0.744722296875
1 0.8271399 0.6334109421874999 0.8037747703125 0.6164351796875 0.8022785171875 0.6157690062500001 0.739372546875 0.735272371875 0.810629828125 0.7844553624999999 0.8693188640624999 0.666611334375 0.8271399 0.6334109421874999
1 0.7112923359375001 0.5974313718750001 0.6504048765625 0.5498608734375 0.6418720359375001 0.5460618078125 0.5872542875 0.663862790625 0.6517883265625 0.71563069375 0.6524615921875 0.714768953125 0.7112923359375001 0.5974313718750001
1 0.8112035515624999 0.6461668375 0.807243553125 0.6441491171875 0.679694628125 0.60781344375 0.6508657546875 0.664393290625 0.6431036125 0.681827346875 0.7708782656250001 0.7210873078125 0.8103806015625 0.648015215625 0.8112035515624999 0.6461668375
0 0.6088720765625 0.537547396875 0.534241721875 0.5191306375 0.5321852687499999 0.5237495046875 0.531682596875 0.5257656109375 0.5291034109375 0.6485244781249999 0.6100916125 0.6700128046875 0.6088720765625 0.537547396875
0 0.2924335453125 0.1048501140625 0.1340856234375 0.092560478125 0.1280780984375 0.1060536 0.10588543125000001 0.17050578593750002 0.2725090984375 0.1727248546875 0.2983711640625 0.10749371249999999 0.2924335453125 0.1048501140625
0 0.958541546875 0.4895913671875 0.9758457937499999 0.39715226718749996 0.9728516640624999 0.3958191953125 0.7890708078124999 0.39579979375 0.7763403671875 0.455445946875 0.7713155921875 0.48394286875 0.958541546875 0.4895913671875
0 0.3539587890625 0.2070364578125 0.36864592812499997 0.1302302078125 0.366297640625 0.1291846828125 0.1801812390625 0.13650256875 0.16804169375 0.1840490765625 0.1624089125 0.2084473359375 0.3539587890625 0.2070364578125
0 0.6186648296875 0.3036197015625 0.5898311640625 0.392360596875 0.7818756171875 0.412786415625 0.8044032578125 0.32946489375 0.795727940625 0.32664611250000003 0.6186648296875 0.3036197015625
1 1 0.440194925 0.8902805140625001 0.40849782343749996 0.8764364453125 0.438186525 0.8524516156249999 0.492057334375 1 0.5391975437500001 1 0.440194925
0 0.4424018109375 0.2602232296875 0.47243357656249996 0.183280921875 0.46793823906250004 0.18127946875 0.2841869859375 0.15611946875 0.255940725 0.22377181093749998 0.2508539015625 0.2363621421875 0.4424018109375 0.2602232296875
0 0.5134948078125 0.3614430921875 0.5149499 0.361832984375 0.69457079375 0.368243725 0.720439346875 0.285148359375 0.718376953125 0.2842301234375 0.5359869953125 0.2732582125 0.5253408015625001 0.31299035000000003 0.5134948078125 0.3614430921875
1 0.7324075640625 0.3231169984375 0.6745435125 0.39224370625 0.6736725578125 0.3941999015625 0.8429083734375 0.4784057609375 0.8989005828125001 0.40049287031249997 0.8954176468749999 0.39796237031250004 0.7324075640625 0.3231169984375
0 0.357309603125 0.22213803125 0.33641128125 0.278176221875 0.5251596968750001 0.30268750624999996 0.5571914171875 0.2141760671875 0.556810646875 0.21400653749999998 0.55306483125 0.21249312968749998 0.36978957968750004 0.1912490078125 0.357309603125 0.22213803125
1 0.4253634359375 0.30703965625 0.42320101406250005 0.3126729515625 0.6102676546875 0.3313088328125 0.6390976546875 0.2540638125 0.6301083453125 0.2500615140625 0.4819633875 0.22861737343750002 0.4619710078125 0.22608236406249999 0.4253634359375 0.30703965625
0 0.6978531359375 1 0.7003033140625 0.99413660625 0.6423772296875 0.9550649703125 0.6360775140625 0.95226015625 0.615095803125 1 0.6978531359375 1
0 0.214748503125 0 0.20419188125 0.0462796734375 0.23296070000000002 0.062977775 0.23644971250000002 0.064531184375 0.27221993125 0 0.214748503125 0
1 0.62543881875 1 0.6365868781249999 0.94735583125 0.63431220625 0.9463430828125 0.634051978125 0.9462925 0.53500828125 0.946219365625 0.5231681578125 0.9983892859375001 0.5228550671875001 1 0.62543881875 1
0 0.54597284375 1 0.5450539765625 0.9089103046875 0.4836563015625 0.894120921875 0.47265859218750006 0.8917832875 0.4713526609375 0.8947164546874999 0.47127212968750004 0.89509533125 0.47474244531250004 0.994875440625 0.49512006406250003 1 0.54597284375 1
0 0.4081049640625 0.8730719515625 0.383006615625 0.920275078125 0.3733177875 0.9420365421874999 0.46590644843750006 0.965991290625 0.5078903140625 0.899116965625 0.5042737875000001 0.8971940234375 0.4081049640625 0.8730719515625
0 0.2964343140625 0 0.2796229890625 0.026903745312499998 0.2773861390625 0.0319277921875 0.45351585156249996 0.084819040625 0.5005885375 0.010801009375 0.50284375625 0.0057357046875 0.5018826375 0.00513513125 0.4824815765625 0 0.2964343140625 0
0 0.42814478281249996 0 0.43728137812499995 0.1410926734375 0.43938884062500005 0.1415406265625 0.5266279390624999 0.155244390625 0.518329384375 0 0.42814478281249996 0
0 0.23421966093750002 0 0.3689152234375 0.051432764062500004 0.4089861828125 0 0.23421966093750002 0
0 0.662669875 0.061024907812499994 0.48949385312500004 0.0326032828125 0.450711746875 0.122628490625 0.6381706109375 0.14371295312500001 0.6729113156250001 0.0655846921875 0.662669875 0.061024907812499994
0 1 0.23130519375 0.86153729375 0.1684213015625 0.8122188171875001 0.24436509687500002 0.808831625 0.25197285625 0.9887159578125001 0.323258415625 1 0.3060984640625 1 0.23130519375
0 0.867044396875 0.32098553750000003 0.8676666484375 0.3195879359375 0.8926133921874999 0.1301591671875 0.8002583984375 0.0983587921875 0.799629284375 0.09977180625 0.777441696875 0.29045878125 0.7941217109375 0.296202171875 0.867044396875 0.32098553750000003
0 0.7037523375 0.06541407031249999 0.6914532078125 0.2499809375 0.7835983843750001 0.280090878125 0.79990478125 0.087898175 0.7064613015625001 0.0593296359375 0.7037523375 0.06541407031249999
0 0.6890680859375 0.036860396875 0.6341817890625 0.0124234421875 0.587941790625 0.20357295312499998 0.6721701296875 0.24455821875 0.722246659375 0.0537657234375 0.6890680859375 0.036860396875
0 1 0.2367447765625 0.929066728125 0.2324997828125 0.9145397953125001 0.29817099687500004 0.9084123312499999 0.332921571875 0.9101977328125 0.333716484375 1 0.3368479890625 1 0.2367447765625
0 0.23503659843750002 0.7846980765625 0.13312328281250002 0.7485485734374999 0.1098373765625 0.780598875 0.0953999484375 0.801781365625 0.09351726406250001 0.8060099453125 0.197195103125 0.8456966093749999 0.23828524375 0.7870583546875001 0.23503659843750002 0.7846980765625
0 0.4017526 0.8470382109375001 0.3397246234375 0.8292519734375 0.336813978125 0.835789390625 0.332009775 0.9242021984375001 0.40288665312500005 0.9433677656249999 0.40269381718749997 0.847326490625 0.4017526 0.8470382109375001
0 0.057285146875000005 0.723690546875 0.029775012499999996 0.79178051875 0.030307540625 0.7920176156250001 0.1444145625 0.7923377515625 0.16917333750000002 0.737539546875 0.16489195 0.73563335 0.057285146875000005 0.723690546875
0 0.21985652187500002 0.75784075 0.216133984375 0.7635729546875 0.18931680625 0.85402331875 0.251386596875 0.8965573546875 0.2814738921875 0.79369695625 0.21985652187500002 0.75784075
0 0.342754646875 0.8213374999999999 0.2877531078125 0.79546576875 0.2780196734375 0.791132165625 0.2777342328125 0.7917732749999999 0.26395318125 0.8884708781249999 0.3253017046875 0.9182263718750001 0.331399021875 0.920941071875 0.3316456578125 0.9203871156250001 0.342754646875 0.8213374999999999
0 0 0.7728940468750001 0.0877314328125 0.7622166828125 0.099991109375 0.6896339421875 0.09958663906250001 0.6894538609375 0.00956484375 0.708044925 0 0.7101906921875 0 0.7728940468750001