0 0.70859375 0.69140625 0.115625 0.115625
0 0.709375 0.52890625 0.1265625 0.0828125
0 0.70703125 0.60390625 0.1078125 0.10625
0 0.70703125 0.44375 0.1359375 0.1
0 0.709375 0.20234375 0.115625 0.1140625
0 0.6953125 0.93046875 0.11875 0.11875
0 0.69765625 0.77578125 0.1234375 0.1234375
1 0.703125 0.37265625 0.1140625 0.1125
0 0.69375 0.853125 0.1484375 0.0859375
1 0.69921875 0.28828125 0.15 0.090625
1 0.696875 0.1140625 0.1109375 0.1109375
0 0.571875 0.56796875 0.1546875 0.090625
0 0.57109375 0.4765625 0.1171875 0.1171875
1 0.57109375 0.30859375 0.125 0.0890625
0 0.56484375 0.6515625 0.1203125 0.1203125
0 0.5609375 0.81875 0.153125 0.0890625
1 0.56953125 0.2234375 0.1421875 0.1
1 0.56640625 0.390625 0.1109375 0.1109375
0 0.55703125 0.9078125 0.165625 0.0984375
1 0.55703125 0.73125 0.1203125 0.1203125
0 0.56640625 0.05234375 0.1296875 0.084375
1 0.5625 0.1390625 0.1359375 0.0984375
0 0.93671875 0.1578125 0.1265625 0.08125
0 0.93515625 0.08125 0.1296875 0.075
0 0.925 0.90078125 0.1375 0.0828125
0 0.92890625 0.46953125 0.1421875 0.0828125
0 0.9296875 0.39296875 0.140625 0.0796875
0 0.28125 0.83203125 0.1734375 0.1046875
0 0.2734375 0.921875 0.13125 0.1328125
1 0.27421875 0.734375 0.134375 0.134375
1 0.93203125 0.23984375 0.115625 0.115625
0 0.92578125 0.54453125 0.109375 0.109375
0 0.92109375 0.765625 0.146875 0.071875
0 0.92578125 0.31484375 0.1484375 0.0859375
0 0.27109375 0.64296875 0.1328125 0.1328125
1 0.27265625 0.08515625 0.146875 0.146875
1 0.26171875 0.55546875 0.1578125 0.1140625
1 0.26484375 0.27734375 0.1296875 0.128125
0 0.2625 0.18125 0.165625 0.115625
0 0.25859375 0.3671875 0.171875 0.11875
0 0.2515625 0.465625 0.1328125 0.1328125
0 0.9203125 0.61796875 0.109375 0.109375
0 0.91875 0.69296875 0.1421875 0.08125
1 0.9140625 0.8328125 0.1109375 0.1109375
0 0.084375 0.79609375 0.15 0.15
0 0.0828125 0.88984375 0.15625 0.1546875
0 0.08828125 0.50546875 0.1390625 0.1390625
0 0.0890625 0.7 0.178125 0.1125
0 0.09296875 0.3015625 0.18125 0.1203125
0 0.090625 0.40703125 0.1796875 0.1125
0 0.08515625 0.60546875 0.1703125 0.1015625
0 0.0921875 0.2046875 0.175 0.1109375
0 0.09375 0.103125 0.175 0.1265625