0 0.3174423796875 0 0.3501360375 0.0961332828125 0.414340509375 0.0972316953125 0.4157056953125 0.09020842343749999 0.387596015625 0 0.3174423796875 0
0 0.3335837625 0.1704760578125 0.4008058671875 0.1750502109375 0.40114283593750005 0.1733166546875 0.37199843125 0.06009993125 0.3045642734375 0.0555047109375 0.3335837625 0.1704760578125
0 0.25782311562500004 0.41759492031249995 0.365131646875 0.38037574375 0.3645276796875 0.3077865859375 0.36437169687500004 0.30331983125 0.3638936921875 0.303226915625 0.2526877703125 0.34082343125 0.25782311562500004 0.41759492031249995
0 0.3469415890625 0.22381877968750002 0.2707643921875 0.223818778125 0.3030998484375 0.32991206093750003 0.3808445359375 0.335064075 0.38130162031250003 0.3327125828125 0.38130162031250003 0.3310539125 0.3469415890625 0.22381877968750002
0 0.39713897187499997 0.22526421718749998 0.4054939671875 0.145771728125 0.40322735156249995 0.1453311421875 0.2858584875 0.17045032031250001 0.27802772187499997 0.24900189374999998 0.39713897187499997 0.22526421718749998
0 0.354046946875 0.4615144296875 0.355690403125 0.384403090625 0.3514285296875 0.383574665625 0.2418940546875 0.41039799062500004 0.2379233578125 0.4861633765625 0.354046946875 0.4615144296875
0 0.296063078125 0.4568542625 0.226265665625 0.45963813125 0.25829743125000004 0.575610878125 0.33960577187499996 0.571785578125 0.3399646796875 0.569939159375 0.308374059375 0.45663937499999996 0.296063078125 0.4568542625
1 0.2655892234375 0.77427703125 0.1825036484375 0.7690167406249999 0.1980559234375 0.9081610421875 0.27776465625 0.9144969921874999 0.2786020265625 0.9101890984375001 0.2786229453125 0.9098899296875 0.2655892234375 0.77427703125
0 0.2188541140625 0.8286623109375 0.30399575156249997 0.8286826093749999 0.3049680859375 0.82368038125 0.30494861875 0.822565128125 0.2771878125 0.6893966421875 0.19230038437500002 0.6908783578125 0.1921505375 0.6916492515625 0.2188541140625 0.8286623109375
1 0.350986996875 0.6255473890625 0.355039228125 0.5482262328124999 0.3479890234375 0.5468558109375 0.2100416359375 0.57261968125 0.2082854546875 0.650429246875 0.350986996875 0.6255473890625
1 0.17979856249999998 0.6945996328125 0.3181072546875 0.7312818375 0.3508291984375 0.6568145421875 0.34668314843750003 0.6548812078124999 0.212607521875 0.6278978890625 0.17979856249999998 0.6945996328125
0 0.5856224546875 0.0536852140625 0.43283583437499995 0.058693621875000004 0.41027004375000004 0.1404815421875 0.5695398671875 0.129734521875 0.5831746718749999 0.0788487375 0.5845052265625 0.0734471109375 0.5882116921875 0.054378998437500006 0.5856224546875 0.0536852140625
0 0.4390757625 0 0.43188830781250004 0.0776820046875 0.4338770125 0.0780685703125 0.5935922265625 0.0358939046875 0.5971178671875 0.0131249203125 0.5973049171875 0.0095558125 0.5481445234375 0 0.4390757625 0
0 0.443947709375 0.348610934375 0.4074051703125 0.33752350937500003 0.401781346875 0.4884971671875 0.47417708750000004 0.5122917390625 0.474895946875 0.510204021875 0.488483034375 0.36394567499999997 0.443947709375 0.348610934375
0 0.4702434796875 0.2557082234375 0.546037540625 0.254968565625 0.5474663109375 0.247618184375 0.5132125265624999 0.112520246875 0.4305278296875 0.10694269218750001 0.4702434796875 0.2557082234375
0 0.3777472890625 0.39631818281250003 0.5232836734374999 0.37407102187499996 0.53910300625 0.2944503734375 0.5391201953125 0.2943103875 0.5300077640625 0.2925391109375 0.3880490984375 0.3200693859375 0.3777472890625 0.39631818281250003
1 0.406518828125 0.23405405781250002 0.3907869609375 0.3086645390625 0.5417967765625 0.2965242890625 0.5477341765625 0.2708065859375 0.55806678125 0.2176499421875 0.5571983406250001 0.21744944687499998 0.406518828125 0.23405405781250002
0 0.4813343671875 0.579648721875 0.4546270921875 0.433755671875 0.4041936078125 0.4302290203125 0.375997028125 0.4289340078125 0.375851825 0.4310105078125 0.3778768734375 0.4503127046875 0.40032905 0.5825081578125 0.48052940624999996 0.5837898906250001 0.4813343671875 0.579648721875
0 0.41359229218750004 0.8767538531250001 0.2790716734375 0.8923739578125 0.28126062812499997 0.9668397203125 0.3196588234375 0.9743035734375001 0.4228449875 0.9586290234374999 0.42374955937500003 0.878339390625 0.41542785000000004 0.8767218140624999 0.41359229218750004 0.8767538531250001
1 0.42982136249999997 0.8914109234375 0.434556059375 0.8724210890625 0.44905560156249996 0.8076287703125 0.4451131390625 0.8066458046875 0.3179555578125 0.796695540625 0.2945838046875 0.8771028796874999 0.29445769374999997 0.8777516578125001 0.42982136249999997 0.8914109234375
1 0.326713734375 0.7012525468749999 0.3276983515625 0.7016503578125 0.45688932187500003 0.7218222812499999 0.487551284375 0.6459312609375 0.487718725 0.6450698578125 0.35790326562499997 0.620709228125 0.326713734375 0.7012525468749999
1 0.443893140625 0.808064809375 0.454894778125 0.7784750093749999 0.47072244999999996 0.7325081124999999 0.4717600671875 0.7271700359375 0.3375243078125 0.708540896875 0.3111987078125 0.7834377953125 0.3105539265625 0.78675490625 0.443893140625 0.808064809375
1 0.3781794375 0.6410580312499999 0.456229771875 0.6692498015624999 0.45723675625000004 0.6663253078125 0.467314284375 0.537488296875 0.45481423593750003 0.5331841828125 0.3968153 0.5133695671875 0.392157415625 0.5124641671875 0.3781794375 0.6410580312499999
0 0.8139451781249999 0.22130943125 0.834788978125 0.0616484828125 0.8065010640624999 0.0502194234375 0.7575973375 0.040713503125 0.747317765625 0.1970056046875 0.8109556343750001 0.22617723750000002 0.811903978125 0.2263615765625 0.8139451781249999 0.22130943125
0 0.7387086140625 0.8011155578125001 0.5567890234374999 0.8106303 0.5426203390625 0.899605146875 0.7309361796875 0.8954239234375001 0.7353154359375 0.8626153328124999 0.742774065625 0.801869671875 0.739213246875 0.80117751875 0.7387086140625 0.8011155578125001
0 0.67850264375 0.181799165625 0.672964484375 0.25506554375 0.6749966765625001 0.25546056250000004 0.8611749578125 0.2212165203125 0.8621560921875 0.2024953515625 0.8629994312499999 0.14397232499999998 0.8575639140625 0.14291576875 0.67850264375 0.181799165625
0 0.7709515609375 0.700660821875 0.77889019375 0.60992183125 0.771972809375 0.6085772281249999 0.5875729453125 0.6309862921875 0.5843030921875 0.7189305421875 0.7709515609375 0.700660821875
1 0.6664386828125 1 0.6811737812499999 0.8624290921875 0.628191184375 0.84823245 0.5923305578125 0.8395686484375 0.570587628125 1 0.6664386828125 1
0 0.82863119375 0.355198240625 0.8619950390625 0.283649240625 0.8626579921875001 0.28023864375 0.8564300843750001 0.2773345234375 0.677263790625 0.2431674296875 0.6398352546875 0.321071921875 0.639742425 0.3215494875 0.82863119375 0.355198240625
0 0.7813701453124999 0.619599875 0.7885824828125 0.5883598125 0.8004791250000001 0.5311068015625 0.7971502390625 0.5303382671875 0.6193650765625 0.5302016093749999 0.5991113984374999 0.6042773578125 0.5970353234375 0.6149578359375 0.7813701453124999 0.619599875
1 0.5672617328125 0.81532233125 0.567591190625 0.8153395984375 0.7490739953125 0.7887412328125001 0.7600356625 0.6985780828125 0.755218421875 0.69764170625 0.571823896875 0.7186881703125 0.5672617328125 0.81532233125
0 0.8388377703125001 0.3494291703125 0.653302025 0.341655684375 0.628790440625 0.43381023750000003 0.8179080000000001 0.43913195156249996 0.82644375625 0.41121275468749996 0.8431570953125 0.35074972031249996 0.8388377703125001 0.3494291703125
1 0.8066541609375 0.5123065953125 0.8176889718749999 0.4281139578125 0.8164958734375001 0.42794627968750004 0.6585377718750001 0.44110929218750006 0.638487540625 0.44313655937499996 0.6198763796875 0.5360087921875001 0.6208457984375 0.5361450343749999 0.8066541609375 0.5123065953125
0 0 0.8838119578124999 0.036186253125 0.9002478234375 0.0612759421875 0.8050065953125 0 0.7764331546875 0 0.8838119578124999
0 0 0.8076474031249999 0.0690247671875 0.8173697499999999 0.0696616265625 0.8140933984375 0.065861603125 0.7184176328125 0 0.7091613875 0 0.8076474031249999
0 1 0.10012165625 0.8740254015625 0.134231125 0.8726464328124999 0.1712745421875 1 0.1734975078125 1 0.10012165625
1 0.0350850328125 0.632035990625 0.0043259843749999995 0.6277130890625 0.009551546875 0.7288516375 0.08528344843749999 0.7419149078125 0.0865780484375 0.7352547687500001 0.0778006890625 0.6387682156250001 0.0350850328125 0.632035990625
0 0.0346623359375 0.5605032859375 0.009190746875 0.5622844328125 0.041042753125 0.6603618765625 0.111134378125 0.658056309375 0.112510634375 0.6509760828125 0.0849353359375 0.5583463984375 0.0346623359375 0.5605032859375
0 0.12670990625 0.5861159812500001 0.1271801671875 0.5836966968749999 0.1049585265625 0.4910968859375 0.0253223609375 0.48535957031250004 0.0252558171875 0.485701903125 0.050141096875 0.5861159796875001 0.12670990625 0.5861159812500001
0 1 0.35118515 0.9696216859375 0.1974077328125 0.8828938562499999 0.188292271875 0.9126937249999999 0.370565659375 1 0.38044323125 1 0.35118515
0 1 0.3071581046875 0.8352805296874999 0.3597428609375 0.835355721875 0.36189609375 0.843164065625 0.4498590578125 1 0.40173039062499993 1 0.3071581046875
0 1 0.1003246640625 0.9383688484375 0.0838106484375 0.9179478874999999 0.07984121562499999 0.924992321875 0.2813439671875 1 0.2981260796875 1 0.1003246640625
0 0.870280215625 0.5549729046875 0.9638572046875 0.570306740625 0.9656897062500001 0.560879334375 0.9421212890625 0.3838326203125 0.8550171515624999 0.36851625625 0.870280215625 0.5549729046875
0 0.9446236609374999 0.8330310875 0.9466928093750001 0.8223862484375 0.756526165625 0.794218275 0.7290537734375 0.889170634375 0.9216676890625 0.9081166921875001 0.9446236609374999 0.8330310875
0 0.9578738187500001 0.70042379375 0.9566097499999999 0.7001780828124999 0.9565034265625 0.70016878125 0.765957209375 0.724791746875 0.764419684375 0.7423657421875001 0.7580108171875 0.8191571 0.7589705437500001 0.8193436515625001 0.759480121875 0.819388234375 0.949357796875 0.7977623640625 0.9578738187500001 0.70042379375
0 0.8450730515625 0.7570678328125 0.9431392437499999 0.758779584375 0.9440876390625 0.753900509375 0.9044657765625 0.5704494859375 0.8294157999999999 0.5677032343749999 0.8084434390625 0.5673371625 0.8080623828125001 0.5692975234375 0.8450730515625 0.7570678328125
0 0.9014376359374999 0.46901857031249994 0.8417742515625 0.4617484015625 0.8565638921875 0.6587421921875001 0.9520181640625 0.672157415625 0.9530686421875 0.66675316875 0.9348168734375 0.4737097171875 0.9014376359374999 0.46901857031249994
0 0.8721211421874999 1 0.8647939812500001 0.8603220374999999 0.84026153125 0.8581757281250001 0.7672539546875 0.8536414078125001 0.7712787890625 1 0.8721211421874999 1
0 0.19535318906250002 0.2055838078125 0.09001423124999999 0.20568260781249997 0.0723811421875 0.276297703125 0.18467441874999999 0.2734160734375 0.1946842953125 0.2360587 0.20148764218749998 0.2072275296875 0.19535318906250002 0.2055838078125
0 0.058334392187499993 0.49624954531250004 0.1197135609375 0.5223401484375 0.12252269375 0.5153873 0.1365840015625 0.427700521875 0.1052621625 0.4150456765625 0.073506984375 0.40277245156249997 0.068078275 0.40171721875 0.058334392187499993 0.49624954531250004
0 0.187765503125 0.23524842812500002 0.1888370640625 0.2312493125 0.18757015 0.122411265625 0.124038765625 0.1053880828125 0.1164590015625 0.10391472500000001 0.130053034375 0.21725722187500002 0.187765503125 0.23524842812500002
0 0.1693855921875 0.366488928125 0.153079415625 0.2688974125 0.1366596390625 0.26646650156249996 0.0789015328125 0.25937469687500003 0.0966945140625 0.3635173953125 0.168948328125 0.36881813281250003 0.16935903125000001 0.36670525 0.1693855921875 0.366488928125
0 0.15961310312500002 0.344697778125 0.06571657812500001 0.36106676718749997 0.0563751578125 0.4286076328125 0.05567749843749999 0.43524541406250006 0.05628055625 0.4353087984375 0.1539152046875 0.41526605937500005 0.1615242734375 0.35496168125 0.162543190625 0.3452673296875 0.15961310312500002 0.344697778125
0 0.14585235937500002 0 0.152814078125 0.07602625156250001 0.21890894843750003 0.10114847499999999 0.21945589999999998 0.0994651296875 0.21096696874999998 0 0.14585235937500002 0
0 0.21978625937500001 0.04465755625 0.21696326875 0.0447561375 0.13642775468749999 0.08346080312500001 0.11335114843750001 0.0950390484375 0.1136657890625 0.10404918437499999 0.11664522656250001 0.1587191140625 0.2251304234375 0.117207875 0.22491992968750002 0.11118013125 0.21978625937500001 0.04465755625