0 0.15057178124999998 0.2440090859375 0.2074062015625 0.2137643921875 0.20446287187499998 0.206479396875 0.1267177296875 0.1322038875 0.1035815609375 0.1442915953125 0.064526578125 0.16594012656249998 0.15057178124999998 0.2440090859375
0 0.179864915625 0.182762178125 0.11265898125 0.279336253125 0.1537905578125 0.3337075640625 0.221163190625 0.235914915625 0.1807049515625 0.18242278125 0.179864915625 0.182762178125
0 0.24151013593749998 0.5603080359375 0.323035190625 0.48122546093749996 0.29181030625000004 0.41569258906249995 0.289666934375 0.41148598593749997 0.2044109 0.49289972656250003 0.24151013593749998 0.5603080359375
0 0.3027857171875 0.43315280781250004 0.23161149375 0.3505987828125 0.221410728125 0.35472016093750003 0.16135835781250002 0.380210878125 0.23257725156250003 0.465235790625 0.30548518593749996 0.4398342265625 0.3027857171875 0.43315280781250004
0 0.20664385156249998 0.270061378125 0.1342374890625 0.2921982234375 0.1311837671875 0.2934320078125 0.199900378125 0.3942771171875 0.2753960453125 0.3707461125 0.2738864296875 0.3658083796875 0.20664385156249998 0.270061378125
0 0.3560557859375 0.55279975625 0.3268558578125 0.4840090375 0.3231549078125 0.4855043171875 0.2328454625 0.5560211953125 0.2658996953125 0.627625853125 0.266348146875 0.6274354953125 0.3560557859375 0.55279975625
0 0.365387771875 0.561782865625 0.26334595156249996 0.624509609375 0.2891022109375 0.7024622203125 0.39175321875 0.639704890625 0.365387771875 0.561782865625
1 0.426636271875 1 0.5345356171875 0.9389787859375 0.5230353328125 0.9073820125 0.5045232859375 0.861563090625 0.38602466406249997 0.931023359375 0.410389871875 1 0.426636271875 1
0 0.391918059375 0.7966768953125001 0.34602479218750004 0.82763229375 0.4457405109375 0.9281326828124999 0.5146553953125 0.8824699 0.512473828125 0.8770703296875 0.5111127203125 0.8750524046875 0.4186060703125 0.77935454375 0.391918059375 0.7966768953125001
1 0.3776566328125 0.6271014125 0.308654509375 0.6430318078124999 0.300234 0.6464339140625001 0.365120365625 0.7761276015624999 0.439974975 0.75648003125 0.43954052343749994 0.7545982140625 0.3776566328125 0.6271014125
1 0.42774069062500003 0.6977157093749999 0.3296308625 0.791212940625 0.3654512875 0.8563470171875001 0.474830196875 0.7640912140625 0.43317362031249995 0.6955206640625 0.42774069062500003 0.6977157093749999
0 0.30898454062499997 0.23451369843749997 0.376574084375 0.18616805625 0.37543783125 0.183355728125 0.24743848281249997 0.0932636671875 0.2054953203125 0.12373715781250001 0.1840786359375 0.1399709984375 0.30898454062499997 0.23451369843749997
0 0.21171140156249998 0.1567514765625 0.34630215625 0.13359774687499998 0.34164401718750004 0.0940272265625 0.335519121875 0.055356159375000005 0.33345085 0.0502370078125 0.331013584375 0.0506230328125 0.18685247656249998 0.1234187234375 0.1888710484375 0.15954619375 0.189183503125 0.160319546875 0.21171140156249998 0.1567514765625
0 0.416591190625 0.5435120234374999 0.48872893125 0.5189463703125 0.48804661875 0.516846425 0.41087727812499997 0.391862403125 0.3660811109375 0.406417559375 0.330224359375 0.419554596875 0.416591190625 0.5435120234374999
0 0.36215153437500003 0.15464203125 0.24672984375 0.2547911828125 0.281931428125 0.32521257812500004 0.2829473234375 0.3248021296875 0.393215446875 0.231527915625 0.36215153437500003 0.15464203125
0 0.420844190625 0.3063145546875 0.42078236406249997 0.306187790625 0.41217532968750004 0.3096652578125 0.3081128375 0.410070321875 0.341001084375 0.479628709375 0.45094149375 0.38170587500000003 0.420844190625 0.3063145546875
0 0.3484754921875 0.240381071875 0.2821624265625 0.2593960375 0.27092725 0.26393534375 0.3593122078125 0.3888189546875 0.431182659375 0.366717775 0.430256790625 0.3634888859375 0.3484754921875 0.240381071875
0 0.49073497499999996 0.483958065625 0.3653750953125 0.5311756015625 0.36566701875 0.5335531312499999 0.37957169375 0.6117368421875 0.52266550625 0.555734628125 0.522012446875 0.550415890625 0.5116374328125 0.479904115625 0.49887471874999995 0.4814711796875 0.49073497499999996 0.483958065625
0 0.5971901546875 1 0.6298087421874999 0.9868212359375 0.6758243796875 0.964377909375 0.675576771875 0.9637650578124999 0.6083034453125 0.8626542484374999 0.5326316609374999 0.8969080796875 0.5961121421875 1 0.5971901546875 1
1 0.5420290203125 0.9329703859375 0.54648680625 0.9311693249999999 0.6545901421875 0.857597771875 0.652134503125 0.8515198546875 0.6463926718749999 0.8397473546875001 0.6162871828125 0.7816329828125 0.6099109375 0.7842091531250001 0.508396059375 0.8566875765624999 0.5420290203125 0.9329703859375
1 0.5371730578125 0.6266956687499999 0.45521369062500006 0.6394300015625001 0.45188365781249995 0.640775421875 0.49927189062500005 0.7634225125 0.57983790625 0.753153046875 0.57864086875 0.7446356749999999 0.5371730578125 0.6266956687499999
1 0.5747115890625001 0.69731798125 0.47717606718749994 0.781865315625 0.519658153125 0.8566333015625001 0.6211351203125 0.7649450437499999 0.5793698296875001 0.6954359296875 0.5747115890625001 0.69731798125
0 0.5555085109375 0.661565484375 0.49181841875 0.5491194796875 0.47904857968750003 0.5525411484375 0.42660048906250003 0.566729959375 0.415868025 0.57106615625 0.4758377421875 0.68482625625 0.556309040625 0.6645530984375 0.5555085109375 0.661565484375
0 0.4505515796875 0 0.55622403125 0.1150706890625 0.5613894125 0.11232420781250001 0.628325528125 0.07517127343749999 0.627389153125 0.0728536625 0.6272439703125 0.0725806140625 0.5514597343750001 0 0.4505515796875 0
0 0.8913533296875 0.6660518843750001 0.8824338062500001 0.64154569375 0.8767309843750001 0.627430715625 0.871599959375 0.62929825625 0.712388796875 0.71492409375 0.740994575 0.7961674484375 0.7444408453125 0.80469726875 0.9060505484375 0.7114146109374999 0.8913533296875 0.6660518843750001
0 0.522627484375 0.013640603125000001 0.45985240312500003 0.061245296875 0.60503605625 0.18198621406249998 0.665354003125 0.141793709375 0.66393115625 0.13827203906250002 0.6638661359375 0.13817918125 0.5231075109375001 0.013304485937499999 0.522627484375 0.013640603125000001
0 0.76170144375 0.63347714375 0.8365314265625001 0.59049895625 0.836448865625 0.590294609375 0.832406909375 0.582361821875 0.7234865125 0.4408771640625 0.64034874375 0.4832379734375 0.76170144375 0.63347714375
1 0.77125125625 0.8780071156249999 0.94476445625 0.8186462515624999 0.93256883125 0.7494814234375 0.928985653125 0.731739303125 0.92822018125 0.7298446968750001 0.917250790625 0.7317788968750001 0.7496634171875 0.7839183109375 0.77125125625 0.8780071156249999
0 0.5539548265625001 0.296198096875 0.693415296875 0.1697284140625 0.689166425 0.161509915625 0.6541360046875 0.09562727343750001 0.6470483687499999 0.0984908640625 0.5119686609375 0.224011396875 0.5519071265625 0.29702542187500003 0.5539548265625001 0.296198096875
0 0.742972078125 0.5378714796875 0.80811615625 0.4951424359375 0.8069783984375001 0.492326390625 0.681046696875 0.366200940625 0.6191560953125 0.40151420781249997 0.60527205625 0.41018991875 0.6053402203125 0.410358628125 0.7326949640625 0.5442933328125 0.742972078125 0.5378714796875
1 0.7708025890625 0.533461715625 0.688901865625 0.5601807453125 0.683233575 0.5624708828125 0.7822220843750001 0.7237105625 0.8706466953125 0.687450334375 0.8683325249999999 0.6817225625 0.7708025890625 0.533461715625
0 0.74482919375 0.3120317578125 0.6047666859375 0.19193336249999998 0.5771473953124999 0.210562809375 0.5285393546875 0.245296071875 0.5285930578125 0.245428990625 0.671258734375 0.37120193281249997 0.7473209625 0.31572595468750003 0.74482919375 0.3120317578125
1 0.5817880546875001 0.37178121875 0.6045858015625 0.45380364375 0.6048135890624999 0.4537426078125 0.7459489140625 0.379444996875 0.76361313125 0.36974463750000003 0.7453868781249999 0.2814874328125 0.7437366765625 0.2774030421875 0.7427950078125 0.2776553609375 0.5817880546875001 0.37178121875
0 0.279598928125 1 0.3027353421875 0.9836057281249999 0.2934016015625 0.9605039078125 0.27258793593749997 0.91375565 0.2683803109375 0.9154556406250001 0.1906333359375 0.96844026875 0.205064096875 1 0.279598928125 1
1 0.22189419843749997 0.9581837796875 0.285038246875 0.9231197109375 0.2825754 0.9170239484374999 0.2202143640625 0.8451787078124999 0.17307340468750002 0.8704694015625 0.15132269375000001 0.8830271812499999 0.22189419843749997 0.9581837796875
0 0.16392411406250001 0.8963602703125 0.2467163265625 0.833990159375 0.2221509390625 0.7696057765625001 0.22131463281250002 0.767635565625 0.2117244265625 0.7715102609375 0.135968771875 0.8257019 0.1614402140625 0.890508565625 0.16392411406250001 0.8963602703125
0 0.18147239531249998 0.706184803125 0.10926251406250001 0.72022098125 0.10559764687499999 0.7217016843749999 0.14563615937500002 0.809581028125 0.2240285734375 0.8001232437500001 0.2232470265625 0.7961025265624999 0.18147239531249998 0.706184803125
0 0.6899511546875 0 0.6737422484375 0.0034453093749999995 0.6676430984375 0.0059095265625 0.7517671859374999 0.1690007390625 0.8430905171875 0.150345803125 0.842685384375 0.1484397984375 0.75981103125 0 0.6899511546875 0
0 0.688919728125 0.1195756625 0.6897483671875 0.12120195625 0.811193353125 0.25579741093749997 0.8928015546875001 0.2125631484375 0.8917259515625 0.2099009359375 0.7677257453124999 0.07554706718750001 0.7446584609375 0.0873004359375 0.688919728125 0.1195756625
0 0.6544179234375 0 0.6306658140625 0.0273258109375 0.68020904375 0.0997132375 0.6804247718750001 0.099578434375 0.769768515625 0 0.6544179234375 0
0 0.9260441890625 0.29484155625 0.8044413140625 0.1625188859375 0.7243046765625001 0.1999333359375 0.8437545859375 0.3439151453125 0.929251265625 0.3027793484375 0.9260441890625 0.29484155625
0 1 0.5543462124999999 0.8778815515625 0.6096961000000001 0.896775159375 0.693725959375 0.8980111281250001 0.6967850906249999 1 0.656457409375 1 0.5543462124999999
0 1 0.453209225 0.8444473171875 0.507875490625 0.84659723125 0.5253851234375 0.8563022484375 0.6018940749999999 0.8563171796875 0.6019310296875 0.8577794843750001 0.60175148125 1 0.55417170625 1 0.453209225
0 0.982150021875 0.5175352734375 0.9847922640625001 0.5164677390625 0.9843391140625 0.5127771359375 0.9194158015625 0.33620255625 0.8447140031249999 0.34392796875 0.8265474062499999 0.34615854687500003 0.823422984375 0.34742089531250003 0.8865733359375 0.529270615625 0.982150021875 0.5175352734375
0 0.8831027390624999 0.23926440468750002 0.7927403453124999 0.2519640125 0.7866828390625 0.254411403125 0.8586918750000001 0.43814627812499995 0.95082761875 0.4234667234375 0.950588553125 0.42176568124999997 0.8831027390624999 0.23926440468750002
0 1 0.66163354375 0.91429483125 0.6928324890625001 0.9370118765625 0.787849725 1 0.7666821953125 1 0.66163354375
0 0 0.4413066546875 0.044037071875 0.5380715078125 0.11106306875000001 0.526587228125 0.1101938375 0.5204023234374999 0.0691608 0.423986075 0.0319384609375 0.429217334375 0 0.43426420625000006 0 0.4413066546875
0 0.11142240156250001 0.7477415828125 0.189008078125 0.6911339296875 0.18868806875 0.690203021875 0.1682821796875 0.6341383015625001 0.165912828125 0.6282739515625 0.1613512015625 0.6299342484375 0.0852672875 0.679135746875 0.11142240156250001 0.7477415828125
0 0 0.42518759062499994 0.046390721875 0.4616420546875 0.09919224374999999 0.43393741406249997 0.097418084375 0.429546215625 0.0199952453125 0.35390509375 0 0.3654493546875 0 0.42518759062499994
0 0.015597064062499999 0.533686025 0.01610060625 0.5345944421875 0.087622390625 0.60491380625 0.1528261453125 0.5708570203125001 0.15133531718749998 0.5671670921875 0.078421846875 0.49600258437500006 0.059036940625 0.5067478125 0.015597064062499999 0.533686025
0 0.0944916125 0.6835237656250001 0.098028475 0.6891839296875 0.09854271718749999 0.6888625984375001 0.16314032812499998 0.6129588125 0.132009271875 0.5607537046875 0.127110946875 0.5529147453125 0.1238210890625 0.554243934375 0.06027044375 0.624549684375 0.0944916125 0.6835237656250001
0 0 0.3994694359375 0.0632257765625 0.3385428359375 0.0606767890625 0.3330765140625 0.0306015953125 0.27508747499999997 0.025571 0.27711996562499996 0 0.30619460625 0 0.3994694359375