0 0.75078125 0.3515625 0.1171875 0.16875
0 0.58828125 0.309375 0.1046875 0.140625
0 0.6640625 0.33203125 0.109375 0.1484375
0 0.50234375 0.28984375 0.1234375 0.1515625
0 0.25859375 0.22734375 0.1265625 0.1609375
0 0.96640625 0.4234375 0.0671875 0.165625
0 0.834375 0.384375 0.11875 0.16875
1 0.4296875 0.27734375 0.115625 0.1578125
0 0.91171875 0.40703125 0.1140625 0.1640625
1 0.34375 0.26015625 0.115625 0.1640625
1 0.16796875 0.2171875 0.1203125 0.146875
0 0.59296875 0.459375 0.1171875 0.16875
0 0.5 0.43671875 0.121875 0.1578125
1 0.33125 0.39296875 0.1125 0.1421875
0 0.6765625 0.48671875 0.125 0.1703125
0 0.84375 0.5328125 0.121875 0.171875
1 0.24453125 0.3734375 0.1203125 0.15625
1 0.4140625 0.4203125 0.115625 0.15
0 0.93203125 0.559375 0.1265625 0.18125
1 0.7546875 0.515625 0.128125 0.159375
0 0.07265625 0.334375 0.1171875 0.15
1 0.159375 0.3609375 0.121875 0.153125
0 0.2703125 0.028125 0.103125 0.05625
0 0.19296875 0.01875 0.0984375 0.0375
0 0.98125 0.18671875 0.0375 0.1453125
0 0.5828125 0.075 0.10625 0.15
0 0.50546875 0.0640625 0.1078125 0.128125
0 0.78671875 0.81875 0.1265625 0.1875
0 0.875 0.85 0.128125 0.175
0 0.6859375 0.80234375 0.128125 0.1796875
1 0.35 0.046875 0.115625 0.09375
0 0.65703125 0.09765625 0.1046875 0.1546875
0 0.8796875 0.15859375 0.103125 0.1546875
0 0.4265625 0.05859375 0.1125 0.1171875
0 0.59296875 0.78125 0.1390625 0.1875
1 0.05234375 0.6390625 0.1046875 0.2
1 0.50234375 0.76796875 0.1390625 0.1765625
1 0.22265625 0.6953125 0.1359375 0.184375
0 0.12578125 0.6734375 0.1421875 0.184375
0 0.3109375 0.725 0.146875 0.190625
0 0.41015625 0.75703125 0.1296875 0.1890625
0 0.73125 0.11875 0.1125 0.15625
0 0.80703125 0.13984375 0.1078125 0.1578125
1 0.9453125 0.17890625 0.109375 0.1484375
0 0.70390625 0.95234375 0.1265625 0.0953125
0 0.79765625 0.96328125 0.1390625 0.0734375
0 0.41171875 0.9140625 0.1328125 0.171875
0 0.60703125 0.93984375 0.1328125 0.1203125
0 0.20859375 0.8625 0.1390625 0.171875
0 0.3140625 0.890625 0.1375 0.171875
0 0.5109375 0.92890625 0.1375 0.1421875
0 0.109375 0.8375 0.13125 0.165625
0 0.0390625 0.809375 0.078125 0.16875