0 0.6150483140625 1 0.5871909828125 0.907102740625 0.581118065625 0.8987440875000001 0.5285244828125 0.935543325 0.5460581296875 1 0.6150483140625 1
0 0.483660846875 0.874256178125 0.5199764578125 0.9871353984375 0.5747287703125 0.947503771875 0.5388918031250001 0.83428634375 0.483660846875 0.874256178125
0 0.3321932796875 0.6818248062500001 0.387529596875 0.7845069328125 0.3933079015625 0.78030875 0.4414041359375 0.7295846140625 0.38894954843749996 0.6303949046875 0.3880117171875 0.629457075 0.3321932796875 0.6818248062500001
0 0.5101069625 0.7717645671875 0.461353246875 0.7212786171875 0.35646995625 0.7729640703125 0.356583125 0.773119834375 0.4154652546875 0.826527078125 0.51140011875 0.7775410468749999 0.5131065593749999 0.7758931578125 0.5101069625 0.7717645671875
0 0.507778459375 0.7632430890624999 0.46483570781249994 0.78483445 0.43979452031250005 0.797593571875 0.45888814843750003 0.9192471859375001 0.4589142921875 0.9192831703125 0.4722357640625 0.9125865375 0.530988421875 0.8826505640625 0.511360421875 0.7681732375 0.507778459375 0.7632430890624999
0 0.41390811562499996 0.6707053625 0.41725308906249997 0.6682750984375 0.385628853125 0.59797673125 0.2691054171875 0.6206603578125 0.30236435625 0.6888512875 0.41390811562499996 0.6707053625
0 0.23949203125000001 0.5474543875 0.28947114531249996 0.6568208796875 0.29130518437499997 0.6554883703125001 0.3447574765625 0.614151940625 0.3543263625 0.606403209375 0.3049234203125 0.4975974703125 0.23949203125000001 0.5474543875
1 0.195755646875 0.28858970625 0.1932682890625 0.285166153125 0.135251834375 0.23473321875000003 0.026483746875000002 0.3216315125 0.08895370625 0.3766622984375 0.195755646875 0.28858970625
0 0.079676890625 0.3872211890625 0.1344814046875 0.441130721875 0.25007266562499997 0.362502565625 0.250834403125 0.36174082812499997 0.24528682656249998 0.3541052453125 0.189505515625 0.300263553125 0.076097475 0.3795884390625 0.07407080625 0.38161510625 0.079676890625 0.3872211890625
1 0.2260137296875 0.572062228125 0.34321172031249997 0.4985179140625 0.3481099609375 0.493619671875 0.303275709375 0.44603100781249994 0.2955360171875 0.4382913171875 0.1695919453125 0.515231228125 0.19608241875000001 0.5421309171875001 0.2260137296875 0.572062228125
1 0.3003778734375 0.4344210890625 0.2483975546875 0.3718579203125 0.1255576921875 0.4452421609375 0.17548117968750002 0.50031661875 0.296925334375 0.43742233593749996 0.3003778734375 0.4344210890625
0 0.7678106296875 0.8701638578124999 0.7685309218749999 0.8696011046875001 0.7546726671874999 0.8505268546875 0.7174494453125 0.802883303125 0.57158339375 0.8592341265625001 0.6185717984375 0.9219583140625 0.7678106296875 0.8701638578124999
0 0.6597371078125 0.8529471640624999 0.7224284828124999 0.9564302359375001 0.7452434328125 0.93985420625 0.7741598062499999 0.9065897218750001 0.7718497453125 0.9034101968750001 0.68028601875 0.8238150640624999 0.6597371078125 0.8529471640624999
0 0.4396708078125 0.65800721875 0.5695294234375 0.58857215 0.57194960625 0.5861519656249999 0.525439759375 0.536063553125 0.514373509375 0.5249973031249999 0.385923059375 0.60311919375 0.425896096875 0.6442325062500001 0.4396708078125 0.65800721875
0 0.6250294000000001 0.6947070531249999 0.5627526796875 0.7467029484375 0.617249803125 0.8831446609375 0.6816791515625 0.8372878828125 0.6282962359375001 0.698600315625 0.6250294000000001 0.6947070531249999
0 0.5145682828125 0.5637973765625001 0.46486969531250005 0.6203571703125 0.5410417640625 0.7521594203124999 0.5468068109375 0.74797086875 0.5489815140625 0.7455556156250001 0.5943471109375 0.6869917390625 0.5189155734375 0.56771169375 0.5145682828125 0.5637973765625001
1 0.597273590625 0.6365438953125 0.5934900859375001 0.6313363484375001 0.5296287703125 0.66806801875 0.560956859375 0.8191931203125 0.63079874375 0.7772278828125 0.597273590625 0.6365438953125
0 0.3667783796875 0.4769485515625 0.4220874390625 0.5990986453125 0.4312022515625 0.6162332859374999 0.43187440937500005 0.61709360625 0.47046768749999995 0.5890539484375 0.49497482968749995 0.5699068703125 0.43548387499999996 0.43390738124999995 0.43299834531250003 0.43072604999999997 0.3667783796875 0.4769485515625
0 0.25462568281250003 0.2051432578125 0.188431771875 0.10833357968749999 0.15134423749999998 0.13527925000000002 0.1209698296875 0.1626284890625 0.1935005640625 0.2610907390625 0.20385781406249998 0.25356575625 0.25462568281250003 0.2051432578125
1 0.3226933296875 0.22960495937499997 0.27444125937499997 0.18399773125000002 0.2598970375 0.17090205625 0.1552667453125 0.25795951562499997 0.220120253125 0.3119792328125 0.3199745484375 0.232624471875 0.3226933296875 0.22960495937499997
1 0.28841249062499996 0.338814190625 0.3245358 0.46584038281250006 0.32468560156250004 0.466046565625 0.400965975 0.42519961093749997 0.3632252125 0.30642908750000003 0.35791127500000003 0.2991150796875 0.28841249062499996 0.338814190625
1 0.3774697828125 0.3074270703125 0.370201621875 0.2974233046875 0.3223193984375 0.24607590625000003 0.206212146875 0.31834911875 0.266374096875 0.3797943703125 0.3774697828125 0.3074270703125
1 0.3784491875 0.36623863125 0.32719811249999997 0.4315069859375 0.4069499875 0.5328403796875001 0.410223796875 0.5304618171875 0.4493525375 0.48237894062500003 0.4576723484375 0.472104828125 0.3808529046875 0.368185125 0.3784491875 0.36623863125
0 0.9086490843749999 0.6164092906249999 0.8583173890625 0.6627350359374999 0.9186520937499999 0.8138654375 0.9617171093750001 0.782576871875 0.9833351078125 0.76443721875 0.9141735296875 0.619031721875 0.9107141171875 0.6149089562500001 0.9086490843749999 0.6164092906249999
0 0.41645026406249996 0.19587020156249998 0.58389501875 0.135823775 0.5911267328124999 0.130569628125 0.5725200390625 0.0955755265625 0.5486433234375 0.054299774999999995 0.3707785875 0.11211229375000001 0.41645026406249996 0.19587020156249998
0 0.8002173593749999 0.7180381421875001 0.9734265499999999 0.66591351875 0.97972595625 0.66133673125 0.950810575 0.61089989375 0.940876253125 0.595001653125 0.759423809375 0.655989559375 0.8002173593749999 0.7180381421875001
0 0.6817046640625 0.318713140625 0.566087484375 0.171108059375 0.56198563125 0.167666196875 0.503044315625 0.23868102656249998 0.6223979609375 0.3839353 0.6700474109375001 0.3326057140625 0.6817046640625 0.318713140625
1 0.4064770375 0 0.31826045937499997 0.0588735328125 0.3765942265625 0.129431590625 0.5258279109374999 0.0357681359375 0.5325526234375 0.0299224328125 0.5091092796875001 0 0.4064770375 0
0 0.9182042484374999 0.556700409375 0.9223247640625001 0.5522816984375 0.9171789531250001 0.5451990984374999 0.8632613031249999 0.49492007656250003 0.7006234515624999 0.596945559375 0.7648833703125 0.6554964609375 0.9182042484374999 0.556700409375
0 0.5417903046875 0.35012137656250003 0.5892742796875 0.41720532187500003 0.7509866015625 0.358206040625 0.7582431281249999 0.352933865625 0.72839535 0.3046787265625 0.7109332390625 0.2777894359375 0.538737146875 0.3454199265625 0.5417903046875 0.35012137656250003
1 0.614174453125 0.253910753125 0.5428323609375 0.0910957421875 0.5393710359375 0.0863316375 0.46083784687499996 0.14071661093750001 0.5422853796875 0.311833396875 0.5436827625 0.3108549375 0.614174453125 0.253910753125
0 0.69567163125 0.5695508515625 0.8698070375 0.5075033984374999 0.873864196875 0.5045556999999999 0.8403740546874999 0.45277764375 0.8211650640625001 0.426338734375 0.6444675734375 0.49204895156250006 0.69567163125 0.5695508515625
1 0.7033350781250001 0.31164868125 0.636499553125 0.3628722125 0.70812784375 0.5341964671875 0.73013595 0.5182066421875 0.7804858703125 0.47392375937500003 0.7722164203124999 0.4555461171875 0.7059984828125 0.31505768437500004 0.7033350781250001 0.31164868125
1 0 0.5633682421875 0.07527185 0.5517126875 0.07643637187499999 0.5508666125 0.0449243859375 0.4793749375 0 0.48814178437500005 0 0.5633682421875
0 0 0.6010491375 0.0388062484375 0.6370899234375 0.12437895937500001 0.58565623125 0.1262895921875 0.5837456000000001 0.1231864140625 0.5794744421875 0.1184512625 0.574739290625 0.07260827187499999 0.5313017421875 0 0.5774195578125 0 0.6010491375
0 0.15304170625 0.6311998625 0.125518390625 0.5946751875 0.030412706249999998 0.63520396875 0.0325041421875 0.6380825828125001 0.0827153328125 0.6955987859375 0.16935909375 0.6579149015625 0.17135731406250002 0.656409134375 0.15304170625 0.6311998625
0 1 0.461390771875 0.8810710937499999 0.4860519375 0.9211603453125001 0.5636029406249999 1 0.549949178125 1 0.461390771875
0 1 0.44196734375 0.9257172875 0.3228135109375 0.924066221875 0.3212738671875 0.859365296875 0.38359621875 0.9563439171875 0.5431298421874999 0.958447378125 0.5416015875 1 0.49704185624999997 1 0.44196734375
0 0.8281217359375 0.42509827343750006 0.9999040750000001 0.35069954062500003 0.9933062890625 0.3416184671875 0.9785433937500001 0.323387809375 0.9378167015625 0.275374690625 0.7701311 0.3583239640625 0.8281217359375 0.42509827343750006
0 0.6095401984375 0 0.5420259781250001 0.022492415625 0.5830991140624999 0.1019744015625 0.7638136421875 0.05145779375 0.7694873328125 0.047335615625 0.7453686312500001 0 0.6095401984375 0
0 0.694360353125 0 0.681673459375 0.012495528124999999 0.62666584375 0.0675031453125 0.7327258078125001 0.227727871875 0.73317625 0.2281783125 0.7569106750000001 0.20463306406249998 0.8004541640625 0.1610895765625 0.6973660140625 0.000123421875 0.6972425921875 0 0.694360353125 0
0 0.7301418109375 0.2828918484375 0.8824239125 0.1768574484375 0.8828922734375 0.17635519375 0.8627935453125 0.1486916671875 0.8168950687500001 0.10750302812500001 0.6574483359375 0.21429340937500002 0.65927473125 0.2168072265625 0.7301418109375 0.2828918484375
0 0.9502200875 0.28491462031250003 0.9130634109375 0.21788220156250002 0.9013905281250001 0.2018158578125 0.7148343640625 0.2578083828125 0.7587341890625 0.3405550453125 0.9453456546875 0.28845610312500003 0.9502200875 0.28491462031250003
0 0.5650444984375 0 0.5967439859375 0.066684534375 0.6597356750000001 0.02949968125 0.6806198421875 0.0164498046875 0.6732968953125 0 0.5650444984375 0
0 0.24923284843750002 0.9379971375 0.34222934375 0.9023991671875 0.351905353125 0.895369134375 0.339901503125 0.8777571734375 0.31313098125 0.8409107109375 0.2074647546875 0.8783913999999999 0.24923284843750002 0.9379971375
0 0.11506365 0.74504545 0.20679201875 0.7323416296875 0.20954432500000003 0.7303419625 0.2019546765625 0.7125751625000001 0.180553546875 0.664507440625 0.08611769999999999 0.6830526421875 0.11506365 0.74504545
0 0.29082311875 0.9879406140625001 0.39855221875 0.9505081046875 0.3907077984375 0.9397111875 0.3541507625 0.8976571296875001 0.3512780640625 0.8944671546875 0.24854689375 0.9431005609374999 0.29082311875 0.9879406140625001
0 0.2657954921875 0.7625074953125 0.197660665625 0.7875706390625 0.20918692343749998 0.891898703125 0.2095849796875 0.89244658125 0.2628284625 0.8698460640624999 0.27794211562500004 0.8629834187500001 0.26671675 0.764677840625 0.2657954921875 0.7625074953125
0 0.19983669843750002 0.6964389015625 0.146741928125 0.742905859375 0.18357038750000002 0.8322614500000001 0.20412389375 0.8173284531249999 0.229281059375 0.796219084375 0.24099522499999998 0.7857179750000001 0.202411540625 0.6995074781249999 0.19983669843750002 0.6964389015625
0 0.4271768890625 1 0.414449996875 0.9678344234375 0.411996796875 0.9623244468750001 0.2962936203125 0.972571175 0.3078690359375 1 0.4271768890625 1