0 0.8333567515625001 0.8864051859375 0.8136366984375 0.8219837312499999 0.812786140625 0.8221032703125 0.7190541625 0.8884875328125 0.72869685625 0.9208637656249999 0.739433325 0.953907215625 0.743746196875 0.95330108125 0.743979596875 0.9532252437500001 0.8333567515625001 0.8864051859375
0 0.7160350890625 0.8753781015625 0.8224605468749999 0.8230888671875001 0.81284579375 0.7555936640625001 0.7065095421875001 0.8084621406249999 0.7160350890625 0.8753781015625
1 0.672439853125 0.6245808453125 0.67273823125 0.6288478515625 0.6727988703125 0.62927931875 0.7830586625 0.5876609687500001 0.7752471625 0.511115465625 0.6693029296875 0.552056984375 0.672439853125 0.6245808453125
0 0.6745885125 0.6032694875 0.6751473265625 0.6078206703125 0.7189131046874999 0.706349940625 0.7697617234374999 0.703499365625 0.7974356671875 0.699610046875 0.7486447234375 0.593853825 0.69674650625 0.600155384375 0.6745885125 0.6032694875
0 0.76181335625 0.6738080656250001 0.7338629328125 0.676745775 0.689348671875 0.6816657171875 0.684249540625 0.6823823531250001 0.684554815625 0.6852868359375 0.7316570718750001 0.7948106203124999 0.7972354984375001 0.78791805 0.7999092953125 0.7876223140625 0.811923053125 0.785933890625 0.76181335625 0.6738080656250001
0 0.73068396875 0.436981884375 0.6660875453124999 0.4403672390625 0.6552241750000001 0.44189398593749996 0.6915707203125 0.5538635125 0.7699256 0.54731271875 0.769858459375 0.546031590625 0.73068396875 0.436981884375
0 0.67239674375 0.4728467515625 0.684707725 0.47306163906250004 0.7545597734375 0.47271536249999996 0.7265949125 0.3556953703125 0.6443392921875 0.3566911703125 0.67239674375 0.4728467515625
1 0.575837175 0.1414474671875 0.712401328125 0.12106261874999999 0.713306046875 0.03781560625 0.5759479734374999 0.060499740625 0.574678884375 0.1332058109375 0.575837175 0.1414474671875
1 0.5939902421875 0.10652733750000001 0.593084809375 0.10665458750000001 0.5936476828125 0.1147040296875 0.6259118625 0.24383413437499998 0.6576855328125 0.2421765421875 0.6879851078125 0.24005779062500002 0.7124603781250001 0.236618015625 0.676801815625 0.101421265625 0.5939902421875 0.10652733750000001
1 0.6013802078125 0.32099250156250003 0.6035212578125 0.3384299546875 0.6120632171875 0.399209153125 0.6159687359375 0.3987296171875 0.749375090625 0.34864121406250004 0.7375931015625 0.2717087921875 0.6013802078125 0.32099250156250003
1 0.6535734203125 0.3294383078125 0.6847807390625 0.3257123359375 0.727100990625 0.3197646125 0.682819221875 0.18465185312500002 0.602683396875 0.19774395312499998 0.60340158125 0.2028541046875 0.6535734203125 0.3294383078125
0 0.6901516921875 0.8005283265625 0.554570203125 0.8847900359375 0.5664208140625 0.9361206703124999 0.5724511140625 0.9600186234375 0.5758331125 0.9595433140624999 0.576073109375 0.95948790625 0.7086243828125001 0.883336771875 0.6901516921875 0.8005283265625
0 0.5731504843749999 0.8857684296875 0.6510891109375 0.9827323218749999 0.69534653125 0.9657434890625 0.650005696875 0.85215964375 0.572134390625 0.878538546875 0.5731504843749999 0.8857684296875
0 0.5267490484375 0.477202453125 0.548948653125 0.622403315625 0.5958708953125 0.6265084796875 0.631287984375 0.628289246875 0.6339042359375 0.62792155625 0.602943196875 0.4805765 0.5269414890624999 0.47500284375 0.5267490484375 0.477202453125
0 0.54980751875 0.8612615343750001 0.685869125 0.8111267218749999 0.6827770734375 0.7284150359375 0.6824765671875 0.72842553125 0.5399122390625 0.7830011359375 0.5403394687499999 0.79523536875 0.547938721875 0.86132679375 0.54980751875 0.8612615343750001
0 0.5174229078125 0.6147731249999999 0.5122753375 0.6883867921875 0.5124328109375 0.6895072796874999 0.5185623171875 0.689935896875 0.6548654921875 0.66173085 0.66705448125 0.57753449375 0.5174229078125 0.6147731249999999
0 0.5283878078125 0.7007812140625 0.5261558046875 0.764697403125 0.527797846875 0.7763811359375 0.529465534375 0.7764393734375 0.6726520171875 0.73647085 0.67486135 0.655191984375 0.5283878078125 0.7007812140625
0 0.489101965625 0.42241853437500004 0.5685837312500001 0.5477887203125 0.6166659484375 0.5321658593749999 0.6432944828125 0.52280395 0.6426512437499999 0.520824259375 0.6335429218749999 0.50368616875 0.5632043359375001 0.38952741562500004 0.4885209046875 0.41832198906249995 0.4890925734375 0.4223896265625 0.489101965625 0.42241853437500004
0 0.4790824625 0 0.4338744484375 0.018265225 0.4338895984375 0.018373021875 0.494222203125 0.1244158890625 0.5720990796875001 0.0955240953125 0.522110728125 0 0.4790824625 0
1 0.5627011015625001 0.07305620625 0.43756446406249994 0.11188320781250001 0.4405253765625 0.1329511953125 0.4520625625 0.19589961718749999 0.4597663859375 0.194816915625 0.57714909375 0.1554827921875 0.5672548843749999 0.0724162125 0.5627011015625001 0.07305620625
0 0.582532878125 0.240677434375 0.463774559375 0.2871507015625 0.467695715625 0.315051178125 0.47776603125 0.37216276718749997 0.48110983125000006 0.3716928265625 0.5994700843749999 0.321145690625 0.5862592203125 0.24015373125 0.582532878125 0.240677434375
1 0.5293431859375 0.149204546875 0.4502397109375 0.168391203125 0.45095070625 0.17345018750000002 0.5038080265625 0.29261756562499996 0.557013975 0.2807201328125 0.587398253125 0.27314448125 0.5293431859375 0.149204546875
0 0.5520733250000001 0.322191540625 0.4730741671875 0.342093821875 0.4739235796875 0.34813770625 0.53609265 0.45789831718749996 0.5488624890625 0.45447664843749996 0.61270405625 0.4372055546875 0.5520733250000001 0.322191540625
0 0.3349803140625 1 0.443922840625 0.950954728125 0.43969773281249996 0.8792729359375 0.439610196875 0.8786500875 0.2637103375 0.9446336656250001 0.26671698906249997 0.9732400374999999 0.27047785625 1 0.3349803140625 1
0 0.16725647187499998 0.2879957375 0.1715972890625 0.287385675 0.3442461390625 0.231308815625 0.334903653125 0.1416985875 0.1541122328125 0.1944696125 0.16725647187499998 0.2879957375
0 0.40928664687499994 0.9478036703124999 0.43281658125 0.9392394749999999 0.3273077796875 0.7793606515625 0.2546744734375 0.8089639078124999 0.2549245859375 0.8107435468749999 0.255033465625 0.8110426921875 0.362799121875 0.9635182765625 0.40928664687499994 0.9478036703124999
0 0.35263711875000003 0.489153390625 0.28682734375 0.30764155 0.202278675 0.323878171875 0.20371298593749998 0.3340838234375 0.2602387515625 0.502139134375 0.35263711875000003 0.489153390625
1 0.306200190625 0.0371073875 0.13644345468750002 0.1136907515625 0.141302859375 0.1295851453125 0.1678074375 0.202714103125 0.17306325625000002 0.2019754453125 0.1766117109375 0.200890575 0.3351246296875 0.12396730156249999 0.306200190625 0.0371073875
0 0.30581157187499997 0.6783596671875001 0.23143590781249998 0.7109750734375 0.23221109062499998 0.71649078125 0.3440738734375 0.8638469171875001 0.41188442500000005 0.8359826109374999 0.4243840625 0.8306768296874999 0.30581157187499997 0.6783596671875001
0 0.37868593437500003 0.4962059484375 0.3734889625 0.4264618359375 0.3728522609375 0.426495203125 0.1991887375 0.47614798281250004 0.200130709375 0.5523715265625 0.2003996140625 0.5575025218749999 0.201274390625 0.56372688125 0.3797949546875 0.5173673187500001 0.37868593437500003 0.4962059484375
1 0.2076166875 0.212897834375 0.20686784062500002 0.2130030765625 0.2218380453125 0.4012574390625 0.3142574953125 0.40934309375 0.3180123515625 0.40881538281249996 0.318121615625 0.407566490625 0.29807850937499997 0.2271151703125 0.2076166875 0.212897834375
1 0.388618353125 0.5931394453125 0.217697365625 0.6742553375 0.22276700312500003 0.7030066765625 0.2353133375 0.7644104890625 0.236958975 0.7641792093750001 0.23977301562500003 0.7636830171875 0.4086156640625 0.68637778125 0.388618353125 0.5931394453125
1 0.22420566874999998 0.6711691078124999 0.36927253125 0.6072971078125 0.3875703828125 0.598852571875 0.374931340625 0.50498095 0.3739703796875 0.5051677421874999 0.20604615937499998 0.588200715625 0.22302298281250002 0.671399 0.22420566874999998 0.6711691078124999
0 0.802162578125 0 0.7991465453125 0.0575493515625 0.8003657984375 0.0662247921875 0.8059472875000001 0.0665173046875 0.8961652375 0.057889320312500006 0.8986194953125001 0 0.802162578125 0
0 0.7995667375 0.07176620156249999 0.80024996875 0.07375045 0.847438934375 0.1544365515625 0.9197154328125 0.12954975625 0.91954980625 0.1283712671875 0.87187686875 0.0433302984375 0.7992017578125 0.06916924375 0.7995667375 0.07176620156249999
0 0.2147288859375 1 0.26339569687500003 0.9631262359375 0.2507975453125 0.9282636078125 0.0757626125 0.9954532234375 0.0764016203125 1 0.2147288859375 1
1 0.8455925328125 0.229327678125 0.8871708171874999 0.2262647640625 0.9233673781249999 0.22117766875 0.8900212312500001 0.1254091578125 0.8164226109375001 0.131904559375 0.8167048984375 0.1345903375 0.8455925328125 0.229327678125
0 0.8318503749999999 0.225066 0.8233136890624999 0.29344678750000003 0.8231291203125 0.295556403125 0.8232558093750001 0.2964578375 0.8303014078125001 0.297074246875 0.9257435578125 0.2843769265625 0.9336784984375001 0.21519791875 0.9341503031249999 0.20980515 0.9340228453125 0.20889823281250003 0.8318503749999999 0.225066
0 0.84080151875 0.3059201296875 0.8445627296874999 0.380702296875 0.8450931875000001 0.3844767015625 0.8498534609374999 0.3838922125 0.9417929203125001 0.34874904375 0.932333465625 0.2717079703125 0.84080151875 0.3059201296875
0 0.07178015625 0.7653036 0.0719436671875 0.76717253125 0.14184797968750001 0.9386838859375001 0.1976285859375 0.933803715625 0.22814209062500002 0.9295153218750001 0.1646899234375 0.7578449921875 0.0729717453125 0.7651361328124999 0.07178015625 0.7653036
0 0.2275792265625 0.7614843546875 0.2235601453125 0.68251956875 0.04544685 0.7393801468750001 0.045597715625 0.743700340625 0.05306290625 0.8277976109375 0.059616334375 0.8275687609375 0.22808163124999997 0.7758713609375001 0.2275792265625 0.7614843546875
0 0.231884275 1 0.1723403734375 0.8456957203125001 0.08330816875 0.8520433562499999 0.081698234375 0.8522696171874999 0.082166021875 0.857616440625 0.1396991203125 1 0.231884275 1
0 0.09467644374999999 0.7534049328125 0.18663056718749998 0.7538959937499999 0.192445453125 0.753078765625 0.138860796875 0.5731332499999999 0.0518327875 0.5716553156249999 0.051940478125 0.577824796875 0.09467644374999999 0.7534049328125
0 0 0.2418239546875 0.059276409375000005 0.3726054890625 0.1463433328125 0.3525045078125 0.1462793375 0.3520491640625 0.07529709999999999 0.17253479375 0 0.19111784375000002 0 0.2418239546875
0 0 0.3233442375 0.0754780265625 0.469185725 0.1349595390625 0.453247703125 0.1671591484375 0.44448160625 0.167090046875 0.4439899203125 0.1670526625 0.443850396875 0.0813239625 0.2718874109375 0.0061821609375 0.2920215953125 0 0.29372855468750003 0 0.3233442375
0 0.10039114687499999 0.3697056390625 0.0048736078125 0.39000851875000003 0.0059923578125 0.3979688375 0.084500646875 0.5649014265625001 0.15824486875 0.55069471875 0.17951545156249998 0.5461735187500001 0.10039114687499999 0.3697056390625
0 0.0935759578125 0.4660954640625 0.004589090625 0.500254321875 0.0054027984375 0.5060441546875001 0.11483988281249999 0.6658663140625001 0.146308334375 0.65378670625 0.20201575312500003 0.631219959375 0.0935759578125 0.4660954640625
0 0 0.2361362140625 0.1490975953125 0.198954153125 0.136437003125 0.10208285312500001 0 0.1325182 0 0.2361362140625
0 0.984835703125 0.671694834375 0.93820008125 0.5692200609375 0.87263598125 0.5804538578125 0.874278565625 0.5921414625 0.9124637515625 0.6818660484375 0.984835703125 0.671694834375
0 0.8519021906249999 0.36255643125 0.8671549859375001 0.450043825 0.9008903796875 0.45181182187499996 0.9349112609375 0.45307790781249996 0.9403877578125 0.45230823750000004 0.9188240656250001 0.3597538671875 0.8522946515625 0.3550678203125 0.8519021906249999 0.36255643125
0 0.88454611875 0.6904854 0.8825206703124999 0.7406032859375 0.8838923421875 0.750363240625 0.888115653125 0.750363240625 0.9914961515625 0.7213687015625 0.9927980625 0.6471016625 0.88454611875 0.6904854
0 0.8682711281250001 0.502582034375 0.8879732656250001 0.5995450234375 0.904467878125 0.601401409375 0.9578063296874999 0.60606791875 0.962225834375 0.6054467984375 0.9410216312499999 0.5030148750000001 0.868476621875 0.500233228125 0.8682711281250001 0.502582034375
0 0.84505619375 0.45157563749999996 0.8971907375000001 0.529192209375 0.9123037437500001 0.5248227734375 0.9679909390624999 0.50672890625 0.9679356171875 0.5063352734375 0.910830640625 0.426573915625 0.8443642406249999 0.44665213125000003 0.84505619375 0.45157563749999996
0 1 0.7771913500000001 0.9022864140625 0.82965515625 0.9034744546875 0.8607429281250001 0.90498099375 0.877962740625 0.908006825 0.8994926515625 1 0.85082971875 1 0.7771913500000001
0 0.9665233375 0.7158298875 0.8927934734375 0.7112078296875 0.8927902609375 0.7112383906249999 0.9208189718750001 0.7992307624999999 0.9286366109375 0.8224010859374999 0.989609025 0.8288095453125001 0.9920171812499999 0.8284711015624999 0.9921381125 0.8273205203125 0.9665233375 0.7158298875
0 1 0.866264253125 0.998080565625 0.8443250156250001 0.9975182515625001 0.8403239453125 0.91462391875 0.8473110109374999 0.9149715265625 0.8512841890624999 0.9600126781249999 0.9396531046875 0.9715129765625001 0.938646959375 1 0.93464336875 1 0.866264253125