0 0 0.6047310546875 0.0673955 0.6183384390625 0.04947684375 0.5023565171875 0 0.4927570046875 0 0.6047310546875
0 0.1697554609375 0.5585047953125 0.05292061875 0.5382523578125 0.021026431249999998 0.598508534375 0.138129575 0.61823991875 0.1697554609375 0.5585047953125
0 0.3713391703125 0.7043722703124999 0.39966733125 0.6392943078125 0.40192190937500005 0.6334209296875 0.284703953125 0.6225043890624999 0.2582971609375 0.6943800125 0.259420840625 0.694834009375 0.3713391703125 0.7043722703124999
0 0.24153674218750001 0.5713756078125 0.2194501640625 0.5637705875 0.2168336015625 0.5705869671875 0.2144767875 0.6800325953125 0.286471225 0.7049304750000001 0.290514440625 0.5919552390625 0.24153674218750001 0.5713756078125
0 0.23365735625 0.610765859375 0.24612500312500002 0.56321826875 0.2422143640625 0.561717115625 0.12422483437500001 0.56639585625 0.1071583984375 0.6300886640625001 0.103502065625 0.644037240625 0.10461633906250001 0.6444649703125 0.22638340625 0.6379126078125 0.23365735625 0.610765859375
0 0.3758751546875 0.6143132390625 0.3747656703125 0.61658801875 0.35636745 0.7296826375000001 0.42455838124999995 0.762941578125 0.44724200625000005 0.6464181421874999 0.3758751546875 0.6143132390625
0 0.5021685812500001 0.6615041890625 0.4472349078125 0.6418178109375 0.44620614999999997 0.6444978156250001 0.4327980328125 0.76109716875 0.5104336140625 0.7882945015625 0.5237679156249999 0.669795396875 0.5021685812500001 0.6615041890625
1 0.8446405718750001 0.8761521296874999 0.8717780078124999 0.8000366265625001 0.8603902328125 0.7956652703125 0.7345576984375 0.774331521875 0.7101541250000001 0.8394465359375 0.7061461828125 0.8504582671875 0.8446405718750001 0.8761521296874999
0 0.76747973125 0.74104129375 0.694936428125 0.7087222078125001 0.6879933312500001 0.706057003125 0.6870838703125 0.7081995562500001 0.6574823609375 0.8448285328124999 0.72685204375 0.8749505578125 0.735423703125 0.8782409093749999 0.736414378125 0.8759070265625001 0.76747973125 0.74104129375
1 0.6467297249999999 0.7123204796875 0.5037826187500001 0.6834428078125 0.4829371 0.728146165625 0.4809042 0.7328681046875001 0.472472790625 0.7548326750000001 0.614044265625 0.7852066843750001 0.6472442984375 0.7125604296875 0.6467297249999999 0.7123204796875
1 0.5597471828125 0.7483222765625 0.5485327812499999 0.770331778125 0.5459060578125 0.777174628125 0.6814533234375 0.8182381812499999 0.7172328171875 0.7439646890625 0.5796259046875 0.7112353234375 0.5597471828125 0.7483222765625
0 0.0907708515625 0.34585804531250003 0.068223790625 0.3386025265625 0.065710021875 0.3451511171875 0.060177725 0.494424715625 0.1401923046875 0.522640775 0.1405815640625 0.3630092484375 0.0907708515625 0.34585804531250003
0 0 0.41806221718750003 0.1235011578125 0.42498434218750003 0.13945690156249999 0.3934000875 0.0240294578125 0.34909164375 0 0.41169052031250003 0 0.41806221718750003
0 0.38348394375 0.611962525 0.45496620625000006 0.6283057890625 0.45507699375 0.6278923265625 0.4501845578125 0.4777787125 0.42095855000000004 0.469947628125 0.37689967812499997 0.4588036578125 0.3756928546875 0.46194753750000006 0.3723372609375 0.6089757812500001 0.38348394375 0.611962525
0 0.28120112812500003 0.43614767499999996 0.2767560546875 0.4336837296875 0.13043062968750002 0.4077444453125 0.09771006875 0.47973993125 0.24204350312499998 0.50720148125 0.28120112812500003 0.43614767499999996
0 0.43046835625 0.489294190625 0.4264386390625 0.4874151015625 0.2791860015625 0.46927011875 0.25062166406249997 0.5305265375 0.2474062890625 0.538902875 0.39012436250000004 0.5622965234375 0.42933734062499995 0.4922405890625 0.43046835625 0.489294190625
0 0.2050919796875 0.4357530953125 0.176128728125 0.49786498593750006 0.17158871874999998 0.5096921171875 0.3242289953125 0.5249585359375 0.3547002828125 0.45621753906249995 0.3516559859375 0.454797959375 0.2050919796875 0.4357530953125
0 0.43116548125 0.5242177796874999 0.4188158421875 0.5600837359375 0.4067293078125 0.60247003125 0.40749588125 0.602733984375 0.559965746875 0.61507175 0.5831942921875 0.54197728125 0.5736057031249999 0.5382965671875 0.5626004531250001 0.5365513703125 0.43116548125 0.5242177796874999
0 0.8181492296874999 0.7439417749999999 0.816425265625 0.753412878125 0.9356084078125001 0.7604153546875 0.9459129031250001 0.733571228125 0.9562920578125 0.6801751031250001 0.9514597921875 0.6783201703125 0.83307064375 0.667177759375 0.8181492296874999 0.7439417749999999
1 0.8493597609375 0.62522849375 0.7870986796875 0.6066509765625 0.7836626734375 0.6156020796874999 0.7656850359375 0.7362626171875 0.844894234375 0.7654175421875 0.8679730609374999 0.6312763234375 0.8493597609375 0.62522849375
1 0.70900510625 0.6646045593750001 0.7322021375000001 0.5874603859375 0.7251166078125 0.5847405046875 0.72412475 0.5844560953125 0.5995147140625 0.574368303125 0.5768505312500001 0.6579688015625 0.70900510625 0.6646045593750001
1 0.78852955625 0.700593140625 0.8166320046875001 0.6248909671875 0.8065885843749999 0.621035659375 0.6839138546875 0.599227990625 0.6640248843750001 0.64999068125 0.6533147109375 0.6794166421875001 0.78852955625 0.700593140625
0 0.5368449109375 0.5217369140625 0.5379976328125 0.6469449843749999 0.615035228125 0.6659557859375 0.617766296875 0.5359679015625 0.5393670578124999 0.5151664953124999 0.5368449109375 0.5217369140625
0 0.09623604687500001 0.2093955546875 0.2622583421875 0.184399425 0.26286985 0.1785813171875 0.2695215015625 0.10205276249999999 0.2667463203125 0.10176107812499999 0.10383526875 0.137093796875 0.09623604687500001 0.2093955546875
0 0.905803484375 0.33222368593749996 0.8730849203125001 0.3101547359375 0.8713339765624999 0.3094826125 0.8682194296875 0.3141001171875 0.7897445000000001 0.476954846875 0.8675253093749999 0.5306179203125 0.8683562203124999 0.530936878125 0.944357325 0.36028409375 0.905803484375 0.33222368593749996
0 0.35430585625 0.15452937656250001 0.1688497296875 0.1331435609375 0.1646424921875 0.144103790625 0.1438959453125 0.2086226796875 0.332077575 0.22425392500000002 0.3586439078125 0.1561945984375 0.35430585625 0.15452937656250001
0 0.626311284375 0.2767710375 0.5787112515625 0.3559907953125 0.5783999671875 0.3568017171875 0.7607818234375 0.41985425468750004 0.8014753453125 0.3437358734375 0.793656465625 0.33903781718750003 0.626311284375 0.2767710375
1 1 0.41844213437500005 0.8919982546874999 0.3810144828125 0.8662469796875 0.42944558749999995 0.8497383453125 0.4624381796875 1 0.5192717359375 1 0.41844213437500005
0 0.3706608796875 0.3287904546875 0.4030786 0.14104735156249998 0.3946706296875 0.1371869515625 0.3297538125 0.108284121875 0.3252634359375 0.1065604265625 0.322958221875 0.111738028125 0.293516640625 0.29553262812500003 0.3706608796875 0.3287904546875
0 0.49775455781250005 0.329504659375 0.49907210625 0.3302349890625 0.6718065921874999 0.3799095296875 0.7167327078125 0.3059957265625 0.717203015625 0.30477053125000003 0.540912484375 0.2493806 0.5209704546875 0.285356975 0.49775455781250005 0.329504659375
1 0.7228317171875001 0.3111961390625 0.6686647781249999 0.3832564796875 0.667897396875 0.385255578125 0.8413082749999999 0.46048891718749996 0.8931461015625001 0.379752396875 0.8895355031250001 0.3774076484375 0.7228317171875001 0.3111961390625
0 0.4998439375 0.319522221875 0.5481833968750001 0.23873643437499997 0.544446275 0.23630951875 0.368591875 0.18048514375 0.3504472875 0.2084253578125 0.319240334375 0.2594463828125 0.4998439375 0.319522221875
1 0.4603553296875 0.2387824234375 0.44027277187499997 0.24045945624999998 0.4212971296875 0.32725878124999996 0.4203531921875 0.33321856875 0.6072065953125 0.31255386875 0.6195594234375 0.22957205625000002 0.6181634390624999 0.22903618906249998 0.615332375 0.2285877921875 0.4603553296875 0.2387824234375
0 0.7198668078125 1 0.7260988312500001 0.9835296359375001 0.66402708125 0.946233165625 0.6588673484375 0.9442525296875001 0.657213925 0.947004290625 0.6382607 1 0.7198668078125 1
0 0.1650437765625 0 0.1563573125 0.061807409375 0.159628946875 0.06306327187500001 0.24635756406249998 0.06960023125 0.2363895109375 0 0.1650437765625 0
1 0.64910779375 1 0.6710625734375 0.9633981390624999 0.6687238109375 0.9620478546875001 0.575099965625 0.92973323125 0.5469200437499999 0.9752060921875 0.541798834375 0.9840762859375 0.5365955984374999 0.997631178125 0.5444404640625 1 0.64910779375 1
0 0.558460309375 1 0.574694390625 0.9165457078125 0.5133571875 0.8851362406250001 0.5123000249999999 0.8846432765625 0.5105797390625 0.8839829218749999 0.5075585484375 0.8904618828125 0.486846990625 0.9844909078124999 0.5178946078125 1 0.558460309375 1
0 0.44145777343750003 0.8742542343749999 0.39435849218749996 0.93216711875 0.3925355953125 0.9369159281250001 0.487850871875 0.9736587578125 0.5320896562499999 0.9104792265625001 0.530411340625 0.9093040562500001 0.44145777343750003 0.8742542343749999
0 0.27788609062499997 0 0.2573656 0.04207324375 0.2543142015625 0.0500224078125 0.4350314078125 0.0842178296875 0.47296258125 0.0079892171875 0.47586368749999997 0.000431578125 0.4749788234375 0 0.27788609062499997 0
0 0.41957190468750005 0 0.3936169671875 0.12995164374999998 0.3955366796875 0.1309297859375 0.4762563828125 0.1667457453125 0.5115173671875 0 0.41957190468750005 0
0 0.175834053125 0 0.167985159375 0.0445132890625 0.1690899125 0.0449373640625 0.3695124421875 0.020320703125 0.37222798125 0 0.175834053125 0
0 0.6394727609374999 0.053113025 0.465046596875 0.033793684375 0.43102919531249995 0.12572521406249998 0.6193346296875 0.136969940625 0.64993880625 0.0571305640625 0.6394727609374999 0.053113025
0 1 0.209813353125 0.838844303125 0.15863693437499998 0.79985581875 0.228974025 0.7966500640625 0.23732530000000002 0.976805871875 0.3044160546875 1 0.2610441 1 0.209813353125
0 0.718559715625 0.208617503125 0.7123119421874999 0.24146057031249998 0.7129372593750001 0.24158211718749997 0.9050775578125 0.2399132859375 0.9199210687500001 0.163550034375 0.9233183687500001 0.1453345046875 0.91900555 0.14367896875 0.73030969375 0.1481691046875 0.718559715625 0.208617503125
0 0.6703160312499999 0.060671614062500004 0.6870416921875 0.24489841406249999 0.782762640625 0.26022296875 0.7688027171875 0.06784559531249999 0.67274440625 0.054345479687499997 0.6703160312499999 0.060671614062500004
0 0.5375075328125 0.10932602656249998 0.5260931640625001 0.1683369328125 0.7236387625 0.1673249140625 0.743681540625 0.073031059375 0.7412972171875001 0.072115803125 0.7388773984375 0.0716014546875 0.54451566875 0.0763553375 0.5375075328125 0.10932602656249998
0 1 0.1563595203125 0.9905191140625 0.15272015 0.9856736625 0.1622298828125 0.92403220625 0.32775965625 0.9916282171875 0.3659621703125 1 0.37022780625 1 0.1563595203125
0 0.232681221875 0.842347171875 0.24131311718749998 0.7722528296875 0.23736397187499997 0.77073689375 0.130500921875 0.786650446875 0.12498739218749999 0.8258812531249999 0.1216650890625 0.856083946875 0.232681221875 0.842347171875
0 0.37719766875 0.8411505625 0.3590798734375 0.8365891718749999 0.3569688953125 0.842088459375 0.35871989531250004 0.9320512875 0.42447761406250006 0.950943053125 0.4280214703125 0.8547687609375 0.37719766875 0.8411505625
0 0.06793029375000001 0.7317710640625 0.0859597296875 0.8376156265624999 0.1596838390625 0.846673425 0.1278531734375 0.7344796609375 0.07012874999999999 0.726043890625 0.06793029375000001 0.7317710640625
0 0.314584971875 0.808631325 0.21627939375 0.797405959375 0.20941674843750002 0.8125196140625001 0.1909247375 0.8560840609374999 0.1870690203125 0.8661285515625 0.2916921734375 0.8776874093749999 0.31675531874999996 0.8095525828125 0.314584971875 0.808631325
0 0.382823846875 0.8359427765625 0.2889097765625 0.8258880187500001 0.2825425046875 0.8402738718749999 0.278696303125 0.8497935578125 0.261416065625 0.8948101156250001 0.358752390625 0.902298559375 0.3865379078125 0.8374433531250001 0.382823846875 0.8359427765625
0 0 0.8061053078124999 0.00329296875 0.8080839234375 0.0058938921875 0.8090823234375 0.0061809937500000006 0.80860450625 0.021492989062500002 0.6963582984375 0 0.681963765625 0 0.8061053078124999
0 0 0.7955052312500001 0.098939425 0.7886924468750001 0.114937178125 0.7170469953125 0.1140968984375 0.7167244421875 0.023715090624999997 0.73050400625 0 0.7345339890625 0 0.7955052312500001