0 0.9849528546874999 0.626199259375 0.9841883796875001 0.6207597296875 0.971373425 0.6218808921875 0.9190842234375 0.63014409375 0.8971287734375 0.7454300125 0.9673195796874999 0.7337914234375 0.9849528546874999 0.626199259375
0 0.8999989109375001 0.7349390687499999 0.8982728109375 0.6163744765625 0.8343257484375 0.6382663640625 0.8354952375 0.7570144437499999 0.8999989109375001 0.7349390687499999
0 0.67318905625 0.6771024109375 0.55750291875 0.6552864140625 0.5580512359375 0.6615537140625001 0.5673440953125 0.731918965625 0.6775559999999999 0.7535990734375 0.6787612890625 0.7534723921875 0.67318905625 0.6771024109375
0 0.71828866875 0.750201990625 0.7637275625 0.6525370703125 0.764080509375 0.6500257234375 0.7640316312500001 0.6494670515625 0.6896514781249999 0.639013603125 0.6389812484374999 0.7439871703125001 0.6390146062500001 0.74436844375 0.71828866875 0.750201990625
0 0.8156123953125001 0.7419556187499999 0.830763415625 0.6232033953125 0.8129097890624999 0.6247653843750001 0.75307255625 0.635316303125 0.7360111171875 0.7554946484375 0.7360198359375001 0.7555440859375 0.8156123953125001 0.7419556187499999
0 0.6021212874999999 0.68809583125 0.49445760468750005 0.651057871875 0.48972785625000004 0.651471671875 0.48457483906250004 0.7251632578125 0.5929242484375 0.766234959375 0.5942040093750001 0.76632445 0.6021212874999999 0.68809583125
0 0.40984057656250006 0.6523947921875 0.4086532078125 0.6522909109375 0.4085277859375 0.6523018828125 0.3995808875 0.73354949375 0.512434471875 0.773689821875 0.522022871875 0.69198889375 0.40984057656250006 0.6523947921875
1 0.06790401562500001 0.7693421500000001 0.207239884375 0.7751273078125 0.20619914375 0.7632315843749999 0.1967510078125 0.69263408125 0.06055926874999999 0.6890919859375 0.0559438296875 0.6897406421875 0.06790401562500001 0.7693421500000001
0 0.1840826609375 0.801137065625 0.259143678125 0.7845353687500001 0.25615606875 0.644768415625 0.255927715625 0.6436941 0.24435095156250003 0.6447069359375 0.17097080781250001 0.66166650625 0.175731809375 0.799981921875 0.17632771249999998 0.80278543125 0.1840826609375 0.801137065625
1 0.427412459375 0.6357773453125 0.4270011546875 0.6318640515625 0.3658582 0.6372133671875 0.3483860359375 0.639049765625 0.3310067 0.7828579546875 0.40861771874999997 0.7770319421874999 0.427412459375 0.6357773453125
1 0.3518033703125 0.6526554921875001 0.35109789375 0.64459185625 0.2711649046875 0.6442030984375 0.24842055156249998 0.7854743734375 0.32270023281250004 0.782631940625 0.3518033703125 0.6526554921875001
0 0.8315840250000001 0.5769264203125 0.9902694046875 0.5820804453124999 0.989850753125 0.5772952375 0.966584534375 0.5011948625 0.8140361078125 0.501520996875 0.8104993296874999 0.5026022984375 0.8315840250000001 0.5769264203125
1 1 0.49779061406249997 0.9976768593750001 0.48312288125 0.9775410156250001 0.48488453906249995 0.87384461875 0.5013084343750001 0.882952515625 0.5357755671875 1 0.5538787015625 1 0.49779061406249997
0 0.5612453234375 0.6390320109375 0.5806515796875 0.6407298406249999 0.6352894499999999 0.5045852656250001 0.6349365 0.50055104375 0.5679705312500001 0.49218435312500003 0.55238004375 0.4908203609375 0.5041970734375 0.6332315609375 0.5612453234375 0.6390320109375
0 0.7471451359375 0.4830830078125 0.7392260625 0.48377583749999997 0.7404195 0.5633653453125 0.8807507765624999 0.6068786796875 0.8856600703125 0.5279490640625 0.7471451359375 0.4830830078125
0 0.5650169296875001 0.514282940625 0.5828420624999999 0.5874350046875 0.7346653437499999 0.6006516765625001 0.73383719375 0.59118588125 0.7336431812499999 0.5903455156249999 0.7116911 0.5195933359375 0.5707168546875 0.5129670109375 0.5650169296875001 0.514282940625
1 0.667140565625 0.48694556406249995 0.6607281765625 0.487506575 0.6593223546875 0.561164615625 0.804997009375 0.6121463828125 0.804997009375 0.530666509375 0.667140565625 0.48694556406249995
0 0.5689036265625 0.611604528125 0.562072771875 0.568061196875 0.5541861453125 0.5309575359375 0.42222778281249995 0.5271813015625 0.40753042500000003 0.52769733125 0.4009460015625 0.5290968921875 0.4152736234375 0.6054374921875 0.5681105984375 0.6117730921875 0.5689036265625 0.611604528125
0 0.0157370421875 0.5439359875 0.006845504687499999 0.6000749453124999 0.0096290078125 0.6318905421875 0.12210954999999998 0.6612384671875 0.1327423640625 0.5788583296875001 0.015845484375 0.5439265 0.0157370421875 0.5439359875
1 0.09176161875 0.65635904375 0.17499842968749998 0.6560577421875 0.200148525 0.5327236078124999 0.1996446859375 0.5269646984375 0.1343458125 0.5231013546875001 0.114786553125 0.5224183296875 0.091381021875 0.6520088078125 0.09176161875 0.65635904375
1 0.3584883359375 0.6310346906250001 0.35877547656250003 0.49991639374999997 0.3587509015625 0.499809946875 0.3522248296875 0.5003809046875001 0.27414681875 0.5184066328125 0.2778765734375 0.6496135421875 0.278122571875 0.6506790796875 0.3584883359375 0.6310346906250001
1 0.1669272734375 0.6120425546875 0.29930518125 0.6351936593749999 0.2995977484375 0.6351680625 0.2995977484375 0.5525113078125 0.170758653125 0.5272364171875 0.16487402499999998 0.5277512546875001 0.1669272734375 0.6120425546875
1 0.44939630937499997 0.5014542375000001 0.44880478437500004 0.4966366578125 0.4258025640625 0.49864909218750003 0.3672089515625 0.5067376375 0.35407812656250004 0.6360894453125 0.432858328125 0.62660886875 0.44939630937499997 0.5014542375000001
0 0.8393628812499999 0.345208178125 0.91150544375 0.3456781578125 0.9742768921874999 0.1841530640625 0.9730719625 0.1703806453125 0.9572875640625 0.169267896875 0.89576145 0.16604345 0.839296753125 0.344452328125 0.8393628812499999 0.345208178125
0 0.25511227187499996 0.28654998125 0.07379190468749999 0.2675117953125 0.069182321875 0.26791508125 0.0767660234375 0.3621132375 0.2635567640625 0.3760661234375 0.261538253125 0.34720008125 0.25511227187499996 0.28654998125
0 0.9226236625 0.3180657234375 0.9204646171875 0.2503276625 0.919441409375 0.23863234218749999 0.735274809375 0.20807107187499999 0.7306458078125 0.20847605625 0.7374233140625 0.281221553125 0.9226236625 0.3180657234375
0 0.42310063593749997 0.2154494015625 0.358851825 0.209974465625 0.336624365625 0.209198265625 0.29022225156250003 0.39629640625 0.38360261093750003 0.39905514375 0.42282067031250004 0.22346653593750002 0.42310063593749997 0.2154494015625
1 0.0978643234375 0.22449475 0.0223239171875 0.24626645468750002 0.006608798437500001 0.251677603125 0.044432060937500004 0.43402825937499995 0.1317045640625 0.40637364531250003 0.10076524375 0.2329196328125 0.0978643234375 0.22449475
1 0.801184484375 0.1956699203125 0.8004769218750001 0.187582459375 0.7208192984374999 0.17638731093749999 0.6461135828125 0.35324693281249997 0.7323356453125001 0.3643510484375 0.801184484375 0.1956699203125
0 0.5483999500000001 0.338495765625 0.5391060109375 0.28948945312499996 0.5305538249999999 0.24925459062500002 0.34555832343750004 0.25068353125 0.3456991875 0.25134624375 0.3672162046875 0.33581029375 0.5469264453125 0.3388089703125 0.5483999500000001 0.338495765625
1 0.31131851250000003 0.3875350421875 0.30307415781249997 0.21021572968750002 0.30182675625 0.20521268125 0.29540705312500004 0.2057743328125 0.2430816390625 0.21853276250000003 0.208746040625 0.22709358906250002 0.2234560015625 0.41596766875 0.31131851250000003 0.3875350421875
0 0.7262393015625 0.2618369328125 0.5521997859375001 0.20058844062499998 0.5520256765625 0.200576265625 0.5476820421874999 0.200956284375 0.5377421421874999 0.293887415625 0.7181331328125 0.354598678125 0.723915371875 0.2950706640625 0.7262393015625 0.2618369328125
1 0.603078503125 0.190462540625 0.518244496875 0.19411748906249998 0.4783025046875 0.3771411375 0.47834813125000003 0.37801174843749996 0.47835745625000003 0.378118328125 0.572494634375 0.36767275 0.5762616796875 0.347875503125 0.6031415578125 0.1916657125 0.603078503125 0.190462540625
0 0.1487398640625 0.9945903296875 0.1573678484375 0.90437238125 0.157354040625 0.9041089031249999 0.156743846875 0.8971343515625 0.10970485625 0.8995995609375 0.08243547031250001 0.901985321875 0.07024540625 0.9979181578125 0.1487398640625 0.9945903296875
0 0.223066190625 0.988315146875 0.23497945156250002 0.8949875671875 0.23458393281249998 0.8904667671875 0.18348172499999998 0.8931449203125 0.158660421875 0.895316503125 0.1445717296875 0.9916429750000001 0.223066190625 0.988315146875
0 0.878974159375 0 0.867470703125 0.16450709218749998 0.867485203125 0.16467282968750002 0.904481846875 0.1665263515625 0.959594565625 0.0163332921875 0.9581655874999999 0 0.878974159375 0
1 0.21141195468750001 0.891960325 0.22463957343750002 0.96864500625 0.3250061609375 0.973830684375 0.32374235625000003 0.95938533125 0.32145522187500003 0.9431115218749999 0.31472299375 0.900395865625 0.21557004375000002 0.89137594375 0.21141195468750001 0.891960325
0 0.2960879796875 0.970612853125 0.3654050265625 0.9772344343749999 0.39742022499999996 0.8872157078124999 0.3967073859375 0.8790679109375 0.39557305625 0.8789286328125 0.32691167656250003 0.8730616078125 0.2897783046875 0.9698381218750001 0.2960879796875 0.970612853125
0 0.43376349999999997 0.8649742281250001 0.38828018750000004 0.8697547171875 0.374037084375 0.9721500656250001 0.377581709375 0.97183995 0.4527433921875 0.9584235937500001 0.46506683437499996 0.8647467593749999 0.4648052984375 0.8622584234374999 0.43376349999999997 0.8649742281250001
0 0.7464159031250001 0 0.680501634375 0.1608344109375 0.680609425 0.1620664671875 0.7667350234375 0.17212862812500002 0.8424092515625 0.0035471328125 0.8422389515625 0.0016005796874999998 0.829203275 0 0.7464159031250001 0
0 0.5806091484375 0.1217504125 0.765247071875 0.1434569546875 0.763679815625 0.1255431421875 0.751868875 0.05097179843750001 0.5735620859375 0.032042759375 0.5713323328125 0.0323959171875 0.5806091484375 0.1217504125
0 0.8267732859375 0 0.78775468125 0.1676603125 0.7877998625 0.16817673125 0.8754198375 0.1672414390625 0.9171246828124999 0 0.8267732859375 0
0 0.499619640625 0.012272970312500001 0.499493053125 0.01225065 0.4939452859375 0.0127360171875 0.47958133125 0.10667037500000001 0.6521955937499999 0.178804684375 0.6645455250000001 0.0912307109375 0.499619640625 0.012272970312500001
0 0.220789421875 0.0225178421875 0.19686813125 0.0246106828125 0.1336159515625 0.0403812234375 0.1424554109375 0.2337227265625 0.23871543437499998 0.21125740781250002 0.220789421875 0.0225178421875
0 0.31240585 0.2059487828125 0.32944586875000004 0.20138292343750003 0.32080532968750003 0.013767582812500002 0.28865793125 0.016580115625 0.2257366625 0.03343981875 0.2374112484375 0.22418811875000003 0.23779519374999997 0.22562102031250003 0.31240585 0.2059487828125
0 0.46063986874999996 0.0321839625 0.46017983281249997 0.026925734375 0.364148325 0.0099927890625 0.29142376875 0.188640690625 0.38719534843750003 0.20364557031250002 0.46063986874999996 0.0321839625
0 0.3913408890625 0.150853659375 0.588835865625 0.13496745937500002 0.5885216328125 0.1313757703125 0.5593937109375 0.041729246875 0.36577881875 0.061076692187500004 0.3641451328125 0.0616075078125 0.3913408890625 0.150853659375
0 0.15251321874999998 0.059848978124999994 0.15342340625 0.052436092187500005 0.15281714062500001 0.045506440625 0.1238322765625 0.041202512499999996 0.07531435 0.0352452609375 0.0578477390625 0.0367733921875 0.008129570312499999 0.2222873140625 0.0336510203125 0.22542095468749998 0.11105322656250001 0.2315488453125 0.15251321874999998 0.059848978124999994
0 0.7733172984375 0.8649831375 0.676065440625 0.8406386187500001 0.6654001 0.841571715625 0.6645666625 0.9076444453124999 0.773985921875 0.9379273640625 0.773973303125 0.9025655578125 0.7733172984375 0.8649831375
0 0.5422188218749999 0.8792351671875 0.45736019531250005 0.862909784375 0.44757201249999995 0.863766140625 0.451040865625 0.9293205999999999 0.5441826515625 0.952742196875 0.543397784375 0.9129962796875001 0.5422188218749999 0.8792351671875
0 0.834321521875 0.8239793984375 0.8334482921875 0.8190270609375 0.82593723125 0.81968419375 0.774733515625 0.830861771875 0.750806628125 0.9450026312500001 0.8237193093749999 0.9308241640625001 0.834321521875 0.8239793984375
0 0.5870600687499999 0.8528449296874999 0.5986619953125001 0.9245102015625 0.7025757390625 0.9330452125 0.7016248921875 0.92217698125 0.691860390625 0.8762386140625 0.688007653125 0.8600931859375001 0.5893663250000001 0.8523547203125 0.5870600687499999 0.8528449296874999
0 0.5990185734375 0.9417512921875 0.6101589296875 0.845478159375 0.6100362359375 0.84484695625 0.5952293765625 0.8461423890624999 0.5729374328125 0.850475503125 0.5373385093749999 0.8586120656249999 0.528931815625 0.9568936328125 0.5990185734375 0.9417512921875
0 0.8656508796875 0.8249581265625 0.8660634671875 0.8296740375 0.8827988296875 0.8921312625000001 0.9968170859375001 0.907908253125 0.9963487328125 0.9025549578125001 0.9892323015625 0.8759960703124999 0.9777471359375 0.840248546875 0.86789693125 0.8243563 0.8656508796875 0.8249581265625
1 0.8085294828125 0.9250200109375 0.808539284375 0.9251320546875 0.877322084375 0.9256277125000001 0.8824365171874999 0.9254491125 0.913998803125 0.8218194499999999 0.913344384375 0.8143393968750001 0.863488996875 0.8151056531249999 0.8525199734375001 0.8154887000000001 0.84259575625 0.83927820625 0.8085294828125 0.9250200109375
0 1 0.806839934375 0.9643138109375 0.8013039375 0.9569236562500001 0.8019504921875 0.948232803125 0.8568223875 0.940781828125 0.9059427265625001 0.9829840484375 0.9101073312500001 1 0.8817966390624999 1 0.806839934375