0 0.598496753125 0 0.5348064796875 0.013180975000000001 0.5303616890625 0.0156447625 0.5316672265625 0.020517090625 0.56209450625 0.0732609375 0.6775913124999999 0.0524433375 0.646804828125 0 0.598496753125 0
0 0.6486137875 0.03474525 0.6479584265625 0.034920853125 0.58546606875 0.058782271875 0.5907790953125 0.17741719843749998 0.6544730546874999 0.1531041265625 0.6486137875 0.03474525
0 0.7351877203125 0.3229914390625 0.62278259375 0.29563288593750003 0.6207033984375 0.2961900046875 0.6208940484375 0.2998277984375 0.6266189390625 0.372193371875 0.7367629953125 0.39991836406250003 0.7351877203125 0.3229914390625
0 0.6265606359375 0.3399138953125 0.62898219375 0.339265040625 0.6963131734375 0.31331529062499996 0.68973110625 0.196813134375 0.686065965625 0.19779520625 0.66510005 0.20584326718749998 0.617247984375 0.227945265625 0.6248617859375 0.3354882359375 0.6265606359375 0.3399138953125
0 0.688677603125 0.15410279375 0.5700188578125001 0.1431561265625 0.5679979546875 0.143697625 0.5842858578125 0.22032619531250003 0.70494071875 0.23317820625 0.7050316453125001 0.2331538421875 0.688677603125 0.15410279375
0 0.6288297015625 0.3831323859375 0.648475565625 0.4564517515625 0.7639815984375 0.46000110625 0.7644521765625 0.45987501406250003 0.7464150390625 0.3830995578125 0.6288297015625 0.3831323859375
0 0.6407063984375 0.47483587343749994 0.6697666843750001 0.5409869484375001 0.673780609375 0.5495948359375 0.7913697562500001 0.5279701390625 0.7588230890625 0.4524208625 0.6421206265625 0.4741764078125 0.6407063984375 0.47483587343749994
1 0.713105509375 0.7942465671875001 0.7199877234375001 0.8199313359374999 0.7383699109374999 0.8733170843750001 0.8759682828124999 0.8502658875 0.8487780859375 0.7736735859375 0.713105509375 0.7942465671875001
0 0.6870288265625 0.7090011359374999 0.7100468296875 0.789202278125 0.84792351875 0.7772089328125 0.850691996875 0.776467121875 0.8486400281250001 0.76880906875 0.8281326921875 0.6947197859375 0.6887136468749999 0.7050181375 0.6861459390625 0.705706153125 0.6870288265625 0.7090011359374999
1 0.6741834718749999 0.6536245828125 0.674315940625 0.6555189609375 0.674324509375 0.6555509421875 0.7516464046875 0.652454890625 0.776022 0.508016078125 0.6960868734375001 0.5136056875 0.6741834718749999 0.6536245828125
1 0.794582121875 0.7163641875 0.77531211875 0.5766689109375001 0.75004070625 0.5834403640625 0.7445660359375 0.5852191921875 0.704825965625 0.5990514984375 0.7156259171875 0.7400842421875 0.794582121875 0.7163641875
0 0.511320034375 0.1652095328125 0.5137061328125 0.0094241234375 0.4386182140625 0.029543871875 0.437905028125 0.029748375 0.4300798375 0.18636836406249999 0.4308173 0.1889401984375 0.511320034375 0.1652095328125
0 0.44090060624999994 0 0.41640035781250007 0.004762365625 0.3662344921875 0.0182042703125 0.3679374390625 0.026965178125 0.37459759843749996 0.0490219015625 0.539947346875 0.0687151921875 0.5406895015625001 0.0685163328125 0.5245103656250001 0 0.44090060624999994 0
0 0.6017744031250001 0.4799046734375 0.5828359171875 0.3322184703125 0.5691589578125 0.3358832 0.5106712390625 0.3583345328125 0.5210854421875 0.5024455359375 0.5227994171875 0.5069105953124999 0.6017744031250001 0.4799046734375
0 0.52891494375 0.2464461546875 0.520746753125 0.0932714046875 0.516280803125 0.0944680515625 0.44380143125 0.1235444625 0.4530494921875 0.263794878125 0.455374678125 0.2695499140625 0.52891494375 0.2464461546875
0 0.5711464546875 0.25608731875 0.49699452187500004 0.2759562703125 0.489569603125 0.4188139765625 0.49181019218750005 0.42717596406249997 0.5694092421875 0.40009630312500005 0.5711464546875 0.25608731875
1 0.42070876874999996 0.2293921875 0.41807073125 0.230458021875 0.4199232453125 0.23737170000000002 0.44557265 0.30085620468749996 0.5988051921875 0.293599165625 0.568930090625 0.21797765 0.42070876874999996 0.2293921875
0 0.6381663796875 0.457611484375 0.5044393296874999 0.46546457500000005 0.49599179531250004 0.46650342343749995 0.48369509375 0.47026290312499996 0.50289676875 0.5388985140625 0.5044634953125 0.54402304375 0.6579643500000001 0.536982115625 0.6388667234375001 0.45990220312499996 0.6381663796875 0.457611484375
0 0.60184501875 0.8722626109375 0.603028265625 0.892683021875 0.6076543984375 0.9588398140625 0.7087459796875 0.9617047734374999 0.7512353046875 0.95031979375 0.744312065625 0.8802836968750001 0.6069095156250001 0.8715487390625001 0.60366161875 0.871775853125 0.60184501875 0.8722626109375
1 0.6980181359375 0.7756322375 0.5690507390625 0.81203419375 0.5713213484375 0.820508225 0.580134765625 0.8403034828125 0.60384015 0.888463484375 0.731311140625 0.8555580968750001 0.6980181359375 0.7756322375
1 0.562836771875 0.7284729890625 0.566273290625 0.741298253125 0.6438970312500001 0.7237539 0.6464960750000001 0.5914583609374999 0.5615182484375 0.6082356578125 0.562836771875 0.7284729890625
1 0.5815346578125 0.8066486828125001 0.7116385765625 0.764623753125 0.71159964375 0.7644784515625 0.66816756875 0.6904366234375 0.5417178234375 0.7341745093750001 0.542051175 0.7354185921874999 0.5815346578125 0.8066486828125001
1 0.5485012984375001 0.5246432078125001 0.5315968890625 0.6481063781249999 0.5329825578125 0.6532777609375 0.6099272359375 0.646732546875 0.6318471296875 0.516129203125 0.62922348125 0.5163587421875 0.5485012984375001 0.5246432078125001
0 0.2807289890625 0.1186444140625 0.2803838375 0.11370853437499999 0.1208345703125 0.08395898125 0.0959562375 0.090625109375 0.1029744359375 0.1510346421875 0.2843497625 0.1970542625 0.28478760625 0.19693694374999998 0.2807289890625 0.1186444140625
0 0.46336507656250003 0.8109825140625 0.2818168921875 0.8205162703125 0.277475946875 0.8216794234375 0.29125056875 0.88134385625 0.2990352640625 0.9135149625000001 0.48675654843749994 0.8979889171875 0.46336507656250003 0.8109825140625
0 0.1862859015625 0.12837275625 0.15980188906249998 0.31099288281250004 0.1609030609375 0.31510251562499997 0.238268696875 0.308571134375 0.25969426093750003 0.118218065625 0.2348408734375 0.12126967656250001 0.1862859015625 0.12837275625
0 0.23924898125 0.615287384375 0.23870815781250002 0.6153062703125001 0.23583187187500002 0.6160769703125 0.23903932968750002 0.7079266093750001 0.424475840625 0.73593971875 0.42581311718750003 0.6479448624999999 0.23924898125 0.615287384375
1 0.46480254531250004 1 0.4297573328125 0.844721525 0.3947882625 0.85647781875 0.34324460156250003 0.875238175 0.36775263593749996 1 0.46480254531250004 1
1 0.1416008390625 0.274126578125 0.1302611078125 0.27716504999999997 0.1484572984375 0.3559814109375 0.340342115625 0.362344384375 0.31980947656250003 0.2778697953125 0.1416008390625 0.274126578125
0 0.3982088140625 0.6434646921875 0.39348919531250004 0.56141160625 0.22042711406249998 0.5247651390625 0.2161389125 0.525914159375 0.2158778265625 0.5831166359375 0.2164373828125 0.61517355625 0.39830665 0.649069675 0.3982088140625 0.6434646921875
1 0.42851768124999995 0.8315149875 0.3626443890625 0.6548905140625 0.3593922296875 0.655761928125 0.2856300875 0.70538741875 0.343026253125 0.8753279859375 0.34517882499999997 0.8790563499999999 0.42851768124999995 0.8315149875
0 0.22933449375 0.317501865625 0.1929036859375 0.4983717828125 0.1931464890625 0.501844025 0.1934054875 0.5028106203125 0.2873067984375 0.49970401875 0.32232165 0.31261920625 0.262568225 0.3151779375 0.22933449375 0.317501865625
1 0.1701138703125 0.4746107125 0.20528205625 0.551898265625 0.389941159375 0.520369971875 0.3908283875 0.5199562515625 0.3458772328125 0.43658346875 0.32611038593749997 0.4405069046875 0.1712058109375 0.4741015328125 0.1701138703125 0.4746107125
0 1 0.7521108875 0.9563753187499999 0.77475048125 0.9884104015625 0.8650287546875 0.9900327484375 0.86807994375 1 0.8628293078124999 1 0.7521108875
0 1 0.6851947234375 0.927704115625 0.704132778125 0.9254292656249999 0.7052422984375 0.927652478125 0.713539434375 0.9580867546875 0.7759389515625 1 0.764137509375 1 0.6851947234375
0 0 0.25211865312500004 0.0557434921875 0.2557132828125 0.05881389218750001 0.25571328437499996 0.05881389375 0.11521164531250001 0.0587808390625 0.115088284375 0.0075598109375 0.115088284375 0 0.14119365156250002 0 0.25211865312500004
1 1 0.5965979156250001 0.9766959390625001 0.5998730875 0.9339802828125 0.6066053171875 0.9251142484375 0.7040666328125 0.9266314484375 0.7097289046874999 1 0.6970732984375 1 0.5965979156250001
0 0.9200479234375001 0.5305356828125001 0.8972810203125 0.6292134453125 0.897302740625 0.630457859375 0.8976276671875001 0.6316705015624999 0.9726647156249999 0.6283374703125 0.9934142046875 0.5270559828125 0.9795095500000001 0.5272986890625 0.9200479234375001 0.5305356828125001
0 0.874906446875 0.4626312625 0.868789675 0.46427024687499996 0.8779584203124999 0.5389436843750001 0.98091831875 0.5514378093750001 0.9654887546875001 0.4729428140625 0.874906446875 0.4626312625
0 0 0.4209781546875 0.08268599843749999 0.3967422453125 0.086489753125 0.2112478359375 0.0058685546875 0.23285022031249997 0 0.2345330015625 0 0.4209781546875
0 0.0267739703125 0.322796596875 0.011182296875 0.49889249375 0.012416984374999999 0.503500409375 0.1005307 0.49279498125 0.1191405078125 0.3065156171875 0.1187908265625 0.3065715421875 0.0267739703125 0.322796596875
0 0 0.33140433593749996 0.0638214796875 0.3099116796875 0.0497013359375 0.10787192968749999 0.0443040609375 0.10931812656249999 0 0.1263248625 0 0.33140433593749996
0 0.02306589375 0.5855019328125 0.024899054687499998 0.592343384375 0.1099622125 0.5864355890625 0.1542640078125 0.4030705671875 0.0564037234375 0.40872339062499996 0.02306589375 0.5855019328125
0 0.24490030468750001 0.9581782640625001 0.21265219218750003 0.767873659375 0.196296059375 0.772256271875 0.11988868593749999 0.8015863140624999 0.161491615625 0.9904060046875 0.1616048265625 0.9907009265625 0.24490030468750001 0.9581782640625001
0 0.1453915609375 0.8991294234374999 0.1464422828125 0.8988478828125 0.17557973437500002 0.8835044546875 0.2291508421875 0.8550201921875 0.1771904 0.6693800640625 0.17701125625 0.66904314375 0.1760049546875 0.66931278125 0.159426878125 0.6779665546875 0.09031831875 0.7147122265625 0.1444022640625 0.8972688281250001 0.1453915609375 0.8991294234374999
0 0.2243346640625 0.64415529375 0.0417664484375 0.63410664375 0.031749053124999996 0.636790796875 0.033089190625 0.645252084375 0.047992021875 0.7289529296875 0.23999181093750002 0.743010640625 0.2243346640625 0.64415529375
0 0 0.5511002859375 0.015141140624999999 0.6223337546875001 0.020055110937500002 0.6406729390625 0.2162903046875 0.6416782453125001 0.19850147812500002 0.5497121515625001 0.0060400328125 0.545004746875 0 0.5466231687499999 0 0.5511002859375
0 0.292302746875 1 0.3260927390625 0.98902281875 0.31482085312499997 0.9659120281250001 0.2778038703125 0.8976595859375 0.11122351562499999 0.9564027609375 0.1054139046875 0.9592362984375 0.11633650625 1 0.292302746875 1
0 0.8241744859375 0.28648881249999997 0.8856660812499999 0.2574516515625 0.865060584375 0.1465985046875 0.8612598328125 0.1476169125 0.8331404921875001 0.16134405624999998 0.7996492125 0.178408715625 0.8213390031250001 0.2809238640625 0.8241744859375 0.28648881249999997
0 0.9362532109374999 0.376653715625 0.8975390203125 0.3856850734375 0.881781275 0.38961392031250003 0.8647669 0.3941729078125 0.866409778125 0.478941534375 0.8692816265625 0.48965941874999996 0.9327086984375 0.4726297546875 0.9362532109374999 0.376653715625
0 0.8569467187500001 0.1870585953125 0.842856159375 0.0749024484375 0.8365657531249999 0.0765879578125 0.7781927953125 0.1089446171875 0.8032938218749999 0.214856203125 0.805301025 0.21847729375 0.8569467187500001 0.1870585953125
0 0.8005259359375 0.259216996875 0.8216022578125 0.32732100937499997 0.9285945218749999 0.321143403125 0.9011132953125 0.25109638125 0.8069486156250001 0.256879334375 0.8005259359375 0.259216996875
0 0.9394156015625 0.4032879921875 0.9381669671875 0.396864325 0.9229745203125 0.33039463125 0.8258929515625001 0.32209058125 0.824991209375 0.3223322015625 0.8269993078125 0.3326629671875 0.83983529375 0.3920746953125 0.9386082546875001 0.40350432031250005 0.9394156015625 0.4032879921875
0 0.7549045796875 0 0.7354114265625 0.06853050468750001 0.7361393390625001 0.07124710937499999 0.8049875578125001 0.059340768749999995 0.8222635687500001 0 0.7549045796875 0
0 0.7606101796875 0.0394302 0.7764195921875 0.15105844531249998 0.7773458093750001 0.152876246875 0.8340207718749999 0.1253801421875 0.832951675 0.0993917015625 0.827583171875 0.0071662671875 0.7917775687499999 0.0235496203125 0.7606101796875 0.0394302