0 0.7565599375 0.0777453390625 0.7511513734374999 0.0774618890625 0.7499878343749999 0.0829359078125 0.74786396875 0.1431564875 0.8568424609375 0.18670614531250002 0.8588107421875 0.1155841953125 0.7565599375 0.0777453390625
0 0.7567945046875 0.13446526875 0.754221165625 0.1339182890625 0.727999509375 0.1953724328125 0.817265159375 0.2734248875 0.8437852546875 0.211254425 0.7567945046875 0.13446526875
0 0.6775208109374999 0.3886914859375 0.6724438328125 0.4645904359375 0.7841189734375 0.5023455859375 0.7842837406250001 0.4976272828125 0.7848877078125 0.42503812500000004 0.6803830078125 0.3887914359375 0.6775208109374999 0.3886914859375
0 0.812695753125 0.323226240625 0.7491292953124999 0.30855076875 0.7383678328125 0.3062633484375 0.6826102609375 0.399922465625 0.6811120203125001 0.40697113749999997 0.7573232546875001 0.4193264640625 0.812695753125 0.323226240625
0 0.82339008125 0.26786865312499997 0.712801371875 0.22030840937499999 0.7109617796875 0.2289630125 0.703643475 0.29859202812499996 0.814463546875 0.34811817500000003 0.814513471875 0.348123421875 0.82339008125 0.26786865312499997
0 0.7381638109375 0.5921558671875 0.7736930734375 0.5217559359374999 0.6838779953125 0.4464348578125 0.6824301546875 0.446127109375 0.6506702328125 0.51423648125 0.737718475 0.59195750625 0.7381271500000001 0.592148075 0.7381638109375 0.5921558671875
0 0.756677375 0.5925069546875 0.6594227312500001 0.5306915328125 0.65454685625 0.529655134375 0.6311437171875001 0.5965437671875 0.6282087515625 0.6055766671875 0.7289560171875 0.669956971875 0.756677375 0.5925069546875
1 0.6886585109375 0.9186621125000001 0.5721221359374999 0.8475907265625 0.569578996875 0.847050165625 0.540031334375 0.9240244546874999 0.658404303125 0.9937231421874999 0.66049545 0.994167628125 0.6886585109375 0.9186621125000001
0 0.68339640625 0.9079831687500001 0.684090278125 0.905393596875 0.704383346875 0.8239198 0.5814023890625 0.76649813125 0.5760276109375 0.7653556874999999 0.5738789703125 0.773374521875 0.55487674375 0.8467011046874999 0.680515328125 0.9073707765625001 0.68339640625 0.9079831687500001
1 0.5831402156250001 0.71758804375 0.6547343062500001 0.7516433796875 0.7440679875 0.636851290625 0.7441303484375 0.6365579109375 0.7184904249999999 0.623658425 0.6737870671875 0.6028129078125 0.5834701078125 0.7160360203125 0.5831402156250001 0.71758804375
1 0.6718352015625 0.8242909109375001 0.703876234375 0.687101878125 0.6944708125 0.68510269375 0.6721393250000001 0.68393235 0.63008171875 0.6826043515625 0.589622725 0.8181401171875 0.6718352015625 0.8242909109375001
0 0.7343651703125 0.138884740625 0.6166471578125 0.043974557812499995 0.6114275921875 0.0428651046875 0.6021695859375 0.0645051609375 0.5824349953125 0.11334998593750001 0.7031658140625 0.2177839125 0.7343651703125 0.138884740625
1 0.6482138953125001 0.14456204687500002 0.6982915015625 0.030977862499999998 0.666923521875 0.0243103921875 0.6259866109375001 0.0200077484375 0.6253052015625 0.023213521875 0.61256390625 0.14443885 0.6482138953125001 0.14456204687500002
0 0.65632571875 0.43268623906250003 0.5139985359375 0.39490447031250003 0.5105779640625 0.3950239203125 0.5104328984375 0.4633759046875 0.510979078125 0.47901641250000004 0.658200790625 0.5094846734375 0.657005575 0.45215475468750005 0.65632571875 0.43268623906250003
0 0.6348144171875 0.28866210468750003 0.7103931359375 0.16400138125 0.7106246390625001 0.16291224531249998 0.635587025 0.139167828125 0.5583615359375 0.2630066140625 0.5567806046875 0.2704443109375 0.6348144171875 0.28866210468750003
0 0.669671015625 0.37500436718749997 0.5581724953125 0.2919227546875 0.55171868125 0.2905509546875 0.5252605375 0.3594767734375 0.6439746671875 0.4555246234375 0.645331021875 0.45581292500000004 0.669671015625 0.37500436718749997
1 0.6898025140625 0.2969112625 0.5653015609375001 0.2151651328125 0.5601292875 0.21406573125 0.5428601078125 0.2833286234375 0.541162690625 0.2913143484375 0.6699472609375 0.3705318046875 0.6898025140625 0.2969112625
0 0.5037368859375 0.60625896875 0.5842882281249999 0.6120109125 0.6181765593749999 0.48227534062500005 0.6218762 0.4632230875 0.6218973078125 0.46201378593750003 0.6167993328125 0.46093017812500003 0.593710375 0.45997442499999996 0.5431614406249999 0.459092090625 0.5038073437499999 0.602222415625 0.5037368859375 0.60625896875
0 0.536909071875 1 0.540001003125 0.9248018874999999 0.4051513171875 0.8970292000000001 0.40128957187500003 0.8967591593750001 0.39928726875 0.9061792578125001 0.398366515625 0.917417640625 0.39374038125 0.9835744296875 0.49061414687499993 1 0.536909071875 1
1 0.554440759375 0.844056096875 0.4262619359375 0.8018190546874999 0.42369963437499997 0.8138737359375 0.4205473125 0.83175144375 0.4132692359375 0.884933778125 0.5373479375 0.9289348468749999 0.554440759375 0.844056096875
1 0.5077361453125 0.6263029671875 0.45408930625000005 0.7310232515624999 0.45110774375 0.7450504015625 0.531137840625 0.76624255625 0.588456640625 0.6453755125 0.5851918375 0.64456150625 0.5077361453125 0.6263029671875
1 0.44674922187500005 0.7123182031249999 0.44534918437500004 0.712020615625 0.43371829218749997 0.7667396609375 0.4282921421875 0.7957211375 0.5540251406250001 0.8463163 0.57072663125 0.7651964921875 0.44674922187500005 0.7123182031249999
1 0.5489942203125 0.67921290625 0.5970567609375 0.5573704171875 0.5832777734375 0.5544416015625 0.5142943875 0.5470203421875001 0.471550728125 0.6657689453125 0.4710977625 0.6694580546875 0.5489942203125 0.67921290625
0 0.3030017671875 0 0.300045834375 0.031427068749999995 0.4683059390625 0.114356271875 0.48065032968750004 0.036701895312499996 0.48133895000000004 0.0318021171875 0.4047965265625 0 0.3030017671875 0
0 0.323961928125 0.7458010265625 0.1479959421875 0.6986709953125 0.14473991875 0.6983861296875 0.1432751484375 0.7052773343750001 0.1385284515625 0.7595323328125 0.13599071875 0.7925344765625 0.31932208125 0.8357773953125 0.323961928125 0.7458010265625
0 0.29596799375 0.0413856703125 0.29098518125 0.040417107812500006 0.27856555312500003 0.098846865625 0.2764280671875 0.1113816125 0.44578189375 0.194903725 0.46387047499999995 0.11762739687499998 0.29596799375 0.0413856703125
0 0.27568756250000004 0.482317871875 0.1868525203125 0.6430509046874999 0.184951203125 0.6519959 0.271825771875 0.6780466265625 0.3588978515625 0.5114256515625 0.2930305953125 0.4876201703125 0.27568756250000004 0.482317871875
1 0.1309677859375 0.9209983296875001 0.12947671875 0.92801325 0.1887834109375 0.94501916875 0.21740888906250003 0.951103703125 0.2918410828125 0.7906536109375 0.20912923125 0.7622989671875 0.200339453125 0.7597785390625 0.1309677859375 0.9209983296875001
1 0.3519406421875 0.12340562968749999 0.2584961 0.283938140625 0.2580940296875 0.285340328125 0.2574303 0.288462928125 0.33656874999999997 0.3121732890625 0.4356946265625 0.14654112187499999 0.4226415484375 0.14279821406249998 0.3519406421875 0.12340562968749999
0 0.3748486390625 0.5572248203125 0.37882761875000004 0.48740062812499996 0.3795671515625 0.46622312812500005 0.200092009375 0.422944596875 0.199644465625 0.42505013125 0.1993193640625 0.4343598234375 0.1997078203125 0.510588196875 0.3742114515625 0.55720256875 0.3748486390625 0.5572248203125
1 0.3271375984375 0.591765603125 0.32724731875 0.5910728578125 0.300983640625 0.585490340625 0.2321877640625 0.5745941453125 0.172047353125 0.7538496359375 0.2640347328125 0.7620078828125 0.3271375984375 0.591765603125
0 0.2549419828125 0.2225000796875 0.25016967343749996 0.22157243593749998 0.23999228281249999 0.2652894140625 0.23230986250000002 0.3014323578125 0.22993018593749998 0.31367473281249997 0.400496265625 0.395399428125 0.42067714062499995 0.3047289640625 0.2549419828125 0.2225000796875
1 0.2188358671875 0.326093828125 0.2136032234375 0.41084515 0.39144917343749996 0.46969951875 0.39242677812500004 0.46975075312500003 0.3918784140625 0.3750336671875 0.3725833828125 0.36921788125 0.2200390375 0.326156884375 0.2188358671875 0.326093828125
0 0.8578636718749999 1 0.8731107625 0.9648718453124999 0.8047914031250001 0.946565728125 0.799988078125 0.94554475 0.774314965625 1 0.8578636718749999 1
0 0.8870258359375001 0.9101720421874999 0.8067759484374999 0.8687146046875001 0.7979786546875001 0.8668446828124999 0.7772795015625 0.9390312078124999 0.77703178125 0.9401966406250001 0.865865628125 0.9840518062499999 0.8870258359375001 0.9101720421874999
0 0.1650781921875 0 0.16626120312499998 0.0677746875 0.20211011406249998 0.0664401859375 0.22009976875 0 0.1650781921875 0
1 0.8032381859375001 0.79147185625 0.8022831125 0.791337628125 0.801567465625 0.7947044796875 0.79344345 0.8693277796875 0.8897248718749999 0.9024006281249999 0.8988492062500001 0.82855285 0.8032381859375001 0.79147185625
0 0.891464475 0.8320638812500001 0.9169359171875 0.7672572140625 0.8386265296875001 0.7112387703125 0.8372719796875 0.710663796875 0.83148680625 0.7094341203125001 0.8307537500000001 0.7111610921875 0.8061883625 0.775545475 0.8889805734375 0.837915584375 0.891464475 0.8320638812500001
0 0.82804339375 0.6480746609375 0.8263449671875 0.6480746609375 0.8249975265625 0.654413875 0.8249975265625 0.7249641375 0.925667325 0.7499127859375 0.9199189046875 0.6701224890625 0.82804339375 0.6480746609375
0 0.10065278281250001 0.2058557875 0.1818956859375 0.21951704374999997 0.260577659375 0.0529522296875 0.2476109578125 0.050196071875000005 0.174901809375 0.0373754875 0.090315303125 0.202141628125 0.09005750312500001 0.20360369218750002 0.10065278281250001 0.2058557875
0 0.1903117390625 0.1372228921875 0.16583319218749998 0.1287942515625 0.0611670890625 0.2799227140625 0.0607711609375 0.28178540625 0.14787460624999998 0.31333993437499996 0.2494056328125 0.163152478125 0.24999986875000002 0.1614266859375 0.1903117390625 0.1372228921875
0 0.102092290625 0 0.0983723265625 0.0079491953125 0.24545426093749997 0.14085219531249998 0.2456828984375 0.140963709375 0.28738817656250004 0.06379415000000001 0.21898263125 0 0.102092290625 0
0 0.2277464890625 0.3069407921875 0.0671416171875 0.222693878125 0.0626251625 0.22173387500000002 0.055726684375 0.247479346875 0.042140482812500005 0.3062010140625 0.20454073281250001 0.4021777734375 0.2277464890625 0.3069407921875
0 0 0.7875977578125 0.0779918265625 0.7928645953125 0.1167076890625 0.6038279375 0.1133611828125 0.6031166156250001 0.0274726140625 0.5986153859375001 0 0.70575159375 0 0.7875977578125
0 0 0.6762035671875 0.007628346875 0.67871595625 0.06533183125 0.6974649546875 0.16268775468750002 0.531280890625 0.1628505078125 0.5305151968749999 0.1442592234375 0.5243179421875 0.069819759375 0.5001310953125 0 0.6235490171875 0 0.6762035671875
0 0 0.509276596875 0.1587368609375 0.5978114203125 0.18530151718750001 0.5045823421875 0.026310290625 0.4120934015625 0.018824925 0.4105023375 0 0.47207589375000003 0 0.509276596875
0 0.0148556046875 0.46774027656249995 0.013682520312499998 0.47325920000000005 0.099889303125 0.5047255234375 0.20650421875 0.336734525 0.113875384375 0.3048398609375 0.0148556046875 0.46774027656249995
0 0 0.8857249125 0.03691476875 0.8959248734375 0.1107039734375 0.7133162625 0.0757480328125 0.7046007671875001 0.0098457578125 0.6911608921875 0 0.7173895359375 0 0.8857249125
0 0.8736894656249999 0.44036672968749996 0.9408541078124999 0.46216335 0.9990232046875 0.3692673328125 0.9994830828125 0.3671037765625 0.9714442968749999 0.3576007953125 0.93355899375 0.3460180953125 0.87487759375 0.4347770265625 0.8736894656249999 0.44036672968749996
0 0.9395385859375001 0.6043966921874999 0.8560668078125 0.5691545078125 0.851286175 0.568311553125 0.849971153125 0.57449824375 0.8396108124999999 0.6332546609375 0.8394573140625001 0.6342269953125 0.9256941062499999 0.676502040625 0.9395385859375001 0.6043966921874999
0 1 0.2820046234375 0.99411619375 0.28075398125 0.9321527765625 0.275332884375 0.8937374640625 0.3771738859375 0.8933766234375 0.3812983203125 0.9537619562499999 0.38413094375 1 0.29275078906249996 1 0.2820046234375
0 0.8600730390625 0.5159350796875 0.93113609375 0.5307862859375 0.9763942515625 0.43672778437500004 0.9536376640625001 0.43189072343749996 0.9194699999999999 0.42647909687499996 0.9030162468749999 0.42428993437500007 0.8604418765625 0.5136063296875 0.8600730390625 0.5159350796875
0 0.8409233109375001 0.57948895 0.90647165 0.6018143453125 0.9660329296875 0.5244743749999999 0.9662110703125 0.5236362859375 0.91137269375 0.503676746875 0.8964213843750001 0.4987825375 0.8421295343749999 0.5738141109375 0.8409233109375001 0.57948895
0 1 0.14367821875 0.9686963625 0.14193435625 0.914492878125 0.23879308593749998 0.9142181 0.24140741718749997 0.9190709125 0.2424389140625 0.9831066203125 0.2491693390625 1 0.21853941093749998 1 0.14367821875
1 1 0.2157185625 0.9644977609375 0.207522225 0.94956251875 0.2268850234375 0.8957027468750001 0.2992263328125 0.8952772359375001 0.301228203125 0.9656241765625 0.3206219859375 1 0.2654787515625 1 0.2157185625
0 1 0.09672634687500001 0.9323587515625 0.1643494421875 0.9311011046875001 0.1702662046875 1 0.1992541109375 1 0.09672634687500001