0 0.58004575 0 0.5439825890625001 0.029224093750000003 0.6413975046875 0.09174544999999999 0.667804009375 0.07067655 0.685394403125 0.05591645468749999 0.6938661359375 0.046507642187499997 0.6920840328125 0.044383815625 0.6188481671875 0 0.58004575 0
0 0.495233390625 0.0915080515625 0.6010418671875 0.1450347546875 0.64915963125 0.0967364453125 0.5429422374999999 0.0436295828125 0.495233390625 0.0915080515625
0 0.46510627656250003 0.2635952828125 0.42150049687499996 0.2106534109375 0.4152237828125 0.2050018328125 0.352829896875 0.30362058593749996 0.404859375 0.35975445 0.405860340625 0.3588843234375 0.46510627656250003 0.2635952828125
0 0.462117565625 0.296705815625 0.519328521875 0.205325471875 0.487453915625 0.16334538125 0.4768927890625 0.15119619687500002 0.46950132968749997 0.144540896875 0.4094393046875 0.2435838734375 0.4583395515625 0.2999899953125 0.462117565625 0.296705815625
0 0.600982434375 0.17068152187500002 0.60083855 0.17048348124999999 0.5028922171875 0.099530434375 0.44152717812500003 0.1446191171875 0.43973265625 0.1466121375 0.5366187328125 0.21890560625000002 0.59717813125 0.174906628125 0.600982434375 0.17068152187500002
0 0.3745936578125 0.3995748046875 0.4316260234375 0.3611059890625 0.43620041093750006 0.3560256171875 0.3479217671875 0.2792428828125 0.2839397359375 0.325352628125 0.2842121625 0.32575651875 0.3745936578125 0.3995748046875
0 0.31246199531249996 0.479440334375 0.3640918109375 0.375525165625 0.34426142187500003 0.35766980312499996 0.3014268953125 0.322087721875 0.247630221875 0.4297057015625 0.310729928125 0.4813639890625 0.31246199531249996 0.479440334375
1 0.165400121875 0.63126411875 0.11416459999999999 0.5731024734375 0.10995529687500001 0.5693124 0.0229765765625 0.6781811578125 0.07520600937500001 0.7394309125 0.07872355625 0.7363731546875 0.165400121875 0.63126411875
0 0.12531648281250002 0.5219853328124999 0.06866393750000001 0.5739493765625 0.06286562031250001 0.57935639375 0.06482032343750001 0.58145255625 0.17539088125 0.664687003125 0.2292908625 0.6161785078124999 0.2389190890625 0.605485278125 0.23809324375 0.6045996671875 0.12531648281250002 0.5219853328124999
1 0.3039796203125 0.5296010453125 0.34963757968750003 0.48280209531249996 0.3448255703125 0.477819115625 0.22892895625 0.4022406140625 0.1984798296875 0.43164499375 0.17475898125 0.454905934375 0.171764834375 0.458231271875 0.2961060296875 0.5372044828125 0.3039796203125 0.5296010453125
1 0.24372665 0.5927970390625 0.2922790046875 0.5462230875 0.29602002656250004 0.5420682625000001 0.2905210125 0.5365692484375 0.179948721875 0.4595648703125 0.1229686296875 0.5191466859375 0.24372665 0.5927970390625
0 0.610136334375 0.13367158750000002 0.7422591953125 0.22325911406249999 0.7843319859375 0.1915549921875 0.8039451937500001 0.17614190937500002 0.801753075 0.1732328703125 0.67827209375 0.0831147140625 0.610136334375 0.13367158750000002
0 0.745215709375 0.197303809375 0.8049288515624999 0.10174280625000001 0.7810886140625 0.0802769609375 0.7447235 0.0575535140625 0.713391709375 0.18130271250000002 0.7406110921875 0.20241775468749998 0.745215709375 0.197303809375
0 0.458741346875 0.3366599015625 0.399510346875 0.379886103125 0.39974970781249997 0.3802409703125 0.5162516171875 0.47503199374999994 0.5413357999999999 0.4581125015625 0.576624003125 0.43358138124999995 0.578993978125 0.43094925625 0.468308353125 0.3302068734375 0.458741346875 0.3366599015625
0 0.6844390390624999 0.292150328125 0.7410164109374999 0.246334875 0.7475228765625 0.23910871406249998 0.6191341984375 0.158719015625 0.56208183125 0.21297168281249998 0.5627713640625001 0.2138231859375 0.6844390390624999 0.292150328125
0 0.5767220859375 0.41287853593749996 0.636422221875 0.36950384999999997 0.637179340625 0.3686629828125 0.6335677125 0.3636919984375 0.5243474 0.2774075640625 0.45201431718749996 0.32219063124999997 0.5767220859375 0.41287853593749996
1 0.6916663765625 0.2730924640625 0.55242684375 0.2267637546875 0.505144659375 0.2929115453125 0.6520699015625 0.337023328125 0.6958086171875 0.276822153125 0.6916663765625 0.2730924640625
0 0.47110248437499996 0.39720121875 0.451719153125 0.3766826734375 0.45017224375 0.378075515625 0.43822050937499996 0.39336707031249996 0.3625405765625 0.5040571140625 0.41972805781250005 0.56107636875 0.422728259375 0.558374975 0.5049314765624999 0.43477212187500003 0.47110248437499996 0.39720121875
0 0.1787873375 0.8634068312500001 0.2274538625 0.8190389890625 0.23831751250000002 0.8069736828125 0.232356725 0.8008011078124999 0.1291900625 0.713071840625 0.0668060984375 0.774770909375 0.1787873375 0.8634068312500001
1 0.1524227703125 0.769886428125 0.2267775 0.8104496875 0.2301772546875 0.8066738765625001 0.27448019375 0.6880184375 0.22784294218749998 0.658640978125 0.20264098593750002 0.644090621875 0.1524227703125 0.769886428125
1 0.27479846406249997 0.64117575 0.342250603125 0.6845389328125 0.3462178078125 0.6801329046875 0.3476745734375 0.6778015953125001 0.3917187625 0.5607993140625 0.3176039 0.515969684375 0.27479846406249997 0.64117575
1 0.258754453125 0.5942293796875 0.19137344843749998 0.64427934375 0.1900284921875 0.64577306875 0.29309280000000004 0.7350533218749999 0.35511846875 0.6865935578125 0.3577771984375 0.6836407390625 0.258754453125 0.5942293796875
1 0.455517109375 0.5230164359375 0.410694484375 0.46163997500000004 0.40510264218750003 0.4566050578125 0.323685071875 0.5590617828125 0.3710812515625 0.6216446703125 0.37404963125 0.619407834375 0.455517109375 0.5230164359375
0 1 0.3083423140625 0.8792240328125001 0.255166875 0.8283298 0.3067285703125 0.9939705625 0.3927277171875 1 0.38603134843750003 1 0.3083423140625
0 0.3310833734375 0.8799923421875 0.5068221312500001 0.9439770328125 0.5321248046875 0.9035597093750001 0.5522368625 0.86872460625 0.5484157234375 0.8652840375 0.5475824953124999 0.8648029734374999 0.3796503375 0.7978793750000001 0.3310833734375 0.8799923421875
0 0.9555650218749999 0.3150792375 0.8901163328124999 0.2712228046875 0.823220728125 0.44780604375 0.8813468328124999 0.49212272500000004 0.8829072531250001 0.49038970312499996 0.8837942906249999 0.48916880156250003 0.956039109375 0.3154236828125 0.9555650218749999 0.3150792375
0 0.6490649015625001 0.67215085625 0.5726317078125 0.6186317578125 0.4969500390625 0.79631285 0.5700443625 0.8422169953124999 0.5752763921875 0.8347448796875 0.6490649015625001 0.67215085625
1 0.4092452953125 1 0.453129984375 0.8801675421875 0.40515567656249996 0.8535749484374999 0.372456225 0.8364930296875001 0.30752398593749997 0.9995101843749999 0.30806798125 1 0.4092452953125 1
0 0.709227978125 0.42712065781249997 0.8597761 0.543883853125 0.8671319375 0.5382724046875 0.9238387421875001 0.49396819062499997 0.9264896859375 0.49102401875 0.9232689374999999 0.48690164999999996 0.7748099234375 0.37461994062500004 0.709227978125 0.42712065781249997
0 0.5881496203125 0.586449796875 0.53034793125 0.6258225640624999 0.53069518125 0.62635728125 0.660527509375 0.7519279125 0.7260680484375001 0.7130003703125001 0.7324633578124999 0.7088472078125 0.7350155796875 0.706012678125 0.6059213921875 0.5749086734375 0.5881496203125 0.586449796875
1 0.5929842734374999 0.7666748640625001 0.5426324421875 0.7023854125 0.53489370625 0.6954174234375 0.418114534375 0.8424746171875 0.48268340624999995 0.9134422624999999 0.485882753125 0.91056155625 0.5929842734374999 0.7666748640625001
0 0.643515003125 0.515038303125 0.8066471859375 0.6107441234375 0.8291845078125 0.5882068015625 0.8716856734375 0.5424618765625 0.86824798125 0.539024184375 0.7073992203125 0.4476053203125 0.643515003125 0.515038303125
1 0.7027847359375 0.4883643875 0.6979657078125 0.48473298906249995 0.62848919375 0.6594162406249999 0.6949188921875 0.7085124078125 0.700452328125 0.7023669046875 0.762568009375 0.5643878640625 0.7705154656250001 0.5458686984375001 0.7027847359375 0.4883643875
1 0 0.47368937187500004 0.027650171875 0.492190359375 0.032271803125 0.48705751875000003 0.063480284375 0.3953943390625 0.027195834375 0.3718701203125 0.0008543281249999999 0.355410121875 0 0.3576308203125 0 0.47368937187500004
0 0 0.3870687578125 0.0980015328125 0.41595316093749996 0.1300956328125 0.3615622671875 0.13520064375000002 0.3523525828125 0.13160980625000002 0.3491193765625 0.0363497671875 0.3235801328125 0 0.3837997734375 0 0.3870687578125
0 0.1327585109375 0.36813225312500003 0.1787061796875 0.3267607875 0.188839325 0.31550678906249996 0.18786044375 0.3144196328125 0.10999899843750001 0.2608956984375 0.0468568078125 0.31001391875 0.1327585109375 0.36813225312500003
0 1 0.5018851468750001 0.925501503125 0.48076872656249997 0.8775255765625 0.5537044296875 1 0.592826009375 1 0.5018851468750001
0 1 0.6103909859375001 0.8879051265625 0.5310382890625001 0.8862307312500001 0.5323941859375 0.8206795625 0.5915676421875 0.9686753828124999 0.6988569953125 0.985474628125 0.6852532359375 1 0.673102246875 1 0.6103909859375001
0 0.9579201828125001 0.730741465625 0.9765015546875 0.715694565625 0.9791332374999999 0.7127717859375 0.8336326890624999 0.597778703125 0.7560680093750001 0.6577145859375 0.9098012750000001 0.76703733125 0.9579201828125001 0.730741465625
0 0.64729635625 1 0.6813044203125 0.91418293125 0.60627168125 0.8654561015625 0.5451675453125 1 0.64729635625 1
0 0.6937837906250001 1 0.742381125 0.8373658 0.688522225 0.8075113234375 0.6598861140625 0.791787521875 0.65847365 0.793356221875 0.601120984375 0.9752294031250001 0.645808325 1 0.6937837906250001 1
0 0.849528090625 0.8472102218750001 0.8548988578125 0.840577878125 0.845622334375 0.8322252593749999 0.68445305 0.7506376359375 0.6214658875 0.8284203015625 0.7947714375 0.9122458625000001 0.849528090625 0.8472102218750001
0 0.8059364515624999 0.8724346296875 0.888048096875 0.7018685890625 0.8108497015625 0.641554590625 0.7280272390625 0.8224638390625 0.8013056140625 0.8775776953125 0.8059364515624999 0.8724346296875
0 0.24957614375 0.1032395703125 0.3566896890625 0.13707405 0.3783165859375 0.1050108578125 0.393764896875 0.0805526078125 0.3900579921875 0.0772148953125 0.388870690625 0.0764140515625 0.289238584375 0.042212459375 0.24957614375 0.1032395703125
0 0.1880803265625 0.21290792656250002 0.1527009953125 0.194779028125 0.1329215171875 0.28876166406250003 0.190471009375 0.320699978125 0.19289440468750002 0.318008525 0.1947577484375 0.3145040859375 0.217907790625 0.2287674703125 0.1880803265625 0.21290792656250002
0 0.4111632296875 0.07900644531249999 0.44444850156250004 0.018958223437499998 0.44345004218749995 0.0180592046875 0.330448453125 0.0038624296874999998 0.2984188375 0.056512342187499995 0.4090165375 0.082723978125 0.4111632296875 0.07900644531249999
0 0.28393376406250004 0.202319634375 0.3385448078125 0.1632527234375 0.34279202343750004 0.1585357140625 0.33989824375 0.1546955390625 0.25876510625 0.09508746875 0.20246335000000001 0.14200321875 0.28393376406250004 0.202319634375
0 0.23918443437499998 0.2665982375 0.2679743046875 0.17857275625 0.255226646875 0.16935363750000001 0.20684585156250002 0.13672038125 0.2062725328125 0.13735711718750002 0.178712421875 0.2310024984375 0.23530239375 0.27090968125 0.23918443437499998 0.2665982375
1 0.353298290625 0 0.34756286875 0.0113146546875 0.46226942343750005 0.029607465625000003 0.465101003125 0.024282040625 0.4767283 0 0.353298290625 0