0 0.42139440468749995 0 0.4509622015625 0.0954148796875 0.45381797031250004 0.0993455078125 0.5090048984375 0.057129384375 0.48967595781249995 0 0.42139440468749995 0
0 0.47161353593750005 0.159715925 0.4717893796875 0.15999733437500002 0.53489486875 0.1346384171875 0.5269659421874999 0.016326653125 0.4642522484375 0.0415352671875 0.47161353593750005 0.159715925
1 0.6275152390625001 0.378917446875 0.6824112312499999 0.325583525 0.624809103125 0.2230242609375 0.6239481890625 0.2235622203125 0.621403946875 0.22619685937499998 0.5723834828125 0.2797369828125 0.6265611828125001 0.3779961265625 0.6275152390625001 0.378917446875
0 0.5698826484375 0.3089351734375 0.5813453859375 0.3017724609375 0.631392375 0.2666289171875 0.5969720406250001 0.15566534062499998 0.5826991765625 0.164584015625 0.5751065796875 0.169900409375 0.5340228828125 0.2029223484375 0.5674275203125 0.3054288875 0.5698826484375 0.3089351734375
0 0.5950466171875 0.187503959375 0.538452740625 0.079841815625 0.5359270546875 0.081420040625 0.48220475937499996 0.135142334375 0.5351758671875 0.23946450156250002 0.5388269046875 0.2431155390625 0.5950466171875 0.187503959375
0 0.5937837203125 0.3420064671875 0.592897521875 0.3424580078125 0.5915861062500001 0.3432774703125 0.6248741859375 0.413951159375 0.740983990625 0.3892373734375 0.706540021875 0.3216372765625 0.5937837203125 0.3420064671875
0 0.6271461703125001 0.43901734374999996 0.67707890625 0.49123981875 0.6837948328125 0.49795574374999996 0.7868964046875 0.4374173203125 0.7304731671875 0.3775558375 0.628249559375 0.4379139546875 0.6271461703125001 0.43901734374999996
1 0.787795146875 0.715837834375 0.7919841828124999 0.7225416921875001 0.8329219234374999 0.7832343890625 0.9604747609375 0.7274483359375 0.9143764296875 0.6581242640625 0.787795146875 0.715837834375
1 0.741892703125 0.65712138125 0.7430265265625 0.658572609375 0.7901519140625 0.7178775015625 0.9157635234375 0.65325385625 0.916159465625 0.6529445109375 0.9127519375 0.6474913265625 0.8619332749999999 0.5847660859375 0.7410890796875 0.6489427812499999 0.738195028125 0.6512038625 0.741892703125 0.65712138125
1 0.7989509515625 0.558496521875 0.743869278125 0.4249971453125 0.7194678062500001 0.44024487656250005 0.678254928125 0.47018778437500003 0.7338785015625 0.6005375765625 0.7350137015625 0.602100046875 0.7989509515625 0.558496521875
1 0.7011022078125 0.565953884375 0.69566098125 0.5693539390625 0.7344287265625 0.6401021046875 0.86901405 0.591505090625 0.8305164968750001 0.5279166562500001 0.7011022078125 0.565953884375
0 0.31363527812499997 0.060071434374999996 0.3249555921875 0.21647765312499997 0.3255435015625 0.21786267812500001 0.32617094999999996 0.2188668078125 0.40301162343749997 0.185575846875 0.386304009375 0.0298174984375 0.3613584828125 0.039814134375 0.31363527812499997 0.060071434374999996
0 0.339167565625 0.1601498234375 0.39769597343749996 0.11717815000000001 0.33128211875 0.01583743125 0.3037034453125 0.0330705 0.29135851874999996 0.04139725625 0.32658309375 0.1625777265625 0.32916241875 0.16640173281249998 0.339167565625 0.1601498234375
0 0.5668186484375 0.34366694531249997 0.43696003437500003 0.4131020140625 0.43453985 0.4155222 0.4810496984375 0.4656106109375 0.4921159484375 0.4766768609375 0.6205663984374999 0.3985549703125 0.5805933609375 0.35744165625 0.5668186484375 0.34366694531249997
0 0.452673190625 0.2500469265625 0.40280391875 0.1056456875 0.3933220484375 0.11157061718750001 0.336980534375 0.15536670156250001 0.3845285953125 0.28763494375 0.38835000937499997 0.2925261296875 0.452673190625 0.2500469265625
0 0.52849270625 0.3929460796875 0.512559821875 0.24883217812499997 0.51241436875 0.24859940468750003 0.44139985625 0.27729112968749997 0.45162256718749993 0.42257992499999997 0.45556546718749996 0.4288898828125 0.52849270625 0.3929460796875
0 0.34443640625 0.2731218625 0.3438468375 0.27369120156250004 0.3488463765625 0.2816921375 0.3983646765625 0.3329698375 0.53405804375 0.265600259375 0.4821459625 0.20974910625 0.34443640625 0.2731218625
0 0.47719946249999995 0.49612089375 0.520310078125 0.5408950406249999 0.5332759765625 0.5529859375 0.64445950625 0.4797829375 0.661638003125 0.46683291406249994 0.605270115625 0.411690478125 0.48285220312500005 0.49005907187500003 0.47719946249999995 0.49612089375
0 0.72567298125 0.8080140109375 0.780639834375 0.9142259703125 0.8210915999999999 0.8889489015625 0.8531513359374999 0.8665004328125001 0.792774259375 0.7592462390625 0.7831233375 0.7652768046875 0.72567298125 0.8080140109375
1 0.72432010625 0.85603865 0.80128828125 0.8191383875 0.7580301703125001 0.6917924125 0.7575266296875001 0.6909865796875 0.73179360625 0.704098209375 0.683682771875 0.7309946 0.7217554171875 0.8519342875 0.72432010625 0.85603865
0 0.6931303234375 0.5717390265625 0.5733558890625 0.6052443859375 0.56677971875 0.609353634375 0.603333521875 0.6810945171875 0.7302747828125 0.64973961875 0.7312209828125 0.64925750625 0.6931303234375 0.5717390265625
1 0.6091832125 0.6897200328124999 0.6079693875000001 0.6904785140625 0.6376138671875 0.7379195984375 0.653842846875 0.7625364484375 0.77943395 0.7115900828124999 0.73509744375 0.6416355453125 0.6091832125 0.6897200328124999
0 0.6074703 0.642245053125 0.66629356875 0.5837091359375 0.5992349546875 0.4729979765625 0.5969001421875 0.47445692968750003 0.5512493968750001 0.51832949375 0.5417395015625 0.5275130906250001 0.6053217171874999 0.64002013125 0.6074703 0.642245053125
0 0.10902530625 0.3537052578125 0.1577927390625 0.308819275 0.0988185515625 0.1610967890625 0.0549554703125 0.188505484375 0.0327750203125 0.2071170921875 0.1019365984375 0.352522590625 0.10502594843749999 0.3562043328125 0.10902530625 0.3537052578125
0 0.568992384375 0.8168890781249999 0.390815746875 0.8474351765625 0.387492259375 0.84851504375 0.38530977499999997 0.8498788109375001 0.397877671875 0.8885588203125 0.4142241875 0.9333536484374999 0.5994257984375 0.9073053203124999 0.568992384375 0.8168890781249999
0 0.031671623437500004 0.3197512546875 0.0647023328125 0.3690442890625 0.0757214609375 0.3842108171875 0.25247759375 0.3107139921875 0.2074551234375 0.25166217031250004 0.0359753515625 0.31662441406249997 0.031671623437500004 0.3197512546875
0 0.3250943109375 0.6442425703125 0.3757659265625 0.8201309 0.3809205828125 0.8283800734375 0.46076474218749996 0.7853743984375 0.40451517812500004 0.6059863203125 0.341106978125 0.635728484375 0.3250943109375 0.6442425703125
1 0.6070549609375 1 0.5505252125 0.8505415812500001 0.51753261875 0.8670502140625 0.4691015140625 0.892801490625 0.506250809375 1 0.6070549609375 1
0 0.1328813328125 0.33067034375 0.1789032203125 0.5138810625 0.179145415625 0.51431799375 0.18084910781250002 0.517044471875 0.255384565625 0.4745964625 0.20672731562500002 0.29039316875 0.16405677968750002 0.3133895109375 0.1328813328125 0.33067034375
0 0.3106681046875 0.5534068234375 0.274349171875 0.572717940625 0.325246965625 0.7451807859375 0.32792995937499997 0.7494744734375 0.402573803125 0.7058701562499999 0.3559214609375 0.5322950375 0.3552142375 0.53096494375 0.3106681046875 0.5534068234375
1 0.5102984109375 0.85491 0.44327865937500005 0.6861712718749999 0.442591240625 0.6851127406249999 0.40155676875 0.710753925 0.36122723125 0.7369442328125 0.43635286874999996 0.910106859375 0.4394057453125 0.908199209375 0.5102984109375 0.85491
1 0.1595333984375 0.434813440625 0.2534856296875 0.593602953125 0.2566910140625 0.59669835625 0.324532253125 0.531424984375 0.2253691828125 0.368964365625 0.1826758609375 0.41084871874999995 0.1595333984375 0.434813440625
1 0.260855375 0.47471763593749994 0.23283480625 0.48838418125 0.266275821875 0.665550040625 0.270180709375 0.6717991671875 0.350530128125 0.626650684375 0.3462623125 0.606955321875 0.30968707812499996 0.45146064375000006 0.260855375 0.47471763593749994
1 1 0.44182566718749994 0.9893346234375 0.44849013437499996 0.9758728890624999 0.45791614062499997 0.940869328125 0.483307103125 0.9778470171875 0.5757479859375 0.9802554375 0.5791875671875 1 0.5644238140625 1 0.44182566718749994
0 0.9077123671875 0.406440178125 0.9169576765624999 0.5038452343750001 0.920138865625 0.5089362015625001 0.98662453125 0.48458483125 0.9794167406250001 0.38171703749999997 0.9551326640625 0.3896074125 0.9077123671875 0.406440178125
0 0.9567113890625001 0.401384790625 0.9201039171875 0.31303105468750003 0.8999026578124999 0.3256542015625 0.8566519250000001 0.3570777 0.8939233546875001 0.4489534703125 0.89633090625 0.45226717968749997 0.9567113890625001 0.401384790625
0 0 0.555702446875 0.054372534375 0.5355502953125 0.0452215796875 0.35012061562499996 0.0444955328125 0.3489586953125 0 0.3651537453125 0 0.555702446875
0 0 0.6099490953125 0.0039136953125 0.6144512859375 0.1682917265625 0.5344911015625 0.114011790625 0.46483378281250004 0.11259828281249999 0.4632077296875 0 0.5164204984375 0 0.6099490953125
0 0 0.6139401578125 0.0078199375 0.62928765 0.0376741640625 0.684719121875 0.21894155624999997 0.638446284375 0.17610131406250001 0.561074225 0 0.596638071875 0 0.6139401578125
0 0.3756355125 1 0.31491049375 0.8385951765625 0.2309344234375 0.8910692499999999 0.27813061875 1 0.3756355125 1
0 0.2847456171875 0.757277340625 0.25391923437499997 0.7702170421875 0.1972347375 0.7942781828125 0.231968225 0.9792167062500001 0.23471224375 0.983608053125 0.251701978125 0.97654821875 0.32331036874999997 0.9461522609375 0.2849945203125 0.7578637203125 0.2847456171875 0.757277340625
0 0.32155294687499997 0.8123349171875001 0.2808853703125 0.7209940453125 0.1005148390625 0.7588383640624999 0.092898903125 0.7635973296875 0.0964402984375 0.771551434375 0.132498703125 0.84854310625 0.321318646875 0.8124813234375001 0.32155294687499997 0.8123349171875001
0 0.07516640625 0.6415045671875 0.1529987421875 0.81966519375 0.1560056453125 0.8236554890625 0.23331353125 0.7653998171875 0.15074435625 0.5859350046875 0.1020862328125 0.621219021875 0.07516640625 0.6415045671875
0 0.4067047265625 1 0.3909451578125 0.9284688593749999 0.32120316875 0.9505306203125 0.29791867656250004 0.958548115625 0.3059739734375 1 0.4067047265625 1
0 0.8180044734375 0.146061415625 0.784999125 0.0847056390625 0.6830754234375 0.10923184062499999 0.6759562609375 0.11368038750000001 0.69256836875 0.143624215625 0.70109473125 0.1583923109375 0.7112043515625001 0.174571084375 0.8180044734375 0.146061415625
0 0.8542990953125 0.3822516921875 0.9137429484374999 0.3404253515625 0.876057128125 0.2521161625 0.87498336875 0.252787121875 0.83446655625 0.2822243078125 0.8210286359375001 0.2923611796875 0.85279115 0.38017618125 0.8542990953125 0.3822516921875
0 0.7032251109375001 0 0.66709479375 0.030656215625 0.6992373765625 0.1415752890625 0.699883909375 0.1424028109375 0.75727618125 0.09592033125 0.7178716609375 0 0.7032251109375001 0
0 0.7404815109375 0.16070160625000002 0.7613839734375001 0.254875265625 0.76392126875 0.2589357859375 0.8282059515625001 0.22730956875000002 0.8056907765625001 0.124084775 0.754795028125 0.15229675 0.7404815109375 0.16070160625000002
0 0.8251289140625 0.3261000515625 0.8730757046875001 0.2743377296875 0.826872546875 0.1888843203125 0.822319878125 0.19172914375 0.78541598125 0.2299442484375 0.7748636531249999 0.24161229374999998 0.8222474234374999 0.32331742812500003 0.8251289140625 0.3261000515625
0 0.6270281546875001 0 0.647907903125 0.08336626875 0.6490190578125 0.0850772984375 0.7025094234375 0.0518076734375 0.698729653125 0.026073350000000002 0.6944452734375 0 0.6270281546875001 0