0 0.8784799609375 0.13466756562499999 0.7940061015625 0.2060977765625 0.79161844375 0.2120074375 0.8507384968749999 0.24557216093749998 0.937116078125 0.1686327140625 0.93345234375 0.16643132031250002 0.8784799609375 0.13466756562499999
0 0.7606357187499999 0.27617924375 0.7598578546875 0.278104525 0.8162408937500001 0.31347583437500004 0.9077895 0.23783638125 0.850040234375 0.20160009531249998 0.7606357187499999 0.27617924375
1 0.7567884609375 0.558634459375 0.7936060921875 0.4960723890625 0.7212315625 0.412436246875 0.718511778125 0.4113373828125 0.6764506828125 0.474103759375 0.7538164421875 0.5621034468749999 0.7544586609375 0.5623629203125 0.7567884609375 0.558634459375
0 0.734056565625 0.3408101140625 0.7329793546875 0.34046010625 0.7225084546875 0.3663764953125 0.7078753718749999 0.4114124921875 0.802784965625 0.47977881718750004 0.8223473546875001 0.402518025 0.734056565625 0.3408101140625
0 0.8587633859375 0.3383843671875 0.7738237625 0.2584229796875 0.769656896875 0.25673945625 0.7357303703125 0.32629914375 0.8229282343750001 0.41074119531250003 0.8229733546875 0.41076320156249996 0.8587633859375 0.3383843671875
0 0.707520803125 0.49381459687499996 0.6338351765625 0.5816795171875 0.63237188125 0.5853012984375 0.7000013484375 0.6168374375 0.7771740406250001 0.5304033312499999 0.7777162109375 0.5292406421875 0.707520803125 0.49381459687499996
0 0.597893146875 0.64978395 0.5961393375 0.6541247796875 0.664731696875 0.6958034046875 0.7488051718750001 0.6104873578125 0.6788112171875 0.5672690140625 0.597893146875 0.64978395
1 0.5314371375 1 0.621994259375 0.9041632609375 0.552473446875 0.8583621703125001 0.461856990625 0.957287953125 0.4593004890625 0.963615515625 0.5165113859375 1 0.5314371375 1
1 0.5170105109375001 0.7874098625 0.5168354374999999 0.78794868125 0.49402163593750004 0.8601802718749999 0.6178381859375001 0.9281799312500001 0.618463421875 0.9283830828124999 0.6211649390625 0.9216965937499999 0.644515628125 0.8452547578124999 0.5237355203125 0.78095753125 0.5200952953125 0.77977475 0.5170105109375001 0.7874098625
1 0.57320530625 0.6368193843750001 0.5696542015625 0.6362569437500001 0.5673050796875 0.642071221875 0.555912678125 0.7140000140625 0.69032261875 0.7680074609374999 0.704782334375 0.691533090625 0.57320530625 0.6368193843750001
1 0.5840900046875 0.70025293125 0.5353293828125001 0.833166803125 0.5352015046874999 0.8338920312500001 0.608528075 0.84525479375 0.6652031484375 0.7156600015625 0.61739471875 0.7061254515625001 0.5840900046875 0.70025293125
0 0.661839875 0.0831464359375 0.6616926624999999 0.0831124484375 0.6578952046875 0.092511484375 0.641246384375 0.16462545312500002 0.77683568125 0.24252194375 0.7960107671875 0.166531484375 0.661839875 0.0831464359375
0 0.7629271906249999 0.1727056328125 0.782282803125 0.1852753140625 0.799194603125 0.15236568125 0.7130965765624999 0.046829234375 0.686841740625 0.0362215921875 0.66974009375 0.0625558203125 0.6494758328125 0.09666599218750001 0.6494115390624999 0.0968251265625 0.7629271906249999 0.1727056328125
0 0.5041696078125 0.4862382390625 0.5035057140625 0.4871520109375 0.502082140625 0.4906754765625 0.567020325 0.5416330625 0.681727446875 0.4443287984375 0.619359284375 0.399015675 0.5041696078125 0.4862382390625
0 0.7543015078125 0.247160509375 0.6290832625 0.15965250312499998 0.62798915625 0.16236051093749998 0.6059607031249999 0.23918285468749997 0.7256005671875 0.3205736859375 0.7266538031249999 0.3208756953125 0.7543015078125 0.247160509375
0 0.6217313109375 0.46211009062499997 0.6993105984375 0.34122681250000003 0.6825477625 0.3344541875 0.6268314734375 0.3174200078125 0.5417845765625 0.43899140625 0.5403520359375 0.44367703125 0.6217313109375 0.46211009062499997
0 0.7222760109374999 0.334368996875 0.6205800421875 0.22684228750000002 0.61651968125 0.22520179375 0.580235925 0.2906594234375 0.68225195 0.4051135140625 0.6823265828125 0.4051436671875 0.7222760109374999 0.334368996875
0 0.627691434375 0.48543353749999996 0.5851342625 0.473963165625 0.548030603125 0.4660765390625 0.4909085390625 0.5850905671875 0.4854020015625 0.598727159375 0.48400243906249996 0.605311584375 0.5595706140625001 0.62327316875 0.627522871875 0.486226565625 0.627691434375 0.48543353749999996
0 0.44219815156250003 1 0.471991078125 0.9351771109374999 0.35989575625 0.8714376875 0.3445069765625 0.8652202156250001 0.313759128125 0.9399885109375001 0.411163459375 1 0.44219815156250003 1
1 0.34703176875 0.895293828125 0.42281859375 0.9312572031249999 0.495065721875 0.816698865625 0.49507009531249996 0.816688040625 0.4684871859375 0.8048525671875 0.4173076359375 0.784389875 0.35203514999999996 0.8829100234375 0.34703176875 0.895293828125
0 0.55210889375 0.6831961984375 0.4333967125 0.627522975 0.43331729843750005 0.6275060953125 0.431289928125 0.6325240125 0.41438894218750005 0.7120368984375001 0.53487905 0.764107028125 0.5359487171875 0.7643343921875 0.55210889375 0.6831961984375
1 0.3794376203125 0.789007553125 0.5048625984374999 0.8425032531250001 0.505615559375 0.840639609375 0.52106228125 0.7581375015625 0.3972911703125 0.7083318078125 0.3958027046875 0.7120158890625 0.3794376203125 0.789007553125
0 0.496451996875 0.5406967765624999 0.48942145937500003 0.53785625625 0.4466484734375 0.6059358484375 0.537297375 0.6991403843749999 0.5806737703125 0.63269725 0.496451996875 0.5406967765624999
0 0.384986284375 0 0.38290358125 0.01137766875 0.5432956484375 0.10865613593750001 0.562361090625 0.032373142187499995 0.563474134375 0.027552025 0.510686909375 0 0.384986284375 0
0 0.28385029687499996 0.70985288125 0.1174235046875 0.6357759546875 0.1150779671875 0.6351911453125 0.11047602187500001 0.646581359375 0.0985517640625 0.694406946875 0.090882603125 0.7266057890625001 0.26519216874999996 0.7979956609375 0.28385029687499996 0.70985288125
0 0.4364105859375 0.0049894562500000005 0.36161427343749997 0.17765153125 0.360948509375 0.181427265625 0.433446084375 0.1924915203125 0.51399984375 0.0217058234375 0.436987684375 0.005091215625 0.4364105859375 0.0049894562500000005
0 0.277146075 0.4426633953125 0.1704512875 0.5899003031250001 0.166369865625 0.6000021734375001 0.2494597359375 0.6364625828125 0.35618878125000003 0.48169499218749995 0.2937136484375 0.450039753125 0.277146075 0.4426633953125
1 0.1506618515625 0.7052843 0.06950970937499999 0.8653380046875 0.1220451328125 0.8865636921875 0.15997966875 0.8988893703124999 0.23762273750000001 0.73449940625 0.202828840625 0.7222343828125 0.1506618515625 0.7052843
0 0.36557480781249996 0.0934796953125 0.3580476015625 0.09043850625 0.311908846875 0.15633147812499998 0.43557623906250004 0.30318734687500004 0.484614075 0.23140408906249998 0.36557480781249996 0.0934796953125
0 0.3415758859375 0.5518255234375 0.375761078125 0.490812225 0.3857093734375 0.47210220312500006 0.24655226875 0.3571554171875 0.24243403749999998 0.35549154375 0.23767168593750002 0.36444822656250003 0.2046045078125 0.4331321234375 0.341012940625 0.5515261984375 0.3415758859375 0.5518255234375
1 0.2471324046875 0.5297904171875001 0.12042270937499999 0.6678439093749999 0.11980325781250001 0.6693771046875 0.1999980234375 0.713954715625 0.3268891328125 0.5840969015625 0.32803648124999996 0.5823301390625 0.2471324046875 0.5297904171875001
0 0.4550984859375 0.3036243828125 0.3203066296875 0.1796732171875 0.3137339328125 0.177017675 0.2834845171875 0.23037897031250001 0.2697783546875 0.2561565125 0.407267684375 0.3861198 0.4550984859375 0.3036243828125
1 0.271922109375 0.2663181125 0.23702991406249999 0.3541397765625 0.2527413234375 0.36676012343750003 0.37883083906250004 0.46443687968749997 0.3790445671875 0.46453654375 0.4157390109375 0.3877190109375 0.2735229 0.2670645734375 0.271922109375 0.2663181125
0 0.7815816 1 0.8144342874999999 0.9499379515624999 0.7644044078125 0.928701528125 0.7434389921875 0.92023095 0.693047271875 0.994044125 0.6906409421874999 1 0.7815816 1
1 0.7193959359375001 0.9372389218749999 0.79448609375 0.957658975 0.8416014578125001 0.868889790625 0.833501215625 0.8656170812499999 0.8122609593749999 0.8591232828124999 0.7707022640625001 0.8471723359375 0.7206235921874999 0.93322344375 0.7193959359375001 0.9372389218749999
0 0.8278549625 0.894996178125 0.8641929953125 0.8355971390624999 0.7968008046875 0.7668314578125 0.7955666765625 0.7660300046875 0.7900829234375 0.763814425 0.7890611187500001 0.7653878656249999 0.753688703125 0.8245283703125 0.8243926593750001 0.9003276546875 0.8278549625 0.894996178125
0 0.79734678125 0.7027892109375 0.7956741593750001 0.7024942828125 0.7932463953125 0.708503209375 0.7809954718750001 0.7779816546875 0.8758035828124999 0.8200324046875 0.8839979328125 0.7404560984375 0.79734678125 0.7027892109375
0 0.18262189375 0 0.155405053125 0.061130025 0.2970839125 0.1770314734375 0.299306015625 0.17792925937499998 0.3340487046875 0.098646871875 0.221265021875 0 0.18262189375 0
0 0.2963244703125 0.1955192015625 0.29743414218750003 0.19367239687499999 0.172349553125 0.060912309374999994 0.1680870734375 0.059190154687499996 0.1311409546875 0.11851500781249999 0.1200075875 0.137044040625 0.2468498453125 0.26866778281250003 0.2963244703125 0.1955192015625
0 0.2157187390625 0 0.1806293875 0.0433283125 0.177041790625 0.0522079296875 0.2606676375 0.08443966875 0.3268789765625 0 0.2157187390625 0
0 0.26510181875 0.2364944734375 0.09458369062500001 0.1687069953125 0.090378753125 0.17911458281249998 0.0878089421875 0.195339728125 0.0804352546875 0.25515985625000004 0.251978159375 0.333635396875 0.26510181875 0.2364944734375
0 0 0.654428840625 0.06158954062500001 0.721365434375 0.12088856875000001 0.6422812515625 0 0.5231751546875001 0 0.654428840625
0 0 0.546759575 0.1336002921875 0.610092340625 0.1349589390625 0.610406009375 0.1448709015625 0.5689136421875001 0.157270040625 0.5152070765625 0 0.44354284843749997 0 0.546759575
0 0.190727078125 0.45935234375 0.062175970312499995 0.3255325234375 0.059441214062500004 0.3236879078125 0.0553093328125 0.32201851875 0.050110984375 0.3297253875 0.0039263875 0.40110401875 0.134758809375 0.54232871875 0.190727078125 0.45935234375
0 0.0633360015625 0.24604774062499998 0.043256234375 0.2957469078125 0.0310273 0.33326650625 0.2036919125 0.43457274999999995 0.2323415234375 0.340864090625 0.0633360015625 0.24604774062499998
0 0 0.7795702234374999 0.039369059375 0.8057024343749999 0.08590431093749999 0.719802434375 0 0.6596452375 0 0.7795702234374999
0 1 0.44257041406250003 0.9775925765625001 0.434423834375 0.942052290625 0.42218633125 0.8833760578125001 0.5090016687500001 0.8813426609375 0.5149070828125 0.944945896875 0.538969528125 1 0.461700921875 1 0.44257041406250003
0 0.9153751171875 0.6921897765625 0.853454140625 0.6260434078125 0.8531185515624999 0.62581705 0.8486915609375 0.6240284296875 0.8123489578124999 0.677908553125 0.811813246875 0.67873439375 0.8733996671875 0.75243023125 0.9153751171875 0.6921897765625
0 1 0.3891328421875 0.962142828125 0.3429348734375 0.9558825359374999 0.3404055515625 0.9244409578124999 0.389407690625 0.9882318703124999 0.48703633125 1 0.4695865375 1 0.3891328421875
0 0.856289275 0.58685976875 0.926790740625 0.6041819921875 0.975322353125 0.51172516875 0.969590340625 0.5094092859375 0.9187720234375 0.49953120625 0.9024046953125 0.4967691484375 0.8567391625 0.5845453109375 0.856289275 0.58685976875
0 0.82912075625 0.6568038390625001 0.8984256234375 0.6700351734375001 0.9462160328125 0.585911190625 0.9372800859374999 0.5823008328125 0.889620853125 0.5721705499999999 0.87413390625 0.5694047890625 0.829953596875 0.6528856296875001 0.82912075625 0.6568038390625001
0 1 0.210282453125 0.9994517875 0.20971014375000002 0.99670789375 0.2086015390625 0.969614690625 0.27242912656249996 1 0.303760396875 1 0.210282453125
0 1 0.302453065625 0.9921044171875 0.30892834687500004 0.9223223734375001 0.36817374062499997 0.9220266765625 0.368905615625 0.9866681859374999 0.4038759234375 1 0.390515721875 1 0.302453065625