0 0.81731274375 0.75251800625 0.8763989046875 0.8478792921875 0.9384962890624999 0.8346575671875 0.9405733328125001 0.83417804375 0.9424352078125 0.8333098375000001 0.884286609375 0.733830171875 0.8162198140625 0.7477840046875001 0.81731274375 0.75251800625
0 0.7809541796875 0.6827272703125 0.84408145625 0.78310400625 0.9102018984375 0.7664867546874999 0.8465078765625 0.6662592843749999 0.7809541796875 0.6827272703125
0 0.721502459375 0.442926996875 0.659698925 0.48754521406249995 0.660362290625 0.4889678046875 0.7475463718750001 0.55924434375 0.808785415625 0.5202657546875 0.81269945 0.51762570625 0.721502459375 0.442926996875
0 0.7556000828125 0.6497600921875 0.8269070921875 0.5707035265625 0.790466190625 0.499823503125 0.7133682 0.58778761875 0.75169825625 0.6515795437499999 0.7556000828125 0.6497600921875
0 0.7866131671875001 0.7266719375 0.8672971140625 0.6428870250000001 0.82986363125 0.5733859125 0.74438986875 0.659671503125 0.7813256265625 0.7291375578125 0.7866131671875001 0.7266719375
0 0.7000316125 0.3723191015625 0.64344990625 0.39517959375 0.6301645390624999 0.4013746625 0.7011022453125 0.49556688125 0.773055509375 0.46386312968750004 0.77257493125 0.46267365937499993 0.7000316125 0.3723191015625
0 0.7110207734375 0.295033503125 0.6022939671875001 0.3447659515625 0.603943234375 0.3541194125 0.6180811390625001 0.42497549687499997 0.6196178609375 0.42470453125 0.7276933890625 0.37558784843750004 0.7110207734375 0.295033503125
1 0.49462885781250004 0 0.44558291875 0.015421959374999999 0.447023184375 0.019854640625 0.5099093296875 0.1407102109375 0.5834667203125 0.11627322968750001 0.58860020625 0.11387944531250001 0.52708353125 0 0.49462885781250004 0
0 0.47562168906249996 0.10676680624999998 0.5481687187500001 0.21835753125 0.5776716562499999 0.2064457515625 0.588552771875 0.2018269921875 0.6277736 0.1835380203125 0.549921021875 0.067135371875 0.4724409859375 0.099273540625 0.47562168906249996 0.10676680624999998
1 0.6043134421875 0.217125671875 0.5366299031249999 0.256897553125 0.53857538125 0.2610696453125 0.6362651328125 0.36372924218749997 0.678981575 0.3390668921875 0.70351324375 0.323911659375 0.6043134421875 0.217125671875
1 0.5132964125 0.17158225625 0.5800805359375001 0.2964164546875 0.612243834375 0.28596596406249997 0.6534975796875 0.27153635625 0.6579945625 0.269439378125 0.5841004171875 0.1494246171875 0.513068846875 0.17088188437500001 0.5132964125 0.17158225625
0 0.7305416203124999 0.7483494390625001 0.650986290625 0.7750848859375 0.651857340625 0.7776145999999999 0.7481008984375 0.9014218406250001 0.797120928125 0.8845428906249999 0.8223481234375001 0.875280025 0.7305416203124999 0.7483494390625001
1 0.6895599234375 0.9330577828125 0.6918179375 0.940932415625 0.693681703125 0.944929271875 0.7852623453125 0.91866894375 0.8427406078124999 0.8918663890625 0.82535001875 0.8206019890625 0.8239900562500001 0.8176855390625001 0.6854806265625 0.91038145 0.6895599234375 0.9330577828125
0 0.570798578125 0.4544779390625 0.5049754171874999 0.49218386875000003 0.506173809375 0.494753828125 0.6053436234375 0.6022510640625 0.646539503125 0.5794158140625 0.6792308 0.55967835 0.570798578125 0.4544779390625
0 0.662925809375 0.68220056875 0.6047366125 0.7320027703124999 0.6058243796875 0.73433549375 0.60801069375 0.7373446968749999 0.7220490671875 0.8195088937499999 0.7889744015625 0.7706328499999999 0.662925809375 0.68220056875
0 0.6438333 0.6741801828125 0.71221226875 0.64082953125 0.7113103890625 0.63889544375 0.6161614156249999 0.5320693140625 0.5395584875 0.562650309375 0.542677996875 0.5693401203125 0.6438333 0.6741801828125
1 0.58598226875 0.6849875296875 0.6048088578125 0.75064365 0.6079206312500001 0.757316871875 0.6103869046875 0.756609678125 0.7342143890624999 0.6743503 0.7111990375 0.5963667828125 0.58598226875 0.6849875296875
0 0.5814430515625 0.523674009375 0.6241939265625 0.5129481078125 0.6240392296875 0.512152259375 0.558489115625 0.3739405984375 0.482618975 0.3905806015625 0.48390341093749994 0.3971884484375 0.48917111875 0.4109190671875 0.5442074015625 0.5309118875000001 0.5814430515625 0.523674009375
0 0.39657688750000003 0 0.2908946125 0.067684165625 0.3047443171875 0.09975878906249999 0.32453250625 0.142194696875 0.33509673906250004 0.1372685140625 0.44918643124999996 0.06973330625 0.41565041249999995 0 0.39657688750000003 0
1 0.329822703125 0.12026484687500001 0.4012771953125 0.22034559062499998 0.45171143125 0.19810922343749998 0.47749254687500003 0.1855349328125 0.476407146875 0.183207284375 0.4016592 0.07337540000000001 0.326188821875 0.11247196718750001 0.329822703125 0.12026484687500001
1 0.5220652578125 0.23414645781250001 0.52100895625 0.23442949375 0.403409115625 0.292734228125 0.42444832187500003 0.3712536140625 0.42673553125 0.3761585515625 0.42681395312500003 0.3761375375 0.54244973125 0.314327696875 0.5220652578125 0.23414645781250001
1 0.45154847656249997 0.29912937500000003 0.5188363625 0.252013890625 0.518115240625 0.2504674421875 0.4242169609375 0.1563063640625 0.354454178125 0.2026647359375 0.3570134453125 0.208153103125 0.45154847656249997 0.29912937500000003
1 0.4887844828125 0.45523307031250004 0.5751837531249999 0.370247259375 0.53534416875 0.301625040625 0.4399415515625 0.3899576453125 0.47890256249999996 0.459841084375 0.4887844828125 0.45523307031250004
0 0.570874809375 1 0.4696408015625 0.88582528125 0.46442827500000006 0.8884811953125 0.397730559375 0.92399353125 0.4002615875 0.9294213390625 0.4714265359375 1 0.570874809375 1
0 0.210710296875 0.19420000312500002 0.0904781609375 0.3374563640625 0.1198039953125 0.3750566390625 0.1461163359375 0.4064144625 0.147371453125 0.4058291921875 0.1509365734375 0.4028377015625 0.271260365625 0.26792230781250004 0.210710296875 0.19420000312500002
0 0.42651672031250004 1 0.54045625 0.8580259343750001 0.49842167187499997 0.7972688015625 0.49762309531250004 0.797641184375 0.37368705625 0.9423523078124999 0.38470618437500004 0.9575188375 0.41810484218750005 1 0.42651672031250004 1
0 0.23494214531250002 0.3795041109375 0.1609958375 0.4237086609375 0.16229920312499999 0.426503740625 0.165139534375 0.4318456265625 0.2765125890625 0.5714078125000001 0.3588983984375 0.5276025 0.23494214531250002 0.3795041109375
1 0.17933161875 0.11399517343750001 0.0393832546875 0.23686427499999999 0.048677395312499996 0.25064340625 0.0954046875 0.31282778906250003 0.1002148890625 0.3105847546875 0.10329110781249999 0.30850982031249996 0.232387578125 0.1886030359375 0.17933161875 0.11399517343750001
1 0.329310334375 0.7373066781250001 0.41770130468750005 0.9042534296875001 0.45243230937499995 0.8962351453125 0.49910273906249997 0.88487664375 0.49949073750000006 0.8846957171875 0.412433575 0.7153248171875 0.328475290625 0.7336897109375 0.329310334375 0.7373066781250001
0 0.3850645375 0.541091209375 0.36665524375 0.47362011875 0.36603660625 0.4737743640625 0.205037971875 0.55565144375 0.2205067734375 0.6302948078124999 0.22177863750000001 0.635395978125 0.2243683671875 0.6409496703124999 0.3901909625 0.5616521718749999 0.3850645375 0.541091209375
1 0.1296681890625 0.4158745171875 0.17666841718749998 0.4938854453125 0.1800219328125 0.492321675 0.3124721453125 0.3619510265625 0.25657324843749996 0.28299352031249997 0.256303003125 0.2831827484375 0.1296681890625 0.4158745171875
0 0.42119853906250004 0.6216445953124999 0.2797662765625 0.7472177953125 0.294236128125 0.7756164796875 0.3245524046875 0.8300725890624999 0.32754812499999997 0.8286756625 0.3289403 0.8279663125000001 0.46558980781250003 0.703240034375 0.42119853906250004 0.6216445953124999
1 0.42338271875 0.62278044375 0.3880345140625 0.5453342046875 0.387819078125 0.5454301218750001 0.260044071875 0.6408914343750001 0.2441148015625 0.6532356578125 0.2742748546875 0.7331857171875 0.27809350625 0.74137484375 0.27908255625 0.740934490625 0.42338271875 0.62278044375
0 0.6616485828124999 0 0.6622300265625001 0.0012469109375 0.7298340734375001 0.068206359375 0.7942951140625001 0.023070251562499998 0.77013569375 0 0.6616485828124999 0
1 0.7234450515625 0.1436145265625 0.8139608890625001 0.0995497125 0.795947040625 0.0228264921875 0.7043715984375 0.07192444375 0.7209832765625 0.13833523125 0.7234450515625 0.1436145265625
0 0.73204395625 0.12068142500000001 0.7758326296875 0.2082095015625 0.8249673312500001 0.19735556875 0.8460167546875 0.1921073578125 0.849398296875 0.19053051875 0.8013435843750001 0.1001220015625 0.7306282703125 0.11500341562500001 0.73204395625 0.12068142500000001
0 0.8170692875000001 0.27902847343750004 0.8507765046875001 0.264021053125 0.8875378218750001 0.2468789703125 0.8287279546875 0.1702208875 0.7544722703125 0.1970707265625 0.7561382515624999 0.20081258124999998 0.8170692875000001 0.27902847343750004
0 0.2540548109375 1 0.357548965625 0.9186319734374999 0.3267422828125 0.836948103125 0.1771866578125 0.9467479171875001 0.1976282171875 1 0.2540548109375 1
0 0.120992375 0.8185556578125001 0.121384503125 0.819396578125 0.122138803125 0.8205148734375 0.2575875640625 0.9380106296875 0.33504982031249997 0.885761678125 0.3350711 0.8857468265625 0.334750253125 0.8850587703125001 0.1925529140625 0.7644882953125001 0.120992375 0.8185556578125001
0 0.345603315625 1 0.2860611078125 0.926735725 0.20184330312499998 0.9608954640625 0.2039839078125 0.9659384109375001 0.2325672203125 1 0.345603315625 1
0 0.0799491390625 0.7342353453125 0.221085678125 0.8502379187500001 0.295235346875 0.8020347203125 0.1569095203125 0.6760783453125 0.0775152265625 0.7290158015625 0.0799491390625 0.7342353453125
0 0 0.475700165625 0.023888259375000002 0.5130898984375001 0.038939490625 0.506388659375 0.11351761093749999 0.47161230937500004 0.0015575921875000001 0.3139661046875 0 0.314648928125 0 0.475700165625
0 0 0.5136333875 0.09633230468750001 0.5906359953125 0.1441887890625 0.5518825781250001 0.169682128125 0.5310690328125001 0.1690555015625 0.5297252265625 0.0214243765625 0.4080172578125 0 0.42536637656250004 0 0.5136333875
0 0 0.5368419078125 0.0007974546875 0.5386330203125 0.1102392453125 0.6884381328125 0.120031190625 0.684078478125 0.20069358906249998 0.646464984375 0.085867253125 0.49511871406249996 0 0.5313981437499999 0 0.5368419078125
0 0.177666628125 0.773610703125 0.25471202656249997 0.7134162390625 0.25453251875 0.7130312812499999 0.0993661203125 0.589168515625 0.027444415625000003 0.6475189296874999 0.0284688375 0.6497158109375001 0.177666628125 0.773610703125
0 0 0.41455332968749997 0.005367815624999999 0.4197364546875 0.024773495312499998 0.40457507656249997 0.081260253125 0.3581002203125 0 0.27562606562499997 0 0.41455332968749997
0 1 0.50714305625 0.9451705562500001 0.43710008125 0.8797485 0.4661998875 0.8813174984375 0.4698962171875 0.950055890625 0.553371625 0.9865229328125 0.537892284375 1 0.531687059375 1 0.50714305625
0 0.7970382359375 0.26040988125000003 0.84104423125 0.3427737328125 0.8575691187500001 0.3395703046875 0.9006536953125 0.33041239375 0.907118678125 0.327397721875 0.8673635734375 0.2417123640625 0.796504846875 0.257900471875 0.7970382359375 0.26040988125000003
0 1 0.5353342015625 0.9759924874999999 0.504235009375 0.9070413421874999 0.5306969359375 0.907434734375 0.5316706109375 0.9874221765625 0.614966440625 1 0.6104664625 1 0.5353342015625
0 0.8598326125 0.44362378125 0.9070238843749999 0.4963966703125 0.908877159375 0.4955324734375 0.9126657296875 0.49246454999999995 0.9661210812500001 0.41472810468750004 0.92023294375 0.3550952125 0.8598326125 0.44362378125
0 0.8757765421875 0.309011003125 0.8145483578125001 0.3426833859375 0.816618790625 0.34712344375000004 0.883770246875 0.41222273749999994 0.8976445406250001 0.4048066140625 0.948520234375 0.3754335171875 0.8757765421875 0.309011003125
1 1 0.5797886906249999 0.9651301125 0.62897989375 0.9505836703125 0.6502597375 0.9562365765624999 0.6596677546875 0.9830156390625 0.7023250515624999 0.9877274484375 0.7001279 0.98807724375 0.699917721875 1 0.6857393859375 1 0.5797886906249999