0 0.76328125 0.60390625 0.15625 0.15625
0 0.61796875 0.67578125 0.1390625 0.1390625
0 0.68359375 0.640625 0.1390625 0.1390625
0 0.53984375 0.7109375 0.1515625 0.1671875
0 0.32421875 0.81875 0.1515625 0.153125
0 0.946875 0.48671875 0.10625 0.1578125
0 0.83515625 0.55625 0.15 0.178125
1 0.47421875 0.73828125 0.1484375 0.1484375
0 0.90234375 0.51953125 0.1578125 0.159375
1 0.396875 0.771875 0.15625 0.15625
1 0.23984375 0.84609375 0.140625 0.140625
0 0.5921875 0.534375 0.146875 0.1765625
0 0.509375 0.57421875 0.159375 0.159375
1 0.35859375 0.6484375 0.1375 0.1546875
0 0.66484375 0.49140625 0.15625 0.15625
0 0.81328125 0.41484375 0.14375 0.171875
1 0.28125 0.684375 0.1609375 0.1609375
1 0.43125 0.6078125 0.1421875 0.1421875
0 0.89140625 0.37265625 0.1703125 0.1703125
1 0.7328125 0.45 0.15 0.1671875
0 0.12890625 0.75546875 0.1453125 0.1484375
1 0.203125 0.7140625 0.1515625 0.1515625
0 0.3859375 0.9828125 0.134375 0.034375
0 0.6609375 0.89921875 0.1359375 0.1625
0 0.5921875 0.928125 0.15625 0.14375
0 0.70234375 0.1578125 0.1671875 0.196875
0 0.7796875 0.1109375 0.165625 0.1890625
1 0.61171875 0.19375 0.1640625 0.1640625
1 0.4546875 0.9625 0.153125 0.075
0 0.7265625 0.86328125 0.1328125 0.165625
0 0.9234375 0.76171875 0.128125 0.1625
0 0.521875 0.94140625 0.165625 0.1171875
0 0.528125 0.23125 0.159375 0.1875
1 0.06328125 0.47734375 0.1265625 0.1984375
1 0.4453125 0.26171875 0.1828125 0.1828125
1 0.196875 0.3859375 0.171875 0.1984375
0 0.109375 0.4265625 0.171875 0.19375
0 0.27421875 0.34140625 0.171875 0.196875
0 0.36015625 0.29140625 0.1640625 0.196875
0 0.790625 0.8265625 0.1515625 0.153125
0 0.85703125 0.79140625 0.1265625 0.1546875
1 0.95546875 0.725 0.0890625 0.159375
0 0.5828125 0.04375 0.18125 0.0875
0 0.6671875 0.02734375 0.2 0.0546875
0 0.32421875 0.12890625 0.175 0.2078125
0 0.49765625 0.0703125 0.1671875 0.140625
0 0.14296875 0.22109375 0.1859375 0.2140625
0 0.2375 0.1734375 0.1875 0.2140625
0 0.4125 0.0921875 0.18125 0.184375
0 0.07578125 0.259375 0.1515625 0.19375
0 0.03046875 0.30625 0.0609375 0.19375