0 0.6640625 0.73046875 0.1640625 0.1125
0 0.69921875 0.571875 0.1359375 0.0984375
0 0.68046875 0.64453125 0.146875 0.109375
0 0.71484375 0.4875 0.15 0.121875
0 0.76640625 0.25234375 0.15 0.1484375
0 0.6015625 0.9453125 0.14375 0.109375
0 0.6359375 0.8109375 0.171875 0.128125
1 0.725 0.4171875 0.1375 0.1375
0 0.61640625 0.8859375 0.1640625 0.1171875
1 0.73828125 0.334375 0.1671875 0.121875
1 0.77265625 0.16328125 0.1375 0.1390625
0 0.55546875 0.58125 0.1640625 0.1140625
0 0.57421875 0.49140625 0.1375 0.1375
1 0.609375 0.32734375 0.13125 0.13125
0 0.53125 0.66171875 0.146875 0.146875
0 0.49296875 0.825 0.1671875 0.1171875
1 0.62578125 0.24375 0.1390625 0.1390625
1 0.58828125 0.40703125 0.1484375 0.1171875
0 0.47109375 0.9109375 0.159375 0.159375
1 0.5078125 0.73828125 0.1421875 0.14375
0 0.65859375 0.07734375 0.1296875 0.1265625
1 0.6359375 0.16015625 0.1484375 0.11875
0 0.96796875 0.2578125 0.0640625 0.13125
0 0.975 0.18125 0.05 0.13125
0 0.83125 0.9578125 0.128125 0.084375
0 0.92734375 0.56015625 0.128125 0.13125
0 0.9390625 0.48359375 0.121875 0.1296875
0 0.21640625 0.7796875 0.18125 0.1203125
0 0.190625 0.865625 0.1671875 0.1203125
1 0.23046875 0.68203125 0.178125 0.13125
1 0.94765625 0.334375 0.1046875 0.115625
0 0.90703125 0.63203125 0.1578125 0.10625
0 0.85703125 0.84765625 0.1578125 0.1
0 0.93828125 0.40703125 0.1234375 0.1109375
0 0.24609375 0.5921875 0.184375 0.1390625
1 0.36328125 0.06171875 0.2015625 0.1234375
1 0.25546875 0.5046875 0.15 0.15
1 0.31640625 0.2328125 0.1578125 0.15625
0 0.334375 0.13828125 0.18125 0.140625
0 0.29140625 0.31953125 0.1859375 0.1421875
0 0.2640625 0.41484375 0.1625 0.1625
0 0.88671875 0.703125 0.134375 0.1328125
0 0.86953125 0.77578125 0.1546875 0.109375
1 0.83515625 0.91171875 0.1515625 0.1171875
0 0.0671875 0.7015625 0.134375 0.140625
0 0.0578125 0.79375 0.115625 0.15625
0 0.09609375 0.41953125 0.171875 0.171875
0 0.06796875 0.61015625 0.1359375 0.1703125
0 0.140625 0.22109375 0.16875 0.16875
0 0.11875 0.3234375 0.196875 0.14375
0 0.08515625 0.5171875 0.1703125 0.153125
0 0.1609375 0.12578125 0.1875 0.13125
0 0.18359375 0.0484375 0.1890625 0.096875