0 0.5312948234375 1 0.5435999 0.9379543531250001 0.4870357828125 0.9039939046875001 0.48414533750000005 0.9090003015624999 0.46365011875000006 1 0.5312948234375 1
0 0.46836433906249997 0.9450867640625 0.585572590625 0.9406538765624999 0.60424185 0.8750832687500001 0.48559530625 0.8801301734375 0.4672549828125 0.94452151875 0.46836433906249997 0.9450867640625
1 0.5931812812499999 0.654464065625 0.579920978125 0.728360690625 0.5829365937500001 0.7298972234375001 0.6927165234375 0.7200441421875 0.709691403125 0.649465078125 0.710672990625 0.6448470671875 0.5931812812499999 0.654464065625
0 0.5863451875 0.68428585 0.584429434375 0.6876040328124999 0.5605685265625 0.7976523984375 0.6087597031249999 0.8254755875 0.6267899046875 0.834662434375 0.651583228125 0.7276937921875 0.5879160796875 0.685086259375 0.5863451875 0.68428585
0 0.6125406 0.7901896296875 0.5872805484375 0.7778694796875001 0.5429062375 0.7565202625 0.5406315484374999 0.7609845921875 0.5229061374999999 0.8764272875 0.54253336875 0.8864278609375 0.5821112015625001 0.905731259375 0.5951952546875 0.9120249375 0.5957403625000001 0.9109551031249999 0.6125406 0.7901896296875
0 0.6290600625 0.657355434375 0.6747694125 0.6837457390624999 0.695084909375 0.6940970015625 0.7255214921875 0.580632853125 0.6563587171874999 0.543515534375 0.6554911109375 0.5450182734375 0.6290600625 0.657355434375
0 0.7911360359375 0.535964165625 0.6822712765625 0.486534425 0.676294146875 0.49391556562499994 0.63209368125 0.5510713515625 0.6333063625 0.5520533609375 0.74127911875 0.6013955531249999 0.7911360359375 0.535964165625
1 0.9198594328125 0.21334058437499998 0.86168783125 0.15995236562499998 0.8602693515625001 0.1592296140625 0.8574361625 0.162376190625 0.7842152390625 0.2772649734375 0.84644900625 0.3325627265625 0.9198594328125 0.21334058437499998
1 0.7948631984375 0.2386911 0.75159291875 0.36456105 0.77914335 0.380476059375 0.7894820671875 0.386206903125 0.8280407265624999 0.405853521875 0.8718364328125 0.2728402265625 0.7988097359374999 0.2315713578125 0.7948631984375 0.2386911
1 0.688560946875 0.41325067656250003 0.648946671875 0.4652651 0.654330084375 0.4696245015625 0.778573528125 0.5305154078125 0.8052121968750001 0.497619390625 0.8277926156250001 0.4692937203125 0.8284688921875001 0.46796645468750003 0.6954492218749999 0.40474436562499994 0.688560946875 0.41325067656250003
1 0.7532072234375 0.466536865625 0.7739239296875 0.47999045156250003 0.7804547265624999 0.483318059375 0.8354618765625 0.35280564375 0.7653352375 0.3094584609375 0.718401328125 0.44289039687500004 0.7532072234375 0.466536865625
0 0.30137929375 0.9301490234375 0.458899096875 0.9195200890624999 0.4776438609375 0.8434223375000001 0.32135542968749997 0.8485455375000001 0.2997168140625 0.9293019484375 0.30137929375 0.9301490234375
0 0.34558125624999997 0.8546893796875 0.3407598265625 0.9797383953125 0.385307003125 0.9959522421875 0.4256055484375 0.8804831609375 0.348533484375 0.8488953046875001 0.34558125624999997 0.8546893796875
0 0.516849771875 0.4969545375 0.515813171875 0.49890409687500004 0.47951351875 0.641236271875 0.5197031890625 0.6626054984375 0.5223722093750001 0.6639654328125 0.555459840625 0.6800165109375 0.5846319109375 0.531781346875 0.516849771875 0.4969545375
0 0.40202740312499996 0.712879590625 0.3996414109375 0.717366990625 0.37625980625 0.8641228328125001 0.4488153796875 0.8955819171874999 0.47375378125 0.75079119375 0.40202740312499996 0.712879590625
0 0.5639195 0.693781790625 0.58336373125 0.619635871875 0.5828500578125 0.6193741421875 0.4362740875 0.6237017265625 0.41086935156250004 0.7008010015624999 0.41063769375000003 0.7017301296875 0.41370988437499995 0.7032954890625 0.41661031875 0.7040186484375 0.5639195 0.693781790625
0 0.40088887656249994 0.7817252531250001 0.46190321718750005 0.8260547640624999 0.4670846234375 0.8286948234375 0.5111877765624999 0.6817983203125 0.44952394062499995 0.6387704750000001 0.44754956406249996 0.641487971875 0.40088887656249994 0.7817252531250001
0 0.56832033125 0.6052443546874999 0.57802758125 0.5884382546875 0.637565925 0.46829282968749997 0.5729994406250001 0.4197874421875 0.5704043984375 0.4228800921875 0.5062033703125 0.556720528125 0.544932 0.5892177078125 0.5641830359375 0.604601915625 0.5674588515625001 0.6062710265625 0.56832033125 0.6052443546874999
0 0.7834105703125 0.21326857187499998 0.8109896796875 0.0972940375 0.780399703125 0.08170766562500001 0.7306304625 0.0645707421875 0.729056953125 0.06765892812499999 0.7056814234375001 0.183981659375 0.7834105703125 0.21326857187499998
1 0.7810099390625 0.1736936859375 0.7168879265625 0.1194921890625 0.7164988484375 0.11929394374999999 0.648955375 0.2374126359375 0.66256399375 0.24804485468749998 0.71824395625 0.2894177109375 0.7810099390625 0.1736936859375
0 0.6327769156249999 0.280459003125 0.574536825 0.39057375156249996 0.633920103125 0.44354907031249996 0.6344164421875 0.44398053125 0.6367836203125 0.44518666875 0.7025912859375001 0.3294772453125 0.6377473218749999 0.2747412046875 0.6327769156249999 0.280459003125
1 0.591416059375 0.282727159375 0.589545096875 0.28639912968750003 0.7114919296875 0.34561596250000004 0.760265971875 0.2817439390625 0.76136315 0.27959060468749997 0.641083740625 0.21809331875 0.6214768109375 0.242835196875 0.591416059375 0.282727159375
0 0.6401118078125 0.3803425546875 0.56178490625 0.35809008124999997 0.5594681390625 0.36263699374999997 0.5584187468749999 0.4898777328125 0.5711885875 0.4932994 0.6351125546875 0.510262978125 0.6401118078125 0.3803425546875
0 0.0427002515625 0.7502730468750001 0.01375803125 0.8134104609374999 0.021369229687499998 0.8172885609374999 0.1998922203125 0.84059480625 0.201745746875 0.8360071640625 0.22988237968749997 0.7625843046874999 0.0427002515625 0.7502730468750001
0 0.375098090625 0.08358797343749999 0.3492195453125 0.1390846921875 0.353223796875 0.141124959375 0.5288225390625 0.1881963703125 0.5697924984375 0.10795462812500001 0.38940142031249997 0.0537384125 0.375098090625 0.08358797343749999
0 0.21599240000000003 0.6438801625 0.1547127734375 0.6035921578125001 0.152681071875 0.606843559375 0.092732084375 0.7852049890624999 0.09322904374999999 0.7855155234375 0.1615775734375 0.8246996546875 0.21599240000000003 0.6438801625
0 0.4444496796875 0.36079649062499997 0.4843833796875 0.2763458609375 0.48436609375 0.276337053125 0.296613640625 0.23274534687499998 0.287214184375 0.2529025453125 0.2629471390625 0.3125774140625 0.2645109125 0.313374196875 0.2701944578125 0.316024478125 0.4444496796875 0.36079649062499997
1 0.4148499640625 0 0.4024257453125 0.0184196609375 0.398673403125 0.02429105625 0.39266881875 0.036075715625 0.4011474125 0.041794598437500004 0.5579187609375 0.12070461562499998 0.6077493453125 0.038026620312499995 0.5266213109375 0 0.4148499640625 0
0 0.31120678125 0.5861830640625 0.3110154828125 0.5860855921875 0.1193739953125 0.5790559187500001 0.09556478125 0.65693235625 0.10009075 0.6592384515624999 0.1026821765625 0.6600307296875 0.2848599765625 0.6689301828125 0.31120678125 0.5861830640625
0 0.3177880546875 0.4826087859375 0.4050462453125 0.3254758140625 0.34265674062499996 0.26460950625 0.34215324687500004 0.26415615937500003 0.248417996875 0.42365249374999997 0.27898631875 0.45117633437500004 0.3167800609375 0.4837282765625 0.3177880546875 0.4826087859375
1 0.4139616984375 0.09841980781250001 0.410531334375 0.09667194999999999 0.3355508046875 0.2695001078125 0.4065057671875 0.3155787984375 0.417133965625 0.32099413593750004 0.41760223124999996 0.32027306875 0.4846219828125 0.1515343390625 0.4139616984375 0.09841980781250001
0 0.31053234218750003 0.470066534375 0.22732737812499998 0.42602132187499997 0.22509937500000002 0.4298803390625 0.178555015625 0.6084153578125 0.20740655000000002 0.6250728015625 0.2599908984375 0.65356675 0.31053234218750003 0.470066534375
1 0.1732641875 0.44920184843750005 0.3129080890625 0.5241925640625 0.3308277546875 0.53341249375 0.3970182328125 0.46565965 0.39627941093749997 0.46501740468749997 0.2274640640625 0.38381151562500004 0.172354896875 0.44841141249999994 0.1732641875 0.44920184843750005
0 1 0.33751335312499997 0.9873437421875 0.336254790625 0.9650894718749999 0.409045225 0.967020740625 0.41002925625 1 0.41391833125 1 0.33751335312499997
1 1 0.4111962578125 0.949847409375 0.4050007 0.9237877593749999 0.47743632343750003 0.927954328125 0.4795592953125 1 0.485611828125 1 0.4111962578125
0 0.9063198531250001 0.54531334375 0.9540799390625001 0.5752917921875 0.9691070281249999 0.5829484765624999 0.9997547828125001 0.4852831 0.9354828546875 0.44583033906249997 0.9342473984374999 0.44797021406250004 0.9063198531250001 0.54531334375
0 0.86831763125 0.6034367765625 0.925879665625 0.6486047734375 0.9317078875 0.6515744 0.96689734375 0.5553158953125 0.9029553609375001 0.5121864828125 0.9018096609375 0.5138850515625 0.86831763125 0.6034367765625
0 0 0.6891513671875 0.010866525 0.69795090625 0.0135125078125 0.699299103125 0.082816146875 0.5262489031250001 0.015294840625 0.4709119359375 0 0.5057300140625001 0 0.6891513671875
0 0 0.541647940625 0.1320483578125 0.5553874078125001 0.1372073421875 0.54194779375 0.1643617578125 0.46768994687500004 0 0.4524572421875 0 0.541647940625
0 0.058597818749999996 0.31313975312500003 0.0509183203125 0.495048159375 0.134039490625 0.5252573078125 0.1513861640625 0.33898295156249997 0.061478018749999995 0.30748704375 0.058597818749999996 0.31313975312500003
0 0.23984162968749997 0 0.210689528125 0.141795484375 0.2929519703125 0.1767138203125 0.2931573953125 0.17631064999999999 0.33851004375 0 0.23984162968749997 0
0 0.23682530625 0.0516470703125 0.20607863593750003 0.0374591609375 0.2049241671875 0.03972493125 0.160514640625 0.2246702109375 0.231451609375 0.2577486625 0.24926709374999997 0.26589191875 0.2497338578125 0.26497584375 0.29181374843749996 0.0772886015625 0.23682530625 0.0516470703125
0 0.11035197187500001 0.30762364531249997 0.1686085921875 0.33991581718749997 0.198199665625 0.3549932234375 0.25007629374999996 0.1718167765625 0.1675100140625 0.12396315468750001 0.164127940625 0.130064578125 0.11035197187500001 0.30762364531249997
0 0.199637346875 0.24801164843749998 0.1109611890625 0.210370853125 0.10851556874999999 0.215170653125 0.076160840625 0.406485934375 0.10718855000000001 0.4196564140625 0.16293729375 0.44212088125 0.199637346875 0.24801164843749998
0 0.24293956093750002 0 0.2277148 0.026992301562499998 0.28037150781250003 0.0688373875 0.3050501484375 0.0867674703125 0.309922746875 0.0892501828125 0.3573722328125 0 0.24293956093750002 0
0 0.8497292453125 0.83223598125 0.742780021875 0.801677315625 0.724269709375 0.8324836484375 0.716956803125 0.8451395421875001 0.7073206984375 0.8640514625 0.7098856421875 0.8655926359375 0.81565811875 0.8930063921875 0.8497292453125 0.83223598125
0 0.8755961640625 0.696578896875 0.9144620781249999 0.704933221875 0.9092430921875 0.6090336609375 0.8453883062499999 0.5930785234375 0.8437440859375 0.5963054890625 0.84285125 0.6001727859375 0.8426802953125 0.6889796703125 0.8755961640625 0.696578896875
0 0.7085694421875 0.8680400265625 0.677202471875 0.9128367031250001 0.670780634375 0.9254402703125001 0.7809873656249999 0.9512093875 0.818344934375 0.9021959031250001 0.7110929625 0.8645672484375 0.7085694421875 0.8680400265625
0 0.8465826734374999 0.7391094218750001 0.7770918 0.7202345625000001 0.7757813296875 0.7228065046875 0.773179375 0.8212322234375 0.7888336359375 0.8267515109374999 0.8441773828124999 0.844733784375 0.8465826734374999 0.7391094218750001
0 0.8318532859375001 0.6487171421875 0.7978343875 0.7368288046875 0.8100820843750001 0.74670245 0.8489947750000001 0.776025265625 0.8575820562500001 0.780400703125 0.8897179015625 0.6891425250000001 0.8342640031249999 0.6455180125 0.8318532859375001 0.6487171421875
0 0.7576161140625 1 0.7844281343749999 0.9600702218749999 0.6728059171874999 0.9279345484375 0.6693464375 0.932875196875 0.6334120828125 0.9890920078125 0.635725953125 0.9907121953125 0.682074384375 1 0.7576161140625 1