0 0.9197763328124999 0.24802381874999999 0.8838457375000001 0.1423725578125 0.816068525 0.141213021875 0.8505047265625001 0.2517242609375 0.8842761093749999 0.25255832031250003 0.912600584375 0.25255832031250003 0.9197763312499999 0.25103306875000003 0.9197763328124999 0.24802381874999999
0 0.74827698125 0.27438448125 0.8546132328124999 0.22151600624999998 0.8450876859375 0.1546000453125 0.7386622296875001 0.20688927656249997 0.74827698125 0.27438448125
0 0.4826654171875 0.2410908921875 0.5543416828125001 0.3291982203125 0.622346609375 0.303803721875 0.625734040625 0.3024351109375 0.6252604265625 0.30020693593750003 0.5530506296875 0.21000785312499998 0.4826654171875 0.2410908921875
0 0.6944334421875 0.25533890625 0.669632571875 0.18331195 0.5798467984375 0.24842631874999999 0.6003180765625 0.3237282390625 0.6030278265625 0.3231522625 0.6042271609375 0.32273929843750004 0.6944334421875 0.25533890625
0 0.6640745578125 0.2994577234375 0.66921825625 0.299007709375 0.776853475 0.2531414640625 0.770330053125 0.17857840625000002 0.7694751265625001 0.1745562953125 0.65675419375 0.220719446875 0.6640745578125 0.2994577234375
0 0.4234029828125 0.3402875796875 0.42513581875 0.34037839375 0.53722840625 0.3129286265625 0.54095733125 0.24177649687499997 0.540029521875 0.23741150000000003 0.42507551250000003 0.2618121875 0.4234029828125 0.3402875796875
0 0.45848757500000004 0.361645928125 0.42489009843750003 0.2477864625 0.342799321875 0.253085825 0.3769159328125 0.367675928125 0.38640789999999997 0.3673444625 0.4585420328125 0.36320540625 0.45848757500000004 0.361645928125
1 0.1451772171875 0.43964030000000004 0.092801378125 0.31242539062499997 0.013144976562499999 0.3285667953125 0.0636940890625 0.4569600734375 0.1451772171875 0.43964030000000004
0 0.234163490625 0.4141950890625 0.173466440625 0.295217184375 0.09275049375 0.3183412859375 0.0897281578125 0.3192653046875 0.0900883109375 0.32044331875 0.15591671875 0.44542776875 0.2285354640625 0.42387805624999997 0.23575265937499998 0.4216715390625 0.234163490625 0.4141950890625
1 0.40131203125 0.3738940546875 0.400099690625 0.37117109375 0.317041865625 0.26051155625 0.27837215625 0.27772841875 0.2440011828125 0.293348109375 0.33400730625 0.410312021875 0.3440065859375 0.40586005312499995 0.40215623437500003 0.3778657203125 0.40131203125 0.3738940546875
1 0.31548072031249996 0.336459534375 0.30594616874999997 0.2886511046875 0.17635137812499999 0.34532617656250003 0.1877141390625 0.41865274843750006 0.18843936875 0.418524871875 0.32135324062500004 0.3697642484375 0.31548072031249996 0.336459534375
0 0.819615409375 0.425646475 0.94670608125 0.333782359375 0.9315481890624999 0.28420312187499996 0.9231713812500001 0.2586680265625 0.7931141171875 0.3459887875 0.8169978125 0.42623040625 0.8193197890624999 0.4257368546875 0.819615409375 0.425646475
0 0.970531653125 0.3744268953125 0.9804471859375001 0.37231928281250004 0.9755455734374999 0.33239885 0.9687712421875 0.300528125 0.8555898624999999 0.3528060421875 0.856320303125 0.3877352703125 0.8564684187499999 0.3884320984375 0.970531653125 0.3744268953125
0 0.470271559375 0.40943505625 0.491764259375 0.48897130312500003 0.4995052234375 0.4873259109375 0.6214016515624999 0.417326603125 0.6135088375 0.38019383281249997 0.6046839687500001 0.341969125 0.6042889265625 0.34205309375000004 0.470271559375 0.40943505625
0 0.8619245796874999 0.36207848125000003 0.836121765625 0.2833251765625 0.7130665109375001 0.37587743281249997 0.7425489875 0.4468472140625 0.7447322265625 0.4463831515625 0.7485419906249999 0.4451452859375 0.8619245796874999 0.36207848125000003
0 0.5570756453125 0.40143423437500003 0.57784683125 0.48025833125000006 0.5854802421875 0.4786358 0.7014995953125001 0.3912875703125 0.6765235640625 0.3187519046875 0.5570756453125 0.40143423437500003
0 0.6444461578125 0.456488659375 0.64778013125 0.4560793 0.782165696875 0.39456316875 0.774889321875 0.335301859375 0.7704800640625 0.3145579328125 0.633860096875 0.38204566562500003 0.6444461578125 0.456488659375
0 0.4311141140625 0.5053159671875 0.5446967421875 0.4380385140625 0.53360633125 0.401763409375 0.518470503125 0.36036789062499996 0.5176951859375001 0.360604928125 0.387092515625 0.44024300624999996 0.4115719515625 0.5139581671875 0.418009340625 0.511990059375 0.4311141140625 0.5053159671875
0 0 0.5525521203125 0.0070016734375 0.5854924046875001 0.1239806640625 0.5592944609375 0.1146219921875 0.48307418750000003 0.112342625 0.4723506140625 0 0.501692234375 0 0.5525521203125
1 0.189420946875 0.5763739546875 0.163936375 0.4513995765625 0.079532503125 0.45109405 0.1037245 0.5850389890625001 0.1232837578125 0.5843559640625 0.1890901375 0.5804625953125 0.1895602359375 0.5803626734375 0.189420946875 0.5763739546875
1 0.2276499140625 0.44367280468750003 0.2279950265625 0.445296425 0.3017873625 0.5531816109375 0.38114381875 0.5194967921875 0.38082311562500004 0.51798800625 0.303819971875 0.4124888984375 0.2276499140625 0.44367280468750003
1 0.1608051109375 0.43820933906250004 0.1957001484375 0.569171140625 0.22720654218749997 0.56718638125 0.2685786484375 0.563566790625 0.28072202812499997 0.5609856359375 0.2433556640625 0.4315183546875 0.1608051109375 0.43820933906250004
0 0.3797566234375 0.3977671828125 0.3085224953125 0.43272287499999995 0.389984975 0.53405486875 0.46319540156250005 0.4996978046875 0.46202969843749997 0.49421360156249994 0.46179063906250006 0.49372345781250004 0.3797566234375 0.3977671828125
0 1 0.5944903015625 0.9535558234374999 0.51888429375 0.9488240921875001 0.520330928125 0.874056859375 0.5446711609375 0.9822867453124999 0.6978867203125 1 0.6933475421875 1 0.5944903015625
0 0.32599153593749997 0.8236664453125 0.3259166625 0.8235058796875 0.2214450078125 0.6742713625000001 0.13874529062500002 0.7092935359375 0.1389066234375 0.7100525453125 0.2418198703125 0.8668903 0.271963784375 0.853218215625 0.3268343640625 0.82763164375 0.32599153593749997 0.8236664453125
0 0.9519200734375 0.710407625 0.8906021359375 0.5364991578125 0.8120433437499999 0.5477838312500001 0.8804874703125 0.723772646875 0.89989149375 0.722185096875 0.9399999078124999 0.7179695328125 0.9524370109375001 0.7153259453125 0.9519200734375 0.710407625
0 0.42805954843749994 0.8274813406250001 0.5128104140625 0.79323976875 0.5117776593750001 0.7883810375 0.40688785781250003 0.632458221875 0.3270444765625 0.6694706171875 0.42805954843749994 0.8274813406250001
1 0.22019228750000003 0.8492207234375 0.1432690140625 0.6907078046875 0.056409100000000004 0.7196322421875 0.1329924640625 0.889388978125 0.1488868578125 0.8845295734375 0.2227974171875 0.857741715625 0.22019228750000003 0.8492207234375
0 0.8598109578124999 0.5800188578125 0.8565258734375 0.56684310625 0.6875351625 0.6601281171875 0.7084645078125 0.740027978125 0.7132777375 0.7390048953125 0.8767243 0.6513534859375001 0.8598109578124999 0.5800188578125
0 0.6029971484375001 0.7666223953125 0.6027119390625 0.7659504874999999 0.4983230015625 0.6220389421875 0.42144413593749996 0.651101353125 0.4162839359375 0.6532917281249999 0.521222478125 0.805650778125 0.5507355234375 0.793123234375 0.60356860625 0.7693108953125 0.6029971484375001 0.7666223953125
1 0.242171665625 0.6773268906250001 0.24230206875000002 0.677940390625 0.32354596875 0.842050934375 0.41399580937499997 0.8243574562499999 0.413824296875 0.8235505546875 0.335397096875 0.6518284859375 0.242171665625 0.6773268906250001
0 0.778166946875 0.63940169375 0.7611324640625 0.5820706796875 0.5956400187499999 0.676086728125 0.6233301453125 0.7660661906249999 0.62763431875 0.764912890625 0.786789475 0.6715814015625 0.778166946875 0.63940169375
1 0.5863269796874999 0.6036283234375001 0.5071368953125 0.634874859375 0.50722140625 0.6350950203125 0.595864665625 0.7676909734375 0.6073582984375 0.7842444609375 0.6965485609375001 0.7558345984375 0.6958854203125 0.7527147656250001 0.5863269796874999 0.6036283234375001
0 0 0.222455803125 0.0488593390625 0.21362790937499998 0.0488593375 0.1436243859375 0.0477089421875 0.1382122 0 0.1453107390625 0 0.222455803125
0 0.018036579687500002 0.1635529203125 0.050375407812499995 0.232959228125 0.0510570859375 0.2328143328125 0.13143008750000001 0.175960840625 0.0981732421875 0.10464130625000001 0.018036579687500002 0.1635529203125
0 1 0.7796607468750001 0.9339280515624999 0.8039055734374999 0.9357230671875 0.839734378125 1 0.835239696875 1 0.7796607468750001
1 0.09695690625 0.14752266875 0.121990478125 0.2161395671875 0.12582781406250002 0.21532391718750002 0.20883348124999998 0.163541403125 0.19122862812500002 0.113024490625 0.1823496375 0.089893921875 0.1814942203125 0.090075746875 0.09695690625 0.14752266875
0 0.17572879531250002 0.12255783437500001 0.18313692343750002 0.19444129375000002 0.188931809375 0.193626875 0.280557559375 0.15922725625 0.274899059375 0.1092271765625 0.272034640625 0.08884578125 0.2710202046875 0.08407323125 0.17572879531250002 0.12255783437500001
0 0.25573535468749997 0.09885349375 0.25419190468749997 0.17775213125 0.254201803125 0.1777986984375 0.2582813390625 0.1775849 0.3531378953125 0.1487309453125 0.3493758640625 0.076947134375 0.348211790625 0.07147059375 0.25573535468749997 0.09885349375
0 0.9407277625000001 0.911101090625 0.9449357812500001 0.9102066484375 0.8934582203125 0.7339974515625001 0.8003025671874999 0.7348838609375 0.79969019375 0.735014025 0.8579729 0.9125455812500001 0.9407277625000001 0.911101090625
0 0.8453901296874999 0.934147896875 0.8050638843750001 0.7552800625 0.8029122921875 0.7551673015625 0.7146035109375 0.7552794546875 0.752795246875 0.9340395156250001 0.7743822125000001 0.9351708421874999 0.8452013125000001 0.9377507328125001 0.8453901296874999 0.934147896875
0 1 0.7262067921875001 0.8698569875000001 0.8278937640624999 0.903719253125 0.906188234375 0.9092909921875 0.9050039249999999 1 0.8363989609375 1 0.7262067921875001
0 0.5986491984375 0.836310603125 0.59483149375 0.931116684375 0.5951696265625 0.9327074718749999 0.6003074749999999 0.932797153125 0.777269053125 0.8867594296875 0.781625484375 0.8028751859375 0.7807317203124999 0.7986703562499999 0.5986491984375 0.836310603125
0 0.31717459375 1 0.40693955624999995 0.9490593078125 0.37144677656249997 0.8565974515624999 0.20691995937500002 0.9609380359375 0.2216583375 1 0.31717459375 1
0 0.3358518234375 1 0.4972170765625 0.949545203125 0.4918500453125 0.888199740625 0.4897275234375 0.865008340625 0.48762631093750003 0.8551229125 0.3039313015625 0.9095275859375 0.310711365625 0.9870240812500001 0.3119460390625 1 0.3358518234375 1
0 0.408586790625 0.9861815140625 0.41554588593749997 0.9856948859375001 0.5937479390625 0.9340896093750001 0.5874247953125 0.8436644359375001 0.5855092296875 0.83465240625 0.4037513953125 0.89087265625 0.408586790625 0.9861815140625
0 0.6099053984375 0.9878091843749999 0.6672844359375001 0.9756128921875 0.6135056234375 0.7929012953125001 0.5200691109375 0.7995211828125 0.5720978109375 0.9897905953125001 0.6099053984375 0.9878091843749999
0 0.2934906265625 1 0.307819275 0.995461503125 0.29926996250000004 0.9384380437500001 0.28981990468749996 0.89397901875 0.1047525984375 0.9577130703125001 0.11408563281249999 1 0.2934906265625 1
0 0.54010355 0.047151665625 0.5475625828124999 0.11836407499999999 0.55156285 0.118014096875 0.6521940125000001 0.07843532187499999 0.6487412203125 0.038969725 0.6456795265624999 0.01299554375 0.6448150578125 0.008928535937499999 0.54010355 0.047151665625
0 0.4257293953125 0.15104660625 0.4024472109375 0.06348240625 0.329116809375 0.06715702812499999 0.35897859374999996 0.15843812031249999 0.35996282812499997 0.1584214390625 0.41811754843750004 0.1563906296875 0.425858553125 0.154745228125 0.4257293953125 0.15104660625
0 0.6527931671875 0 0.6015091609375001 0.014401500000000001 0.6645189046875 0.108998928125 0.668624246875 0.10774413593750001 0.7332396953125 0.0867493046875 0.7326022140624999 0.0837501859375 0.6627269296875 0 0.6527931671875 0
0 0.57697184375 0.0874400375 0.5704917734375 0.0662446796875 0.553173884375 0.0181532984375 0.552180625 0.0184569671875 0.46852769375000003 0.0737956109375 0.48828781093750007 0.14467029375 0.492480540625 0.1437791015625 0.57697184375 0.0874400375
0 0.5043374703125 0.1374102390625 0.4655363546875 0.048600909375 0.3940848625 0.0546116015625 0.43085897187500005 0.146140853125 0.46728129375 0.1435137671875 0.48986606562499996 0.1411400125 0.5044046828125001 0.1380497328125 0.5043374703125 0.1374102390625
0 0.7817151531250001 0 0.7547680921875 0.013867926562499999 0.7562347468749999 0.08456097500000001 0.758000409375 0.0844375078125 0.860155665625 0.032660201562500005 0.8578718406249999 0 0.7817151531250001 0
0 0.743639659375 0 0.681775715625 0.022442151562500002 0.68617351875 0.09618573281250001 0.68620424375 0.0961851953125 0.7701248921875 0.057641834375 0.7921697796875 0.0470587140625 0.7913483671875 0 0.743639659375 0
0 0.8140631546874999 0 0.8231875875 0.0242426015625 0.8434987250000001 0.0771549203125 0.8476520703125001 0.0762720984375 0.9156117140625 0.0504322125 0.91257964375 0.036167445312500004 0.8788438796875001 0 0.8140631546874999 0