0 0.6931526890625 0.03145550625 0.6825092984375 0.03108383125 0.6791334828125 0.0950734265625 0.7873353328125 0.1405183859375 0.7905445640625001 0.0694416203125 0.6931526890625 0.03145550625
0 0.6923268515625 0.0924013125 0.6914213953125 0.09236969375000001 0.6716984734375 0.15647339062500001 0.7684550953125 0.225325621875 0.78851005 0.160165475 0.6923268515625 0.0924013125
1 0.6997517140625 0.3499766453125 0.65648321875 0.45127743750000004 0.6563673125 0.454596521875 0.731363990625 0.46490564375 0.7768172343749999 0.356136203125 0.7721219171875 0.35564270625 0.6997517140625 0.3499766453125
0 0.6609703812500001 0.3675533359375 0.6607133140625 0.37491478125 0.7375870390625 0.3765366578125 0.7790460875 0.2736653140625 0.7031587671875 0.267026034375 0.6609703812500001 0.3675533359375
0 0.7739803937499999 0.207647 0.6544319453125 0.1966182546875 0.6542536218749999 0.201724778125 0.6695886484375 0.27387040156250003 0.7902892203125 0.28672728125 0.7903383234375 0.28671684375 0.7739803937499999 0.207647
0 0.6555659765625 0.428421515625 0.6545019640625 0.50666996875 0.769694575 0.5353565546875 0.7683704734375 0.4594987453125 0.6580965156249999 0.42837734375 0.6555659765625 0.428421515625
0 0.695355140625 0.501056 0.6401071453125 0.6068268859375 0.640101375 0.6069921265625 0.7196019078125 0.62783920625 0.775045790625 0.521060521875 0.70735241875 0.503825790625 0.695355140625 0.501056
1 0.660874503125 0.8231013656249999 0.6313456328125 0.9472665828125001 0.63091993125 0.959457109375 0.7115880625 0.9642176656249999 0.7420508046875 0.8266935156249999 0.7303484250000001 0.8260802203125 0.660874503125 0.8231013656249999
1 0.6349107093749999 0.8815032171875 0.6448005875 0.8818485796875001 0.7186871375 0.8773661484374999 0.7376995984375 0.7381281578125 0.7259257703124999 0.73771700625 0.6825595890625 0.73998973125 0.650820746875 0.74221673125 0.6345340609375001 0.874316334375 0.6349107093749999 0.8815032171875
1 0.6304363375 0.704676884375 0.630282975 0.7090686171875 0.70636160625 0.71801528125 0.7530323046875 0.5791679328125 0.67320690625 0.572184115625 0.6304363375 0.704676884375
1 0.6409011359375001 0.6572562359375 0.63772505 0.6564643484375 0.6327282734375 0.6562898578125 0.6168053921875 0.7263262875 0.7421310437499999 0.791903378125 0.7638557109375 0.7123750015625 0.6409011359375001 0.6572562359375
0 0.6667201765625 0.0929630234375 0.527151465625 0.0397296875 0.5201412484375 0.039484885937500006 0.5180101484375 0.063074521875 0.5143353203125 0.11562703437499999 0.661429009375 0.177641725 0.6667201765625 0.0929630234375
0 0.505718125 0.0228543921875 0.508620734375 0.05603138125 0.5136739390625 0.09555339375 0.6498681656249999 0.085458909375 0.672453790625 0.0834829234375 0.67251756875 0.0816565484375 0.665924753125 0.0471023609375 0.508434975 0.01134474375 0.50611295625 0.01154789375 0.505718125 0.0228543921875
0 0.5002435265625 0.49302630937499997 0.57988629375 0.5160465453125 0.6494705171875 0.3834664 0.6494943531249999 0.382783828125 0.57498871875 0.3642074859375 0.5008608578125 0.4882296515625 0.500337765625 0.490327659375 0.5002435265625 0.49302630937499997
0 0.6513269828125 0.26138587812499997 0.6544190328124999 0.1786741921875 0.5183574281250001 0.12853938125 0.5164886328125 0.128474121875 0.5091955375 0.1919028421875 0.5086725125 0.20688030937500002 0.6510264765625 0.261375384375 0.6513269828125 0.26138587812499997
0 0.498340959375 0.3093340375 0.49255148125000003 0.3103548765625 0.4924769890625 0.31248808437500003 0.5123542015625 0.3908269859375 0.6588554609374999 0.40542687343750006 0.6445772140625 0.3298217296875 0.498340959375 0.3093340375
0 0.6515703890625 0.26313777968749996 0.5157750734375 0.2066218234375 0.5105534796875 0.20643948124999997 0.5040320296874999 0.28098000624999997 0.643636821875 0.343980309375 0.643866590625 0.3439883328125 0.6515703890625 0.26313777968749996
0 0.49094776093750003 0.5353651125 0.4907607453125 0.540720528125 0.6381909578125 0.5840381890625 0.6452285609375 0.50494011875 0.645312159375 0.5025461921875001 0.5163140328125 0.4664341671875 0.5148463578125 0.46612249375000003 0.495066275 0.4654317578125 0.49094776093750003 0.5353651125
0 0.615843321875 1 0.6225195609374999 0.918512334375 0.49538424687499993 0.8969557265624999 0.47879702343749997 0.8963764890625001 0.475475759375 0.9771520859375 0.5864133140625001 1 0.615843321875 1
1 0.6030865859375 0.9272954671875 0.61597096875 0.8439962624999999 0.4988380015625 0.8001422859374999 0.49222343437499994 0.7999113 0.478292025 0.8633494171875 0.4745576671875 0.8825610203125 0.602706315625 0.9272821875 0.6030865859375 0.9272954671875
0 0.6227816703125 0.6796133875 0.50782960625 0.617532346875 0.5061990640625 0.6174754078125 0.4822225515625 0.6958990453125 0.5953173953124999 0.761525028125 0.5963329359375 0.761835509375 0.6227816703125 0.6796133875
1 0.5291406421875 0.7047718234375 0.48231800937499997 0.8272602953125 0.4821652453125 0.8316348640625 0.5621464640625 0.8466518921875 0.6136354546875 0.7198434453125 0.5828963375 0.7138683671875 0.5291406421875 0.7047718234375
0 0.49869178437499995 0.6702016109375 0.5816337984375 0.6675085234375 0.607993059375 0.541294059375 0.5869221828125 0.540558246875 0.5420846265625 0.5412329421875001 0.5288663296875 0.54146366875 0.49863780156250004 0.667109075 0.49869178437499995 0.6702016109375
0 0.229435053125 0 0.2284975984375 0.0043981140625 0.2167417515625 0.0648767046875 0.3859362109375 0.1458034640625 0.3862909484375 0.14581585156250002 0.39681940625 0.07428624843750001 0.264101075 0 0.229435053125 0
0 0.3789041453125 0.792784390625 0.210138903125 0.733776403125 0.202081428125 0.73349503125 0.1944976671875 0.7725101000000001 0.1870776890625 0.8196134875000001 0.3616871484375 0.886618628125 0.3789041453125 0.792784390625
0 0.2124639234375 0.151261040625 0.21377163906250002 0.169962234375 0.402552990625 0.2012892953125 0.40257009843749997 0.20079941250000002 0.395728203125 0.1273628125 0.2158803640625 0.091583484375 0.21057362031250001 0.09195456875 0.2124639234375 0.151261040625
0 0.20861159375 0.6830895921875 0.20729550937500002 0.68879018125 0.2071780640625 0.6921533890625 0.28958271875 0.71558136875 0.37098458125 0.5404470703124999 0.2800683515625 0.5194574046875 0.20861159375 0.6830895921875
1 0.17754031406249998 0.8655625734375001 0.189943675 0.9431932171874999 0.1933993 0.9594506515625 0.3790002359375 0.9441322718749999 0.3621875984375 0.8541400343750001 0.1862559328125 0.8637100109375 0.17754031406249998 0.8655625734375001
0 0.31467104375 0.34247447656249996 0.36731400625 0.15766078125 0.3332424953125 0.156470978125 0.2806624859375 0.1561603828125 0.2319508609375 0.3354081078125 0.2318698703125 0.3400480421875 0.31467104375 0.34247447656249996
0 0.2377721015625 0.624715046875 0.32379007187500003 0.6106414375 0.3424401171875 0.4318764 0.34225760625 0.430389965625 0.3421921046875 0.43038767812499995 0.29262668125 0.4353685953125 0.251799553125 0.4403815375 0.2370996359375 0.624797615625 0.2377721015625 0.624715046875
1 0.36087645468749996 0.665143625 0.183440265625 0.670292075 0.1781935828125 0.6715033671875 0.178090921875 0.6744432078125 0.1907090171875 0.7304206093750001 0.1986693 0.7649003828125001 0.3877713375 0.7534889703125 0.36087645468749996 0.665143625
0 0.2118802453125 0.2616900203125 0.20364016718750003 0.3238769578125 0.200588471875 0.35291189843750004 0.3767514625 0.42190735156250003 0.3901960828125 0.3275012 0.21637218749999998 0.2621621421875 0.2118802453125 0.2616900203125
1 0.23024472343750002 0.5277050328125 0.31429772031250003 0.522612753125 0.3508216296875 0.3400087875 0.33831314687499997 0.33957198125 0.2570268890625 0.35003072031250004 0.253605928125 0.36989069531249996 0.2299429515625 0.523389484375 0.23024472343750002 0.5277050328125
0 0.8489077249999999 0.8999694140625 0.8440333484375 0.9008288984374999 0.8436453984375 0.911938371875 0.8546996359374999 0.974630071875 0.95237378125 0.9750420953125 0.939504690625 0.8975382828124999 0.8489077249999999 0.8999694140625
0 0.8664202218750001 0.8067247296875 0.8615386140625001 0.8065542609374999 0.8471819484375 0.8804129046875 0.9380591140625001 0.91772339375 0.9538196671874999 0.8407554796875001 0.8664202218750001 0.8067247296875
0 0.1236091953125 0 0.075788090625 0.11184228125 0.075643709375 0.11597683750000001 0.1584366625 0.13160519531249998 0.1631934765625 0.13177130625 0.179372959375 0 0.1236091953125 0
1 0.8772882375 0.7302391640625 0.8499912437500001 0.8197599765625 0.8497103812500001 0.8278027890624999 0.9217169359374999 0.8341576828124999 0.9556182703125 0.736794696875 0.9306402984375 0.73416940625 0.8772882375 0.7302391640625
0 0.949521228125 0.6746896062500001 0.854079078125 0.661992284375 0.84766375 0.662553553125 0.8474549671875 0.6685323296875 0.85562804375 0.73400053125 0.958010221875 0.7502014828125 0.95745616875 0.7438686140625 0.949521228125 0.6746896062500001
0 0.8534493624999999 0.5833350109375 0.8519900109374999 0.5834370578125 0.8514615015624999 0.59857158125 0.855774453125 0.66024965625 0.9579393546875 0.6781151624999999 0.9466390468749999 0.5989202203125 0.8534493624999999 0.5833350109375
0 0.057745225 0.28756111875 0.1487164734375 0.2756574875 0.1750727296875 0.09466328125 0.16404057968750002 0.09427803125 0.088775159375 0.10351946249999999 0.056057640625 0.28581680625 0.056265470312499996 0.2875094453125 0.057745225 0.28756111875
0 0.20403921249999998 0.275484715625 0.2042644234375 0.273341975 0.0379318484375 0.207133146875 0.030112275 0.20686008125000002 0.0217887265625 0.27550478749999996 0.019529178124999998 0.2970029578125 0.190113903125 0.362688725 0.20403921249999998 0.275484715625
0 0.1240095171875 0 0.023682996875 0.1599284953125 0.0223529796875 0.1645668125 0.022350915625000002 0.1646259015625 0.10432297343750001 0.1918759859375 0.21496256093750002 0.0215203859375 0.2149629890625 0.021508112500000003 0.1399552875 0 0.1240095171875 0
0 0.0294810984375 0.45292981875000005 0.0291823171875 0.4614857875 0.1235921890625 0.47089920625000004 0.1865937078125 0.2947462875 0.0984934046875 0.2869965484375 0.0294810984375 0.45292981875000005
0 0.11875797031249999 0.8681691234375 0.15756348125 0.6786947421875 0.0732067265625 0.6742737921875 0.0681976453125 0.674098871875 0.021676114062499998 0.8555210125 0.021460604687500003 0.861692375 0.1158814046875 0.8680686718749999 0.11875797031249999 0.8681691234375
0 0 0.68467863125 0.1695275 0.7583829484375 0.17097853125 0.758691375 0.18732296875 0.683281784375 0.19099076718750002 0.6660261578125 0.0185533421875 0.5879388234375 0.01433379375 0.5877914734374999 0 0.6552266703125 0 0.68467863125
0 0.19498974062500002 0.56240418125 0.02486215 0.4896616296875 0.016584521875 0.48937256875 0.014902656249999998 0.4980250234375 0.0002793640625 0.581775159375 0.175892128125 0.66065288125 0.19498974062500002 0.56240418125
0 0.00998544375 0.3953349796875 0.000713090625 0.47085223593750003 0.0000084078125 0.4910316828125 0.184485021875 0.555611059375 0.19760658749999999 0.4628639328125 0.0166646515625 0.39556822187499996 0.00998544375 0.3953349796875
0 0.062370053125000005 0.77508001875 0.0379274515625 0.7780811937500001 0.034538234375 0.9716988656250001 0.0349045875 0.9746825687499999 0.035522775 0.97470415625 0.06000484375 0.971698134375 0.136590346875 0.9589187125 0.135174909375 0.7680005359375001 0.062370053125000005 0.77508001875
0 0.902616375 0.27155846562499997 0.8534023421875 0.3639075375 0.8531740921875001 0.37044374062499996 0.9177013 0.387399446875 0.9735556000000001 0.288556509375 0.9392411375 0.2800139578125 0.902616375 0.27155846562499997
0 0.953136096875 0.5306418500000001 0.8690754625 0.5035076843749999 0.8617770437500001 0.5032528187499999 0.8561037140625001 0.568099284375 0.85603554375 0.5690812968750001 0.94562869375 0.603679440625 0.953136096875 0.5306418500000001
0 0.8788779218749999 0.1946040875 0.8773962953125001 0.19423467656249999 0.872875778125 0.1940768171875 0.8609286578124999 0.251839753125 0.9554695796875 0.3201233234375 0.9721731640625 0.247747371875 0.8788779218749999 0.1946040875
0 0.8602389546874999 0.43317991874999995 0.9661133203125001 0.44937242343749995 0.966124209375 0.4490606203125 0.9538604749999999 0.37515225625 0.8605511765625 0.3612308984375 0.8537828218750001 0.362182128125 0.8602389546874999 0.43317991874999995
0 0.957195775 0.4362295546875 0.8829678515625 0.433637459375 0.855850853125 0.5176484515625 0.8555406046874999 0.5265328046875 0.924691490625 0.5275087203125 0.957195775 0.4362295546875
0 0.8666539546875001 0.1364896296875 0.979195340625 0.164295228125 0.9792244906249999 0.163460484375 0.9647804359375 0.0943897609375 0.857510396875 0.0671825515625 0.8571791546875 0.07666809062499999 0.8666539546875001 0.1364896296875
0 0.964962228125 0.20296302968750002 0.9675981437500001 0.1943413390625 0.948304525 0.1771849484375 0.8809473499999999 0.1193129671875 0.8774551890625 0.1191910171875 0.8556533578125001 0.1810563046875 0.8538899421874999 0.1868241796875 0.9479346953125001 0.2549989890625 0.964962228125 0.20296302968750002
0 0.972164446875 0.0954680546875 0.9663523671875 0.0159806109375 0.9274309796875 0.014621446875 0.8607464859375 0.0192844796875 0.8604482906250001 0.027823710937500003 0.8646748671875001 0.060526621875 0.972164446875 0.0954680546875