0 0.1482318078125 0.8568818609375001 0.1533248171875 0.8589395718749999 0.15876133750000002 0.8472809140625 0.177749796875 0.7978655375 0.0888869875 0.7212086 0.0638708984375 0.7878149156250001 0.1482318078125 0.8568818609375001
0 0.155636728125 0.6663290078124999 0.0890448109375 0.7644414859374999 0.1539838484375 0.78318723125 0.22113695781249998 0.68524370625 0.155636728125 0.6663290078124999
1 0.25446711875 0.55961873125 0.3391328828125 0.48635322031249995 0.3397991171875 0.48492447343749995 0.2764357484375 0.44246332343750006 0.18790126093749998 0.5202992578125001 0.1919050484375 0.5228011015625 0.25446711875 0.55961873125
0 0.227323290625 0.6332936171875 0.3011546015625 0.5567063359375 0.303850490625 0.55092498125 0.2378606453125 0.5174130359375 0.15539363281250002 0.600555321875 0.178879021875 0.6125217265625 0.227323290625 0.6332936171875
0 0.233395834375 0.7094098625 0.256097303125 0.65322175625 0.162523628125 0.5767121671875 0.1575097921875 0.5874643765625 0.1321089 0.6493765296875 0.22464970312500002 0.72724834375 0.22500977500000002 0.727393821875 0.233395834375 0.7094098625
0 0.3711380625 0.417717890625 0.3725795984375 0.41462650468750006 0.3072983046875 0.372589353125 0.22192791406249998 0.45507665468749997 0.2869606515625 0.49415226562500003 0.3711380625 0.417717890625
0 0.3441947359375 0.42346942812500005 0.40318210781249997 0.3195472015625 0.324387409375 0.29591725625 0.26525077812500003 0.4006959296875 0.3323014296875 0.420282628125 0.3441947359375 0.42346942812500005
1 0.445546896875 0 0.408807565625 0.0480924546875 0.5011841031250001 0.1454023890625 0.5059575109375001 0.147628265625 0.5536205078124999 0.08437733124999999 0.4759704734375 0 0.445546896875 0
1 0.42207267187499997 0.05747660624999999 0.41763927812499996 0.06404937968749999 0.375177409375 0.1281334046875 0.47331414531249993 0.22550392656249998 0.4771535953125 0.227294290625 0.4785281453125 0.2252564375 0.523955546875 0.15526784531249999 0.424448809375 0.0590793296875 0.42207267187499997 0.05747660624999999
1 0.3043218859375 0.2979482140625 0.42772309531249997 0.3605283765625 0.4344444875 0.36220420781249996 0.45214458750000003 0.2992637796875 0.4547925640625 0.2886433328125 0.3239761953125 0.2203151765625 0.3145622625 0.2568763078125 0.3043218859375 0.2979482140625
1 0.4331358953125 0.29986913125000003 0.439748803125 0.30467368906250003 0.43975937500000006 0.30467861875 0.481351175 0.24485492031249997 0.38971686562499996 0.13710508593749998 0.33978225 0.2027043078125 0.4331358953125 0.29986913125000003
0 0.34627525625 0.770661884375 0.265429728125 0.74812668125 0.18097375468750002 0.8787881859375 0.1878288640625 0.8819847765625 0.20606948125 0.8876179765625001 0.2559057078125 0.9019082859375 0.3455377953125 0.77323371875 0.34627525625 0.770661884375
0 0.2697460140625 0.8110790937499999 0.20761053281250003 0.9153455109375 0.23366518281249998 0.9274949953125 0.275467246875 0.9371457624999999 0.2785856765625 0.9304582703125 0.3051152625 0.8155460124999999 0.2697460140625 0.8110790937499999
0 0.356713403125 0.449656828125 0.3339062265625 0.5193464875 0.3307254 0.5304393468749999 0.4609903046875 0.6047187734375 0.4614513546875 0.6048509765625 0.461596428125 0.6045398640624999 0.4749376015625 0.5603675625 0.483277559375 0.5312826765625001 0.3571248671875 0.44977481406250003 0.356713403125 0.449656828125
0 0.3186957140625 0.67624954375 0.2203280921875 0.7936977359374999 0.2302149734375 0.7983080640625 0.2971250421875 0.8241814249999999 0.3860119921875 0.715301603125 0.38823638437499997 0.7095068640625 0.3186957140625 0.67624954375
0 0.41443304999999997 0.6833696625 0.41883590625 0.6851485312500001 0.43200713906250005 0.6569027296875001 0.4484063359375 0.6163132953125 0.3302427078125 0.5172492703125 0.3042888453125 0.5982677562500001 0.41443304999999997 0.6833696625
0 0.43327646406250003 0.6633829203125 0.4353535125 0.6608179796875 0.4353791359375 0.66076303125 0.3778688765625 0.6123462125 0.24657257187499998 0.6934728156250001 0.3098943265625 0.7447497609375 0.43327646406250003 0.6633829203125
0 0.40672784687499997 0.368581053125 0.36848212187499996 0.43733911406250003 0.3674320515625 0.439492071875 0.47058962031249996 0.524950315625 0.47439058437500004 0.5277107765625 0.48947120312500003 0.5347429859374999 0.5191706859375 0.4773742796875 0.5238879421875 0.46725809218750003 0.409179784375 0.369724409375 0.40672784687499997 0.368581053125
0 0.5765329265625 0.128840390625 0.65329694375 0.1437618046875 0.6857851890625 0.034944096875000004 0.6467488078125 0.016741134375 0.606869840625 0.0089894484375 0.5673229515625 0.126246628125 0.5699786609374999 0.12748500625 0.5765329265625 0.128840390625
1 0.5244183828125 0.1420893953125 0.623842375 0.223287215625 0.6301786609375 0.226241875 0.645009090625 0.2015598984375 0.670862603125 0.15451814218749998 0.5707937296875001 0.068973775 0.5244183828125 0.1420893953125
0 0.45496169843749995 0.3114127078125 0.56655555 0.379454303125 0.5739278453125001 0.363644365625 0.5961805109375 0.302505665625 0.486675259375 0.23105069375 0.485677359375 0.2306874875 0.45496169843749995 0.3114127078125
1 0.6351304828125001 0.21518353281249997 0.51053399375 0.1594514390625 0.5100519390625 0.160485209375 0.4929886359375 0.24357718906249998 0.616005378125 0.2955919421875 0.6171171984375 0.2932076359375 0.6351304828125001 0.21518353281249997
0 0.517394575 0.4546663546875 0.5259917296875 0.45867527499999994 0.5604699984375 0.385206575 0.4591380046875 0.3037440953125 0.4241823109375 0.374978225 0.517394575 0.4546663546875
0 0.5877484546875 1 0.4604561109375 0.8746387656250001 0.458822978125 0.8738772234375001 0.42580245625 0.9376531140625 0.481474621875 1 0.5877484546875 1
0 0.8224314765624999 0.20197424531250002 0.7312049484375 0.364724690625 0.7406781421875 0.3691421125 0.75785926875 0.3757373296875 0.8155426609375 0.395545253125 0.9118504609375 0.2352238234375 0.8224314765624999 0.20197424531250002
0 0.49909395468750006 0.98798413125 0.6436779765625 0.8684673500000001 0.64556755625 0.8644151328125 0.5868595 0.8222644265625 0.4375504921875 0.9378649546875 0.498625953125 0.9876314671875001 0.49909395468750006 0.98798413125
0 0.7830900578125 0.5764290171875001 0.8208735765625 0.5241768359375001 0.8329868984375001 0.5055239593749999 0.6965113453125 0.36938691874999996 0.64605220625 0.44800865468750006 0.776362225 0.5720599109375 0.7830900578125 0.5764290171875001
1 0.819552196875 0.30037267343749996 0.8729979718750001 0.3127116046875 0.9374414921875 0.1522933578125 0.8919036124999999 0.1310586953125 0.8468418171875 0.1206553609375 0.7838835515625 0.29101953125 0.7847590546875 0.291427784375 0.819552196875 0.30037267343749996
0 0.5488551265625 0.70208043125 0.49999715 0.77012728125 0.6198947265625 0.9125064671875001 0.62107111875 0.9133301859375 0.625196965625 0.9152541 0.6682570953125 0.8537578625 0.673475878125 0.8461184265625 0.549365515625 0.7023184296875 0.5488551265625 0.70208043125
0 0.6700420203124999 0.6424281578125 0.7101215 0.651681234375 0.786847115625 0.4837685703125 0.78535991875 0.48307507968749996 0.7007048546875 0.46706705625 0.6220383015625 0.6286725515625 0.6216994296875 0.630140365625 0.6700420203124999 0.6424281578125
1 0.7642489125 0.47945917812500005 0.8826822640625 0.34482943125 0.8845355953125 0.34085495 0.8020347953125 0.29265110625 0.681371534375 0.43878471562500004 0.682848878125 0.4396376609375 0.7642489125 0.47945917812500005
1 0.610821909375 0.819785240625 0.7253952203125 0.6751682046874999 0.7271363203125001 0.671066428125 0.6418862546875 0.631123059375 0.525753065625 0.7819204375 0.5801553953125 0.8067680781250001 0.610821909375 0.819785240625
0 0.6030507015625 0.70906396875 0.6282724046875 0.7273886078125 0.7715264328125 0.6126651187500001 0.77167781875 0.6124567515625 0.773399746875 0.608764065625 0.6950998734375 0.5585576140625 0.6797135203125 0.571572284375 0.5595908984375 0.676866628125 0.6030507015625 0.70906396875
0 0.23588672187499998 0 0.21256239531249999 0.0384003234375 0.23220294843749997 0.0475588640625 0.2835384546875 0.06726471875 0.3260960765625 0 0.23588672187499998 0
1 0.299485059375 0.04445246875 0.29942243281250003 0.0444232640625 0.2231570953125 0.029304129687500003 0.182454234375 0.12090622656250001 0.186885375 0.1229725 0.21229903125 0.12883970625000002 0.2545901453125 0.1378625515625 0.29854420937500004 0.048527748437500004 0.299485059375 0.04445246875
0 0.19214554687500002 0.0886921265625 0.153756653125 0.146786803125 0.2175205015625 0.2165631828125 0.2257987109375 0.22042337500000003 0.22639249218750002 0.2195753703125 0.2638073328125 0.161705371875 0.1957918046875 0.08348472812499999 0.19214554687500002 0.0886921265625
0 0.11118510156250001 0.245115409375 0.16570336562500002 0.27170574375 0.18114834062500001 0.278907853125 0.2424710953125 0.2056160140625 0.24551987031250003 0.1990778953125 0.1730974796875 0.169994675 0.11118510156250001 0.245115409375
0 0.7177693781250001 1 0.840586996875 0.9046461515625 0.8416590890625001 0.902347040625 0.7653886 0.8498392015625 0.6233162531249999 0.9678522031250001 0.669228065625 1 0.7177693781250001 1
0 0.724037365625 0.9258016390625 0.7466804125000001 0.938352884375 0.874963565625 0.8087422203125 0.8763676421875 0.8057311671875 0.7964121875 0.7597293406250001 0.6703438687500001 0.890004434375 0.6694589765625001 0.8916008203124999 0.724037365625 0.9258016390625
0 0.7632689859374999 1 0.7929341937500001 0.9606361078125 0.7948079375 0.9554880390625 0.7089177671875 0.9257827359374999 0.6547957890625 1 0.7632689859374999 1
0 0.7203664484375001 0.7689053265625 0.88306973125 0.8579079109375 0.8847318843749999 0.8543434124999999 0.8913223078125 0.8313598765625001 0.9059312734375 0.772884265625 0.745230784375 0.6740878484375 0.7203664484375001 0.7689053265625
0 1 0.32409015937499996 0.8771814484375 0.45317749531249996 0.9504679375 0.504493246875 1 0.4572953046875 1 0.32409015937499996
0 1 0.48661933749999997 0.8886772531249999 0.3985025875 0.8872329515624999 0.39782909843750003 0.868273025 0.4359644578125 0.8441103265625 0.485505328125 0.9958076437500001 0.6018968015625 0.99734424375 0.6026133296875 1 0.597168221875 1 0.48661933749999997
0 0.8027847078124999 0.5718580015625 0.9408603687499999 0.6883362859375 0.9521736203125 0.6936117421875 0.9561802 0.6860764625 0.99465069375 0.610261246875 0.8497729859375 0.48348590468749997 0.8027847078124999 0.5718580015625
0 0.759269846875 0.6694032546875001 0.9211988625 0.779836915625 0.94006478125 0.739378821875 0.9591558375 0.6945176203125001 0.796076909375 0.5786186828125001 0.79512070625 0.58066926875 0.759269846875 0.6694032546875001
0 1 0.2696070640625 0.9354452406249999 0.3910023828125 0.940662378125 0.3934351734375 0.96906079375 0.4037713515625 1 0.4135422609375 1 0.2696070640625
0 0 0.49112378593750006 0.066135746875 0.55973803125 0.0756442765625 0.5641719328125 0.0904801953125 0.5410827328125001 0.11039939531250001 0.5079316171875 0.034466803125 0.4251528453125 0 0.4803550875 0 0.49112378593750006
0 0.09483205 0.292868165625 0.16025820625 0.3536439953125 0.1660351390625 0.3563378234375 0.19860345 0.29992785781250003 0.1990802484375 0.2990666609375 0.1325030875 0.22984639375000002 0.09483205 0.292868165625
0 0 0.6126502625 0.022904659375 0.616149328125 0.0855289125 0.519121553125 0.085729290625 0.5180907046875001 0.012995798437500001 0.50527145625 0 0.5311479421875 0 0.6126502625
0 0.11421403593749999 0.49009367187499997 0.119338375 0.4918581234375 0.121806428125 0.48656536875 0.142213265625 0.42215163437500003 0.0596732046875 0.3633074640625 0.032451875000000005 0.43135137968750004 0.11421403593749999 0.49009367187499997
0 0.1508591671875 0.4168671875 0.160494478125 0.3872127515625 0.17063678124999998 0.352132546875 0.089290471875 0.29749276406249997 0.0874561875 0.3014264 0.0680184859375 0.36577245 0.1468199140625 0.4221901671875 0.14817214218750002 0.42262953281250004 0.1508591671875 0.4168671875
0 0 0.67173030625 0.02617046875 0.696711865625 0.02882483125 0.6976779750000001 0.054263846875 0.6359976359374999 0.0563267125 0.63032995625 0 0.5848165890625 0 0.67173030625