0 0.71529025625 0.8789983031249999 0.7142894937500001 0.9374948671875 0.715183371875 0.94477491875 0.720550953125 0.94477491875 0.8246419578124999 0.9123393156249999 0.8263986093750001 0.8412118218750001 0.71529025625 0.8789983031249999
0 0.7215169718750001 0.8868247046875 0.8173511765624999 0.81862886875 0.7974749453125 0.754026878125 0.7005396 0.8223209515625 0.7204334765625 0.886957740625 0.7215169718750001 0.8868247046875
1 0.7873209828125 0.61771161875 0.7378546671875 0.5168663203125 0.6658801828125 0.52631218125 0.6622980359375 0.5268795359375 0.6626969484375 0.5301284093749999 0.7121363374999999 0.6329505765625 0.7175862796875 0.6322814078125 0.7875105703124999 0.618908628125 0.7873209828125 0.61771161875
0 0.7728111203125 0.5877190328124999 0.7723174640625 0.5877796453124999 0.6755224625 0.652496025 0.6962087218749999 0.7246375859375 0.6974044593750001 0.72449076875 0.69922371875 0.7239691046875001 0.7896142984375001 0.6653800875 0.7728111203125 0.5877190328124999
0 0.7337793734375 0.6802011828125 0.683888340625 0.682211140625 0.6839955734375 0.68528188125 0.7233431 0.7978245578125 0.7892425796875 0.795523296875 0.8028994562499999 0.79497201875 0.8041252468750001 0.7948215109375 0.761866634375 0.67922035625 0.7337793734375 0.6802011828125
1 0.6527067125 0.54903588125 0.6552280078125 0.5492564671875 0.7674042609375 0.525903196875 0.7740167125 0.45032254062500005 0.657103628125 0.470903815625 0.6527067125 0.54903588125
0 0.6679016718749999 0.48982508124999996 0.7653193265625 0.42013306093749997 0.734188109375 0.34416700312500004 0.6361648859375 0.41393203125 0.6679016718749999 0.48982508124999996
1 0.679676059375 0.023576575 0.6021397296875 0.0214855234375 0.5992026359375 0.021846153125 0.5991289671875 0.026066607812499996 0.6192422578125 0.16081152031249998 0.7024892703125001 0.161716240625 0.679676059375 0.023576575
1 0.7205709453125 0.1179623 0.7193307015625 0.1101317109375 0.71649985 0.11058007343750001 0.5856650937500001 0.155703109375 0.5972578453125 0.2383327640625 0.597657240625 0.24085444374999998 0.6036716906249999 0.2401159625 0.7319713890624999 0.1939873125 0.7205709453125 0.1179623
1 0.6762118765625 0.264377884375 0.6033604625 0.29047256718750003 0.603364496875 0.2905054296875 0.603951321875 0.292311490625 0.676711803125 0.413929590625 0.752920265625 0.3891679609375 0.6762118765625 0.264377884375
1 0.61175535625 0.193688346875 0.6415434078125 0.3320948765625 0.6753412984375 0.330914628125 0.7169701125 0.3285298828125 0.72388674375 0.32768062656249997 0.6859240078125 0.1919052859375 0.6117296546875 0.1929523796875 0.61175535625 0.193688346875
1 0.560751515625 0.9394774640625 0.5669825515625 0.9624715734375 0.572222453125 0.9618281937500001 0.70201221875 0.8842198109374999 0.682097134375 0.8017463703125 0.5480068671875 0.88836146875 0.560751515625 0.9394774640625
0 0.5392830265625 0.9327318124999999 0.552066546875 0.9704691421874999 0.5619250703125 0.9961514703125 0.594598096875 0.9921397265625 0.6973646859375 0.9095369484375 0.687664746875 0.873830309375 0.6661187171875 0.8821010546875 0.5392830265625 0.9327318124999999
0 0.5642522640625 0.6276233671875 0.6344577109375 0.6251717375 0.6411334015625 0.6243520671875 0.6006119296875 0.48012061875 0.51736301875 0.48611952187499996 0.5175299328125 0.490899334375 0.5642522640625 0.6276233671875
0 0.5516360828125 0.71901923125 0.55119313125 0.724082184375 0.5870123281249999 0.8683075703125 0.6660921296875 0.8689160890625001 0.6324738062499999 0.725891315625 0.5516360828125 0.71901923125
0 0.58474488125 0.5614199109375 0.5126216109375 0.577152559375 0.513609321875 0.585196809375 0.5802528921875 0.7069684890625 0.6534676890625 0.6956831765625 0.663894421875 0.6932759749999999 0.58474488125 0.5614199109375
0 0.5716346265625 0.7877788125 0.643559684375 0.7940714390625 0.652324371875 0.792995271875 0.6147130609375 0.6453165796875 0.539695859375 0.6401937421875 0.5394031015625 0.6435399703125 0.5716346265625 0.7877788125
0 0.5140527671874999 0.5407788578125 0.51804345 0.5398575359375 0.5258786546875001 0.5365334390625 0.645616221875 0.47647089062500003 0.645077378125 0.47413689843749995 0.623207425 0.3982891546875 0.6218857343749999 0.3984514375 0.4866203484375 0.468487725 0.4878257875 0.4737090640625 0.5052852265625 0.5418553765625 0.5140527671874999 0.5407788578125
0 0.5104807 0 0.4293699859375 0.0273335640625 0.429442128125 0.0279211171875 0.4442294453125 0.0919720234375 0.44889680312499997 0.1111419234375 0.45627704218750004 0.11023574375 0.5829650281250001 0.062522171875 0.5704099921875 0 0.5104807 0
1 0.4755296203125 0.198333646875 0.49273349062499994 0.199838790625 0.561963909375 0.20421150312499997 0.55157606875 0.07297236875 0.46783856406249996 0.0623828734375 0.4755296203125 0.198333646875
0 0.4730047078125 0.27462067343749996 0.4661727546875 0.35271027187500004 0.46669350156249995 0.35695141406249997 0.597228140625 0.3423748453125 0.60350625 0.2562319515625 0.6024483468749999 0.256139396875 0.4730047078125 0.27462067343749996
1 0.5197994328125 0.29428101406249996 0.59721970625 0.2661023390625 0.5971134874999999 0.2652372578125 0.5303645312499999 0.14925066250000002 0.4507775265625 0.1760417765625 0.451365790625 0.18083279218749998 0.5197994328125 0.29428101406249996
0 0.6144748515625 0.4352087125 0.6169796234375 0.43439486250000003 0.5457714609375001 0.3227386359375 0.47176628125000003 0.3469814578125 0.47216872031249996 0.35025906562500003 0.47231605312499997 0.3507125078125 0.5369326937500001 0.45912349218750004 0.6144748515625 0.4352087125
0 0.34866592500000004 1 0.4408878484375 0.938815840625 0.4392769578125 0.934137478125 0.41234221406250005 0.8602652531249999 0.262997159375 0.973776353125 0.2707018984375 1 0.34866592500000004 1
0 0.16216948281250002 0.192327921875 0.1649995265625 0.23329280156249999 0.17083925312499998 0.280853565625 0.175731 0.280339421875 0.35092767343750003 0.235773703125 0.3419543828125 0.14079597187499998 0.16216948281250002 0.192327921875
0 0.2500787015625 0.90254810625 0.2719430484375 0.9561935484375 0.27775039218750003 0.955480496875 0.42721923593750005 0.8498399265625001 0.40343930156249996 0.7794932484375 0.24366689687499998 0.8849318203125 0.2500787015625 0.90254810625
0 0.1855490234375 0.3675918953125 0.18255859531250002 0.45322659375 0.1834085671875 0.46014905156249997 0.185758675 0.46023112031249996 0.372322809375 0.42757364062500003 0.37098553437500004 0.3395787859375 0.1855490234375 0.3675918953125
1 0.315731034375 0.035048865624999995 0.143404990625 0.10566115312499999 0.14770672812500002 0.12171545312500001 0.17159168281249998 0.195566203125 0.178700625 0.194693334375 0.180505546875 0.19420970625 0.3416064859375 0.122865315625 0.315731034375 0.035048865624999995
0 0.23269998906249997 0.7376965984375 0.22206006718750002 0.81340358125 0.222800146875 0.819431053125 0.22888092499999999 0.82028565 0.4102079953125 0.8005766484375 0.4233000578125 0.7146339734375 0.23269998906249997 0.7376965984375
0 0.2180874875 0.6605549734375 0.3681691375 0.6095694359375 0.3871333484375 0.602751796875 0.3828822625 0.511534853125 0.3825271828125 0.508156490625 0.38175027031250003 0.508238146875 0.207434578125 0.57623910625 0.209375759375 0.5947082234375001 0.21746870937499999 0.6606200109375 0.2180874875 0.6605549734375
0 0.366660859375 0.5684364625 0.36639927031249997 0.566952925 0.29629830625000003 0.4014518140625 0.210683175 0.413039646875 0.211365575 0.41859735000000003 0.2772326078125 0.5853201578125 0.3177414265625 0.5781773593749999 0.366660859375 0.5684364625
1 0.22516461875 0.3971363578125 0.3133433546875 0.40485099687500004 0.3214118921875 0.4038603046875 0.321448190625 0.403445409375 0.301405084375 0.2229940875 0.21017646406249998 0.20865623906250003 0.22516461875 0.3971363578125
1 0.3321455515625 0.5834407734375 0.24031878906249998 0.584319078125 0.24024741875000002 0.588407890625 0.283709890625 0.7680485171875 0.31861259999999997 0.7686577453125001 0.37935969375 0.76748589375 0.3321455515625 0.5834407734375
0 0.8013941078125001 0 0.8399835328125 0.084822421875 0.9152849359375 0.06241364687499999 0.88451718125 0 0.8013941078125001 0
0 0.819453103125 0.152881925 0.8224823906250001 0.15293479999999998 0.916164671875 0.1358742515625 0.9174059515625 0.0659874125 0.9165716343750001 0.059192440624999995 0.8196718140625 0.07501604843750001 0.8184546046875001 0.1447498140625 0.819453103125 0.152881925
0 0.2444985578125 1 0.2640744828125 0.9954263828125001 0.2667033828125 0.9590353781250001 0.266631221875 0.9584476734375 0.07797268125 0.948560496875 0.0767294875 0.9722820437499999 0.077063121875 1 0.2444985578125 1
1 0.8909884140625 0.1303588359375 0.8198097328125 0.14296533125 0.820790503125 0.1509530609375 0.8557858765624999 0.23775412812500002 0.9085923734374999 0.22918890468750003 0.9332464874999999 0.22439662968750002 0.8909884140625 0.1303588359375
0 0.837902803125 0.21095212343749997 0.8525006421875 0.307727715625 0.9025845703125001 0.31258846875 0.9242255484375 0.314101753125 0.92792885625 0.3136470453125 0.9101638765625 0.21281371249999997 0.83831100625 0.20511454375 0.837902803125 0.21095212343749997
0 0.8398798749999999 0.332065740625 0.8492147765625001 0.391003984375 0.8575536171874999 0.389980103125 0.9397652000000001 0.355936396875 0.932960896875 0.2762292 0.8379561046875 0.3163978890625 0.8398798749999999 0.332065740625
0 0.05824431875 0.774163275 0.1468693890625 0.9329034296875 0.23216928750000002 0.9147723750000001 0.1475023546875 0.750628746875 0.057609306250000006 0.768991515625 0.05824431875 0.774163275
0 0.1940111375 0.6568376296875 0.039093971875 0.7538656625 0.04541405 0.774537709375 0.0669800890625 0.841253 0.0708780125 0.8407743953125 0.2249498375 0.7418427796875 0.22431991093749998 0.7397823796874999 0.1940111375 0.6568376296875
0 0.0981383703125 1 0.2517742078125 0.9500741203124999 0.24658965312499997 0.8625093359375 0.24633530937499998 0.862513775 0.0568665734375 0.9208052875 0.0569030765625 0.9475988953125001 0.0578177421875 1 0.0981383703125 1
0 0.11066998125000001 0.7467747703125001 0.18335631875 0.7403809203125 0.198586403125 0.7385109015625 0.135768765625 0.5628721125 0.0413283921875 0.5722885718749999 0.0426805296875 0.5833008546875 0.11066998125000001 0.7467747703125001
0 0 0.1999557125 0.0512828125 0.36377676875 0.0985923171875 0.35880433906250003 0.140073375 0.35371110625 0.091566571875 0.1671497984375 0 0.1781711546875 0 0.1999557125
0 0 0.42696961875 0.00853036875 0.4548711984375 0.012721018749999998 0.4543566515625 0.17769650625 0.3615375515625 0.17253874062500002 0.34466725781249996 0.14968411875 0.270969134375 0.148265490625 0.271402853125 0 0.35189650625 0 0.42696961875
0 0.027760925 0.3643528734375 0.0255880640625 0.3646196671875 0.025444509375 0.36873058593749997 0.0619461546875 0.553287484375 0.1369367734375 0.55734311875 0.1558187 0.5580024906250001 0.15859055 0.55766215 0.124586775 0.3677341046875 0.027760925 0.3643528734375
0 0.14671953437500002 0.6460777546875 0.2020246265625 0.622542215625 0.090719528125 0.45933540624999997 0.0019526046875000002 0.4951995703125 0.0024525484375 0.49927128749999994 0.002839846875 0.5002298828125 0.1154666953125 0.6587047218750001 0.14671953437500002 0.6460777546875
0 0 0.21758490468749997 0.148268296875 0.20980711875 0.154324228125 0.11229986249999999 0 0.11654374999999999 0 0.21758490468749997
0 0.9299475875000001 0.5759187031249999 0.8657435703124999 0.5939930718750001 0.86668164375 0.6016330578125 0.9168866640625 0.692005309375 0.9533582796875001 0.6829119140625 0.9875184265625 0.6737717953125 0.9299475875000001 0.5759187031249999
0 0.9339499671875 0.35724540781249997 0.8484641093749999 0.401019053125 0.848634553125 0.40198856093749996 0.8612071515625 0.46666897656249995 0.8625284593749999 0.466506740625 0.8662067453125 0.465791753125 0.9490507499999999 0.4290981546875 0.9339499671875 0.35724540781249997
0 0.8760063359375 0.7031659953125 0.8926170625 0.7697879750000001 0.8941866265625 0.7695952562499999 0.98628548125 0.7030755046875 0.97380330625 0.6427256515625 0.8750409749999999 0.6989831234375 0.8760063359375 0.7031659953125
0 0.8673105078125 0.5098301875 0.8870126468749999 0.6067931765625 0.903507259375 0.6086495625 0.9597353359374999 0.61356888125 0.96140371875 0.6133640296875 0.9400610125 0.510263028125 0.8675160015625 0.5074813796875 0.8673105078125 0.5098301875
0 0.852838421875 0.44536138125 0.887441946875 0.5327568406250001 0.91549346875 0.5313806953125 0.9351221765625001 0.530008121875 0.95830646875 0.5271614484375 0.9255023 0.4364865390625 0.852407534375 0.4391993921875 0.852838421875 0.44536138125
0 1 0.8948219234374999 0.9631506062499999 0.7929050828124999 0.8985787421874999 0.789521015625 0.8938801046875 0.7900979359375 0.8937584093750001 0.792420034375 0.9321425140624999 0.8965655640625 0.9694967703125 0.9003674234375 0.996954871875 0.9018064406249999 1 0.9014325453125 1 0.8948219234374999
0 1 0.81622438125 0.9462132703125 0.7189466999999999 0.875135640625 0.7345908750000001 0.8754162609374999 0.7368763453125 0.9252678109374999 0.811714596875 0.939169215625 0.831832509375 1 0.8211064015625 1 0.81622438125
0 0.916624703125 0.8513912265625001 0.9439767390625 0.9467308125 0.9549935609375 0.9478887281249999 0.9906015171875 0.9435166203125 0.99396398125 0.9134194203125 0.99995635625 0.8564057828125 0.9170415999999999 0.8474247187499999 0.916624703125 0.8513912265625001