0 0.126570640625 0.8506982000000001 0.205908184375 0.9254816234375 0.20757144374999997 0.9262928484374999 0.2120541953125 0.927410525 0.23947103906249997 0.8686681281249999 0.15652457656250002 0.786349065625 0.15606441875 0.7862343359375 0.126570640625 0.8506982000000001
0 0.23425677656250002 0.8540398937499999 0.2370027296875 0.8547245359375 0.2619398703125 0.7933169078125 0.1715523015625 0.716293784375 0.1458945828125 0.7794580734375 0.23425677656250002 0.8540398937499999
1 0.2662588375 0.6053351328125001 0.341494725 0.5221538046875 0.34183484062499997 0.5207896796875 0.27378606250000004 0.4863756796875 0.1953973125 0.5744210765625 0.199676153125 0.5764163328125 0.2662588375 0.6053351328125001
0 0.2557862625 0.6831456499999999 0.3166124328125 0.5961164453125 0.3182050640625 0.589728753125 0.24806616875 0.5670433453125 0.17962078125 0.6620626953125 0.204688984375 0.6702078484375 0.2557862625 0.6831456499999999
0 0.3043143078125 0.6777350125 0.2609574703125 0.6572338296875 0.23548625156249997 0.6453564046875 0.151507971875 0.7351598859374999 0.1514521265625 0.73538386875 0.16484338125 0.7417171921875 0.224604996875 0.769584490625 0.3028849515625 0.6834678484375 0.3043143078125 0.6777350125
0 0.3443976671875 0.5281724609375 0.346827140625 0.44995449374999996 0.23215272343749999 0.41926189062499997 0.23215272343749999 0.49513125156250004 0.341866740625 0.5281724609375 0.3443976671875 0.5281724609375
0 0.319287603125 0.457796078125 0.377104815625 0.35995344375 0.3784867125 0.3544109625 0.3017093859375 0.3299176453125 0.2407531203125 0.43364828437499997 0.30745172656249997 0.45440219375 0.319287603125 0.457796078125
1 0.326094425 0.078850459375 0.44371628437500005 0.147796796875 0.446374225 0.1484594953125 0.47460537968749994 0.070895034375 0.355121325 0.0033222234375 0.3529639171875 0.0027843218749999997 0.326094425 0.078850459375
1 0.43792766250000004 0.09482285 0.359471875 0.086595725 0.31870821718750003 0.2196901484375 0.32791359375 0.22198530625 0.40292878906249996 0.2311960140625 0.4444574171875 0.10165883281250002 0.44507787656250003 0.0966055984375 0.43792766250000004 0.09482285
1 0.3819410484375 0.394878909375 0.3874696796875 0.39625735156249997 0.4179053125 0.3245554921875 0.30055350625 0.23963558906250002 0.2680224828125 0.3103402234375 0.3819410484375 0.394878909375
1 0.41736692187499996 0.3089263078125 0.43742832343750004 0.2300996390625 0.305855765625 0.17385427656250002 0.290643884375 0.24661518125 0.4129095109375 0.307897234375 0.41736692187499996 0.3089263078125
0 0.39701720625000003 0.791392 0.3131213765625 0.7890844921875 0.2626133171875 0.9367956609375 0.265315778125 0.9374694609375 0.28927037968749997 0.9387928437499999 0.341083396875 0.94060219375 0.3969238328125 0.7940658484374999 0.39701720625000003 0.791392
0 0.3952026796875 0.9655299656249999 0.3992613828125 0.9324744890625001 0.402535690625 0.89276550625 0.2672188734375 0.8743230296875 0.24471596875 0.8715600203125 0.244273859375 0.8733332234375 0.24353838749999998 0.9085030421875 0.390152209375 0.9762232375 0.3924657234375 0.9765073015624999 0.3952026796875 0.9655299656249999
0 0.40138939687499997 0.619382 0.5001457078125 0.512332990625 0.5010056265625 0.50888404375 0.4359344421875 0.471608875 0.3275022203125 0.5768092874999999 0.360193515625 0.59654675 0.40138939687499997 0.619382
0 0.2832586265625 0.7832051484375 0.4159245375 0.8565843515625 0.4207822640625 0.8371010703125 0.43162069687500004 0.775633265625 0.304128575 0.7071940718749999 0.303049540625 0.707003809375 0.2832586265625 0.7832051484375
0 0.3851237578125 0.6947902765625 0.48261213593749996 0.5927429234375 0.4839411046875 0.5902434953125 0.48469157812499997 0.5872335140625 0.418455575 0.553038534375 0.307876128125 0.6599163031249999 0.3173245484375 0.664940115625 0.3851237578125 0.6947902765625
1 0.4388792453125 0.77514976875 0.4409946984375 0.7754095140625 0.4422846234375 0.7702359078125001 0.4514516984375 0.69557608125 0.3137010984375 0.6325195781249999 0.3029659328125 0.7080111109375 0.4388792453125 0.77514976875
0 0.3847687 0.387532253125 0.35893651718749997 0.4621969015625 0.3582762578125 0.46449949375 0.47470629999999997 0.530746309375 0.4814043375 0.5340115921875 0.49491726875 0.53738074375 0.5159949890625 0.4699995640625 0.5174720421875 0.4648484703125 0.38613065 0.387871825 0.3847687 0.387532253125
0 0.48615129531249995 0 0.4674641640625 0.0665540359375 0.5831911578125 0.11010676718750001 0.6043966640625 0.11539389375 0.6229953484374999 0.0370489390625 0.5341549765625 0 0.48615129531249995 0
1 0.5919971796875 0.079898421875 0.5075557625 0.0644220015625 0.4678294921875 0.19245690625 0.48317432812499994 0.196282803125 0.4961592140625 0.19833940781249998 0.550891 0.2048586078125 0.5913096234374999 0.084239478125 0.5919971796875 0.079898421875
0 0.48202553125 0.3737133328125 0.5639551234375 0.2798799296875 0.5650641359375 0.27779418125 0.566368828125 0.27256134374999996 0.49317341875 0.232269165625 0.40831685 0.3356792703125 0.41128774687499997 0.337258925 0.48202553125 0.3737133328125
1 0.56697806875 0.1559847375 0.482952790625 0.1536309328125 0.4530941125 0.28379265625 0.4588121328125 0.28521831875000003 0.535459015625 0.2892352109375 0.5677658625 0.160606765625 0.56799480625 0.1562382390625 0.56697806875 0.1559847375
0 0.46198066249999997 0.318515725 0.40121368124999995 0.435111459375 0.429760225 0.44222891249999996 0.4826725203125 0.453611246875 0.537594634375 0.3399810890625 0.5384307359375 0.3363595359375 0.46198066249999997 0.318515725
0 0.685597325 1 0.68731425625 0.950833453125 0.507229590625 0.8972776390625 0.5071910187500001 0.8974323406250001 0.5079816796875 0.9697101078125 0.5901434796875 1 0.685597325 1
0 0.6832788421875 0.2523451609375 0.8521894984375 0.320568753125 0.8553634499999999 0.3212433953125 0.8614787500000001 0.29671626406249996 0.8690035515625001 0.2613148625 0.8755443156249999 0.22886798281249998 0.698849465625 0.1636049171875 0.6832788421875 0.2523451609375
0 0.5922223640625 0.9791913703124999 0.7113450921875 0.8342825171875001 0.71242675625 0.8299442015625 0.6467545984374999 0.7997699468749999 0.5222464375 0.9417360703125001 0.5916956671875 0.978934484375 0.5922223640625 0.9791913703124999
0 0.725259121875 0.5256173140625 0.8165831359375 0.366984903125 0.8189363703125 0.35754659843750003 0.7325362625 0.3299857671875 0.642569509375 0.4950617484375 0.70801126875 0.520013146875 0.725259121875 0.5256173140625
1 0.702173190625 0.158518190625 0.862157196875 0.2306927265625 0.87100016875 0.2333962953125 0.8732056734375 0.2339461890625 0.879518453125 0.2149889515625 0.9000522468750001 0.147825940625 0.73506665625 0.0677616046875 0.702173190625 0.158518190625
0 0.7261652125 0.8458879203125 0.7380839734375 0.789814553125 0.5669426734375 0.7029924171874999 0.5665133078125 0.704714509375 0.5497747656249999 0.7881911578125 0.7134256 0.868729071875 0.720115721875 0.8701511015625 0.7261652125 0.8458879203125
0 0.623937359375 0.4549748875 0.6229217484375 0.5371573171875 0.7938574843749999 0.5860301859375 0.79726925 0.5862089890625 0.8016145328125001 0.5278947031250001 0.8032925171875 0.4958768390625 0.624230746875 0.44937673125 0.623937359375 0.4549748875
1 0.6618655609374999 0.36627845468750003 0.8460265250000001 0.403902628125 0.8474551796875 0.3981726046875 0.8445466953125 0.31194032968749996 0.6660726875 0.2696259109375 0.6657429796875001 0.269614396875 0.6618655609374999 0.36627845468750003
1 0.7430464828125001 0.7843970078125 0.75720439375 0.7235817078125 0.76328596875 0.6922947109375001 0.5927198890625001 0.6105700171875 0.5725390140625 0.7012404796875 0.7382741734375 0.7834693640625 0.7430464828125001 0.7843970078125
1 0.6011384843750001 0.54165611875 0.6003465171875 0.6267841890625 0.7802288546875 0.67603111875 0.7813979390625 0.6760311203125 0.7818820890625 0.6740893031249999 0.776503159375 0.5816915828125 0.7569301984375 0.5768935921875 0.6013743078125 0.5416561203125 0.6011384843750001 0.54165611875
0 0.1475901828125 0 0.1388328828125 0.0127596609375 0.20676991562499997 0.045894767187500005 0.24041112031249998 0 0.1475901828125 0
0 0.153678165625 0.0155985390625 0.1379648828125 0.1118227546875 0.142319228125 0.11290841562500001 0.21464289062500003 0.111646 0.231389740625 0.0196862890625 0.2313082734375 0.01501911875 0.153678165625 0.0155985390625
0 0.8179567421874999 1 0.8208376140625001 0.9450296843749999 0.7849829390624999 0.9438602406250001 0.76548748125 1 0.8179567421874999 1
1 0.20407024375 0.20018195 0.20435960625 0.20024875468749997 0.209406078125 0.1800084609375 0.2206132984375 0.12347596093749999 0.127580746875 0.082137484375 0.11205487656249999 0.1549090109375 0.20407024375 0.20018195
0 0.1613340046875 0.2703826625 0.20546042187500002 0.189374928125 0.208191221875 0.1784222875 0.13961079062499998 0.1614706875 0.08806337812500001 0.2507824984375 0.11260803125 0.2578205640625 0.1613340046875 0.2703826625
0 0.1542739796875 0.350997803125 0.160726365625 0.3526065640625 0.1832289921875 0.2784453640625 0.10269260625000001 0.22310586875 0.07487621718750001 0.2955700453125 0.1542739796875 0.350997803125
0 0.8781241218750001 0.972705375 0.8990512125000001 0.888771403125 0.7402347375 0.79268438125 0.718262621875 0.883887990625 0.8754333531249999 0.972034490625 0.8781241218750001 0.972705375
0 0.7422584624999999 0.8010101593750001 0.9114063140625 0.871783834375 0.914987203125 0.8722235125 0.9247441140625 0.80203231875 0.9273785125 0.78057685625 0.7579661453125001 0.711923978125 0.7425210359375 0.798871675 0.7422584624999999 0.8010101593750001
0 0.883803490625 1 0.8867217734375 0.98773934375 0.8879820374999999 0.9812558515625 0.7084999625 0.8858146359375001 0.7081744703124999 0.8857513656249999 0.7054685171874999 0.8966043484374999 0.704443821875 0.9018759453125 0.6912041578125 0.9763682234375001 0.7373828765625 1 0.883803490625 1
0 0.9275444875 0.60981948125 0.8326629249999999 0.610326175 0.78869101875 0.7909841515625 0.7928620953125 0.7920241171875 0.8768472765625 0.7905978578124999 0.929032825 0.6153507734375 0.92912250625 0.610212925 0.9275444875 0.60981948125
0 1 0.23011782812499998 0.935430621875 0.22120017500000003 0.8839997015625001 0.405722490625 0.899320209375 0.40954232187499995 0.97227663125 0.41850024531249996 1 0.3350746546875 1 0.23011782812499998
0 1 0.322513959375 0.98381419375 0.3221083828125 0.9060335234375 0.320750715625 0.8644529437499999 0.5083453171875 0.8644460609375001 0.508739584375 0.86551134375 0.5090051890625 0.897866178125 0.509699453125 0.9594365921874999 0.51077416875 1 0.34001949531250003 1 0.322513959375
0 0.8874625375 0.41880559218749996 0.8377527734375001 0.6019248968750001 0.8460432828125001 0.6039919515625 0.9372839468749999 0.607178146875 0.9826386265625 0.42728365 0.9828820890625 0.4203118109375 0.8874625375 0.41880559218749996
0 0.9400319312500001 0.7127736453125 0.9432601625 0.7135785343750001 0.9800660859375 0.641342840625 0.9840900765624999 0.6252034984375 0.834657909375 0.5029228984375 0.8343259125 0.502840121875 0.7903443859375 0.5853745359375 0.9400319312500001 0.7127736453125
0 1 0.1288342546875 0.950882846875 0.126666878125 0.91257323125 0.3137073203125 0.9852590343750001 0.321919521875 1 0.3232091875 1 0.1288342546875
0 0 0.61519375625 0.022321528125 0.624541440625 0.059306576562500005 0.638738671875 0.124188453125 0.5540911703125 0.1255180703125 0.5487583640625 0.060131115624999995 0.5223674609375 0 0.6049678078125 0 0.61519375625
0 0.1173940796875 0.417806265625 0.17552761562500002 0.350670703125 0.177390959375 0.3471662640625 0.1782671296875 0.3436521375 0.1196078 0.3138011234375 0.0527532078125 0.382753478125 0.0875666171875 0.401946721875 0.1173940796875 0.417806265625
0 0 0.645723446875 0.07113676249999999 0.7215804796875 0.0726328359375 0.7219534921874999 0.1016170484375 0.6597966515625 0.1033628015625 0.65587483125 0.01714944375 0.581806225 0 0.6228319953125 0 0.645723446875
0 0.0199612859375 0.542906321875 0.069143553125 0.5568273390625 0.0907393078125 0.5618131125 0.14231209218750002 0.471379821875 0.14272872187500002 0.46957519531249997 0.0695634375 0.4545849140625 0.020194929687499998 0.5418942999999999 0.0199612859375 0.542906321875
0 0.049594467187500005 0.44806894531249997 0.1354808328125 0.49297056875 0.1361762875 0.49309319531250007 0.14134541875 0.47236094375000004 0.1441544 0.45643041875 0.1493157796875 0.42028007812499996 0.0605747203125 0.377210790625 0.049594467187500005 0.44806894531249997
0 0 0.83922255 0.0061832171875 0.8413743874999999 0.082775665625 0.76539965625 0.08424309375 0.759514128125 0.021889154687500002 0.7343215015625 0 0.7563039703125 0 0.83922255
0 0 0.7718967296875 0.032320592187500004 0.77643909375 0.0455114234375 0.7558482843750001 0.09399484218750001 0.677250421875 0.09399911875 0.677219990625 0.021341171875000002 0.6638678859375 0 0.705862646875 0 0.7718967296875
0 0 0.890242 0.041805034375 0.890971709375 0.04239585625 0.8886020515625 0.044035034375 0.79469363125 0.0023153 0.796416078125 0 0.8018685484375 0 0.890242