0 0.5392587609375 0 0.5099509453125 0.049374628125 0.5551546796875 0.1021422375 0.55876526875 0.09889125 0.6135245890625 0.0009812578125000001 0.612670996875 0 0.5392587609375 0
0 0.569162671875 0.12307343906249998 0.593296234375 0.0598497484375 0.5925664640625 0.0593387578125 0.4748408171875 0.05406645156249999 0.4507305453125 0.11721054374999999 0.569162671875 0.12307343906249998
0 0.3117454953125 0.3249763125 0.42472955937499995 0.336594828125 0.45485968125 0.27055145937499997 0.45628303125 0.2671982578125 0.454519771875 0.2659636109375 0.339536328125 0.2532274234375 0.3117454953125 0.3249763125
0 0.3769809125 0.2528508671875 0.4287662109375 0.3066204453125 0.4323671671875 0.303143040625 0.4847172390625 0.20889374218749998 0.450689246875 0.1686393703125 0.4371325828125 0.154601034375 0.43175726562500005 0.1508371953125 0.3769809125 0.2528508671875
0 0.51608464375 0.2085164125 0.5577761328124999 0.1417960828125 0.5529970718749999 0.1384497484375 0.4400952375 0.1104678546875 0.39862224999999996 0.177636759375 0.51608464375 0.2085164125
0 0.297589565625 0.4016768375 0.36988826406249997 0.42975006875000005 0.371562015625 0.42735970468750006 0.38398185625000003 0.3137704453125 0.3141437375 0.28412592187499996 0.297589565625 0.4016768375
0 0.243319921875 0.4649300671875 0.313423246875 0.5049422 0.3158584390625 0.5014643828125 0.348912746875 0.39030113125 0.2771793890625 0.3500357078125 0.243319921875 0.4649300671875
1 0.054946028125000004 0.74600861875 0.1222027703125 0.788929884375 0.126094109375 0.7833724765625 0.1774291296875 0.6595010171875 0.10653847812499999 0.615850140625 0.054946028125000004 0.74600861875
0 0.1873443953125 0.7148824312500001 0.2239678484375 0.586920390625 0.1956222484375 0.5724690703124999 0.145867453125 0.5482020375000001 0.108689421875 0.684808575 0.182667096875 0.7216468265625 0.187208546875 0.7151609624999999 0.1873443953125 0.7148824312500001
1 0.22548139687500002 0.43371513124999994 0.171131009375 0.48942373281249996 0.292465696875 0.5685485124999999 0.3433480578125 0.5194119875000001 0.3481398625 0.5125685828125001 0.3457697234375 0.51011423125 0.22548139687500002 0.43371513124999994
1 0.1857917859375 0.49480822187499995 0.12881169374999998 0.5543900374999999 0.2495697140625 0.6280403890625 0.297718609375 0.5818534578125 0.3012959546875 0.576744478125 0.296364078125 0.5718126 0.1857917859375 0.49480822187499995
0 0.6915224671875 0.05257978125 0.6724659875000001 0.0336308359375 0.5962269124999999 0.170478965625 0.6540789921875 0.23128169375000002 0.6560035703125 0.22942315 0.7275367515625 0.0898736640625 0.6915224671875 0.05257978125
0 0.7347740843749999 0.05516275625 0.7264261125 0.048157976562499996 0.6964406234375 0.0271619109375 0.6210978953125 0.11941322343750001 0.6835435203125 0.176206859375 0.6870756640625 0.17199741562499998 0.7347740843749999 0.05516275625
0 0.5031600109375 0.4953162421875 0.5294426484375 0.35079864375 0.4864133078125 0.3316407484375 0.45097615468749996 0.3174106203125 0.43221550937500003 0.46731963125 0.5019582984375 0.497203259375 0.5029511859375 0.49578527031249997 0.5031600109375 0.4953162421875
0 0.5340687749999999 0.2434245421875 0.5350916812500001 0.24381719999999998 0.67962255 0.2508166578125 0.7093002937499999 0.17350349062499998 0.7091377296875 0.1733896609375 0.5563512421875 0.167914171875 0.5340687749999999 0.2434245421875
0 0.466135271875 0.3783172453125 0.5246237671875 0.43331349531249996 0.5272090281249999 0.4351237140625 0.530007178125 0.43166828749999997 0.5832368140625 0.293179353125 0.5307103109375 0.250644228125 0.5233606546875 0.2454979453125 0.466135271875 0.3783172453125
0 0.47828051250000003 0.28393219531249997 0.624415440625 0.325040471875 0.6679755765625 0.26283015 0.665759046875 0.2612781203125 0.52440105625 0.21696929062499998 0.47828051250000003 0.28393219531249997
0 0.5254692875 0.475990565625 0.51506649375 0.46843249374999996 0.5074174109375 0.46469999375000004 0.3835327171875 0.41373748125 0.38212474531249996 0.415675390625 0.33897281874999996 0.4823383 0.48181842656249996 0.5389706203125 0.4849681796875 0.5346353578125 0.5254692875 0.475990565625
0 0.19657070000000001 0.748982740625 0.18843505625 0.7438363703124999 0.135622546875 0.8552474546875001 0.1619500640625 0.8736821812500001 0.20397545 0.9009737859375001 0.20984586093750002 0.8925899703125 0.2621553984375 0.791573940625 0.19657070000000001 0.748982740625
1 0.16111993593750001 0.769589834375 0.2809403953125 0.8241304218750001 0.3126485390625 0.7808184765624999 0.3292484234375 0.7562081375 0.324971975 0.7532137359375 0.20778612343749997 0.6966595 0.16111993593750001 0.769589834375
1 0.276831475 0.644236103125 0.3366581265625 0.7044153796875 0.342107959375 0.6991525390625 0.40972356093749995 0.5945327703125 0.35518335625 0.53658344375 0.3532508671875 0.5345822921875001 0.3527828109375 0.5342545546874999 0.276831475 0.644236103125
1 0.22918519062499998 0.7191122015625 0.2891845015625 0.775841584375 0.29125962968749997 0.7772946046875 0.294089746875 0.7741514390625001 0.362199403125 0.660353003125 0.30835409999999996 0.611870475 0.3000503375 0.6060561171875001 0.22918519062499998 0.7191122015625
0 0.328777884375 0.5726358921875 0.382275571875 0.63607585 0.38460989375 0.6340466546875 0.45775579375 0.5275092953125 0.44908249062500005 0.5175318 0.4109730046875 0.47390437187499995 0.4044112046875 0.46930975 0.328777884375 0.5726358921875
0 0.89343511875 0.372069321875 0.986795375 0.24088264375000001 0.9656129312499999 0.21563839062499998 0.9269688734375 0.1885795296875 0.846016559375 0.3193306421875 0.8890392796875 0.3756564953125 0.8891051375 0.375702609375 0.89343511875 0.372069321875
0 0.40159497499999997 0.9175120218749999 0.4594468 0.9865746109375 0.4594693578125 0.9865543015625 0.579840346875 0.841711115625 0.5280671531250001 0.7829800875 0.5185335109375 0.7723919046875001 0.5162496156249999 0.7707927031249999 0.40159497499999997 0.9175120218749999
0 0.972928471875 0.31619765312500003 0.792278746875 0.2791879046875 0.7614908312499999 0.35233796875 0.9475940218750001 0.3843108421875 0.9562270359375 0.36686070000000004 0.978169965625 0.319803934375 0.9732014609374999 0.31632495 0.972928471875 0.31619765312500003
0 0.70847104375 0.7146415671875 0.7016318671875 0.710532175 0.5330111828125 0.6477907968750001 0.48448886093750004 0.7275715203125 0.4846157015625 0.7276603359375 0.6666523718749999 0.7905935359375 0.6781073375 0.771529271875 0.7085066484375 0.7146664984375 0.70847104375 0.7146415671875
1 0.5170872421875 1 0.5392893765625 0.9358030968750001 0.5310278609375 0.932465228125 0.35943080156249996 0.8924904265625001 0.327246596875 0.9781959984374999 0.41025135625000003 1 0.5170872421875 1
0 0.8712091015625001 0.4928139671875 0.9176360625 0.43748447187500006 0.9234451437500001 0.42918824375 0.9182133828125 0.4247982765625 0.7539951265625 0.3454237484375 0.698105321875 0.41048990781250005 0.6974549078125001 0.41141879687499994 0.8712091015625001 0.4928139671875
0 0.7080792140625001 0.57228815625 0.6694261484374999 0.558219590625 0.622190228125 0.5421957374999999 0.621675 0.5436113125 0.5996336624999999 0.7219899609375 0.680072578125 0.754967203125 0.6812048875000001 0.753350096875 0.7080792140625001 0.57228815625
1 0.5588318218749999 0.9088432890625 0.613253375 0.7379269046875 0.5371955578125001 0.688663053125 0.5357035531250001 0.687836021875 0.4725887734375 0.8665289968750001 0.55645115 0.91244795 0.5582872421875 0.9098257390625 0.5588318218749999 0.9088432890625
0 0.798510153125 0.41224254218749995 0.7469522625 0.3819307828125 0.6900375421875 0.5635553453125 0.7716546640625 0.6104775359375 0.7740159875 0.6066986265625001 0.8267627781250001 0.429896740625 0.798510153125 0.41224254218749995
1 0.81824816875 0.593045771875 0.8174413093749999 0.592180521875 0.6587449265624999 0.494209234375 0.5970263171875 0.552845646875 0.5971871484375 0.5530181171875 0.729047065625 0.6427525953125001 0.745904821875 0.6537951296875 0.8169851828124999 0.5948495031250001 0.81824816875 0.593045771875
1 0 0.5451182671875 0.0088975828125 0.5542636515625 0.011814421875 0.5512431765625 0.0627977921875 0.465724978125 0.03219720625 0.435170859375 0.0197093109375 0.4231114390625 0.0086842015625 0.415391575 0 0.4287424796875 0 0.5451182671875
0 0 0.43711946875 0.07945514687500001 0.47085939843749997 0.1229309640625 0.4173929546875 0.12307454843750001 0.4172024125 0.12466205625 0.414935215625 0.118927303125 0.4106137671875 0.0312592125 0.370805071875 0 0.4100423578125 0 0.43711946875
0 0.106384153125 0.431534128125 0.107673534375 0.4299418765625 0.14884306249999998 0.34364994531250004 0.0928259171875 0.2911920484375 0.090254246875 0.289391346875 0.046444465625 0.382995925 0.106384153125 0.431534128125
0 1 0.44110373750000004 0.9291717 0.41832881562499996 0.8786795796875 0.489545753125 1 0.5330202578125001 1 0.44110373750000004
0 1 0.493840559375 0.9617656968749999 0.4513770640625 0.9593392843749999 0.44967807187500003 0.8596856609374999 0.6073454171875 0.92328905625 0.6707874640625 0.924966740625 0.6692768703125 1 0.5534712640625 1 0.493840559375
0 1 0.63177881875 0.8246654250000001 0.573393690625 0.772715225 0.64496811875 0.9469922375 0.7129869828125 0.9833793328124999 0.661607003125 1 0.6369658484375 1 0.63177881875
0 0.7563564546875 1 0.7712816234375001 0.9815689515624999 0.7776735828125 0.9724402890625001 0.611595478125 0.8749033234375 0.5505537406250001 0.9526502796875 0.6410572703125 1 0.7563564546875 1
0 0.6078887109375 0.8633338890625 0.7653790593750001 0.9715835984375 0.81108951875 0.9274415218750001 0.8304828203125 0.8997450171875 0.6748379124999999 0.7961903640625 0.662147946875 0.8084449203125 0.6068582203124999 0.8622667859375 0.6078887109375 0.8633338890625
0 0.6609682218749999 0.8152491015625 0.8452533000000001 0.8709316687499999 0.8891619921875 0.7981308968749999 0.8934284203124999 0.790741228125 0.884361965625 0.784392828125 0.7110120171875 0.7285707046875001 0.6609682218749999 0.8152491015625
0 0.8867540921874999 0.6390992609375 0.8380959703125 0.60381524375 0.75552679375 0.78328005625 0.8328346796874999 0.8415357265625 0.8358415828125001 0.83754543125 0.91367391875 0.6593848046875 0.8867540921874999 0.6390992609375
0 0.7001550296875 1 0.6527873734375 0.9550916031250001 0.635881578125 0.94039561875 0.624822028125 0.9326516390625 0.581090240625 1 0.7001550296875 1
0 0.3420283984375 0.11552185468750001 0.2516844015625 0.06135296875 0.20020043125 0.1128002078125 0.2979387046875 0.16816548125 0.3257593140625 0.14129943125 0.34620707031250003 0.1203292296875 0.34640199531250004 0.1200508484375 0.3420283984375 0.11552185468750001
0 0.078308384375 0.29469649375 0.1560587875 0.3514144671875 0.19576909375 0.316894825 0.204533075 0.3090399875 0.2096348171875 0.30175394375 0.1307416171875 0.2507450171875 0.078308384375 0.29469649375
0 0.3089364046875 0 0.2617559953125 0.0774972890625 0.31117021093749997 0.1323856234375 0.3119382375 0.1316694265625 0.36103665937499996 0.027144157812500003 0.33770076250000003 0 0.3089364046875 0
0 0.3004106671875 0.1806744265625 0.295837246875 0.1755951265625 0.2154097 0.12628144531250002 0.160070653125 0.1736770046875 0.15876844375000002 0.17553675156249998 0.2498284828125 0.2309119671875 0.3004106671875 0.1806744265625
0 0.13823423125 0.25412516875 0.1853736203125 0.3100544328125 0.1899640515625 0.3059211890625 0.23752855624999997 0.22484722031249998 0.21917389687500002 0.20358955937499998 0.1927151265625 0.17420411875 0.18971036875 0.1721001640625 0.13823423125 0.25412516875
0 0.3290553234375 0 0.3247965015625 0.0121399078125 0.3166054359375 0.0368269171875 0.3635059515625 0.0788796078125 0.36489734218750003 0.07738752343750001 0.3994511578125 0 0.3290553234375 0