0 0.4302928 1 0.46509125156250003 0.9668789703125 0.3598067046875 0.9150325765625 0.3268327078125 0.9468973093749999 0.3137263703125 0.9619744265625 0.3170154859375 0.9652635421875001 0.3831996234375 1 0.4302928 1
0 0.4766012703125 0.8655923234375 0.41834183124999996 0.8321015218750001 0.41710386406250005 0.833525640625 0.3936886859375 0.9479578468750001 0.45228369375 0.98164919375 0.4766012703125 0.8655923234375
1 0.6685642875 0.700885203125 0.670924878125 0.6967965406250001 0.5562118078125 0.6696359140625 0.52090489375 0.735557290625 0.524243153125 0.7384591953124999 0.6306100890625 0.762764353125 0.6685642875 0.700885203125
0 0.5697138921875 0.8309180203125001 0.619768396875 0.7734928515624999 0.516534196875 0.727422778125 0.4919613359375 0.7521752609375 0.4644678203125 0.7838029328125 0.46886208125 0.78762280625 0.5697138921875 0.8309180203125001
0 0.47115941406250006 0.9200508140625001 0.4732319859375 0.9218524734375 0.5451295640625 0.8226022687500001 0.5286102234375 0.799865346875 0.49986715625 0.7607464546875 0.4987919203125 0.7598117656250001 0.49655938749999995 0.76143379375 0.4252601359375 0.856987440625 0.4640184890625 0.9103337343750001 0.47115941406250006 0.9200508140625001
0 0.6465830625 0.580142515625 0.645293546875 0.5813036 0.5854420359375 0.67997494375 0.6278632015625 0.7270884234375 0.6370448328125 0.7350698921875 0.7008908875000001 0.6368156546875 0.6465830625 0.580142515625
0 0.7745291546875 0.60988669375 0.6845017703125 0.5300695171875 0.6176930781250001 0.5780651140625 0.7075131015625 0.6573086671875 0.7745291546875 0.60988669375
1 0.930910096875 0.255795803125 0.9270921953125001 0.2584691265625 0.8299035671875 0.35394219374999997 0.8762517796875 0.4192151203125 0.87863305625 0.42128513281249996 0.97645106875 0.32216948749999996 0.930910096875 0.255795803125
1 0.75945573125 0.40023977187500004 0.757452359375 0.40289833750000004 0.758343140625 0.40367268125000005 0.7595258109375 0.4045638875 0.8849350687499999 0.466339646875 0.9317034734374999 0.40532744374999996 0.9364252328125 0.39906145625 0.9355344484374999 0.398287109375 0.9341857828125001 0.3972708171875 0.810841528125 0.33450126406249997 0.75945573125 0.40023977187500004
1 0.7893080296874999 0.46965207812500004 0.719426890625 0.43810987187499995 0.7178317265625 0.43994489843749995 0.6857803 0.5775778500000001 0.7578009546875 0.61270466875 0.7893080296874999 0.46965207812500004
1 0.8780123390625001 0.476560040625 0.7605907328125 0.39478568593749996 0.70437285 0.4535704890625 0.7076076234374999 0.4568052609375 0.8243686609375 0.5280178531249999 0.8780123390625001 0.476560040625
0 0.260115940625 0.9236289515625 0.27634978125 0.9450456375 0.3708924796875 0.82013973125 0.32206551875 0.751877278125 0.3199010109375 0.7534498859375 0.22964245 0.881685790625 0.260115940625 0.9236289515625
0 0.1704058984375 0.8719940328125 0.3177023 0.93821644375 0.34511346875000004 0.9133632609375001 0.3279624875 0.8979204484375 0.225267953125 0.807894903125 0.21425259843750002 0.8191882015624999 0.16925220000000002 0.8709552390624999 0.1704058984375 0.8719940328125
0 0.4845879375 0.6652077609375 0.515134571875 0.68812481875 0.57205526875 0.5481794468750001 0.5129998640625 0.5017168859375001 0.5092166015624999 0.5060690296875 0.4482058578125 0.63509499375 0.4591489046875 0.6446076374999999 0.4845879375 0.6652077609375
0 0.443205403125 0.7848718765625 0.44247224999999996 0.784057628125 0.31687199062500004 0.7122054234374999 0.2630684234375 0.7606503734375 0.256391103125 0.7683317515625 0.3890705890625 0.8420360828125 0.443205403125 0.7848718765625
0 0.4433884625 0.56539770625 0.401399140625 0.7001365015625 0.46037638750000004 0.7449633796875 0.46935099999999996 0.7507915625 0.509218421875 0.6022612296875 0.44710688281250005 0.5608465703125 0.44409086249999996 0.56431610625 0.4433884625 0.56539770625
0 0.4986966640625 0.71211130625 0.4983510390625 0.711810859375 0.3568055 0.6591602515625 0.30767845625 0.7220399984375 0.3108536 0.7248001093750001 0.453007896875 0.7729484375 0.4986966640625 0.71211130625
0 0.546691215625 0.621331034375 0.547234646875 0.62180343125 0.5487428703125 0.6204923515625 0.560959659375 0.6054117109375 0.6385598734375 0.49605932499999994 0.582376225 0.43805069531249996 0.5793293359375 0.44069931718750005 0.4949814703125 0.5628487015625 0.5281496078125001 0.6010042796875 0.546691215625 0.621331034375
0 0.7553234468750001 0.194014421875 0.76551391875 0.2028728640625 0.8746618546875 0.27204004843749996 0.9292596968750001 0.2106432640625 0.9234042656250001 0.205553215625 0.810612915625 0.12839084218750002 0.79541438125 0.14587475625 0.767649 0.178964246875 0.7553234468750001 0.194014421875
1 0.7012327359375 0.2576683421875 0.8024567546875 0.3352683171875 0.8663576093750001 0.28012498125 0.7602238921875 0.194906828125 0.7459104359375 0.2082543421875 0.7003716328125 0.2528272859375 0.69860910625 0.254854840625 0.7012327359375 0.2576683421875
0 0.6963993671875001 0.46214608906250004 0.7521119875 0.3961452046875 0.751310528125 0.39544850625 0.6357397484375 0.33432270000000003 0.5824159046874999 0.39566476562499997 0.587923284375 0.40045225625 0.6963993671875001 0.46214608906250004
1 0.7931055406249999 0.3128019328125 0.7440022546875 0.24676590312500002 0.7415857265625 0.2485868875 0.651115778125 0.345332625 0.68285664375 0.389660259375 0.696755534375 0.408104709375 0.70284359375 0.4133969796875 0.7931055406249999 0.3128019328125
0 0.6368013109375 0.5229868265625 0.6959048484375 0.46359315156249997 0.5805766703125 0.3984165953125 0.5314194296875 0.4495662078125 0.5269485234375 0.45470939687499995 0.53177860625 0.45937375312500006 0.6368013109375 0.5229868265625
0 0 0.7234390515625 0.0072138624999999994 0.73413404375 0.042817803125 0.7650840765625 0.136993865625 0.643511053125 0.1000944828125 0.582996659375 0.10003380625 0.582943915625 0.09534776406249999 0.5861046921875 0 0.6941113109375 0 0.7234390515625
0 0.6623790281249999 0.11904871718750001 0.48664026875 0.0550640265625 0.461337596875 0.0954813484375 0.44131763125 0.13015694375 0.4461246484375 0.1343356203125 0.6138120640625 0.20116168281250002 0.6623790281249999 0.11904871718750001
0 0.013002003125 0.60852848125 0.1722082421875 0.6995162781250001 0.22591415 0.6482345484375001 0.0628316140625 0.5479918390625 0.049575582812500005 0.5612478703125 0.00924040625 0.604766884375 0.013002003125 0.60852848125
0 0.45627039375 0.1632603640625 0.44918145000000004 0.1690008765625 0.33343439531249996 0.304957415625 0.391596446875 0.37678157031250004 0.3922519984375 0.37735143125000004 0.5138802703125 0.2275337859375 0.45627039375 0.1632603640625
1 0.53534439375 0 0.5125598250000001 0.044717234375 0.5040341328125 0.06252593125 0.5051425015625 0.063489421875 0.5141397078125001 0.0680737265625 0.6793592187499999 0.12728994062500001 0.7187424609375 0.03915539375 0.5990425515625 0 0.53534439375 0
0 0.2959529984375 0.5511786515625 0.121629225 0.474304709375 0.115849421875 0.48152901249999996 0.0699722375 0.5402491296874999 0.0769052265625 0.5462758859375 0.24502019062499997 0.6179855812499999 0.2959529984375 0.5511786515625
0 0.294364971875 0.3946877671875 0.3510535921875 0.43786037499999997 0.36452045 0.44728997187499997 0.43811929843749997 0.2775590453125 0.42819236250000003 0.27060813125 0.364010509375 0.227741834375 0.360181021875 0.23214715468749997 0.294364971875 0.3946877671875
1 0.4756070734375 0.3092545078125 0.4769611828125 0.3076407421875 0.5640454578125 0.14832742031249999 0.49838457500000005 0.08507038125000001 0.49429297656250004 0.0897772265625 0.401859475 0.2469907859375 0.41451853437499997 0.2579951390625 0.4756070734375 0.3092545078125
1 0.1820109796875 0.547511509375 0.223966815625 0.5901345859375 0.3259501125 0.42942934375 0.25925838125 0.362981921875 0.25599946406249996 0.3660209109375 0.1592902828125 0.5231465453124999 0.1820109796875 0.547511509375
0 0.23107611249999999 0.46606872812500005 0.2556429296875 0.48526243124999996 0.2985721453125 0.518163884375 0.3666772828125 0.37367155625000004 0.3749467328125 0.3552939140625 0.305911425 0.29457718437499997 0.2998675 0.301529925 0.23107611249999999 0.46606872812500005
1 1 0.531614771875 0.96963428125 0.512608971875 0.9173977875 0.5652355796874999 0.9145438125 0.568518703125 0.91529289375 0.5692172328125 1 0.6177336203125 1 0.531614771875
0 0.93970618125 0.685979184375 0.9517497984375 0.6929325703125 0.9827041281250001 0.5942902343750001 0.9196016828125 0.5555553515625 0.9166209546875 0.5589842875000001 0.8892691968750001 0.654320478125 0.93970618125 0.685979184375
0 0.932112303125 0.6495198531249999 0.865753934375 0.6127368093750001 0.86316236875 0.6157180656250001 0.838101728125 0.7060494078125 0.90510100625 0.74976019375 0.932112303125 0.6495198531249999
0 0 0.554664003125 0.08663040625 0.42036996406249993 0.030908446875000002 0.3531660203125 0 0.3977787578125 0 0.554664003125
0 0 0.45043853125 0.032955217187500004 0.47908606562499995 0.0655549296875 0.50448914375 0.0667523890625 0.5031116234375 0.14605303125 0.340089446875 0.0756383671875 0.2808235171875 0.07243540312499999 0.28450810625 0 0.43778150312499997 0 0.45043853125
0 0.2439900296875 0.31688656718749997 0.0660786984375 0.2541734296875 0.029828332812500004 0.30232662499999996 0.014450753124999998 0.3242880828125 0.0170319296875 0.326531865625 0.1859506421875 0.3958803578125 0.2439900296875 0.31688656718749997
0 0.3451176671875 0 0.31033818750000003 0.08776368906250001 0.385366978125 0.1364879546875 0.385377684375 0.1364756375 0.4473591328125 0 0.3451176671875 0
0 0.3869869640625 0.169226515625 0.41454659843749997 0.12149182656249999 0.4355951734375 0.0843862890625 0.4343876015625 0.08368909687500001 0.25161104375 0.025579487499999998 0.20476694218749997 0.10671585312500001 0.20763297656250002 0.109207259375 0.3869869640625 0.169226515625
0 0.3713027828125 0.15129677187499999 0.1843560625 0.10533525156250001 0.1443176421875 0.1803342578125 0.14061843125 0.18759436875 0.14685125937500002 0.1930124828125 0.32586396875 0.24047546875 0.3713027828125 0.15129677187499999
0 0.3073842765625 0.2240382875 0.11480060624999999 0.1809946703125 0.10818444062499999 0.188605696875 0.072597071875 0.26510626875 0.0729469859375 0.2654104421875 0.264428125 0.31211145 0.3073842765625 0.2240382875
0 0.719061159375 0.953094390625 0.7579358 0.89605779375 0.7565542062499999 0.894856790625 0.6544202390625 0.8557611062499999 0.6332954156249999 0.88483693125 0.613383128125 0.9132530359375 0.617962565625 0.9172338796874999 0.719061159375 0.953094390625
0 0.8796139265624999 0.7207327328125 0.8358840624999999 0.6703758 0.830311303125 0.6753935359375001 0.779233728125 0.74804181875 0.80183809375 0.7731465078124999 0.81976746875 0.7924619500000001 0.8296489625 0.8010518015624999 0.8796139265624999 0.7207327328125
0 0.676256203125 1 0.711294615625 0.9460544390625 0.5965018828125 0.9254811453125 0.5636830328125 0.9735660421875 0.56954848125 0.9786647984375 0.6423530796875 1 0.676256203125 1
0 0.7837176109375 0.8256760953125 0.72858474375 0.775295203125 0.7273696593750001 0.776692996875 0.685191334375 0.870087984375 0.7262974625 0.9058209953125 0.7414195046875001 0.9177191 0.742100915625 0.9169352265624999 0.7837176109375 0.8256760953125
0 0.8042111999999999 0.8377913796875 0.8523682296875 0.7846656375000001 0.76305055 0.7428052640625 0.7628663343750001 0.74300368125 0.714689540625 0.7984247421874999 0.7161290515625 0.7996760890625 0.8042111999999999 0.8377913796875
0 0.6341536515625 1 0.641129625 0.9879468812500001 0.5903592515625 0.9342828765625001 0.590336059375 0.9343030375 0.5592370953125 1 0.6341536515625 1