0 0.665870925 1 0.6501958890624999 0.909085565625 0.5863565562499999 0.8978518031249999 0.5846689265625 0.90579148125 0.5984249890625 1 0.665870925 1
0 0.7109104984375 0.855513875 0.5921624203125 0.8543443859375 0.5702705328125 0.9182914500000001 0.688835125 0.9200175500000001 0.7109104984375 0.855513875
0 0.6600846703125 0.696674165625 0.7363457734375001 0.7035783875 0.7364934703125 0.7023754921875 0.7167401265625 0.59180200625 0.6449501796875 0.5810430921874999 0.6410196515625 0.5805604828125001 0.6406092953125 0.5824910562500001 0.6600846703125 0.696674165625
0 0.617533740625 0.6695561921875 0.6435251921875 0.7741884296875 0.6958651031249999 0.780421578125 0.7221872484375 0.7818010625 0.6923398640625 0.6685642234375 0.618366865625 0.6645878328125 0.61760669375 0.6681641578125 0.617533740625 0.6695561921875
0 0.594588025 0.784384309375 0.5959749750000001 0.8638426546875 0.598518478125 0.8643832921874999 0.711719175 0.8252279515625001 0.7099185421875001 0.746307559375 0.594588025 0.784384309375
0 0.649625921875 0.5335437375 0.6357811015625 0.6103289296875001 0.6390180015625 0.6110169546875001 0.7524016515625 0.601575428125 0.7681757796875 0.52736399375 0.649625921875 0.5335437375
0 0.788690746875 0.45133265468749995 0.6686078390625 0.44386225156250003 0.645510909375 0.5228148359375 0.7650772578125 0.5299608796874999 0.788690746875 0.45133265468749995
1 0.828772021875 0.10990780156249999 0.7522220890625 0.07956451406250001 0.7503635515625 0.0841645546875 0.7231716031250001 0.2163701265625 0.7873952796875 0.243031315625 0.796638596875 0.246765859375 0.7983262250000001 0.247124575 0.828772021875 0.10990780156249999
0 0.685121109375 0.2997376296875 0.6894819328125 0.3006645515625 0.68952309375 0.3006645515625 0.8242607375000001 0.2768373609375 0.825746109375 0.192887484375 0.825746109375 0.18972705 0.8245142703124999 0.18972705 0.685744684375 0.21613715312499998 0.685121109375 0.29188332968749997 0.685121109375 0.2997376296875
1 0.7511252484375001 0.4753914265625 0.7799003765625 0.4735270734375 0.7424451359375001 0.33266915468749997 0.6642492468750001 0.3360000546875 0.6634868859374999 0.339586675 0.701830596875 0.477112834375 0.7511252484375001 0.4753914265625
1 0.8090888421875 0.28025775468749997 0.6696326296875 0.3038975171875 0.6630396640625 0.376462040625 0.671205225 0.3770330328125 0.8051746109375 0.362607025 0.8090888421875 0.28025775468749997
0 0.4032196453125 0.9370313093749999 0.5556928046875 0.9480208890625 0.58668414375 0.8690397765625001 0.427163446875 0.8630796953125 0.40828432187499997 0.9122614953125 0.40267891406249995 0.927798875 0.4009053296875 0.936142928125 0.4032196453125 0.9370313093749999
1 0.402412171875 0.911148740625 0.3966699828125 0.9505765437499999 0.392698503125 0.9883626609375 0.41054234375 0.9921554859375 0.5537942109375 0.9622495359375 0.5613619765625 0.9260310078125 0.538409484375 0.9236186046875 0.402412171875 0.911148740625
0 0.588784753125 0.5082436953125 0.514165884375 0.49347643437500005 0.5135871703125 0.49619906562500005 0.5178711781249999 0.641175653125 0.5965057859375 0.6578899546875 0.6016019078125 0.6587773921875 0.588784753125 0.5082436953125
0 0.5299100640625001 0.7449896484375 0.450950028125 0.7382771875 0.4493182375 0.7459541546875 0.4844485859375 0.8874059046875 0.5635283859375 0.8880144218750001 0.5299100640625001 0.7449896484375
0 0.6096348 0.6794076390625 0.6185479265625 0.603471090625 0.6173197546875 0.6032100359375 0.4734783625 0.6277743984375 0.4590510109375 0.7076590046875 0.45896008750000006 0.7085240734375 0.46565337187500006 0.7099467749999999 0.6096348 0.6794076390625
1 0.586932525 0.7723961640625 0.6059924031249999 0.69335278125 0.453241125 0.7074922156250001 0.44958121406249996 0.7221713203125 0.437006128125 0.78133244375 0.43856508749999995 0.781721134375 0.586932525 0.7723961640625
0 0.5211930453125 0.41532498437500004 0.5199153015625 0.42133629062500005 0.51985868125 0.421983465625 0.52113765625 0.43663415937499994 0.540967421875 0.5671487171875 0.57875565625 0.5704547578125 0.6228068953125 0.5719280984374999 0.62287755625 0.571120440625 0.5979630375 0.42019480312499996 0.5211930453125 0.41532498437500004
0 0.7157203140624999 0.046810053125 0.6748824265625 0.026002109375 0.6345363453124999 0.0174262859375 0.59762230625 0.122468846875 0.6662207875 0.15994063125 0.6710373453125 0.1609644234375 0.7157203140624999 0.046810053125
1 0.5679382796875 0.2109333625 0.5707774203125 0.2109829203125 0.696914284375 0.1920739265625 0.7016055859375 0.10835783750000001 0.6999794703125 0.10801219531249999 0.56660926875 0.124950425 0.5662677031250001 0.14451862499999998 0.566713275 0.21067297968749998 0.5679382796875 0.2109333625
1 0.677663521875 0.3046276515625 0.6767010734375 0.304178853125 0.548742871875 0.2772732421875 0.5138782468749999 0.352040671875 0.5138273812499999 0.352279978125 0.642301421875 0.383428253125 0.677663521875 0.3046276515625
1 0.66880588125 0.19808167968749998 0.5926201875 0.16027041250000001 0.592585546875 0.16026305000000002 0.590645428125 0.16442365 0.5587832828125 0.2931629734375 0.62994945625 0.3263483046875 0.6340120812500001 0.3272118421875 0.66880588125 0.19808167968749998
1 0.624673684375 0.47945712343749997 0.6272973328125 0.47968666562499995 0.6053774390625 0.3490833203125 0.52867299375 0.34255854218750004 0.5272551421875 0.349229009375 0.5439515015625 0.4711726609375 0.624673684375 0.47945712343749997
0 0.11851721875000001 0.8599744390625 0.1195924703125 0.9215756046875001 0.119904875 0.9303785843749999 0.14407284843749998 0.9355156453125 0.297493040625 0.881978003125 0.2995254140625 0.8104147984375001 0.2977951546875 0.8100470203125001 0.11851721875000001 0.8599744390625
0 0.39733666875 0.244614184375 0.41431811874999996 0.24639900781250001 0.401304378125 0.06001106874999999 0.313422709375 0.047584985937500004 0.3123107890625 0.0528161578125 0.319562959375 0.2356115546875 0.39733666875 0.244614184375
0 0.1763138265625 0.7007707953125 0.199882303125 0.8859916546875001 0.2483059125 0.8939410546875 0.27310225625 0.8974259531250001 0.255002075 0.706727946875 0.176614909375 0.6987302875 0.17657267968749998 0.69892896875 0.1763138265625 0.7007707953125
0 0.30588871093750003 0.427127496875 0.3757440046875 0.432170734375 0.3639705578125 0.24453949375 0.2740109046875 0.2330029453125 0.2721095875 0.24194794218750001 0.287888421875 0.424917340625 0.30588871093750003 0.427127496875
1 0.2998099296875 0 0.2832246609375 0.06189706406249999 0.27792186874999997 0.086844740625 0.28823455781249996 0.0896080171875 0.46215536874999996 0.113179146875 0.48235378906250004 0.018782315625 0.30699695 0 0.2998099296875 0
1 0.143515921875 0.733829546875 0.3296193203125 0.7374053390624999 0.35181708125 0.6563832656249999 0.1613894078125 0.6504098234375 0.15873673906250002 0.6592732328124999 0.1429451640625 0.7143449984375 0.139074309375 0.732555934375 0.143515921875 0.733829546875
0 0.20898769218750002 0.426184959375 0.20083273125 0.465431 0.20416161718749998 0.46619953281250004 0.3819467796875 0.466336190625 0.403623059375 0.38705742656250003 0.40488409843750006 0.381595265625 0.2199417109375 0.3769379265625 0.21381135625 0.403491403125 0.20898769218750002 0.426184959375
1 0.4051064984375 0.33448055625 0.4051064984375 0.33237393437499996 0.3694122921875 0.15435615625000002 0.2792654984375 0.14816034843749998 0.27817051406250004 0.15331184375 0.3086394453125 0.33448055625 0.4051064984375 0.33448055625
0 0.1572741671875 0.6394858671875 0.34140022187499997 0.6575780703125 0.37233389375 0.569990921875 0.184378165625 0.548911140625 0.172956053125 0.5786667640625 0.1527354421875 0.6377436140625 0.1572741671875 0.6394858671875
1 0.384802746875 0.470804515625 0.383984490625 0.470600503125 0.1967022125 0.474886090625 0.176927325 0.5574640578125 0.1780963609375 0.5577555328125 0.336565059375 0.5611757453124999 0.3567173609375 0.5612554046875 0.3844997578125 0.47222996562499997 0.384802746875 0.470804515625
0 1 0.12213243437500002 0.9519504734374999 0.11726889375 0.950275003125 0.1251513625 0.9541936281250001 0.2162577109375 1 0.22060998281250002 1 0.12213243437500002
0 1 0.2026730828125 0.9263416765624999 0.21869880625000002 0.929029665625 0.2956727421875 0.9324137640625001 0.29639205468749996 0.9332263546874999 0.296363678125 1 0.2805531265625 1 0.2026730828125
0 0 0.8916785062500001 0.1190818109375 0.8526405921875 0.1185201859375 0.815575771875 0 0.8197145875 0 0.8916785062500001
1 1 0.2763454453125 0.9077111265625 0.297987996875 0.9064697328125 0.37234524687500004 0.9065720875000001 0.37236700312500004 1 0.354278040625 1 0.2763454453125
0 0.9765399671875 0.448273428125 0.9904446234375 0.4480307203125 0.9661731015624999 0.347535078125 0.891973596875 0.34683144375 0.8911649875000001 0.3506356546875 0.9170015953125 0.4471135859375 0.9765399671875 0.448273428125
0 0.8835411375 0.4375737125 0.8670992937499999 0.5141330765625 0.87221440625 0.5152203265625 0.9700064015625 0.505081765625 0.9808089671875001 0.428217515625 0.8835411375 0.4375737125
0 0 0.664532175 0.028200707812499996 0.7952445296875 0.1150744140625 0.8028449953125 0.082097975 0.621119446875 0 0.613279634375 0 0.664532175
0 0 0.6659978796875 0.1549825984375 0.657713321875 0.1579756484375 0.6436321296874999 0.1731792609375 0.5660406328125 0 0.577255028125 0 0.6659978796875
0 0 0.876153475 0.0038751328125 0.89590351875 0.095621121875 0.903930253125 0.05337756406250001 0.7052277296875 0 0.7027930640625 0 0.876153475
0 0 0.562846146875 0.16514280312500002 0.578224959375 0.19755059531250002 0.485713746875 0.009077596875 0.47775711562499995 0 0.5027343328125 0 0.562846146875
0 0.08606952968750001 0.079685421875 0.06171260468749999 0.164628115625 0.059698476562500005 0.174103840625 0.0638462828125 0.17529320312500002 0.2528480359375 0.19055871093750001 0.27552571718749996 0.1131481625 0.2773397578125 0.1046137734375 0.08606952968750001 0.079685421875
0 0.197440765625 0.3377199921875 0.1924307234375 0.1460911640625 0.115820046875 0.1325826359375 0.0963764015625 0.129306340625 0.0958775453125 0.131653275 0.10375063437500001 0.3224335671875 0.1643948921875 0.333126784375 0.1972157359375 0.3387786734375 0.197440765625 0.3377199921875
0 0.15055778125 0.23825262500000002 0.057278181250000004 0.23809690468750003 0.0555352375 0.2462968078125 0.09745640312500001 0.42572698437499995 0.1975113 0.4239805203125 0.15055778125 0.23825262500000002
0 0.06948949531250001 0.314755721875 0.068930246875 0.3163798953125 0.0462067015625 0.5096276390625001 0.12609026406249998 0.53713375625 0.138996815625 0.539877128125 0.15824742187500002 0.3435048953125 0.06948949531250001 0.314755721875
0 0.09871392343749999 0 0.0900459171875 0.02381515 0.08093179218749999 0.0666937375 0.08930566250000001 0.06974157656249999 0.2611138046875 0.1107505625 0.29079368125 0.0390026875 0.299588084375 0.014840265624999998 0.229753090625 0 0.09871392343749999 0
0 0.8978315390624999 0.7220317421875 0.8349045281249999 0.6962525953125 0.832364178125 0.701958315625 0.8160693406249999 0.8054681265625 0.8504078187499999 0.8207566015625 0.8792070437499999 0.8329932796874999 0.8830558875 0.8338113765624999 0.8978315390624999 0.7220317421875
0 0.9007226718749999 0.5931217046875 0.9520796640625001 0.59401814375 0.9322793421875 0.49997513125 0.8610539968750001 0.4998119359375 0.8600871203124999 0.504360728125 0.8839007015625 0.5925257390625001 0.9007226718749999 0.5931217046875
0 0.81591224375 0.766437203125 0.8142945421875 0.7702482671875 0.800401796875 0.8782034296875001 0.8623002640624999 0.9044777703125 0.8682602953125 0.9057446140625001 0.870559165625 0.7922853421875 0.81591224375 0.766437203125
0 0.9221397796874999 0.6403650859375001 0.823994128125 0.665721140625 0.8198613218749999 0.7348493 0.8197758937499999 0.737295625 0.8270733484375 0.738846746875 0.923168321875 0.71364480625 0.9221397796874999 0.6403650859375001
0 0.8814399484375001 0.6648044453125 0.9401771906249999 0.6637791828124999 0.9087563984375 0.5704179015624999 0.8397056484375 0.5701871765625001 0.8386143796875001 0.5753211921875 0.8657098078125 0.6645643421874999 0.8814399484375001 0.6648044453125
0 0.84514785625 1 0.8401411796874999 0.926144071875 0.7745954859374999 0.9035748796874999 0.7735708171875 0.90655073125 0.7804857453125 1 0.84514785625 1
1 0.7716956953125 0.9507128687499999 0.8761394515625 0.930526315625 0.8768516765625 0.9254585703125 0.8835537671875 0.8569468515625 0.794605090625 0.8818964953125 0.76990854375 0.889279665625 0.7683810203125 0.9001485593749999 0.7625149640625 0.9487614437499999 0.7716956953125 0.9507128687499999