0 0.529218634375 1 0.5487829265624999 0.9438742437500001 0.4974956671875 0.90237209375 0.4939365953125 0.9069274953124999 0.4587812734375 1 0.529218634375 1
0 0.469662578125 0.94925551875 0.586976290625 0.9380922734375 0.6020639625 0.8722071921874999 0.483968453125 0.882883921875 0.46886879375 0.948851065625 0.469662578125 0.94925551875
0 0.6340510359375 0.6108029296875 0.592251946875 0.7149322640625 0.6474319203125 0.7620992156249999 0.64963008125 0.7638792515625 0.6512509140625 0.7647051078125 0.6958722749999999 0.6560184453125 0.6348857 0.6097722046875 0.6340510359375 0.6108029296875
0 0.5449282390625 0.7721655296875001 0.5376671046875 0.794513003125 0.542291753125 0.7968693796874999 0.6540409390625 0.7973250390625 0.6776785515625 0.7249070390625 0.564649959375 0.722836128125 0.5449282390625 0.7721655296875001
0 0.57520629375 0.7752282828125 0.528633846875 0.76388119375 0.526092296875 0.7688692671874999 0.532752909375 0.8854185015624999 0.5967338671875 0.9013707453125 0.611114628125 0.904873321875 0.6112235421875 0.904659565625 0.60247585625 0.78202735 0.57520629375 0.7752282828125
0 0.753344828125 0.6073963078125 0.75295575 0.607103115625 0.64346548125 0.5667318906250001 0.5990633546875 0.625655503125 0.5981673437499999 0.6274140234375001 0.5983273687499999 0.6275346093749999 0.7078604921875 0.671824440625 0.753344828125 0.6073963078125
0 0.659708778125 0.5119724703124999 0.64160086875 0.5809174203125 0.6443661890625 0.582326421875 0.7615235375 0.5855166703125 0.781850990625 0.505806109375 0.6623267140625 0.5028426453125 0.659708778125 0.5119724703124999
1 0.7865569953125 0.282023846875 0.850737753125 0.33149013125 0.8526863390624999 0.3324829859375 0.9174116265625001 0.20879311406249998 0.8544547921874999 0.15863453593750002 0.8515853203124999 0.16230729375 0.7865569953125 0.282023846875
0 0.8564633609375001 0.381805084375 0.89972466875 0.3098450453125 0.9013048859375001 0.3071080296875 0.90023808125 0.30649210937500004 0.7668550453125 0.2599791359375 0.735012271875 0.31409860625 0.7251302578125001 0.33349315 0.7278635437500001 0.33507121562500003 0.8564633609375001 0.381805084375
1 0.6866787890625 0.41060794375 0.6545700984375 0.46853355625 0.6487981406250001 0.4798616640625 0.6527884265624999 0.48207351562499995 0.7901576593749999 0.5199654328125 0.8258455734375 0.4508005171875 0.6866787890625 0.41060794375
1 0.7244301515625 0.343175390625 0.6930226578124999 0.3930661609375 0.6866936531250001 0.40548753125000003 0.6926285140624999 0.40905355468750004 0.8185453796875001 0.45702071875000005 0.859418775 0.38542400468750004 0.7244301515625 0.343175390625
0 0.33955558125 0.8266254984374999 0.2960530875 0.88650154375 0.29145090156250003 0.8955338421875 0.2915731328125 0.8956226484375 0.442528653125 0.9421771937500001 0.48729939218749996 0.8778513453125001 0.33955558125 0.8266254984374999
1 0.34558125624999997 0.8546893796875 0.3407598265625 0.9797383953125 0.385307003125 0.9959522421875 0.4256055484375 0.8804831609375 0.348533484375 0.8488953046875001 0.34558125624999997 0.8546893796875
0 0.589756071875 0.6400150796874999 0.627388671875 0.5770817546875 0.62702968125 0.5768486234375 0.48275130468749994 0.5351139468749999 0.46627216562499996 0.5604895953125 0.44473318281249996 0.5947004265625 0.44197162187499994 0.6001202953125 0.58347099375 0.6496932515625 0.589756071875 0.6400150796874999
0 0.3646423328125 0.7596926890625 0.331178571875 0.834853525 0.332653065625 0.8356048171875001 0.48340591875000005 0.8489330828125 0.5095308390625 0.77491595625 0.5081205 0.7741973515625 0.3646423328125 0.7596926890625
0 0.48539709843749995 0.566212109375 0.48236210156250003 0.570885596875 0.440372778125 0.7056243906249999 0.4992994140625 0.7504128015625 0.5086240546874999 0.7551639437500001 0.5481920609375 0.6077491187499999 0.48751687343750005 0.5672921890625 0.48539709843749995 0.566212109375
1 0.394067503125 0.701020828125 0.3665872171875 0.7599524890625 0.37233974375 0.7628835484375001 0.5169154453125 0.781670046875 0.5507073296875 0.7077157109375001 0.39841708124999997 0.6924843 0.394067503125 0.701020828125
0 0.48583461093749997 0.5366232421875 0.49115427812499995 0.5389917109375 0.499412240625 0.5410523125 0.6311854578125 0.5651440953125 0.63215975 0.5629558015625 0.660488621875 0.4888303953125 0.6603240015625 0.4887465171875 0.5090100953125 0.4630823515625 0.506830525 0.4679777484375 0.4795494890625 0.5334208125 0.48583461093749997 0.5366232421875
0 0.6810882703125001 0.15736766562499999 0.6813026 0.15743319218750002 0.817148471875 0.179830959375 0.8400090359375 0.11208013750000001 0.8020713765625 0.092749934375 0.7016646125 0.07254694375000001 0.68227500625 0.1359674875 0.6766696203125 0.1551162515625 0.6810882703125001 0.15736766562499999
1 0.776005840625 0.1650642265625 0.705937575 0.12092724531250001 0.7045353515625 0.1202127765625 0.6541043875 0.24654151093749999 0.6690602859375 0.255176303125 0.7299563640625 0.28839736718750003 0.776005840625 0.1650642265625
1 0.7181134109375 0.33272314375 0.58990648125 0.3063400859375 0.58756798125 0.31092964843750004 0.5561967546875 0.384835628125 0.5606240062500001 0.387091425 0.6858187250000001 0.4088840484375 0.7191200421875 0.33315043437499997 0.7181134109375 0.33272314375
1 0.666666 0.199120925 0.6617204953125 0.1966010640625 0.6603705390625 0.1989392546875 0.6148940828125 0.3233436 0.6614318906250001 0.35174526093749997 0.6729651875 0.3584040140625 0.688859184375 0.366502409375 0.7328855937500001 0.2379191203125 0.666666 0.199120925
1 0.647193040625 0.38672434375 0.5727417046875 0.3537946640625 0.56946074375 0.3602339125 0.5510506609375 0.48382405625 0.5632200203125 0.4889896421875 0.6241610093750001 0.514684628125 0.647193040625 0.38672434375
0 0.022435520312500002 0.773853315625 0.012287929687500001 0.78949865 0.0110642890625 0.791900178125 0.013104384375 0.7932762390625 0.1908753859375 0.8434564328124999 0.2325929796875 0.787338390625 0.23369692656250002 0.7851717734375 0.056887701562500004 0.7227758546875 0.022435520312500002 0.773853315625
0 0.3685700625 0.09570205468750001 0.355926740625 0.1185112125 0.3490154171875 0.13207544531249998 0.3537911234375 0.1347226625 0.5228656843749999 0.198705246875 0.56541374375 0.12381575781250001 0.5695903234374999 0.1156187578125 0.393163503125 0.054849296874999995 0.3685700625 0.09570205468750001
0 0.070353365625 0.682831153125 0.048610879687500004 0.729458059375 0.058469157812500006 0.734481103125 0.234301653125 0.770503946875 0.26508956875 0.6973538828125 0.078986378125 0.665381009375 0.070353365625 0.682831153125
0 0.4551981328125 0.24092666562499998 0.384820675 0.1812257625 0.3813788109375 0.1853276140625 0.29314946875 0.35076695468749997 0.30704204218750003 0.3624242078125 0.36288087812500003 0.40469974375 0.4551981328125 0.24092666562499998
1 0.415818846875 0 0.401075003125 0.048224935937500005 0.3959884703125 0.0664647390625 0.40195885468750003 0.0695068015625 0.40668669687500003 0.070952246875 0.5796789375 0.10057876562500001 0.60315945625 0.006944353124999999 0.5544487296875 0 0.415818846875 0
1 0.25888796406250003 0.5459321015625 0.184207440625 0.51059654375 0.1818686078125 0.5151867609375 0.1440012890625 0.6964996125 0.2095184703125 0.7293962546875 0.22172329375 0.7353489453125001 0.25888796406250003 0.5459321015625
0 0.4371720484375 0.3514902859375 0.25584809062499997 0.3147887921875 0.24332054531249997 0.34430183593749997 0.22227888125 0.3970739859375 0.229596003125 0.400802246875 0.3998680921875 0.43096078125000004 0.434981671875 0.356650484375 0.4371720484375 0.3514902859375
1 0.46597254218749995 0.1341254625 0.3804259875 0.10140404843749999 0.37942645 0.10336575156250001 0.3551919 0.28861102031249997 0.4474438015625 0.3168152578125 0.44805971875 0.3148006859375 0.46597254218749995 0.1341254625
0 0.3095576890625 0.4705858125 0.229594228125 0.42543306562499994 0.22748801406250002 0.428938396875 0.1753073046875 0.6062429781249999 0.2052293234375 0.624221940625 0.25842377656250004 0.653580634375 0.3095576890625 0.4705858125
1 0.312692109375 0.5624124421875 0.31839744062499997 0.5643769453124999 0.3304934390625 0.37677387812499996 0.2517613421875 0.3504809328125 0.2490346578125 0.355832353125 0.23234229218750002 0.508583865625 0.230506546875 0.5286525390625 0.312692109375 0.5624124421875
0 1 0.33098685781250003 0.9646884234374999 0.379589071875 0.959320671875 0.390123878125 0.9611979296875001 0.3914877859375 1 0.40931745937499997 1 0.33098685781250003
1 1 0.399178871875 0.96091361875 0.38355584062500003 0.9582523203125 0.388778934375 0.9466612640625 0.48595383906249995 0.987043771875 0.5014200375 1 0.50613571875 1 0.399178871875
0 1 0.49951084999999995 0.9295315765625001 0.46512880624999997 0.8833171249999999 0.5162466265625001 0.881955909375 0.5178688593749999 0.8815426453124999 0.5186799375 0.886960503125 0.523226059375 0.9724250203125001 0.567568390625 1 0.5364479890625 1 0.49951084999999995
0 0.8904879015624999 0.5364947984375 0.850675615625 0.5999101046875001 0.8489452328124999 0.6033061734375 0.8531798687500001 0.6055577703125 0.9486495578125 0.629504478125 0.985089771875 0.5609704046874999 0.8904879015624999 0.5364947984375
0 0 0.6732263296875 0.062433721875 0.687640290625 0.06266926874999999 0.687178003125 0.055325870312500004 0.5031530328125 0 0.48991659218750006 0 0.6732263296875
0 0 0.5735807515625 0.0811362390625 0.6114151999999999 0.0814595296875 0.6115597234375 0.1116964828125 0.4268111015625 0.0297606234375 0.39382785 0.0265681203125 0.40009349062500005 0 0.551694178125 0 0.5735807515625
0 0 0.44967316874999996 0.172887128125 0.4660687265625 0.2074051046875 0.38464249375000004 0.022293884375 0.35757074843750003 0 0.411912721875 0 0.44967316874999996
0 0.3600609375 0.11244334375000001 0.3806855921875 0.025385821875 0.1882533125 0.0104926921875 0.18723901874999999 0.0124833546875 0.1658195421875 0.10526130468749999 0.16848956875 0.1066217515625 0.1705192703125 0.10709034375 0.3600609375 0.11244334375000001
0 0.23130467968750001 0.2522585671875 0.2631415265625 0.26246233281250003 0.26333837656250003 0.2618564921875 0.2850979953125 0.07094500000000001 0.21111291250000003 0.046905789062499995 0.193572525 0.041353571875 0.19122167968749998 0.045967367187500004 0.1727388171875 0.23322936562500002 0.23130467968750001 0.2522585671875
0 0.2923261078125 0.1965788359375 0.09990868281250001 0.19049009374999998 0.07633836875 0.27217464687500004 0.07393234374999999 0.2811540515625 0.0779030046875 0.28317720468749996 0.081089315625 0.2840309734375 0.26642153281250003 0.293256025 0.2923261078125 0.1965788359375
0 0.247169990625 0.28075713125 0.049842810937499996 0.282138596875 0.0449624125 0.291716915625 0.027692523437499998 0.37333357968750003 0.02863355 0.37381305625 0.22512695312500003 0.37623601562500003 0.247169990625 0.28075713125
0 0.262203659375 0 0.2514345546875 0.05541691562499999 0.2747190484375 0.06343441093749999 0.344461034375 0.085496171875 0.3632973453125 0 0.262203659375 0
0 0.85031146875 0.8379144593750001 0.74380473125 0.8022157453125001 0.7216215484374999 0.8338966125 0.7053676531249999 0.8586621687499999 0.7105699671875 0.8623048687500001 0.8095900015625 0.898240071875 0.85031146875 0.8379144593750001
0 0.8670957906250001 0.5892556250000001 0.8294094421875 0.6696697453125 0.856029778125 0.69046783125 0.8831718546875 0.711018525 0.8880994031249999 0.7135292359375 0.9235224671875001 0.6253447078125001 0.8717125671874999 0.5833464203125 0.8670957906250001 0.5892556250000001
0 0.6962492874999999 0.949078925 0.7526273484375 0.9829542828125 0.7595073718750001 0.9864598296875 0.777681375 0.8737610046875 0.7271636390625 0.8405590359374999 0.7250312828125 0.8441078718749999 0.6962492874999999 0.949078925
0 0.83462835 0.846398478125 0.854649575 0.7481165937500001 0.7895965234375 0.71142915625 0.7887270171874999 0.713064459375 0.7683199140625 0.8151501203124999 0.7878893984374999 0.8255553984375 0.8341407359374999 0.8473155453125001 0.83462835 0.846398478125
0 0.9140600125 0.7051692140625 0.823335834375 0.6664514828125 0.799438996875 0.69406358125 0.7798623859375 0.7182386828125 0.7768995328125 0.7240536078125 0.7775521671875001 0.7245821015625 0.867786378125 0.75994325 0.9140600125 0.7051692140625
1 0.756603028125 1 0.781949275 0.9553591859375 0.69054268125 0.9419731328125 0.6649782546874999 0.9386730062499999 0.6591620171875 0.9479809328125001 0.636365028125 0.986101296875 0.633406625 0.9919074890624999 0.63775439375 0.9946242765625 0.660926740625 1 0.756603028125 1