0 0.503030225 1 0.47533378125 0.90477685 0.4725470453125 0.9007969796875 0.41663174999999997 0.9420435296875 0.4351197046875 1 0.503030225 1
0 0.481460503125 0.9435619765625001 0.44514489375000005 0.8306827562500001 0.3903925828125 0.8703143843750001 0.42622954843749994 0.9835318109375001 0.481460503125 0.9435619765625001
1 0.41812948125 0.6943091171875 0.37989633125 0.6285470234375 0.266201034375 0.65969453125 0.268702878125 0.6636983203125 0.30879350625 0.72421519375 0.41570072343750003 0.6958267734375 0.41812948125 0.6943091171875
0 0.4178344703125 0.6903258421875 0.4158308359375 0.6856055734375001 0.341989125 0.707887546875 0.3343482203125 0.8185355578125 0.40857299999999996 0.8013994171875 0.4178344703125 0.6903258421875
0 0.360450078125 0.7894297781249999 0.3891518671875 0.906909115625 0.39797865312499997 0.9031623671875 0.45727262656249995 0.867534953125 0.431112803125 0.75349673125 0.428453484375 0.7490708781250001 0.360450078125 0.7894297781249999
1 0.38834166406250004 0.6331651265625 0.3587469859375 0.560721303125 0.24150288749999999 0.5793245015624999 0.2723617359375 0.6486346125 0.38602955 0.634194546875 0.38834166406250004 0.6331651265625
0 0.3064110625 0.45116104218749997 0.2340313390625 0.48918698593750004 0.2638604234375 0.6051930343749999 0.336955325 0.567455596875 0.30704878281250003 0.4523115203125 0.3064110625 0.45116104218749997
1 0.1068631828125 0.2673103515625 0.244280128125 0.253782084375 0.24521792343749998 0.2533840140625 0.22233498593749998 0.17358172656249998 0.08415753125 0.18934992343749998 0.083754703125 0.1895209140625 0.1068631828125 0.2673103515625
1 0.2041280328125 0.20971786718750002 0.2008821078125 0.2110956796875 0.1361921984375 0.25891421718749996 0.1961710296875 0.38623409999999997 0.199527709375 0.38480927343750004 0.24131187031249998 0.354451303125 0.2667173921875 0.33529737187499997 0.2084299578125 0.21563895624999999 0.2041280328125 0.20971786718750002
1 0.297510521875 0.5160444296875 0.3089085234375 0.3737286890625 0.3074758109375 0.370353428125 0.23008103281249997 0.38200420625 0.220190909375 0.5274209640625 0.24879309374999997 0.5237605109375 0.297510521875 0.5160444296875
1 0.2744908203125 0.4417938265625 0.2772637421875 0.303177171875 0.27581703750000003 0.299768946875 0.2041761828125 0.3126481296875 0.1927807859375 0.4536340109375 0.2410886890625 0.447084203125 0.2744908203125 0.4417938265625
1 0.6200625609375 0.961258721875 0.6224170250000001 0.8044610453125 0.6223215 0.8041670468750001 0.6213939625 0.8019819078125 0.54196475 0.82844223125 0.545033553125 0.9850640343749999 0.57075541875 0.977279584375 0.6200625609375 0.961258721875
0 0.5379590859375 0.9731016921875 0.6985101390625 0.955637528125 0.699928378125 0.9550060874999999 0.67312735 0.891866821875 0.6661409453125 0.877722325 0.5406532171875 0.93160735 0.5195695734375 0.9409943921874999 0.5379590859375 0.9731016921875
0 0.49777855000000004 0.65206241875 0.5021171484375 0.505238409375 0.502010403125 0.5047362125 0.5013340296875 0.503142778125 0.42690213281249995 0.5178730359375 0.4140849765625 0.6684067328125 0.4517063515625 0.6618553656249999 0.49777855000000004 0.65206241875
0 0.5086457515625 0.7534654796875 0.5328408234374999 0.90532710625 0.534885196875 0.9044593203125 0.6061397265624999 0.8667971187499999 0.5822821671875 0.72828169375 0.5793681546875 0.722801234375 0.5086457515625 0.7534654796875
0 0.5792487421875 0.6861304578125 0.583267915625 0.6841701765625 0.57706474375 0.6695564187499999 0.543315846875 0.61165698125 0.398465525 0.6380038890625 0.43303025625 0.7067446015625001 0.5792487421875 0.6861304578125
0 0.57370136875 0.6576338890625 0.5721376578124999 0.6539500171875 0.49436407656250003 0.66844459375 0.4768616921875 0.819798003125 0.55221105625 0.8051515703125001 0.57370136875 0.6576338890625
0 0.375054915625 0.5671031875 0.5029098671875001 0.5271318671875 0.5108551515624999 0.5240802312499999 0.5218770890625 0.5174575828125 0.486641328125 0.4555060484375 0.4838814046875 0.45091276406249997 0.3366435359375 0.494879765625 0.3738212015625 0.5650499421874999 0.375054915625 0.5671031875
0 0.3460004375 0.147799165625 0.3427753328125 0.12813959375 0.33125927499999996 0.0628287796875 0.23244080625 0.0703919515625 0.1898046921875 0.0884899078125 0.203561584375 0.155239175 0.34112447968750004 0.149563803125 0.342353925 0.14934701875 0.3460004375 0.147799165625
1 0.2503596734375 0.24236466562499998 0.37722905 0.2228101875 0.38366459218750004 0.2200784609375 0.375245803125 0.1925418375 0.35758634218749996 0.1418518546875 0.22705534218749998 0.1589771671875 0.2503596734375 0.24236466562499998
0 0.315230903125 0.30734462812499996 0.35548793437500004 0.434033875 0.362257278125 0.431160459375 0.42778438906250005 0.39373004843750004 0.3937111265625 0.2739127765625 0.390038134375 0.2672865203125 0.315230903125 0.30734462812499996
1 0.38089127500000003 0.21039032343750003 0.25437525 0.26125200312499997 0.255160621875 0.2631022234375 0.30257594062500004 0.33236250312500004 0.42531327656249995 0.28006105625 0.423760740625 0.2764035125 0.38089127500000003 0.21039032343750003
0 0.4403719890625 0.48703485312500006 0.4526265625 0.36040278125 0.4506093 0.35565040625 0.370575996875 0.36956047187499996 0.3619674796875 0.49929174062500004 0.42731444218750003 0.489102965625 0.4403719890625 0.48703485312500006
0 0.777180171875 0.8616582749999999 0.7790337 0.86624591875 0.9605933140625 0.8425432421875 0.9622741109374999 0.84186415625 0.96575541875 0.840386428125 0.9656084281249999 0.8400226125 0.9362256671875 0.7759241609374999 0.749043540625 0.7882354171875 0.777180171875 0.8616582749999999
0 0.5751209703125 0.0157695125 0.497936415625 0.0622347625 0.558338628125 0.2375953890625 0.5702195515625 0.2325522359375 0.57371889375 0.23061251875000002 0.6417923640625001 0.1919369453125 0.575135684375 0.015796060937500002 0.5751209703125 0.0157695125
0 0.73808475 0.772189978125 0.9207348625 0.78311180625 0.9279723875 0.7800396593750001 0.919138025 0.7299375015625 0.915315603125 0.7108475671875001 0.7272785359375 0.69356394375 0.73808475 0.772189978125
0 0.690982921875 0.3876074171875 0.677857871875 0.20320136562500002 0.674742859375 0.1958628546875 0.587620171875 0.2213521890625 0.6053436703124999 0.40851515000000005 0.6735499921875 0.392606228125 0.690982921875 0.3876074171875
1 0.458185390625 0 0.5363713265625 0.14634568125 0.6087935859375 0.097353309375 0.6160963109375001 0.0918503109375 0.5636672421875 0 0.458185390625 0
0 0.8927491468750001 0.6642012734375 0.8993360453125 0.6609886281249999 0.8964715546875001 0.654240309375 0.8635955796875001 0.586834571875 0.6751974015625 0.6237993734375 0.7142064390625 0.7014900453124999 0.8927491468750001 0.6642012734375
0 0.6168397718749999 0.42051505312500004 0.6166068515625 0.42055194531250006 0.6277629375 0.49549450000000006 0.6292313625 0.5047657640625001 0.812835190625 0.5250710828125 0.8157600734375 0.52382954375 0.8151129859375 0.5197439968750001 0.7960754203125 0.43266142500000004 0.7759928640625 0.43098439062500005 0.6168397718749999 0.42051505312500004
0 0.669685565625 0.4881707171875 0.734632984375 0.4588567859375 0.706643434375 0.28301263906249996 0.7054121796875 0.2801119875 0.6321474265625 0.3078526875 0.6209113015625001 0.312392378125 0.654442665625 0.49432924843750004 0.669685565625 0.4881707171875
1 0.662841571875 0.28891887031249996 0.6389921078125 0.11163936249999999 0.63711490625 0.1072169546875 0.5466455 0.13784438125 0.5777717171875 0.32478237499999996 0.579384665625 0.3242269921875 0.662841571875 0.28891887031249996
1 0.866034109375 0.5769139109375 0.8387645656249999 0.5207416828125 0.8238012921875001 0.49259985781250004 0.6398155359375 0.53642855625 0.6811928203125001 0.6195929765625 0.86174154375 0.5791963078125 0.866034109375 0.5769139109375
0 0 0.3911548125 0.0380271015625 0.3624993359375 0 0.283410440625 0 0.3911548125
0 1 0.679949028125 0.949969546875 0.7115896562499999 0.947485540625 0.713394390625 1 0.78567434375 1 0.679949028125
1 0 0.4720637015625 0.0149802765625 0.467483771875 0.05611688124999999 0.454152228125 0.049803553125 0.35915375 0.046511270312500005 0.3513976171875 0 0.36721943281249997 0 0.4720637015625
0 0 0.5025818906249999 0.0240046421875 0.532102734375 0.11590275000000001 0.49307901249999997 0.1178959625 0.49157701875 0.1162289140625 0.487649696875 0.111552084375 0.4814433375 0.072200575 0.432048409375 0 0.46483355 0 0.5025818906249999
0 0.1445272828125 0.568337275 0.14780663125 0.5660410515625001 0.1462153171875 0.5622921515625 0.09908068125 0.5043357953125 0.0081667859375 0.5401580328125 0.052687581250000004 0.6037403171875 0.1445272828125 0.568337275
0 1 0.5709393406250001 0.8646497140625 0.6067642609375 0.9149929859375 0.685925028125 1 0.6603976640625 1 0.5709393406250001
0 1 0.473337853125 0.8346191421875 0.5083102109375 0.8704351015625 0.5890299140625 0.8714132421875 0.590949628125 1 0.5652672953125 1 0.473337853125
0 1 0.66039786875 0.910720384375 0.655561225 0.9104725218749999 0.6556184484375 0.9266258078125 0.741836440625 1 0.746970115625 1 0.66039786875
0 0.9274861421875 0.33559603125000004 0.925242925 0.3313771546875 0.9188550031249999 0.334088665625 0.8407631562500001 0.377922471875 0.890192496875 0.5583546828125 0.96680510625 0.514170640625 0.9274861421875 0.33559603125000004
0 0.8610982375 0.1209636265625 0.8643695250000001 0.11957504687500001 0.8429868218750001 0.0338137140625 0.64964531875 0.042653173437500004 0.6721106375 0.1389131984375 0.8610982375 0.1209636265625
0 0.6982384374999999 0.1766671796875 0.715271228125 0.2290887203125 0.9053403937500001 0.20742510625000002 0.9068202671875 0.2067969375 0.87755475625 0.116726959375 0.686750721875 0.1355594234375 0.685406803125 0.1361298828125 0.6982384374999999 0.1766671796875
0 0.8450219499999999 0.14543345624999998 0.76012201875 0.19644648125 0.8222679328125 0.378482321875 0.8290131203125 0.375619159375 0.8412447406249999 0.368269659375 0.9048668031249999 0.3283663484375 0.8473169031250001 0.1492529 0.8450219499999999 0.14543345624999998
0 0.9087250156250001 0.24722607968750002 0.9058776984374999 0.24051821874999998 0.8191358375 0.270296825 0.842000646875 0.4679452921875 0.934058734375 0.4344388875 0.9087250156250001 0.24722607968750002
0 0.6176234421875 0 0.6517901015625001 0.0657081015625 0.8193702953124999 0.0098811 0.831114934375 0.004404484375 0.8292453421875001 0 0.6176234421875 0
0 0.2619297140625 0.8546910828125001 0.2675682453125 0.8521806468750001 0.2436297109375 0.7957849953125 0.2407711109375 0.789364475 0.129409565625 0.8040848609375001 0.157872196875 0.87107214375 0.2619297140625 0.8546910828125001
0 0.06858790625 0.5898734484375 0.0854524796875 0.6844521734375 0.1344406171875 0.6636579421875 0.1481138703125 0.6575619203125 0.13751559375 0.5697892812500001 0.1346384265625 0.5630111 0.06858790625 0.5898734484375
0 0.25841399374999996 0.8266156671875 0.1896814265625 0.8516381203125001 0.1962273765625 0.964036040625 0.1964651375 0.9645961703125 0.2061197828125 0.9612718093750001 0.2537016859375 0.94270674375 0.259349865625 0.8288204453124999 0.25841399374999996 0.8266156671875
0 0.1069815953125 0.7279341859375 0.131046803125 0.7970561375 0.22963282031249999 0.7879027437499999 0.2366921046875 0.78490625625 0.23537599375 0.7816487671875 0.20784920156250003 0.7181030500000001 0.10726603593749999 0.7278134484375001 0.1069815953125 0.7279341859375
0 0.20301061874999998 0.7040913234375 0.1894099265625 0.678512140625 0.1712207765625 0.6468476203125 0.07540825625 0.6674072890625 0.0776484859375 0.6726849390625 0.10974784374999999 0.730140115625 0.205071421875 0.7126461515625 0.2063527390625 0.7119648640625 0.20301061874999998 0.7040913234375
0 0.31749389843750003 1 0.3176631390625 0.9582000796875001 0.315194653125 0.952384690625 0.2526356703125 0.9789394031249999 0.252680465625 1 0.31749389843750003 1
0 0.247556865625 1 0.33119207031250003 0.9727268984374999 0.335638784375 0.9693760609375 0.305800675 0.9281268453125 0.29919532968749996 0.9193612546875001 0.274015809375 0.9248769125 0.1841237171875 0.9461786359375 0.2212347421875 1 0.247556865625 1