0 0.57578125 0.22734375 0.1671875 0.146875
0 0.6625 0.36484375 0.1515625 0.1390625
0 0.6203125 0.30234375 0.1484375 0.134375
0 0.70546875 0.43828125 0.171875 0.1609375
0 0.83515625 0.6421875 0.178125 0.165625
0 0.43671875 0.05234375 0.1671875 0.1046875
0 0.52109375 0.1609375 0.18125 0.1625
1 0.73984375 0.50078125 0.1671875 0.1515625
0 0.47734375 0.09765625 0.171875 0.153125
1 0.78046875 0.5734375 0.15625 0.15625
1 0.87109375 0.72265625 0.1578125 0.1578125
0 0.525 0.4046875 0.159375 0.159375
0 0.57265625 0.4828125 0.159375 0.1453125
1 0.66171875 0.625 0.15 0.1375
0 0.47421875 0.33671875 0.16875 0.15
0 0.3828125 0.196875 0.1625 0.1625
1 0.70625 0.69765625 0.165625 0.153125
1 0.6140625 0.55703125 0.1578125 0.146875
0 0.33203125 0.1234375 0.1890625 0.16875
1 0.42578125 0.2734375 0.1578125 0.1578125
0 0.79375 0.84453125 0.1625 0.1484375
1 0.74453125 0.77265625 0.1609375 0.1609375
0 0.88046875 0.29765625 0.1515625 0.1515625
0 0.921875 0.3625 0.153125 0.153125
0 0.13828125 0.334375 0.171875 0.171875
0 0.08671875 0.26171875 0.1734375 0.1609375
1 0.184375 0.42109375 0.1703125 0.1703125
1 0.959375 0.49140625 0.08125 0.1703125
0 0.8375 0.23671875 0.1546875 0.1546875
0 0.715625 0.0609375 0.1625 0.121875
0 0.9375 0.4296875 0.125 0.153125
0 0.2296875 0.5 0.1921875 0.1921875
1 0.52734375 0.9390625 0.2078125 0.121875
1 0.26875 0.5796875 0.1859375 0.1859375
1 0.41875 0.81328125 0.1828125 0.1828125
0 0.46796875 0.89609375 0.19375 0.178125
0 0.365625 0.740625 0.20625 0.1890625
0 0.30703125 0.6609375 0.1875 0.1875
0 0.79375 0.1765625 0.1625 0.14375
0 0.75234375 0.1140625 0.146875 0.1453125
1 0.67421875 0.0328125 0.1484375 0.065625
0 0.0453125 0.46875 0.090625 0.2
0 0.14765625 0.7140625 0.1921875 0.190625
0 0.0734375 0.5484375 0.146875 0.1875
0 0.2578125 0.884375 0.2015625 0.2015625
0 0.20078125 0.79609375 0.2015625 0.2015625
0 0.0921875 0.63046875 0.184375 0.1890625
0 0.30859375 0.9390625 0.1984375 0.121875
0 0.36328125 0.9765625 0.1984375 0.046875