0 0.997325 0.3424203125 0.9960046874999999 0.26671875 0.9800546875 0.2221359375 0.9065234375 0.2221546875 0.9459765625 0.34204218750000004 0.997325 0.3424203125
0 0.8246734375000001 0.22643125 0.869028125 0.3478625 0.94293125 0.3451359375 0.8979421875 0.22373437499999999 0.8246734375000001 0.22643125
0 0.67585625 0.35347968750000003 0.6375078125 0.235721875 0.55876875 0.234990625 0.553646875 0.2350796875 0.59249375 0.3576109375 0.67585625 0.35347968750000003
0 0.6427359375 0.23395468749999998 0.6805390625000001 0.3512796875 0.766890625 0.355521875 0.7253578125 0.23262343749999997 0.6427359375 0.23395468749999998
0 0.7296203125 0.23126875 0.7713984375 0.3584921875 0.8589796875 0.356484375 0.8152296874999999 0.22931249999999997 0.7296203125 0.23126875
0 0.4718703125 0.23816406250000002 0.5073421875 0.3626640625 0.5929484375 0.35849375 0.55415625 0.236728125 0.4718703125 0.23816406250000002
0 0.3806671875 0.24225625 0.41557656249999997 0.36812812500000003 0.504559375 0.3645671875 0.4698015625 0.2380484375 0.3806671875 0.24225625
1 0.1149359375 0.24459375 0.0267765625 0.24528906250000002 0.05463125 0.3965078125 0.1449125 0.39433281249999996 0.1149359375 0.24459375
0 0.11542187500000001 0.24542812500000002 0.147 0.3976953125 0.23955 0.3968453125 0.210196875 0.24545937499999998 0.11542187500000001 0.24542812500000002
1 0.2936140625 0.24316093749999998 0.3315859375 0.3975171875 0.4183484375 0.395334375 0.37794531249999996 0.239159375 0.2936140625 0.24316093749999998
1 0.21065312500000002 0.24460937500000002 0.2406734375 0.397765625 0.33003125 0.3941984375 0.29128750000000003 0.2448875 0.21065312500000002 0.24460937500000002
0 1 0.49768437499999996 0.949046875 0.35585468750000004 0.86409375 0.35907187500000004 0.9162734374999999 0.52171875 1 0.52088125 1 0.49768437499999996
0 0.9999640624999999 0.49358593749999996 0.997559375 0.35578906250000003 0.9529859374999999 0.354778125 0.9999640624999999 0.49358593749999996
0 0.593190625 0.3697546875 0.5099859375 0.372384375 0.551528125 0.5316578125 0.6434859375 0.5266234375 0.593190625 0.3697546875
0 0.8602765625 0.3676921875 0.7703984375 0.369484375 0.8273953125 0.5273859375 0.9127750000000001 0.5190359375 0.8602765625 0.3676921875
0 0.6805578125 0.370971875 0.597096875 0.37141250000000003 0.64298125 0.5252609374999999 0.73511875 0.5305109375 0.6805578125 0.370971875
1 0.6845625 0.3731765625 0.73743125 0.53115625 0.8256015624999999 0.5289312500000001 0.7672203125 0.3701453125 0.6845625 0.3731765625
0 0.42515625 0.39854687499999997 0.46193125 0.5400796875 0.5504140625 0.533734375 0.50616875 0.371959375 0.42070625 0.3755078125 0.42515625 0.39854687499999997
0 0 0.5043640625 0.0007859375 0.5493750000000001 0.07794375 0.5471015625 0.0546625 0.39306874999999997 0 0.39244375 0 0.5043640625
1 0.1495140625 0.4019078125 0.057976562499999995 0.399959375 0.08177656250000001 0.547034375 0.1756140625 0.5431125 0.1495140625 0.4019078125
1 0.3320125 0.39968906249999997 0.24203125 0.40009843749999996 0.27314531249999996 0.5426890625 0.36705625 0.539678125 0.3320125 0.39968906249999997
1 0.24081718749999997 0.399171875 0.1509828125 0.4001625 0.17884687500000002 0.5453406249999999 0.2721265625 0.5459968749999999 0.24081718749999997 0.399171875
1 0.41983750000000003 0.399528125 0.33378125000000003 0.4012390625 0.3674265625 0.5389859375 0.45831875 0.538771875 0.41983750000000003 0.399528125
0 1 0.69540625 0.9843734375000001 0.650384375 0.9058171875 0.6481328125 0.9608578124999999 0.846828125 1 0.845434375 1 0.69540625
0 0.19915 0.6631046875 0.10143593749999999 0.661296875 0.13437656250000002 0.8641015624999999 0.23785937499999998 0.8633906250000001 0.19915 0.6631046875
0 0.8208421875 0.6491781249999999 0.8727765625 0.8521984375 0.958734375 0.8474125000000001 0.9013921874999999 0.6496421875 0.8208421875 0.6491781249999999
0 0.3059625 0.66166875 0.34695624999999997 0.8625812500000001 0.4482859375 0.8613593749999999 0.40120781250000004 0.655196875 0.3059625 0.66166875
1 0.0028359375 0.6668609375 0.0032953125 0.6931609375 0.0287578125 0.8689656250000001 0.1332265625 0.861771875 0.098725 0.6627984375 0.0028359375 0.6668609375
0 0.703853125 0.6542859375 0.7580703125 0.8548578125 0.8523703125000001 0.8543062499999999 0.794940625 0.6516093749999999 0.703853125 0.6542859375
0 0.4046796875 0.661159375 0.4485546875 0.8591656249999999 0.5473890625 0.8552500000000001 0.49994531249999996 0.6633296875 0.4046796875 0.661159375
1 0.20334375 0.6621453125000001 0.2410140625 0.8655250000000001 0.346 0.8631453125 0.30338750000000003 0.6673078125 0.20334375 0.6621453125000001
0 0.5979046875 0.6605140625 0.6560765625 0.8593765624999999 0.7567375000000001 0.85488125 0.7011921875 0.6548890625 0.5979046875 0.6605140625
1 0.50266875 0.6630515625 0.5439109375 0.8323124999999999 0.5494875 0.8535703124999999 0.6524453125 0.857796875 0.595040625 0.6605749999999999 0.50266875 0.6630515625
0 0 0.096575 0.007693750000000001 0.14296875 0.09288437499999999 0.1406265625 0.07187656249999999 0.034384375 0 0.035917187499999996 0 0.096575
0 0.15564687500000002 0.032921875 0.0722953125 0.0343515625 0.093625 0.14189687499999998 0.17881562499999998 0.1395546875 0.15564687500000002 0.032921875
0 1 0.845409375 0.959 0.8487890625000001 1 0.982359375 1 0.845409375
1 0.2373296875 0.032165624999999996 0.15661562499999998 0.032218750000000004 0.17950625 0.14086875000000001 0.2649859375 0.1420578125 0.2373296875 0.032165624999999996
0 0.3185640625 0.033428124999999996 0.2387609375 0.0318578125 0.2652359375 0.1420546875 0.3477109375 0.1428484375 0.3185640625 0.033428124999999996
0 0.40558281249999995 0.03771875 0.318934375 0.032959375 0.3479390625 0.1423984375 0.43212343750000004 0.14092812500000002 0.40558281249999995 0.03771875
0 0.75961875 0.8574671875 0.7995390625 0.9948484375 0.8989609375000001 0.9931125 0.8543109375 0.8563734375 0.75961875 0.8574671875
0 0.65835 0.8650828125000001 0.696025 0.9966546875000001 0.7970375 0.994890625 0.7562015625 0.8580859375 0.65835 0.8650828125000001
0 1 0.986428125 0.95529375 0.8481109375000001 0.8602296875000001 0.8537609375 0.9028515625000001 0.99304375 1 0.9913484374999999 1 0.986428125
0 0.5572640625 0.8622984375 0.5902406250000001 0.9985015625000001 0.6925109375 0.996715625 0.6531859375 0.8639468750000001 0.5572640625 0.8622984375
0 0.26363593750000003 1 0.23462968750000002 0.8671890624999999 0.1375875 0.8683249999999999 0.15968593749999999 1 0.26363593750000003 1
0 0.372840625 1 0.34140000000000004 0.8669515625 0.23827812499999998 0.8691656249999999 0.267125 1 0.372840625 1
0 0.48175156250000006 1 0.44843593750000005 0.8675203125 0.34328125 0.8673328124999999 0.3741140625 1 0.48175156250000006 1
0 0.5043640625 1 0.587509375 0.9985484375 0.552746875 0.8624499999999999 0.451203125 0.8661 0.48267499999999997 1 0.5043640625 1
0 0.156275 1 0.1356109375 0.86891875 0.029734375 0.8734562499999999 0.0464796875 1 0.156275 1
0 0.6456031249999999 0.027285937500000003 0.6791703124999999 0.14456249999999998 0.758075 0.1418265625 0.7210921875 0.0236828125 0.6456031249999999 0.027285937500000003
0 0.4320546875 0.1404828125 0.5116578125 0.13787812500000002 0.4809875 0.03774375 0.406771875 0.0376984375 0.4320546875 0.1404828125
0 0.7233796875 0.024321875 0.7587531249999999 0.143109375 0.8393265624999999 0.1431234375 0.7902125 0.0258703125 0.7233796875 0.024321875
0 0.5625578124999999 0.0357921875 0.59560625 0.14126875 0.6772265625 0.14188125000000001 0.6418796875 0.0304953125 0.5625578124999999 0.0357921875
0 0.559684375 0.0368171875 0.4819046875 0.036546875 0.513 0.1395171875 0.5944843750000001 0.140775 0.559684375 0.0368171875
0 0.9938234375 0.14178437500000002 0.9936515625 0.1319609375 0.9470640625 0.027884375 0.8695734375 0.0254109375 0.921365625 0.14305 0.9938234375 0.14178437500000002
1 0.7961671875 0.028481250000000003 0.8392453124999999 0.1478765625 0.9192515625000001 0.1430859375 0.87741875 0.051500000000000004 0.8652046875 0.02591875 0.7961671875 0.028481250000000003
0 0.9936015625 0.12905 0.99180625 0.026260937499999998 0.950440625 0.026850000000000002 0.9936015625 0.12905