0 0.50234375 0.2171875 0.1765625 0.1765625
0 0.621875 0.32734375 0.134375 0.1375
0 0.565625 0.278125 0.15 0.1546875
0 0.6828125 0.38671875 0.1625 0.1640625
0 0.86015625 0.55 0.175 0.175
0 0.31796875 0.07109375 0.1578125 0.1421875
0 0.4328125 0.1671875 0.175 0.175
1 0.73203125 0.43828125 0.1546875 0.1546875
0 0.3734375 0.1171875 0.1546875 0.1609375
1 0.790625 0.4984375 0.16875 0.1734375
1 0.91640625 0.61953125 0.1546875 0.1546875
0 0.49921875 0.4015625 0.1640625 0.16875
0 0.565625 0.46484375 0.1703125 0.1703125
1 0.6890625 0.57890625 0.146875 0.15
0 0.4328125 0.34921875 0.1671875 0.1671875
0 0.3078125 0.2375 0.1765625 0.18125
1 0.75 0.63828125 0.1625 0.165625
1 0.625 0.52578125 0.1546875 0.1578125
0 0.240625 0.1796875 0.178125 0.178125
1 0.36953125 0.30078125 0.1734375 0.1765625
0 0.87265625 0.75625 0.1515625 0.1546875
1 0.80625 0.7 0.1640625 0.1671875
0 0.815625 0.20625 0.1484375 0.153125
0 0.87265625 0.2578125 0.15625 0.15625
0 0.1078125 0.43359375 0.184375 0.1890625
0 0.0640625 0.378125 0.128125 0.1875
1 0.17421875 0.50546875 0.1796875 0.184375
1 0.95078125 0.36171875 0.0984375 0.1703125
0 0.75859375 0.15859375 0.15625 0.1609375
0 0.5921875 0.0453125 0.159375 0.090625
0 0.92109375 0.31171875 0.1578125 0.1703125
0 0.2390625 0.5703125 0.1859375 0.190625
1 0.6484375 0.9234375 0.2 0.153125
1 0.296875 0.63671875 0.175 0.178125
1 0.50234375 0.82421875 0.1890625 0.19375
0 0.57109375 0.89140625 0.1953125 0.2
0 0.4328125 0.7671875 0.196875 0.196875
0 0.35546875 0.7046875 0.175 0.18125
0 0.7 0.11171875 0.1578125 0.1578125
0 0.64375 0.06875 0.153125 0.1375
1 0.53828125 0.021875 0.1484375 0.04375
0 0.0515625 0.60234375 0.103125 0.2078125
0 0.21640625 0.79765625 0.190625 0.196875
0 0.08359375 0.66640625 0.1671875 0.1953125
0 0.36796875 0.91328125 0.2078125 0.1734375
0 0.2875 0.86328125 0.2078125 0.2078125
0 0.1375 0.73203125 0.2015625 0.2015625
0 0.43515625 0.95078125 0.1984375 0.0984375