0 0.4940297125 1 0.49675972812499997 0.9122755484375 0.49673434062500005 0.9121925093750001 0.4948644765625 0.907787384375 0.42941474062499996 0.92957834375 0.4290368421875 1 0.4940297125 1
0 0.4143499515625 0.98108506875 0.41458474375 0.9809854046875 0.4751562984375 0.950265390625 0.4569459953125 0.8330948890625001 0.39666802031250004 0.8636734359375 0.4143499515625 0.98108506875
1 0.2728494859375 0.6439479390625 0.2980570890625 0.7164438390625001 0.41475090000000003 0.70762734375 0.41550814375 0.7073059125000001 0.413914790625 0.7031550828124999 0.386107903125 0.6361004218749999 0.273363446875 0.6437297765625 0.2728494859375 0.6439479390625
0 0.44830468437500004 0.7742712921875 0.4497243953125 0.7734516234375 0.44509754062500007 0.7625514390625 0.41335552968749995 0.7075726640625 0.2990425359375 0.7323582359375 0.34336869999999997 0.7985934859375 0.44830468437500004 0.7742712921875
0 0.45526918125 0.7665197546875 0.45288617656249996 0.760905746875 0.3766810515625 0.7752889203125 0.3633189609375 0.8968891687499999 0.4409509421875 0.8817990390625001 0.45526918125 0.7665197546875
0 0.269976384375 0.647727365625 0.38336545625 0.6377752078125 0.3877159296875 0.6359285406249999 0.36228372656249996 0.566054140625 0.2457742609375 0.5726494765625 0.24531646093749998 0.572816103125 0.269976384375 0.647727365625
0 0.2405850296875 0.5755035703125 0.353397209375 0.5605317546874999 0.3592403890625 0.558051471875 0.3392480234375 0.505187775 0.3298352671875 0.4830127109375 0.2120369109375 0.49835446875 0.2405850296875 0.5755035703125
1 0.194165415625 0.1434623546875 0.1940517109375 0.14313213125 0.1923640640625 0.139156284375 0.116791115625 0.16598461250000002 0.13778196874999998 0.3044129109375 0.21667500781250001 0.27782773125000004 0.194165415625 0.1434623546875
1 0.11576092812500001 0.2709916109375 0.11830852812499999 0.2779910875 0.14519513281250002 0.35001110625 0.28177780625 0.3278294828125 0.2855200578125 0.32624099218749997 0.284517353125 0.3234860890625 0.25459695312499997 0.2455962890625 0.11972690781249999 0.2693081515625 0.11576092812500001 0.2709916109375
1 0.340579390625 0.4844955671875 0.348629790625 0.48107837499999995 0.3274106125 0.40707830312500004 0.1827693015625 0.4149350296875 0.201983815625 0.4903552859375 0.340579390625 0.4844955671875
1 0.2733518578125 0.44247521718750005 0.27860328437500004 0.3023340203125 0.27777989999999997 0.3003942484375 0.20530183124999998 0.31212202968749997 0.1914476265625 0.45288756093750004 0.2398624828125 0.44718184218749996 0.2733518578125 0.44247521718750005
1 0.5225597875 0.9415081796875 0.6737617515625 0.9252893109375 0.6778231390625 0.9235653546875 0.673226740625 0.9120955390625 0.64778231875 0.8521522375 0.48883092499999997 0.8636567640624999 0.5225597875 0.9415081796875
0 0.5738494890625 1 0.579211946875 0.9988367828125 0.6345815875 0.98605369375 0.696084528125 0.9599472453125 0.695871828125 0.9590259484375 0.6884459578125 0.937215096875 0.522485075 0.9233023656249999 0.52179319375 0.9235960499999999 0.54267515625 1 0.5738494890625 1
0 0.4705618140625 0.49310955468750006 0.405374184375 0.5325797718749999 0.4446875546875 0.67794560625 0.448331925 0.6763986625 0.47792738437500004 0.6593953625 0.5178717015625 0.63443538125 0.4717318828125 0.49498205625 0.4705618140625 0.49310955468750006
0 0.5824428562499999 0.7237136125 0.5106933671875 0.751891003125 0.5295982078125 0.9047017437499999 0.604172734375 0.86855609375 0.5851638265625 0.7292924328125 0.5824428562499999 0.7237136125
0 0.4013501265625 0.63183860625 0.43868499375000003 0.7075882078125 0.5740719375000001 0.6926201562500001 0.5825857578125 0.689006253125 0.562086421875 0.6382686171875 0.5545362593750001 0.620481546875 0.40298429531249996 0.6311449421875001 0.4013501265625 0.63183860625
0 0.4791355796875 0.6780981640625 0.504944025 0.8289018140625 0.51609826875 0.8241671187499999 0.576434296875 0.7907223109375 0.5472120390625 0.64584383125 0.54558355625 0.6429059734375 0.4791355796875 0.6780981640625
0 0.5216523171875 0.5139045234374999 0.489718615625 0.46058015625 0.479804890625 0.4458824578125 0.355003896875 0.492198415625 0.3353525625 0.5009522109375 0.377871396875 0.567361365625 0.5147808421875 0.5185393921875 0.5216523171875 0.5139045234374999
0 0.22469782968750002 0.175710715625 0.35011789531250004 0.11891663593749999 0.3541457390625 0.116399759375 0.353205359375 0.1141843625 0.343622890625 0.098434034375 0.308479525 0.0421928921875 0.1786762828125 0.10656188281250001 0.22469782968750002 0.175710715625
1 0.36314550625 0.23744341093750002 0.32387483281249996 0.107060978125 0.24880913750000003 0.1456517609375 0.283934190625 0.272529059375 0.347493946875 0.244741853125 0.36314550625 0.23744341093750002
0 0.41469372499999996 0.40651301249999994 0.412801903125 0.2825774171875 0.40955845156250004 0.274936321875 0.3283335984375 0.2939401203125 0.33446774218750003 0.42756893125 0.3377325453125 0.4267549234375 0.41469372499999996 0.40651301249999994
1 0.28728648125 0.32063641718749997 0.41947684687500003 0.29993359375 0.42173074218749995 0.298976871875 0.4034185578125 0.24866455625 0.39190218125 0.21927126874999997 0.2584632 0.242992475 0.28728648125 0.32063641718749997
0 0.47307606875 0.465597703125 0.4824630484375 0.46161316562500004 0.46306246093750003 0.3885057953125 0.3305959421875 0.389598284375 0.35349443593749996 0.47019912656249996 0.47307606875 0.465597703125
0 0.8210143359375 0.72772101875 0.8076602265625 0.8950825328124999 0.8781973656250001 0.88264493125 0.879296275 0.8821784718749999 0.90308933125 0.7178177765625 0.9018341171875001 0.7148606796875 0.8267756140625 0.72670515 0.8210143359375 0.72772101875
0 0.57706219375 0.0159257171875 0.4990784640625 0.0610368328125 0.5566934125 0.238293740625 0.5614402125 0.23627884531249999 0.5719108046875 0.2307115328125 0.6406488875 0.19322989375 0.57707644375 0.0159525171875 0.57706219375 0.0159257171875
0 0.8620366203125001 0.827198440625 0.8699639359375 0.6397792375 0.868216928125 0.63566354375 0.797609490625 0.651087803125 0.783610196875 0.839397871875 0.861461384375 0.82731025625 0.8620366203125001 0.827198440625
0 0.5783555984375 0.22956013125000002 0.6282884859375 0.41499088281249996 0.6423816125 0.40900870468750006 0.71171008125 0.3736840859375 0.661268390625 0.202403040625 0.6571271953125 0.1942754859375 0.5783555984375 0.22956013125000002
1 0.5080740390625 0 0.4245639984375 0.0427592484375 0.477249646875 0.123647815625 0.631171575 0.039314628125 0.6396317359375 0.033167960937500005 0.6375759796875 0.028324904687500003 0.629078246875 0.01599854375 0.6174546249999999 0 0.5080740390625 0
0 0.7849142078125 0.5293339796875001 0.7181721296875 0.5783994156250001 0.790639025 0.7568571859375 0.7921772687499999 0.7562042390625 0.8016411765625 0.7490726734375001 0.8596776500000001 0.704279165625 0.7877070171875 0.5330401609375001 0.7849142078125 0.5293339796875001
0 0.604121834375 0.4653430453125 0.60392405625 0.46547148437499997 0.64459753125 0.5293973249999999 0.6497099671875 0.5372697859375 0.827307746875 0.48062823750000006 0.8277484375 0.48034204999999996 0.825657371875 0.47541580781250004 0.8256134749999999 0.47534821406249994 0.7728021203125001 0.4035376015625 0.75377368125 0.41017386718750004 0.604121834375 0.4653430453125
0 0.5698027703124999 0.3794282375 0.605549240625 0.43954013124999997 0.6167784453125 0.45751061875000004 0.7890956484375 0.3932807 0.786397965625 0.38692535625 0.78402836875 0.383133209375 0.7410799578125 0.32015424531250003 0.5703434656249999 0.3790903734375 0.5698027703124999 0.3794282375
1 0.5259415984375 0.25736696718749996 0.7027015249999999 0.26458375625 0.7090885703125 0.261872615625 0.7002480078125 0.2041192734375 0.694712303125 0.169168209375 0.5052748890625 0.16736073437500001 0.5259415984375 0.25736696718749996
1 0.8016308000000001 0.63953526875 0.7971542203124999 0.4562535546875 0.794966565625 0.4510997625 0.70706554375 0.473753953125 0.709094565625 0.6637478078125 0.7680750515625 0.649157225 0.8016308000000001 0.63953526875
0 0 0.377650746875 0.04762515 0.36601849531249997 0.0317618875 0.32864699062499997 0.0170549 0.29561455468750003 0 0.299451453125 0 0.377650746875
0 1 0.68124690625 0.9559475125000001 0.700228365625 0.953211765625 0.7016222984375 1 0.7934493796875 1 0.68124690625
1 0 0.4813858265625 0.006004045312499999 0.4788372609375 0.02149763125 0.4698920359375 0.06697049375 0.44171211406250005 0.034655870312499996 0.34808826875 0.033305584375 0.34574950625 0 0.365727090625 0 0.4813858265625
0 0.081658675 0.422202971875 0.01322275 0.441976709375 0.013237265625 0.5449350953125001 0.0132993046875 0.54508125 0.0380126140625 0.53891953125 0.0864915921875 0.525435640625 0.0840699046875 0.4278834734375 0.081658675 0.422202971875
0 0.14579744375 0.5692122046875 0.147097028125 0.5683682453125 0.1437301765625 0.560436440625 0.10647491406250001 0.5030683671875 0.0084581109375 0.5369733703125 0.0567360515625 0.6007603296874999 0.14579744375 0.5692122046875
0 1 0.5148840531250001 0.931595090625 0.5416039109375 0.9439277046875001 0.726050859375 0.9447492125 0.7279862109375 1 0.7067774203125 1 0.5148840531250001
0 1 0.4942894421875 0.8428033140625001 0.478585071875 0.8552897609375 0.5566599015625 0.8577895625 0.570836971875 1 0.5834284000000001 1 0.4942894421875
0 1 0.6617968546874999 0.9098242078125001 0.65072111875 0.9089211640625001 0.65088035 0.9117933328125 0.6671692328125001 0.9261286875 0.7414584375 1 0.7493541984375 1 0.6617968546874999
0 1 0.42753045624999997 0.98150686875 0.3846022046875 0.796896309375 0.414900465625 0.8328301124999999 0.495711875 1 0.47690941875000004 1 0.42753045624999997
0 0.6859298953125 0.1516067109375 0.866653553125 0.0942163125 0.8701196859375001 0.0922950046875 0.8662780937499999 0.08324478125 0.823492815625 0.0060580953125 0.6430659578125 0.0732497890625 0.6466464140625 0.08168481718750001 0.6859298953125 0.1516067109375
0 0.7186933734375 0.22675217656250002 0.7275139375 0.24202984062500002 0.909164271875 0.1842782859375 0.8999532718750001 0.1625785296875 0.8628926 0.0983875640625 0.6816654984375 0.1590336421875 0.68038079375 0.159775365625 0.7186933734375 0.22675217656250002
0 0.9329493781249999 0.3162238921875 0.9385026859375 0.313866653125 0.9232905890625001 0.21782124687499999 0.7306988796875 0.207220896875 0.7476916625000001 0.3026598171875 0.9329493781249999 0.3162238921875
0 0.8327580484375 0.26265145 0.8244579625 0.46059343750000004 0.8247885265624999 0.46137219687500003 0.9205885796875 0.4427505546875 0.9249529421875 0.24946645781250001 0.9237739796875 0.24668899375 0.8327580484375 0.26265145
0 0.622430346875 0 0.64054723125 0.0542294234375 0.8143575078125 0.025378098437500003 0.8280148203125 0.0195809125 0.8229311828125001 0 0.622430346875 0
0 0.26954106875 0.8459615828124999 0.25596491875 0.8196327 0.2372148109375 0.785806609375 0.1275599953125 0.8101767765625001 0.16175264375 0.8744284718750001 0.26398648593749996 0.8490405359375 0.26954106875 0.8459615828124999
0 0.069781215625 0.6571022890625 0.1592409703125 0.6616180078125 0.1649867453125 0.6591790703125 0.1538126015625 0.5958073578125 0.153624284375 0.5948411625000001 0.0581292890625 0.584610334375 0.069781215625 0.6571022890625
0 0.18473468906249998 0.9261594328125 0.2980125671875 0.9199040609375 0.2787890125 0.87461620625 0.27049462968750004 0.8568288421875 0.268612490625 0.8529706203125 0.1564557671875 0.8714035000000001 0.18473468906249998 0.9261594328125
0 0.1231957015625 0.7872646484375 0.22296523906250001 0.800746003125 0.2236100921875 0.8006438687499999 0.22875091093750002 0.7984617203125 0.22831684375 0.7957211296875 0.2157902390625 0.727611903125 0.115286025 0.7144057953125 0.1231957015625 0.7872646484375
0 0.169270275 0.7324265296875 0.18332721406250002 0.639486909375 0.18288219375 0.63667715625 0.1815511765625 0.6335414796875 0.1105293015625 0.6471853453125 0.0988108609375 0.744177465625 0.141628146875 0.7373958734375 0.169270275 0.7324265296875
0 0.3211656234375 1 0.32651133125 0.9630494625000001 0.32414127187499997 0.9574659499999999 0.2591819015625 0.9748717609374999 0.25570484375 1 0.3211656234375 1
0 0.19042472500000002 0.9259554171875 0.212366825 0.99120354375 0.214200790625 0.9959811875 0.3202673640625 0.9921643093749999 0.3290972703125 0.9884162359375 0.31236387187500003 0.9421416390624999 0.3084305296875 0.9318949328125001 0.2827061015625 0.9302565046875 0.19042472500000002 0.9259554171875