0 0.015653165625 0.327723253125 0.060453167187500004 0.37744399687499997 0.062149089062499996 0.376118996875 0.1183664546875 0.27752964375 0.0959444203125 0.252261990625 0.0725697765625 0.2271957546875 0.0674478328125 0.23119745625000002 0.015653165625 0.327723253125
0 0.1001432484375 0.30166965 0.0406191734375 0.33345478281249996 0.040534721875 0.33352076249999996 0.1260562 0.41563058750000004 0.18619250625 0.3835109578125 0.1001432484375 0.30166965
1 0.29038150625000003 0.47947314687500003 0.21098659375 0.5564893984375 0.242211478125 0.62202226875 0.2443548484375 0.626228871875 0.3296108828125 0.54481513125 0.2929332953125 0.4781729453125 0.29038150625000003 0.47947314687500003
0 0.162662940625 0.488325321875 0.194070734375 0.5615746749999999 0.2771169828125 0.4792029203125 0.24659005 0.4192904421875 0.2415751203125 0.412871625 0.2402134796875 0.41356541562500004 0.162662940625 0.488325321875
0 0.089332990625 0.4004859484375 0.1800624203125 0.4819495625 0.2044015296875 0.4678973703125 0.2475090796875 0.4427002640625 0.2459727734375 0.440039303125 0.1583953828125 0.3591425625 0.101289971875 0.3921123875 0.09636651406249999 0.39499075625 0.089332990625 0.4004859484375
0 0.241694671875 0.6207848328125001 0.24271922968749998 0.62155689375 0.35143702656250003 0.66164329375 0.3958440875 0.6027131359375 0.39336785937499996 0.5995437078125 0.2870420171875 0.55655074375 0.241694671875 0.6207848328125001
0 0.378146709375 0.7380356015625 0.4473757390625 0.693602278125 0.362028590625 0.60996494375 0.3514744125 0.6163065343749999 0.2924200140625 0.653616140625 0.378146709375 0.7380356015625
1 0.5905049906250001 1 0.6586474140624999 0.9662073890625 0.6564725218749999 0.9617482 0.5764196 0.8530778515625 0.5136324484375 0.882965525 0.50342410625 0.887944465625 0.5031435546874999 0.88816365625 0.5828856765625 1 0.5905049906250001 1
1 0.5642239 0.7776227359375001 0.5632817078125 0.778145003125 0.455838203125 0.8675855968749999 0.49255319999999997 0.935126559375 0.4963968671875 0.9420607171875 0.49890365000000003 0.940671184375 0.6064151171875001 0.8535212796874999 0.570034575 0.7850600609375 0.5642239 0.7776227359375001
1 0.45086271250000004 0.8032069828124999 0.5167362843750001 0.7580362703125 0.5164187921875001 0.7575655671875 0.40876230625 0.65918936875 0.367870278125 0.6867713890625 0.3636957640625 0.6897718609375 0.345156046875 0.7042566765625 0.45086271250000004 0.8032069828124999
1 0.412759296875 0.759674096875 0.390847725 0.7831713812500001 0.5104793140624999 0.860428334375 0.5651507671875 0.7991124375 0.5646936499999999 0.7985273562499999 0.4420905015625 0.7295031468750001 0.412759296875 0.759674096875
1 0.29122573125 0.26014317343750004 0.28910442812500003 0.2571136390625 0.1690954171875 0.16293845 0.1048577625 0.2079181390625 0.10005336093749999 0.21167175 0.228852265625 0.305730346875 0.29122573125 0.26014317343750004
0 0.247505846875 0.2072772703125 0.1599505671875 0.1311666265625 0.1349989484375 0.1506609671875 0.1065315703125 0.18340894218749998 0.22385583593749997 0.23371362499999998 0.24941174687499998 0.2097167109375 0.247505846875 0.2072772703125
0 0.4264731890625 0.4064725734375 0.3335356453125 0.5206964843749999 0.3444289390625 0.5368464546875 0.3771596671875 0.583929865625 0.47835574062499997 0.47274577031250004 0.46960435 0.4597712984375 0.4293107015625 0.4045586484375 0.4264731890625 0.4064725734375
0 0.2374534625 0.39131385937499996 0.238350990625 0.390685403125 0.324974440625 0.27477793125 0.28169564999999996 0.2129694109375 0.2771696453125 0.20717638906250002 0.187312725 0.33061599375 0.2374534625 0.39131385937499996
0 0.3948857328125 0.48687206562499996 0.4492345984375 0.424871565625 0.4468822015625 0.4218606359375 0.445975178125 0.42117714531250006 0.30571291875 0.372813128125 0.259831125 0.43370032500000005 0.2603841046875 0.43440810625 0.3948857328125 0.48687206562499996
0 0.347676790625 0.424466553125 0.3999853859375 0.3719871328125 0.39680806562500004 0.3679203484375 0.2684211734375 0.2984912125 0.209809459375 0.3550918875 0.347676790625 0.424466553125
0 0.5465063140625 0.5671391296875 0.42143725468750004 0.4901170953125 0.3850698546875 0.525236684375 0.3652402765625 0.545324296875 0.36668625625 0.5468216531250001 0.38238560625 0.5582324390625 0.4956494125 0.6300032421874999 0.5499728859374999 0.5715761390625 0.5465063140625 0.5671391296875
0 0.7482597171875 0.8076970156250001 0.7425162390625 0.8121843109375 0.652983253125 0.9138736906249999 0.703522021875 0.9755002781250001 0.7210598734375 0.9617982062499999 0.8051474531249999 0.8728054843749999 0.8048930406249999 0.8724798515625001 0.761653634375 0.8227386046875 0.7482597171875 0.8076970156250001
1 0.6596463984375001 0.753813859375 0.5986184875 0.7867921171875001 0.676974021875 0.892584503125 0.7531963937499999 0.857376765625 0.753540496875 0.8571079234375001 0.6750337109375 0.7459736312499999 0.6596463984375001 0.753813859375
0 0.6514289765625 0.70471730625 0.647083471875 0.69851128125 0.55432915625 0.615362003125 0.503055990625 0.6502911515625 0.48676998281249995 0.6630151765625001 0.58263165625 0.7543932812499999 0.6514289765625 0.70471730625
1 0.5563389937500001 0.7274878109375 0.5370598921874999 0.7521639343750001 0.6591129515625 0.8140876671875 0.7095217984375 0.750410228125 0.7071219156249999 0.74733851875 0.5909410609375 0.6853556515625 0.5563389937500001 0.7274878109375
0 0.4786257265625 0.5652068 0.433637290625 0.6136843953125 0.5460032078125 0.67909241875 0.6021804859375 0.6206333749999999 0.5981443890625 0.6154674078125 0.48764195624999995 0.5555380765625 0.4786257265625 0.5652068
0 0.33256960625 0 0.3047992984375 0.026817475 0.305039509375 0.0271249296875 0.447945109375 0.1144847546875 0.4521533609375 0.11042089531249999 0.5062557484375 0.056257109375 0.5047168265625 0.054287378124999994 0.5045020046875 0.054064925 0.4017980953125 0 0.33256960625 0
0 0.8672067796875 0.716527471875 0.9513414515624999 0.6843120765624999 0.9513295921875 0.6842841359375 0.85356663125 0.5233148 0.78117965 0.5531463640625 0.7667617734375 0.559266390625 0.76566180625 0.5601257796875 0.8672067796875 0.716527471875
0 0.512388209375 0.169562275 0.5585162671874999 0.10566432968749999 0.556891378125 0.1043948296875 0.3847011703125 0.032195296875 0.353604984375 0.0701566734375 0.33820092343749997 0.0898729703125 0.338226528125 0.08990574375 0.512388209375 0.169562275
0 0.7761177265625 0.3730547921875 0.6458077078125 0.49710605 0.6962668484375001 0.5757277859375 0.8327424000000001 0.4395907453125 0.8206290796875001 0.42093786718750004 0.7828455609375 0.3686856859375 0.7761177265625 0.3730547921875
1 1 0.7042424921875 0.8850035249999999 0.6017189953125001 0.8813827015625 0.6045478921874999 0.8779215015625 0.60755666875 0.8149422968750001 0.668210240625 0.9505766937500001 0.7824800125 0.9741794 0.7640395578125 1 0.741594053125 1 0.7042424921875
0 0.5445761640625 0.074899521875 0.42972058906250005 0.22137633750000002 0.481068746875 0.287864559375 0.6004415859375001 0.1393771640625 0.59495936875 0.1319245171875 0.5906971890625 0.1262684140625 0.5483447124999999 0.07205971562499999 0.5445761640625 0.074899521875
0 0.6714168765624999 0.2321228234375 0.6594511640625 0.216807409375 0.6592149171874999 0.2169854328125 0.545247253125 0.36450020625 0.5508963890625 0.3719968640625 0.5970558828125 0.43208135312499996 0.5972442203125 0.4319394296875 0.7002702359375 0.310181665625 0.7130143953125 0.2945705171875 0.6714168765624999 0.2321228234375
0 0.5974986203125 0.43112139843749997 0.6102513265625 0.4480448109375 0.653560225 0.5029591921875001 0.6540694171875 0.5025754890624999 0.7702775171875 0.3643000609375 0.7358388484375 0.3145791875 0.7192009781250001 0.293283684375 0.5974986203125 0.43112139843749997
1 0.69771071875 0.50127814375 0.822316171875 0.6333307359375 0.9003166125 0.5917379406250001 0.90335044375 0.5893676515624999 0.77840308125 0.448371878125 0.706654740625 0.493205215625 0.6972551078125 0.5005490140625 0.69771071875 0.50127814375
1 0.6098008421875 0.1464437421875 0.4821846703125 0.28039838281249996 0.5321596140625 0.35869848125 0.664487809375 0.2235653546875 0.6480722140624999 0.1962452140625 0.6139680734375 0.14393981718749999 0.6098008421875 0.1464437421875
1 0.35934880625 1 0.39801224375 0.958599871875 0.3563197296875 0.8972814796874999 0.353641490625 0.8938534890625001 0.3528128625 0.8944555218750001 0.2858018171875 0.97208275 0.305381315625 1 0.35934880625 1
0 0.23421716875 0.89185345625 0.22438359531250002 0.9016870296875 0.3116532078125 0.9571171328125001 0.3653213140625 0.9062650609375 0.3618421421875 0.901811925 0.277851184375 0.8513289484375001 0.23421716875 0.89185345625
0 0.1923607484375 0.8429304203125 0.2288009609375 0.9114644937499999 0.301992853125 0.846722575 0.2722366875 0.7795084109375 0.2689997484375 0.7753653171875 0.2655994421875 0.7771732921875001 0.1923607484375 0.8429304203125
0 0.588598278125 0 0.5460026515624999 0.0663116640625 0.608220378125 0.1365243875 0.6896868281249999 0 0.588598278125 0
0 0.7273641484375 0 0.5970780578125 0.12024589999999999 0.5980562 0.12216561249999999 0.6423077203124999 0.1985871828125 0.77802260625 0.0761321390625 0.768208878125 0.056871615625000004 0.7380795250000001 0 0.7273641484375 0
0 0.7125617531249999 0.2799852828125 0.836084828125 0.1394822828125 0.8002485593750001 0.087716609375 0.79689853125 0.0831056921875 0.7791250296875 0.06035664843750001 0.66307180625 0.20668816875 0.7125617531249999 0.2799852828125
0 1 0.40664130781249996 0.978424171875 0.376476115625 0.8966044828124999 0.418165328125 0.8910332546875 0.42251805 1 0.5600871796875 1 0.40664130781249996
0 1 0.3851627078125 0.880610296875 0.31483014531250003 0.8282372546874999 0.372996303125 0.815156434375 0.3877479296875 0.8156084343750001 0.3881549125 0.9831638874999999 0.48348231875 1 0.46478392187499995 1 0.3851627078125
0 0.926480209375 0.39958445625 0.9854629046875001 0.3269950046875 0.9808286734375 0.321063459375 0.8142030484375 0.2403354984375 0.7525937203125 0.3191918421875 0.926480209375 0.39958445625
0 0.9260310281249999 0.24374654375000002 0.7478704015625001 0.165914209375 0.7275848578125 0.192834034375 0.692300840625 0.2414921578125 0.8717656515625001 0.3240613328125 0.9293823453125001 0.24760140000000003 0.9268567203125 0.244368746875 0.9260310281249999 0.24374654375000002
0 0 0.6037327203125 0.08622379375 0.6596121984375001 0.13736500000000001 0.6119563640625 0.13247931562499998 0.6057029734375 0.0437503078125 0.5512658 0.014309621875000001 0.5777743125 0 0.5914597296874999 0 0.6037327203125
0 0.1992238796875 0.8342355843749999 0.265168478125 0.8036688671875 0.26412500625 0.80132519375 0.203956240625 0.7299105499999999 0.1884584921875 0.73647969375 0.14415635 0.756204278125 0.14195127031250002 0.757927075 0.1992238796875 0.8342355843749999
0 0 0.566175059375 0.05264601875 0.5886964921875 0.0970830953125 0.54771163125 0.0941555390625 0.544784075 0 0.49187493125000004 0 0.566175059375
0 0.0610618828125 0.67774476875 0.10895308906250001 0.7332191578125 0.1678384609375 0.6507084859375001 0.1340288875 0.605148415625 0.1245746265625 0.5930475109375 0.11666439375 0.5992276624999999 0.0610618828125 0.67774476875
0 0.1768611859375 0.656026084375 0.10905376250000001 0.7252704125 0.1413929796875 0.7892674359375 0.2124816 0.7208836140625 0.19640176874999998 0.6880975515625 0.18276738125 0.6624550015625 0.17748529531249999 0.6556942390625 0.1768611859375 0.656026084375
0 0 0.5125030359375 0.0188879390625 0.49102714531249997 0.03557904375 0.47138439062500004 0.030940509375 0.46143702343750004 0.009674428124999999 0.41806483749999995 0.008028995312499999 0.4159587796875 0.0034815359375 0.41807929374999997 0 0.42143422499999994 0 0.5125030359375