0 0.6286288234375 1 0.698865559375 0.9446943703124999 0.7006349671875001 0.941969721875 0.6970103828124999 0.93808283125 0.671562234375 0.9215566109375001 0.6427849078125 0.903862896875 0.5542007546875001 0.9773873984374999 0.5557804515625 0.9790814156250001 0.58923135625 1 0.6286288234375 1
0 0.588233184375 0.82830675 0.5881123406250001 0.8281771609374999 0.533424228125 0.8677623171875 0.569261196875 0.9809797437500001 0.6244921515625 0.9410099109375001 0.588233184375 0.82830675
0 0.42242458593750004 0.796370215625 0.4704335171875 0.73671649375 0.400647521875 0.6417860156249999 0.400392353125 0.6420239640625 0.3977687828125 0.6455055578125 0.3556386109375 0.70462069375 0.42145669531249996 0.7956408578125 0.42242458593750004 0.796370215625
0 0.52839285625 0.76184479375 0.490501171875 0.72747629375 0.390253271875 0.778664634375 0.40714864687499996 0.7967827062499999 0.442810878125 0.833612909375 0.545565225 0.7829765796875 0.5468981984375 0.78168934375 0.52839285625 0.76184479375
0 0.6015192125 0.8646683718749999 0.604374515625 0.8620057578125 0.5662193421875 0.7931720046875 0.44730181093750004 0.8178618312499999 0.4852026125 0.8871092125000001 0.6015192125 0.8646683718749999
0 0.3086197890625 0.632821825 0.3564111203125 0.7400823109375 0.35725975781249997 0.7409923625 0.41589567499999996 0.6935099328125001 0.372801084375 0.5881198624999999 0.3705896671875 0.5857484078125 0.3086197890625 0.632821825
0 0.38361820625 0.623482921875 0.3838279671875 0.6232873171875 0.3474363265625 0.5496751343749999 0.23047497031250003 0.577884225 0.26738336406249996 0.651217471875 0.38361820625 0.623482921875
1 0.17452800468750002 0.33425891406249997 0.17177589375 0.3313076359375 0.11188514375 0.28280906250000004 0.006216021875 0.373450371875 0.07056847499999999 0.42626746562499995 0.17452800468750002 0.33425891406249997
0 0.060507362499999995 0.40648077968749996 0.0649407546875 0.41305355468749994 0.10845193125000001 0.4764298125 0.235494975 0.4219146546875 0.23859325468749998 0.4190254609375 0.23721870625000002 0.41698760625000003 0.18934381875 0.348649865625 0.06288350000000001 0.40487805468750004 0.060507362499999995 0.40648077968749996
1 0.2465365875 0.44366492187500006 0.24230908750000002 0.44760712812500003 0.192296053125 0.502303296875 0.2759692265625 0.6213176609375 0.27932427656250003 0.6181890250000001 0.2960481875 0.60069275625 0.329052853125 0.5640373624999999 0.24661693125 0.4437372625 0.2465365875 0.44366492187500006
1 0.13832259062500002 0.447259690625 0.22091995468749998 0.56155658125 0.24005428125 0.54371353125 0.24405302031249998 0.5395727171875 0.2726475453125 0.508702684375 0.1969008921875 0.3892484328125 0.13832259062500002 0.447259690625
0 0.64532003125 0.8050661859374999 0.7318288296875 0.9375695609375001 0.73882428125 0.9310461968749999 0.784788803125 0.8722142921874999 0.6970234671875 0.747441 0.694109103125 0.74516405 0.64532003125 0.8050661859374999
0 0.6958096796875 0.929469528125 0.8396450484375 0.86480315 0.84450451875 0.8602716203125 0.7878378484375 0.7995040578125 0.68554949375 0.88917353125 0.6757365203125001 0.898009171875 0.668526628125 0.9047325046875001 0.6958096796875 0.929469528125
0 0.43023689843749996 0.6370879671874999 0.4416871828125 0.6528479296875 0.57999615625 0.60486410625 0.5831460046875 0.6019268249999999 0.5454763671875 0.5458228140625 0.5362775046875 0.5331616640625 0.397187534375 0.5902276671875 0.43023689843749996 0.6370879671874999
0 0.627386 0.8402632390625 0.7512321875 0.7533761078125 0.7451375812500001 0.74684044375 0.6856180875 0.7035969984375 0.5682164796875 0.7881843921875 0.5675724546875001 0.7890708140625 0.627386 0.8402632390625
0 0.6366606375 0.6367613203125 0.6402195140625 0.6320385296875 0.6386606375 0.6303668390625 0.5708339437500001 0.5867181578125 0.45373260625 0.6759540953125 0.5157376390625 0.7215104578125 0.6366606375 0.6367613203125
0 0.5381538265625 0.68012491875 0.625403821875 0.8060759781250001 0.6294504171875 0.8023024671875 0.6739334343750001 0.7410768437499999 0.58622078125 0.6221222109375 0.583503284375 0.6201478328125 0.5381538265625 0.68012491875
0 0.3815997265625 0.59007261875 0.3828690890625 0.592104021875 0.5100069703125001 0.5499074109375 0.5178977875 0.5467175765625 0.527071946875 0.540984925 0.5285993734375001 0.5395605765625 0.4924908671875 0.47857642812499995 0.48965120000000006 0.474032009375 0.34320308593750004 0.5205619687499999 0.3815997265625 0.59007261875
0 0.1600364015625 0.1491800421875 0.15522240468749998 0.1440176625 0.11441630625000002 0.17589888125 0.0918685296875 0.196925021875 0.1533918640625 0.3019464890625 0.1610480125 0.2961106328125 0.2226710734375 0.2479654234375 0.1600364015625 0.1491800421875
1 0.27639335625 0.3121003640625 0.2168908734375 0.19411157031249998 0.2141776921875 0.1912020390625 0.1478545625 0.2415575375 0.20447799687499998 0.3604078828125 0.262246940625 0.32200579218750003 0.27639335625 0.3121003640625
1 0.2891044234375 0.45916065625 0.4126935078125 0.41690803593750003 0.41382161718750005 0.4158560578125 0.3681374328125 0.3427460765625 0.24580988750000002 0.38879490156249996 0.24459591875000003 0.389926946875 0.2891044234375 0.45916065625
1 0.250240709375 0.25464761875 0.2011374234375 0.3206836484375 0.2912914296875 0.4211583984375 0.29902316562500003 0.41394843750000004 0.3113863203125 0.3975419765625 0.34312718750000004 0.3532143390625 0.2526572375 0.25646860312499997 0.250240709375 0.25464761875
0 0.465558196875 0.44436380781249996 0.468046409375 0.44053229531250004 0.46422451875000004 0.43643382031250005 0.399202925 0.3955821109375 0.3059983890625 0.4862310109375 0.3724415234375 0.52960740625 0.465558196875 0.44436380781249996
0 1 0.6026201 0.9844966156250001 0.5905075281250001 0.8358225499999999 0.70433343125 0.8380133515624999 0.706682778125 0.8943591046874999 0.74668605 1 0.676064353125 1 0.6026201
0 0.40270241406249996 0.21598910781249997 0.5380669296875 0.094080471875 0.540021496875 0.0915787390625 0.5358697828125 0.087126571875 0.49218068125 0.052992904687499995 0.46588490312499997 0.032890328125 0.3297689234375 0.16309316406250002 0.40270241406249996 0.21598910781249997
0 0.9035592734375 0.7210220656249999 0.9556083531249999 0.6776169999999999 0.9641944406249999 0.66961034375 0.8748927703125 0.505669684375 0.871723740625 0.502271315625 0.8185721562499999 0.5523986640625 0.9035592734375 0.7210220656249999
0 0.47532929218750003 0.23132094374999998 0.6071386484375 0.3723177546875 0.607535084375 0.371948071875 0.6607364109375 0.29596870625 0.5357874609375 0.1684174578125 0.528315346875 0.16318542656249999 0.47532929218750003 0.23132094374999998
1 0.36133485625 0 0.26745882656250003 0.08976680468750001 0.33715865156249997 0.14912337343749998 0.46786065312499997 0.030968718750000002 0.4734681078125 0.024044090625 0.4466915484375 0 0.36133485625 0
0 0.7833753609375 0.428092846875 0.733894940625 0.49452785156249995 0.8548637203125 0.643375940625 0.8593947562500001 0.6391506796875001 0.8636168171874999 0.6333395125 0.90602101875 0.5735350453125 0.7871297187499999 0.430820546875 0.7833753609375 0.428092846875
0 0.671446309375 0.4137469125 0.7047242 0.389569109375 0.62961041875 0.2243080765625 0.6272859562499999 0.2218153953125 0.559216234375 0.27555814375 0.6295715484375 0.440951290625 0.6304570015625 0.4421700109375 0.671446309375 0.4137469125
1 0.47935353281250004 0.29229756406249996 0.6065297125 0.1537358234375 0.603181315625 0.15014510781249998 0.526864409375 0.107723065625 0.3986729640625 0.2389116140625 0.39849328125 0.2391882984375 0.47935353281250004 0.29229756406249996
0 0.8659036609375 0.4291411296875 0.814235609375 0.3935668859375 0.789750728125 0.37766621875 0.6482990046875 0.5033053140625 0.7263117734375 0.558144053125 0.8634436984375 0.4329291390625 0.8659036609375 0.4291411296875
1 0.8037247171875 0.3694323078125 0.73730181875 0.316534615625 0.5870828984375 0.42846001093749997 0.5864801984375 0.42923143125 0.6643824203124999 0.483109725 0.6802136078125 0.47063995937499997 0.8029829546875 0.3703817203125 0.8037247171875 0.3694323078125
1 0 0.6354090218749999 0.0039864125 0.638759184375 0.08715864375 0.57876879375 0.0877957171875 0.5780359234375 0.0860819671875 0.5761981515625 0.02719776875 0.5281508609375 0 0.549432446875 0 0.6354090218749999
0 0 0.6408615015625 0.003149275 0.644122671875 0.052851640624999995 0.6928912375 0.1350148078125 0.64269521875 0.139647109375 0.63822185625 0.127753153125 0.62546715 0.088494775 0.5877090968750001 0 0.6388182109375 0 0.6408615015625
0 0.1897658765625 0.6917074750000001 0.19268665625 0.6882266234375 0.1905946765625 0.6859832484374999 0.12930302656249998 0.6416492390624999 0.050758424999999996 0.6997811109375001 0.11021851875 0.7496740515625 0.1897658765625 0.6917074750000001
0 1 0.399210109375 0.8783940343750001 0.4334260421875 0.8774895234375 0.43426951249999995 0.9225846453125 0.5083322953125 1 0.4892810734375 1 0.399210109375
0 1 0.3257699703125 0.9928119640625 0.3142341328125 0.9903324921875001 0.3106930796875 0.813865340625 0.372473459375 0.8581777531249999 0.43795628437499995 0.8664348296875 0.4497486140625 1 0.40129273125 1 0.3257699703125
0 0.8178993640625001 0.38649377500000004 0.9766889750000001 0.2895020546875 0.9602781125 0.271903559375 0.9527017671875001 0.264838503125 0.905689290625 0.222960703125 0.7511799015625 0.328440046875 0.8178993640625001 0.38649377500000004
0 0.5457185703125 0 0.48721811718749997 0.046409353125000004 0.49316858906250005 0.052790453125000004 0.5524765359375 0.1074643734375 0.7024832234375 0 0.5457185703125 0
0 0.55032880625 0.10268996718750001 0.5785847828125 0.1345550609375 0.615466771875 0.1755166609375 0.78020988125 0.0784663703125 0.78144985625 0.0773100765625 0.7354693906249999 0.026243598437499998 0.717611884375 0.0070937671875 0.5514943 0.10160312656249999 0.55032880625 0.10268996718750001
0 0.808901490625 0.22201247500000001 0.7367901984375 0.050570603125 0.7322956578125 0.045750798437500004 0.6532099312499999 0.10320994375 0.7314066296874999 0.2800908171875 0.7489993328125 0.2673089703125 0.808901490625 0.22201247500000001
0 0.7738843046875 0.11712082343750001 0.710377815625 0.19017668125 0.8280077734375 0.3479521421875 0.83423805625 0.342142309375 0.8687143562499999 0.303923090625 0.89082831875 0.2784838875 0.7776551281249999 0.12039875 0.7738843046875 0.11712082343750001
0 0.3751608015625 0.946807021875 0.3429253859375 0.8447558140625 0.339402175 0.8409776328125 0.280308021875 0.8793838125000001 0.3166277609375 0.985186259375 0.342317359375 0.9689602031250001 0.3751608015625 0.946807021875
0 0.1758203609375 0.6831729078125 0.1245426609375 0.7346861265625 0.17655275937499998 0.8144381265625 0.18870752500000001 0.8031036234375 0.21272117031249999 0.778236765625 0.2241946890625 0.765920425 0.17766580468749998 0.6849550328125 0.1758203609375 0.6831729078125
0 0.364020359375 1 0.452827784375 0.969142184375 0.45469057187499995 0.9674051078125 0.41884675781249997 0.9261715171875 0.40643474687500003 0.912861265625 0.304229171875 0.9612458515625001 0.34076746562500004 1 0.364020359375 1
0 0.27191389843749997 0.786077009375 0.22543897968749999 0.8418497437499999 0.2876909203125 0.9265814796875 0.28974863906250004 0.9246626250000001 0.32301365937500004 0.8805184531249999 0.3326711453125 0.8670184000000001 0.2737969046875 0.7874959546875 0.27191389843749997 0.786077009375
0 0.2069332921875 0.8478519046875 0.2921382796875 0.80920244375 0.29608389687500003 0.8055230968749999 0.27173913125000004 0.778485496875 0.2464299375 0.7521619015625001 0.1578564234375 0.7955747093750001 0.2069332921875 0.8478519046875
0 0.4637165859375 1 0.4448335265625 0.9384704234375001 0.44363434531249996 0.9368198937500001 0.3919584859375 0.9728433921875 0.39707990625 0.9983446296875 0.3974417875 1 0.4637165859375 1