0 0.11587227343749999 0.1989183765625 0.11542935000000001 0.20398100624999999 0.120198740625 0.20562324062499998 0.180940090625 0.209891865625 0.2282665125 0.1024996203125 0.1572565796875 0.0980504171875 0.11587227343749999 0.1989183765625
0 0.18294802500000001 0.19043026406250002 0.2919642359375 0.23707795625 0.297974615625 0.1697551734375 0.1890171734375 0.12252436093750001 0.18294802500000001 0.19043026406250002
0 0.5380538406250001 0.22195331562499998 0.4627441859375 0.2061834234375 0.4098142921875 0.3115172484375 0.4144637453125 0.3123370734375 0.486262415625 0.3230376203125 0.5380538406250001 0.22195331562499998
0 0.325849390625 0.271476840625 0.39738826875 0.2961096515625 0.46656094374999996 0.2035314109375 0.3896533296875 0.182623615625 0.3264226421875 0.26981199375 0.325849390625 0.271476840625
0 0.37828888125 0.20262787499999999 0.271779475 0.14534844062500002 0.268657578125 0.154415084375 0.25545849375 0.2223184875 0.357709746875 0.2791844140625 0.3627782296875 0.280169628125 0.37828888125 0.20262787499999999
0 0.48295707656250003 0.2920097265625 0.571205590625 0.36091735156250004 0.5773824656250001 0.3630442203125 0.6061674 0.295231165625 0.517092659375 0.22112199062500001 0.51591175625 0.22062072812500003 0.48295707656250003 0.2920097265625
0 0.641672175 0.3981616578125 0.6426059453125 0.39872272343750004 0.6428254859375 0.3987983171875 0.686469403125 0.3297178453125 0.6026336328124999 0.244168203125 0.5582003078125 0.313397234375 0.641672175 0.3981616578125
1 0.8671772859375 0.49587922500000003 0.8697819359375 0.496776078125 0.9471792906250001 0.509034615625 0.99337078125 0.377702378125 0.9112313765625 0.3641376609375 0.8671772859375 0.49587922500000003
0 0.914682403125 0.3503760609375 0.9115527265625 0.34993621406250003 0.828213121875 0.339723565625 0.7858659593749999 0.46983384843750003 0.785463096875 0.4727003703125 0.7929322 0.47527218906249996 0.793949084375 0.475415103125 0.8690448890625 0.4853394265625 0.9145109640625 0.3515959125 0.914682403125 0.3503760609375
1 0.61250174375 0.3844405125 0.6106038093749999 0.38995251406250003 0.6754902078125 0.43209023437500005 0.779497915625 0.3312674515625 0.715516396875 0.2869529171875 0.61250174375 0.3844405125
1 0.7098213671875 0.4415860453125 0.7091396 0.448072615625 0.7155526734375 0.4502808140625 0.7815727109374999 0.4558345984375 0.8290696499999999 0.3226020390625 0.74729175 0.31215700625 0.7098213671875 0.4415860453125
0 0.06412034375 0.34049364843749996 0.0631939765625 0.34318401249999997 0.14000869375 0.3757899234375 0.2402665953125 0.2557871171875 0.168760321875 0.2237077359375 0.06412034375 0.34049364843749996
1 0.087778475 0.194352496875 0.0723055125 0.2264154109375 0.0458778859375 0.2830896390625 0.026205984375 0.3402209921875 0.0318538828125 0.34285465 0.053612892187500004 0.3504310859375 0.167290728125 0.227635715625 0.087778475 0.194352496875
0 0.45747522187499995 0.336053159375 0.39323030625 0.46855628749999995 0.3926948828125 0.4719368078125 0.459763371875 0.48512138125000004 0.475220734375 0.4875695859375 0.5332204359375 0.34886636875 0.4767157703125 0.3391005625 0.45747522187499995 0.336053159375
0 0.32241232656249996 0.29924685625 0.24942702187500002 0.260209321875 0.1448508234375 0.360398334375 0.14416790468750001 0.3623816765625 0.1999140734375 0.39797682343749996 0.21072284218749998 0.40372394843750004 0.3222711609375 0.2995123484375 0.32241232656249996 0.29924685625
0 0.45498977500000004 0.39765617343750004 0.3510042453125 0.29831620625 0.349656459375 0.2978521265625 0.3139312125 0.365041546875 0.41662440156249997 0.4712914796875 0.42178743125 0.473069253125 0.45498977500000004 0.39765617343750004
1 0.25948675 0.27703515156249997 0.234495825 0.349614065625 0.352122090625 0.4424714234375 0.3550757640625 0.4434884546875 0.381777975 0.36784450625 0.25948675 0.27703515156249997
0 0.476430409375 0.4017890171875 0.4628365890625 0.43720212968750005 0.571449496875 0.5122388203125 0.5810017984375 0.5179759625 0.5907130015625001 0.5213197968750001 0.619903121875 0.450395165625 0.495173865625 0.3618407 0.49441697187500006 0.36155015625 0.476430409375 0.4017890171875
0 1 0.5184783015625001 0.9993334328125 0.518248784375 0.9175275484375 0.5148851578125 0.8897548609375001 0.6497348453125 0.8894613203124999 0.653932675 0.8928626734374999 0.6551038546875 0.9101433 0.656519646875 0.9733933859375 0.6609425250000001 0.9791879671875 0.6441138359374999 1 0.5213698328125 1 0.5184783015625001
1 0.9325607046875 0.515567609375 0.8529081968750001 0.490005334375 0.791899075 0.5977260875 0.7893663078125 0.6050817796875 0.8489567906250001 0.6284181203125 0.8690727328125 0.6353445953125 0.93106356875 0.5199156109375 0.9325607046875 0.515567609375
1 0.7017826312500001 0.4366720734375 0.618215740625 0.5358214453125 0.6174159109375 0.538144315625 0.6939960640625 0.577163853125 0.77449493125 0.4754965078125 0.7753615328125 0.4729797140625 0.7017826312500001 0.4366720734375
1 0.7680666546875 0.46249699375000003 0.70656203125 0.5826927375000001 0.7291764406250001 0.590479503125 0.758032390625 0.5987538140625001 0.788581215625 0.6067138125 0.847823821875 0.4848164328125 0.7680666546875 0.46249699375000003
1 0.675224440625 0.5408909921875 0.6812159078125 0.45812183749999996 0.559293684375 0.4189853828125 0.5566857265625 0.4265594390625 0.5514980640625 0.4842549625 0.5503458390625 0.49742496718749996 0.6721432046875 0.54062141875 0.675224440625 0.5408909921875
0 0 0.6416141375 0.005139446875 0.6435869859375 0.012214303125000001 0.6460230546875 0.1198023359375 0.495535353125 0.12062993125000002 0.4931318453125 0.0525941390625 0.470534615625 0 0.534936471875 0 0.6416141375
0 0.6408122609375 0.7717596906249999 0.773539278125 0.8999056046874999 0.7759678515624999 0.9007418296875 0.8278724093750001 0.8220159468749999 0.6892695515625 0.696021059375 0.6730884484375 0.72001053125 0.6408122609375 0.7717596906249999
0 0.1947738734375 0.600146396875 0.0368611671875 0.49660780468750004 0.0096986171875 0.570535353125 0.0096814046875 0.5705853453125 0.0095091453125 0.5711155031249999 0.1700812515625 0.6692138187500001 0.1737275828125 0.6703985828125 0.1947738734375 0.600146396875
0 0.6452253046875 0.67334858125 0.5584520578125 0.6388309984375 0.46154429375 0.7904169515625 0.45884277031250004 0.7971034578125 0.458577875 0.797872771875 0.5170407890625001 0.8249739843749999 0.5376622921875 0.8333056125 0.6451827109375 0.673472278125 0.6452253046875 0.67334858125
1 0.74554580625 0.9064604171875 0.8215098296875001 0.9267046109375 0.8377672625000001 0.930160234375 0.8992639296875 0.7543747953125 0.8102136140624999 0.7331307640625 0.7473983671875 0.8977447984375001 0.74554580625 0.9064604171875
1 0.22180371562499998 0.52564495 0.10920689374999999 0.6702858234375 0.10638016406249999 0.6784952421875 0.1749838734375 0.7076157875 0.1835414140625 0.7111322015625 0.2987391953125 0.5593828937499999 0.22180371562499998 0.52564495
0 0.5452756 0.784454415625 0.5539446265625 0.69772491875 0.386097846875 0.6334425625 0.3847127125 0.6332478953125 0.3845055125 0.633849646875 0.3765783828125 0.6824624921875 0.370853675 0.7231959156250001 0.5451813078125001 0.7851253390624999 0.5452756 0.784454415625
1 0.641417053125 0.6706520828125 0.5482420203125 0.8350259281250001 0.548024375 0.8356580203125 0.6366441046875 0.8611835703124999 0.731929284375 0.704700775 0.7321041515625 0.7041929234375 0.641417053125 0.6706520828125
0 0.1934601921875 0.6453069671875 0.3509622484375 0.741401884375 0.3552456390625 0.7426301265624999 0.38450190625 0.6531476281249999 0.220675471875 0.55625765625 0.20264301875 0.6132826453125 0.1934601921875 0.6453069671875
1 0.28623890625000004 0.6665949703125 0.301500303125 0.67975595 0.41961790312499997 0.7780407031250001 0.42529672500000004 0.779996078125 0.463667240625 0.7063906046875 0.3246460671875 0.5798428390625 0.321906653125 0.5852192406250001 0.28623890625000004 0.6665949703125
0 1 0.189970428125 0.9645515359375001 0.1655414 0.8970390874999999 0.2347856953125 0.896380859375 0.2366973234375 0.959389709375 0.27919732812500003 1 0.23903964531250002 1 0.189970428125
1 0.8312454890625001 0.193939659375 0.9014031625 0.2645836078125 0.9019673593749999 0.26493615937500004 0.9053718703125 0.266108425 0.9441230953125 0.199562290625 0.870005396875 0.1305486703125 0.8535453984375 0.15689017656249998 0.8312454890625001 0.193939659375
0 0.8739576796874999 0.1445084703125 0.8091510124999999 0.1190370296875 0.7559472578124999 0.19341170000000002 0.752031228125 0.20478467656250002 0.753054890625 0.2052191953125 0.8174392734374999 0.22978458281249997 0.8798093843749999 0.146992371875 0.8739576796874999 0.1445084703125
0 0.7983702015625 0.139714296875 0.7094329640625 0.08853390312500001 0.7064270546875 0.0972636984375 0.6919222546875 0.16621738125000002 0.7751413765625 0.21328971874999997 0.7771108531250001 0.21385445625 0.7983702015625 0.139714296875
0 0 0.788841771875 0.172945946875 0.85621890625 0.181561575 0.7693449875 0.0110017546875 0.6963319296875 0.008889495312499999 0.7024663765625 0 0.7870442828125 0 0.788841771875
0 0.2019171890625 0.7180826687499999 0.19996450937500002 0.71717211875 0.08233934375 0.8538995046875 0.08020619375 0.860094621875 0.1426012125 0.890410421875 0.16219249375 0.8995459875 0.2798365625 0.7596401562499999 0.2019171890625 0.7180826687499999
0 0 0.7959084765625 0.072507265625 0.8394790546875001 0.0778229921875 0.8408044125 0.09838759999999999 0.752279709375 0 0.695244309375 0 0.7959084765625
0 0.3395017796875 0.9229269546875001 0.36283350937500003 0.8398884546875 0.20145849531249999 0.747917484375 0.19538001562500001 0.7655706734375001 0.1773663875 0.8326715703125 0.3314404109375 0.93114018125 0.3361752921875 0.9325877796875 0.3395017796875 0.9229269546875001
0 0.7325886609375 1 0.7393542875 0.98821678125 0.585992203125 0.8702209249999999 0.5426180890625 0.9484699000000001 0.6032036765625 1 0.7325886609375 1
0 0.56553664375 1 0.6381990796875 0.8708507109375001 0.6384815421875001 0.8699268203124999 0.6236510578125001 0.8648202749999999 0.5979068890625 0.8567350749999999 0.5451960703125 0.8406197593750001 0.45866819999999997 1 0.56553664375 1
0 0.5391145374999999 0.9863159265625001 0.5401814640625 0.98321734375 0.5502009328125 0.8878884781249999 0.3672591859375 0.8279156890625 0.3660231109375 0.8315055093750001 0.36415596875 0.84927019375 0.3577354578125 0.9240954421875 0.5354162109375 0.9859272140625001 0.5391145374999999 0.9863159265625001
0 0.2648143875 0.8431337624999999 0.39640973281249997 0.986248215625 0.3972668578125 0.9868263531249999 0.40114565156250004 0.9881619296874999 0.45468177968749995 0.9087913562500001 0.3181830625 0.7659859375 0.28366325625 0.8151891671874999 0.2648143875 0.8431337624999999
0 0.8218859593750001 1 0.672635465625 0.90826941875 0.6400585140625 0.97376299375 0.6296510484375 0.996081875 0.6356837765625001 1 0.8218859593750001 1
0 0.42128951406250004 0 0.4122569453125 0.0223793828125 0.40607784375 0.038476490625 0.39938701875 0.057908059375 0.4793318453125 0.116106015625 0.4900019125 0.11978001406250001 0.5155995984375 0.0586547671875 0.439076234375 0 0.42128951406250004 0
0 0.7084717703125001 0.18251215781250002 0.7086228796875 0.1820733046875 0.7178080796875 0.11647617968749999 0.6311690343749999 0.07586374375 0.6304642546875 0.077910571875 0.624033190625 0.11487804531250001 0.6187485703125 0.148243828125 0.7011529203125 0.181352965625 0.7084717703125001 0.18251215781250002
0 0.344241134375 0 0.3298363046875 0.0221814921875 0.401721671875 0.10391165468750001 0.4028486765625 0.10464353906249999 0.40554647499999996 0.10557246718749999 0.4360441828125 0.0541793140625 0.39788044375 0 0.344241134375 0
0 0.5690929796875001 0.1389596390625 0.5814550734374999 0.06742157343750001 0.4850444734375 0.0251093515625 0.484497221875 0.0266986859375 0.4776185671875 0.082720828125 0.47600496562499994 0.099240959375 0.566752775 0.138672296875 0.5690929796875001 0.1389596390625
0 0.6505430546875 0.10278867968750001 0.5724978375 0.042684275 0.5546522265625 0.0917146890625 0.5500685203125 0.1050267390625 0.547511246875 0.11283894531250001 0.622382628125 0.16701488281250002 0.6280082234375 0.16895193125000002 0.6505430546875 0.10278867968750001
0 0.2076284 0 0.1879090359375 0.0289813546875 0.19402513593749998 0.031087296874999996 0.2567212359375 0.043274184375000004 0.2857763140625 0 0.2076284 0
1 0.2835923984375 0 0.249461975 0.033029590625 0.24899403750000002 0.0339479671875 0.24749825468750003 0.0382920375 0.2918349859375 0.06198499843750001 0.3016144140625 0.0669678671875 0.32182771250000003 0.0509724515625 0.38403414687500004 0 0.2835923984375 0
0 0.143353465625 0 0.141645378125 0.0049606484375 0.21014304843749998 0.036637139062500004 0.21393498281249998 0.03794280625 0.23162800468750003 0 0.143353465625 0