0 0.576019390625 0 0.5676592031250001 0.076738375 0.6254987375 0.10492376249999999 0.6294334421875 0.1002345640625 0.6429723984375 0 0.576019390625 0
0 0.6344116296875 0.0963388609375 0.5295534375 0.040973696875 0.48060008125 0.0884248796875 0.58587445625 0.143377403125 0.6344116296875 0.0963388609375
1 0.45817886874999997 0.2688400578125 0.41488730625 0.2123738890625 0.41035281875 0.2085690015625 0.3445740203125 0.304922590625 0.394612759375 0.36283806093750004 0.3956434828125 0.362003396875 0.45817886874999997 0.2688400578125
0 0.447156971875 0.29778278281250004 0.5106029328125 0.21061587343750002 0.4817343546875 0.1665145828125 0.46912350625 0.14977942187499999 0.465167859375 0.14646024062500002 0.39831262968750003 0.24111559218749998 0.443159065625 0.3007954203125 0.447156971875 0.29778278281250004
0 0.5892499328125 0.1627083171875 0.48584618125 0.1007737828125 0.4265470765625 0.152882196875 0.5298485875 0.2167552375 0.5817759312499999 0.1716154859375 0.5892499328125 0.1627083171875
1 0.393619415625 0.3921476296875 0.4308147015625 0.327723503125 0.4282238140625 0.325549490625 0.3168968359375 0.29568620156250003 0.279603346875 0.36517724375 0.2800252578125 0.36542083281250004 0.393619415625 0.3921476296875
0 0.24994510937499997 0.44624495 0.321643578125 0.4864907875 0.32170624999999997 0.4864160984375 0.355457790625 0.3718879640625 0.3449036125 0.3655463734375 0.28423682499999997 0.330920234375 0.24994510937499997 0.44624495
1 0.18174953437500002 0.6896722953125 0.08135139218750001 0.5943641171875 0.0151948515625 0.6449031671875 0.1176362671875 0.739177059375 0.1790294203125 0.692914 0.18174953437500002 0.6896722953125
1 0.160026328125 0.68639118125 0.22030568593750002 0.5692237390625 0.20568049843749997 0.55695175 0.15347786562500002 0.516166584375 0.0876394515625 0.6401397890625 0.1538348484375 0.6937699 0.160026328125 0.68639118125
1 0.2909402890625 0.5486902453125 0.3448796640625 0.5001230140625 0.3490034140625 0.49520852031249996 0.3462511703125 0.49215184375 0.228702409375 0.411601284375 0.17244093124999998 0.46537914843749995 0.2909402890625 0.5486902453125
1 0.286883721875 0.53534259375 0.17395939062500002 0.47312326718750003 0.12351943750000001 0.5383347281249999 0.2513144890625 0.598958965625 0.29751905 0.5442666921875 0.286883721875 0.53534259375
1 0.6786063999999999 0.246008184375 0.678625590625 0.2460242875 0.680671653125 0.2443074375 0.7617650640625 0.110087790625 0.72844 0.0703725234375 0.7124376953125 0.0520688328125 0.7105351484375 0.050472406250000004 0.6251523484375 0.1813370296875 0.6786063999999999 0.246008184375
0 0.8002601468749999 0.10570161250000001 0.772579328125 0.07601756875 0.7484279296875 0.055752140625 0.6881042093749999 0.1636532625 0.7096572984375 0.19205046875 0.79308400625 0.11425380468749999 0.8002601468749999 0.10570161250000001
0 0.502436659375 0.492234465625 0.502751203125 0.491710978125 0.5380318046875 0.35159775 0.4721354328125 0.312003215625 0.4717883859375 0.31241681093749996 0.4272022671875 0.45550107031250003 0.4997054921875 0.49548934375 0.502436659375 0.492234465625
0 0.7348795921875 0.22604408125000003 0.61029118125 0.1518552109375 0.5479580203125 0.20631033593749998 0.548155290625 0.2065372703125 0.6802871421875001 0.28298502187499996 0.6895260609375 0.27495375 0.7361063796875 0.2274553375 0.7348795921875 0.22604408125000003
0 0.6020838484375 0.30858120625 0.560726353125 0.265397615625 0.54207731875 0.24974921718749998 0.48028093437499997 0.3883848203125 0.5356193734375 0.4394398578125 0.5395336921875 0.43509256562500004 0.6020838484375 0.30858120625
0 0.65677034375 0.24383093906250003 0.6114536109375 0.1917000015625 0.605777896875 0.18693751249999999 0.5270210843750001 0.31594334687500003 0.580178753125 0.37614782343750003 0.5823302640625 0.3742775421875 0.65677034375 0.24383093906250003
0 0.38093459375 0.4138804953125 0.3407593078125 0.48173308125 0.36070417187500003 0.48979572187500003 0.487045546875 0.5317279734375 0.49644028906250004 0.51669324375 0.5261943984374999 0.46282844218749997 0.5227939515625 0.45997512812499997 0.5194645 0.45789465468749996 0.38093459375 0.4138804953125
0 0.16448831875 0.7214728828125 0.1560134984375 0.7169065625 0.1126772046875 0.8277012296875 0.1343951 0.8459247078125 0.1816407078125 0.872113375 0.1868304921875 0.8659284312500001 0.232884265625 0.7593853765625 0.16448831875 0.7214728828125
1 0.16322625468750002 0.778608671875 0.23327431875000001 0.8227329265625001 0.23654133437499997 0.8188394484374999 0.28512770625 0.6971313859375 0.27017180937499996 0.6884965921874999 0.20927573124999999 0.655275528125 0.16322625468750002 0.778608671875
0 0.3616569875 0.670633859375 0.4076630828125 0.6246277625000001 0.4188760859375 0.6112646265625 0.310047859375 0.5388818703125 0.24986696249999998 0.600835665625 0.2506178703125 0.601586571875 0.3616569875 0.670633859375
1 0.25263998125 0.6057411640625 0.1941424140625 0.6676105796875 0.193603225 0.6682531609375 0.310910471875 0.73846288125 0.3589868921875 0.68506860625 0.3659526484375 0.6767671421875 0.25263998125 0.6057411640625
0 0.4665302484375 0.5249477140625001 0.3467995953125 0.48954432499999995 0.3060958625 0.5576575234375001 0.42960540781249995 0.5982740375 0.4722124109375 0.529715615625 0.4665302484375 0.5249477140625001
0 0.9447759984375 0.4099147515625 0.945193390625 0.40919180468749994 0.9874186843749999 0.25628919375 0.977214565625 0.247726921875 0.9165684234375 0.21271285468749998 0.8825968312500001 0.3758517578125 0.941640984375 0.413650915625 0.9447759984375 0.4099147515625
0 0.343464290625 0.8721020703125 0.5117002734375 0.9568192 0.530969628125 0.9299068687500001 0.5660818671875 0.87976139375 0.5639850156249999 0.8780019265625001 0.562838021875 0.8771987937500001 0.3977456578125 0.8001937375000001 0.343464290625 0.8721020703125
0 0.8826614562499999 0.47640402656249997 0.88381451875 0.474694540625 0.9438267953125001 0.29788739531249997 0.90378873125 0.269515009375 0.8830296015625001 0.2555128015625 0.8157014328125 0.43484562968749996 0.8826614562499999 0.47640402656249997
0 0.5722869140625 0.8319525890625 0.657211471875 0.672710065625 0.6413018765625 0.6593603296875 0.5875429 0.6186594546874999 0.49522564375 0.7824325328125 0.564517153125 0.841212228125 0.5722869140625 0.8319525890625
1 0.4777001125 1 0.4962795625 0.9838932874999999 0.490793815625 0.9768718515625 0.362173803125 0.856454128125 0.2914486796875 0.9145852265625001 0.37770795 1 0.4777001125 1
0 0.8005296062499999 0.5572266375 0.8952684015625 0.393798540625 0.8700638828124999 0.3685940234375 0.8502232375000001 0.34921783125 0.8345743875 0.3360868875 0.7378393234375 0.498382740625 0.797904746875 0.55985149375 0.8005296062499999 0.5572266375
0 0.5858151078125 0.586801009375 0.5324456375 0.6320000109375 0.532846878125 0.6324955 0.6750936765625 0.7438070671875 0.736206140625 0.698241921875 0.7402918578125 0.6949333734375001 0.7442307453125 0.690239190625 0.6022831484375 0.5734654531250001 0.5858151078125 0.586801009375
1 0.5848476328125 0.8667329468749999 0.630688865625 0.7871147828125 0.62980050625 0.786369359375 0.44905996718749996 0.7329916328125 0.40722943906250003 0.819897540625 0.40785974999999997 0.8204264328124999 0.5848476328125 0.8667329468749999
1 0.6464261453125 0.544174259375 0.8323828531249999 0.579014959375 0.8451810453125 0.55277478125 0.8711471187500001 0.4956706875 0.8670875515625 0.4936907046875 0.6850520999999999 0.45698873906250004 0.6464261453125 0.544174259375
0 0.8084833031249999 0.6173735765624999 0.6839829078124999 0.519273228125 0.6679365046875 0.507081653125 0.590986453125 0.562311321875 0.5916025234375 0.5630721078125001 0.743751934375 0.6723587734375001 0.8092415234375 0.6183099000000001 0.8084833031249999 0.6173735765624999
1 0 0.476677321875 0.04118588125 0.490892784375 0.08216997031249999 0.4247583265625 0.08028086875 0.42317318125 0 0.3989317109375 0 0.476677321875
0 0.1132098046875 0.361763684375 0.070944484375 0.323552575 0.058338529687499995 0.3129749234375 0.010770218750000001 0.4046571296875 0.06701412968750001 0.45449339687499996 0.0692891828125 0.45178209531249997 0.1132098046875 0.361763684375
0 0.1363082890625 0.3889275640625 0.1578880828125 0.2990800765625 0.089404134375 0.2577341578125 0.0659076296875 0.3588561171875 0.13289939374999998 0.3929901265625 0.1363082890625 0.3889275640625
0 1 0.43022181093749995 0.9702673624999999 0.415072275 0.9327669953125 0.5959184609375 1 0.630850403125 1 0.43022181093749995
0 1 0.5675895859375 0.86124096875 0.53987556875 0.8602628265625001 0.54179528125 0.8244468671874999 0.622514984375 1 0.659638428125 1 0.5675895859375
0 1 0.3967270671875 0.9791720093749999 0.39233826875 0.9425816499999999 0.45856163125 0.9348165125 0.47316573125000005 0.9356261546875 0.473596225 1 0.48610664843749996 1 0.3967270671875
0 0.787962275 0.7119281140625 0.8482009171874999 0.7819767671875 0.8513563984375001 0.7846245296875 0.8549787296875 0.7813629671875 0.953002584375 0.6270056015625001 0.8961221109374999 0.5592831265625 0.787962275 0.7119281140625
0 0.6660233890625 1 0.709412225 0.9198394390625 0.6303153218750001 0.8602356484374999 0.5632983484375 1 0.6660233890625 1
0 0.638189759375 0.8143808968749999 0.6005985078125 0.8546925765625 0.571742478125 0.8861122046875 0.572762265625 0.887063171875 0.737782453125 0.9847992171875 0.7985421234375 0.919642446875 0.802264453125 0.915206346875 0.801416634375 0.91441574375 0.638189759375 0.8143808968749999
0 0.817376540625 0.898465471875 0.866395778125 0.8135616593749999 0.8625404968750001 0.8103266937500001 0.6838442453125 0.756332815625 0.634051590625 0.8388892171875 0.6350997515625 0.8397687296875 0.817376540625 0.898465471875
0 0.79714140625 0.8645496734375 0.9018859593749999 0.7007581578125001 0.87847091875 0.676511175 0.8420416265625 0.6401486828125 0.8355158203125 0.63467288125 0.7263043984374999 0.7983883921875 0.793547303125 0.86802045625 0.79714140625 0.8645496734375
0 0.63830735625 1 0.64228095625 0.9903711421875 0.584917109375 0.9552552000000001 0.5534080015625 0.9377894171875001 0.5295311359375 1 0.63830735625 1
0 0.23817143281250003 0.12083216562500002 0.3492591109375 0.1374938359375 0.36560395625000003 0.102442203125 0.3768084453125 0.0763972859375 0.3730504984375 0.07324399375 0.3715545984375 0.07254644375 0.26779881875 0.054351826562500004 0.23817143281250003 0.12083216562500002
0 0.16667796562499998 0.33039790468749997 0.21647987343750003 0.256869259375 0.1934408140625 0.23216289531249998 0.17517706875 0.21316330625000002 0.165147165625 0.20474721875 0.116591571875 0.2859260625 0.1611936265625 0.335512134375 0.16667796562499998 0.33039790468749997
0 0.3194955625 0 0.2793353 0.0445957609375 0.3894963703125 0.08287330468750001 0.42241902343750004 0.04795406875 0.43008527656249995 0.0388177828125 0.42608580781249994 0.0353410984375 0.3514327484375 0 0.3194955625 0
0 0.295434646875 0.11959609687499999 0.24835644375000002 0.0853917796875 0.21342915312500002 0.18510324375 0.27405391562500003 0.22476871874999999 0.2754374703125 0.22311986250000002 0.275565575 0.222943540625 0.308617178125 0.12968268593750001 0.295434646875 0.11959609687499999
0 0.2607367125 0.223125771875 0.276751590625 0.1902904078125 0.274444896875 0.1883548625 0.1793213671875 0.17430941093750002 0.1465552015625 0.23808889375 0.24366371875 0.25540579375 0.2607367125 0.223125771875
0 0.355039178125 0 0.42319773906249997 0.0460790765625 0.42801464375 0.042449278125 0.4795621953125 0.000088240625 0.4794957015625 0 0.355039178125 0