0 0.6086489187499999 0 0.5784428562499999 0.0688356796875 0.6285998109375 0.1146589734375 0.6343934906250001 0.10844601250000001 0.6753468109375 0.0081805734375 0.666255021875 0 0.6086489187499999 0
0 0.65575773125 0.0972201984375 0.5490311984375 0.0455482609375 0.5017636859375 0.094678984375 0.6088917453125 0.145924009375 0.65575773125 0.0972201984375
1 0.48859857343749996 0.280977578125 0.49117036406250003 0.27812131562500003 0.4891455984375 0.276233190625 0.3851983546875 0.22705176875 0.335562453125 0.285843865625 0.43860836562500005 0.3336134 0.48859857343749996 0.280977578125
0 0.4876359703125 0.27599354531250003 0.5392786625 0.2356458515625 0.545977728125 0.22846198437499998 0.54502600625 0.22724383750000002 0.4568423109375 0.16538298125 0.3909316453125 0.2101903609375 0.4876359703125 0.27599354531250003
0 0.5131439062500001 0.0783233375 0.47524035312499996 0.19553615 0.49797727500000005 0.212055490625 0.5371628187499999 0.240205878125 0.5413466734375 0.23571924375000003 0.57861735 0.12579221875 0.5252710546875 0.087033865625 0.5131439062500001 0.0783233375
0 0.37740254218749997 0.3971552921875 0.43656089062500003 0.3572524828125 0.43953489218749997 0.35406325625 0.35073065312499996 0.27682336875 0.28674861875 0.32293311406249997 0.2870210453125 0.32333700625 0.37740254218749997 0.3971552921875
0 0.323513596875 0.4761898015625 0.362875403125 0.3654031296875 0.2933476828125 0.3214386546875 0.2535215140625 0.4344034875 0.32166180624999996 0.47817560468750003 0.323513596875 0.4761898015625
1 0.0062473234375 0.6484561906249999 0.1251331140625 0.7130332546875 0.1764347125 0.6473702 0.0531808828125 0.5828730890625 0.0031965124999999996 0.6456112640625 0.0062473234375 0.6484561906249999
1 0.2384524609375 0.5872525937499999 0.23730161249999998 0.5863206562500001 0.11412469375 0.5202058078125 0.06525548437499999 0.5795486515625 0.060317921875 0.5856460343750001 0.0611811390625 0.586450996875 0.062493515624999996 0.5875137390625 0.18357200625 0.6545497046875 0.23722074062499998 0.5906445828125 0.239315675 0.588057553125 0.2384524609375 0.5872525937499999
1 0.20623617656249998 0.5164688468749999 0.27305385000000004 0.5555029296875 0.27307643125 0.5554787140624999 0.27408275 0.55386826875 0.320478084375 0.4199558984375 0.25252371875 0.3774932984375 0.20623617656249998 0.5164688468749999
1 0.2462809890625 0.4617054234375 0.2364610484375 0.45079927499999994 0.2238456296875 0.43903520625 0.137393290625 0.550272275 0.19391134375000002 0.6102925484374999 0.273780746875 0.4935545859375 0.2462809890625 0.4617054234375
0 0.615160025 0.175122984375 0.7712222875 0.20869299843750003 0.7983549265625001 0.163536703125 0.810560109375 0.1422578921875 0.809103834375 0.14089989375 0.8076438921875001 0.140022671875 0.6593954625 0.1027233640625 0.615160025 0.175122984375
0 0.7633605234374999 0.0640603796875 0.711376040625 0.179687809375 0.7344115515625 0.2050942234375 0.7871133484375 0.148578465625 0.8176392046875 0.11467606875 0.7633605234374999 0.0640603796875
0 0.5588262703125 0.3734548640625 0.5152147499999999 0.3176346609375 0.5107555984375 0.313476434375 0.41812236562500005 0.43073921562499995 0.4719080625 0.4945629328125 0.47567690156250003 0.49161839374999994 0.5588262703125 0.3734548640625
0 0.6461554640625 0.3217929453125 0.64993234375 0.31839222500000003 0.72209731875 0.1884838234375 0.664677021875 0.13410648593750002 0.5917212468749999 0.26163582500000004 0.6461554640625 0.3217929453125
0 0.45231075 0.3444336984375 0.5843656562499999 0.4068807546875 0.6420037796875 0.3497183046875 0.6426977093749999 0.3489200296875 0.637127571875 0.343725790625 0.5024484421875 0.28648915625 0.45150282031250005 0.3436802921875 0.45231075 0.3444336984375
0 0.63523320625 0.3538941671875 0.6940597234375 0.307933853125 0.698106625 0.30359408125 0.696965878125 0.30213399218750003 0.5694162859375 0.22021250781249999 0.51023643125 0.26829535625 0.63523320625 0.3538941671875
0 0.43340813437500003 0.3921631421875 0.3656339015625 0.507862715625 0.42665954062500006 0.560753875 0.42946399375000005 0.5578497812500001 0.5028448671875 0.42881380937499997 0.4746102109375 0.40154791718749994 0.44569972968749993 0.3745884578125 0.4442640703125 0.37607512656250003 0.43340813437500003 0.3921631421875
0 0.23415334687499997 0.7968885203125 0.2242782375 0.7876798328125 0.1176106921875 0.714745575 0.0609033921875 0.7741995203125 0.066577615625 0.77949081875 0.17660732968749998 0.8605425484375001 0.192406784375 0.84359970625 0.22131005781250002 0.8114993703125 0.23415334687499997 0.7968885203125
1 0.14575493125 0.760420134375 0.21686184062499997 0.8059195640624999 0.2214616484375 0.8009868734375001 0.2732258515625 0.6872658656249999 0.228751475 0.65470671875 0.20462589062499997 0.6384338078125 0.14575493125 0.760420134375
0 0.3661129828125 0.656800603125 0.414073690625 0.590788353125 0.41145633281249994 0.588347628125 0.294528696875 0.5347441468749999 0.2447804359375 0.6053495546875001 0.24563956562499997 0.6059737484375 0.3661129828125 0.656800603125
1 0.329683284375 0.61706636875 0.2583323734375 0.575871903125 0.257737959375 0.5765093343750001 0.2117924734375 0.7021967484375 0.28347319843749996 0.745942934375 0.2867652015625 0.74241269375 0.329683284375 0.61706636875
0 0.33194606875 0.5750874500000001 0.394334103125 0.6201859859375001 0.3989849828125 0.6151985265625 0.44747903281249995 0.5020731546875 0.38255343124999996 0.4533969875 0.380422746875 0.451848953125 0.33194606875 0.5750874500000001
0 1 0.3210945046875 0.89057223125 0.2559581734375 0.833773565625 0.3009330875 0.9887599625 0.40720522499999995 1 0.397434409375 1 0.3210945046875
0 0.39582944531250003 0.9775642093749999 0.530613534375 0.8461627203125 0.485263021875 0.782341653125 0.4776243046875 0.7718278609375 0.47468576249999994 0.7690876265625 0.34542125625 0.9029166656250001 0.3954297109375 0.9771914515625 0.39582944531250003 0.9775642093749999
0 0.80758595625 0.43177613125000003 0.8493112859374999 0.49208627031249996 0.8524130421875 0.4898327125 0.9748121421875 0.3469161609375 0.9744676984374999 0.346442075 0.925774678125 0.2845073703125 0.80758595625 0.43177613125000003
0 0.67685833125 0.7525174765625 0.669876440625 0.7460067593749999 0.51312838125 0.6515579140625001 0.456407815625 0.7188458062499999 0.614604015625 0.81927705625 0.67685833125 0.7525174765625
1 0.400269675 1 0.45166695 0.88301445625 0.4438290109375 0.8783049484375001 0.36668239062499997 0.8371511500000001 0.3012074890625 0.998286715625 0.3030447625 1 0.400269675 1
0 0.8295960875 0.5772709796875 0.8314541890625 0.5752784109375 0.831979371875 0.5743687671875 0.8811917171875001 0.39198914375 0.8503226125 0.37416685781250003 0.8081888640624999 0.35050174218749997 0.80797434375 0.3507317875 0.7561952875 0.5337553671874999 0.8295960875 0.5772709796875
0 0.6285356546875 0.55783288125 0.6276716046875 0.559066871875 0.560213515625 0.725662696875 0.629321084375 0.778293259375 0.6312568125 0.77621744375 0.703709553125 0.60912963125 0.6700147703125 0.5855362890625 0.6285356546875 0.55783288125
1 0.4360552578125 0.8659108468750001 0.512266596875 0.9152741343749999 0.5148348140625 0.912520059375 0.5765344296875 0.7378337578124999 0.49216244531250003 0.691065603125 0.49114113281250005 0.692908096875 0.4360552578125 0.8659108468750001
1 0.6824209546875 0.591677196875 0.754204553125 0.6466631953124999 0.75934096875 0.6411550640625 0.8342446515624999 0.47602428124999996 0.8071160203125001 0.45405594843749997 0.7585251921875 0.417579734375 0.6824209546875 0.591677196875
0 0.8009053906249999 0.6373100265625 0.659488909375 0.5157193421875 0.589357403125 0.563978928125 0.589489271875 0.5641744328125 0.7056882124999999 0.6734315671875 0.7206109875 0.686975284375 0.8018930796875001 0.6387743359375 0.8009053906249999 0.6373100265625
1 0 0.4738486453125 0.009782439062499999 0.48583748125000004 0.012951429687499998 0.48308271875 0.071194196875 0.4023334375 0.04337301875 0.36922856875 0.03260163125 0.3568375046875 0.0220481796875 0.34699625156249997 0 0.37517372187500003 0 0.4738486453125
0 0 0.36399624375 0.0890350828125 0.41421008593749997 0.132541903125 0.36843283125 0.13965830937499998 0.360529259375 0.1337471390625 0.355017003125 0.049742859375 0.310335946875 0 0.3616378953125 0 0.36399624375
0 0.132980990625 0.3712177421875 0.17214804374999998 0.28912303281249996 0.11375693281249999 0.234442009375 0.0697494453125 0.32846901093750003 0.12848870625 0.37603512656250004 0.132980990625 0.3712177421875
0 1 0.51068229375 0.9246896328125 0.48933574999999996 0.8767137078125 0.5622714546875 1 0.6016523671875 1 0.51068229375
0 1 0.625750325 0.8932702656249999 0.5352531703125 0.8914840671875 0.5364579765624999 0.821025034375 0.5896930968749999 0.9591068015624999 0.70947286875 0.977027765625 0.6973850265625 1 0.6813512203125 1 0.625750325
0 0.9534527921875 0.73361551875 0.9703274046875 0.7173198937499999 0.9779827171875001 0.7091105765625 0.816547740625 0.6143314015625 0.7508516171874999 0.673540703125 0.9071783437500001 0.7763074203125 0.9534527921875 0.73361551875
0 0.70544258125 1 0.5509559953125 0.8933563671875 0.4862437796875 0.95513595625 0.5448693437500001 1 0.70544258125 1
0 0.5498608828125 0.9176082265625001 0.5510433890625 0.9183471375 0.7316806078125 0.9828001578125001 0.781327790625 0.9033480546874999 0.7785504515625 0.9007581421875 0.6014003625 0.8345160843749999 0.5721916 0.8812598765624999 0.5498608828125 0.9176082265625001
0 0.6521900984375 0.8953945828125001 0.7302143484375 0.954190071875 0.735051578125 0.9490027781249999 0.809931334375 0.7793273359375 0.7508288328125 0.732992303125 0.7334618828125 0.7199053671875 0.6521900984375 0.8953945828125001
0 0.8745286999999999 0.8315067328125 0.912220771875 0.7910869359375 0.7605488484375 0.6738341546875 0.68548386875 0.736821153125 0.8462021953125 0.8561762625 0.8745286999999999 0.8315067328125
0 0.3854759578125 0.10195917968749998 0.40048849999999997 0.0781908546875 0.39489143125 0.072971503125 0.29639795625 0.03916078125 0.256735515625 0.10018789218749999 0.36384906250000004 0.134022371875 0.3854759578125 0.10195917968749998
0 0.131548496875 0.2742641703125 0.181070478125 0.31735701875 0.1877715015625 0.31017105 0.2271511125 0.2332506328125 0.20127283437500001 0.2115361796875 0.1704358359375 0.18644766562499998 0.131548496875 0.2742641703125
0 0.33645558124999997 0 0.30631130624999997 0.0178882046875 0.3916576625 0.09295418125 0.3952983546875 0.0906796046875 0.44766207031249994 0.056674210937500004 0.452165078125 0.051845325 0.37856264687499996 0 0.33645558124999997 0
0 0.2983008453125 0.1958637453125 0.328797634375 0.165812221875 0.3496385921875 0.14346303124999998 0.3461262578125 0.1400712078125 0.2566672484375 0.0938890328125 0.20839789999999997 0.14903470624999998 0.2983008453125 0.1958637453125
0 0.1616169875 0.2043704875 0.1575078515625 0.20962994375 0.157985684375 0.2100032671875 0.2514055953125 0.24474454375 0.289814903125 0.197635721875 0.2958162171875 0.189954390625 0.293633178125 0.1879186734375 0.2053301671875 0.15204278437500002 0.1616169875 0.2043704875
0 0.3912135 0 0.44608617500000003 0.0429652953125 0.45114455 0.039680349999999996 0.5055214921875 0.001018278125 0.5048602140625 0 0.3912135 0