0 0.66171875 0.25625 0.1015625 0.165625
0 0.49453125 0.28046875 0.0921875 0.1359375
0 0.57265625 0.271875 0.0953125 0.14375
0 0.40703125 0.29765625 0.1109375 0.1453125
0 0.15625 0.33515625 0.1125 0.1546875
0 0.91328125 0.2296875 0.0984375 0.1625
0 0.753125 0.253125 0.103125 0.165625
1 0.33359375 0.31328125 0.1015625 0.1515625
0 0.83359375 0.24296875 0.0984375 0.1609375
1 0.24765625 0.33125 0.1015625 0.159375
1 0.06796875 0.3609375 0.1078125 0.140625
0 0.55703125 0.41875 0.1015625 0.165625
0 0.46328125 0.43359375 0.1078125 0.1515625
1 0.2890625 0.46015625 0.1 0.1359375
0 0.646875 0.41171875 0.109375 0.1640625
0 0.8203125 0.38828125 0.10625 0.1671875
1 0.2 0.4765625 0.10625 0.15
1 0.375 0.453125 0.103125 0.14375
0 0.9125 0.37734375 0.109375 0.1765625
1 0.7296875 0.40625 0.115625 0.153125
0 0.0375 0.50703125 0.075 0.1421875
1 0.115625 0.4984375 0.109375 0.146875
0 0.07421875 0.11328125 0.0890625 0.1234375
0 0.01796875 0.125 0.0359375 0.125
0 0.84453125 0.034375 0.0921875 0.06875
0 0.39765625 0.071875 0.0890625 0.13125
0 0.31796875 0.0828125 0.0921875 0.13125
0 0.8796875 0.67734375 0.109375 0.1828125
0 0.95859375 0.66953125 0.0828125 0.1703125
1 0.7796875 0.7 0.1125 0.175
1 0.15859375 0.1078125 0.0984375 0.1375
0 0.47421875 0.065625 0.0890625 0.13125
0 0.70625 0.04921875 0.0875 0.0984375
0 0.2390625 0.0984375 0.096875 0.140625
0 0.684375 0.71875 0.121875 0.18125
1 0.10625 0.8078125 0.128125 0.19375
1 0.5953125 0.7421875 0.125 0.16875
1 0.30703125 0.78515625 0.1203125 0.1796875
0 0.2078125 0.80234375 0.125 0.1765625
0 0.4015625 0.7765625 0.13125 0.184375
0 0.5046875 0.76875 0.1125 0.184375
0 0.55078125 0.06015625 0.0953125 0.1203125
0 0.6296875 0.0546875 0.090625 0.109375
1 0.7734375 0.04453125 0.096875 0.0890625
0 0.87109375 0.871875 0.1109375 0.171875
0 0.953125 0.85703125 0.09375 0.1734375
0 0.56953125 0.91484375 0.1171875 0.1703125
0 0.77265625 0.88671875 0.1171875 0.1703125
0 0.359375 0.93125 0.125 0.1375
0 0.46796875 0.9234375 0.1234375 0.153125
0 0.67578125 0.903125 0.1234375 0.165625
0 0.25703125 0.940625 0.1171875 0.11875
0 0.1515625 0.94765625 0.13125 0.1046875