0 0.72734375 0.33203125 0.140625 0.140625
0 0.56796875 0.3 0.10625 0.140625
0 0.64140625 0.31640625 0.109375 0.1453125
0 0.484375 0.2859375 0.13125 0.1328125
0 0.24765625 0.2375 0.11875 0.153125
0 0.94765625 0.3890625 0.1046875 0.13125
0 0.80859375 0.35859375 0.1375 0.1375
1 0.41328125 0.2765625 0.121875 0.1578125
0 0.88359375 0.37734375 0.13125 0.13125
1 0.33046875 0.2640625 0.11875 0.1640625
1 0.15859375 0.23359375 0.11875 0.146875
0 0.5796875 0.44296875 0.140625 0.140625
0 0.48984375 0.42578125 0.1390625 0.1390625
1 0.325 0.39375 0.1296875 0.1296875
0 0.66171875 0.465625 0.128125 0.1703125
0 0.825 0.50078125 0.121875 0.16875
1 0.24140625 0.37890625 0.1359375 0.1359375
1 0.40546875 0.41328125 0.1203125 0.1515625
0 0.91171875 0.521875 0.1578125 0.159375
1 0.73828125 0.48828125 0.1203125 0.153125
0 0.0734375 0.34921875 0.1109375 0.146875
1 0.1578125 0.36953125 0.1125 0.14375
0 0.2484375 0.03359375 0.13125 0.0671875
0 0.17265625 0.03203125 0.1046875 0.0640625
0 0.95859375 0.159375 0.0828125 0.153125
0 0.55078125 0.0734375 0.0984375 0.146875
0 0.47578125 0.0671875 0.1078125 0.134375
0 0.784375 0.778125 0.1578125 0.159375
0 0.87109375 0.803125 0.15 0.146875
1 0.68671875 0.76640625 0.1453125 0.1453125
1 0.32578125 0.05390625 0.1203125 0.1078125
0 0.62421875 0.090625 0.096875 0.1546875
0 0.84140625 0.1375 0.1015625 0.159375
0 0.40078125 0.06171875 0.1046875 0.1234375
0 0.596875 0.75234375 0.14375 0.1875
1 0.06875 0.64296875 0.1375 0.1796875
1 0.50859375 0.74453125 0.1625 0.1625
1 0.2359375 0.68828125 0.153125 0.1546875
0 0.14140625 0.671875 0.140625 0.18125
0 0.3234375 0.71171875 0.134375 0.1796875
0 0.41953125 0.7375 0.121875 0.1828125
0 0.69609375 0.109375 0.1078125 0.15625
0 0.76953125 0.12578125 0.1296875 0.13125
1 0.90625 0.15703125 0.1125 0.15
0 0.71015625 0.93359375 0.1234375 0.1328125
0 0.8015625 0.940625 0.14375 0.11875
0 0.4265625 0.9015625 0.14375 0.196875
0 0.61796875 0.925 0.1265625 0.15
0 0.228125 0.8640625 0.1703125 0.1703125
0 0.33125 0.8859375 0.178125 0.178125
0 0.525 0.9171875 0.134375 0.165625
0 0.13203125 0.84609375 0.128125 0.1859375
0 0.0546875 0.82265625 0.109375 0.1953125