0 0.5419546859375 0.0159427484375 0.553504484375 0.043152371875 0.567467771875 0.0739132 0.6823791015625 0.062458632812500005 0.6820193375 0.06101569375 0.6550991749999999 0.000495521875 0.5438074765625001 0.008702471875 0.5404995687499999 0.01010659375 0.5419546859375 0.0159427484375
0 0.6662934703125 0.04219100625 0.605726859375 0.054952546874999994 0.600130128125 0.05634796875 0.5871534109375001 0.1713901484375 0.587787496875 0.17393333125 0.6535573140625 0.1600821953125 0.6662934703125 0.04219100625
0 0.7338807 0.3187025015625 0.6201715390625 0.30739415625 0.6168073015625 0.30823295625 0.61747556875 0.31167089375 0.6332160874999999 0.382535459375 0.746146803125 0.39466154531250003 0.7338807 0.3187025015625
0 0.6358035046875 0.344992540625 0.703418540625 0.31335250625 0.688838840625 0.19848444999999998 0.682471709375 0.200071953125 0.6647845828125 0.20831959531250002 0.6185908390625 0.23370574687499998 0.6336879140625 0.3404556359375 0.6358035046875 0.344992540625
0 0.5656727484374999 0.1691989703125 0.6012282296875 0.2360691046875 0.720051534375 0.21355450468749998 0.7195471015625 0.21153134062499998 0.6838720515625 0.143560140625 0.5647347015624999 0.164395471875 0.5645054890625001 0.1645173453125 0.5656727484374999 0.1691989703125
0 0.629809909375 0.38831455 0.6503553109375 0.463825071875 0.7689926515625001 0.4596490015625 0.746810596875 0.3870947671875 0.6322302453125 0.3875745796875 0.629809909375 0.38831455
0 0.6940580234375 0.5824403234375 0.7670903671875 0.5456833703124999 0.7392904109375 0.42917440312500005 0.6655480328125 0.465630409375 0.6934404796875 0.5812788921875 0.6940580234375 0.5824403234375
1 0.758020028125 0.9087684656249999 0.8365001296875001 0.8838389453125 0.8157192296875 0.7449594484375 0.8097926859375001 0.7464371015625 0.80451040625 0.7481534187500001 0.7385833859375001 0.7702696453125 0.7564869 0.9040499843750001 0.758020028125 0.9087684656249999
0 0.8461300093749999 0.7677934390625001 0.8205044203125 0.6953151531249999 0.6821433703124999 0.7153137984375 0.6809984234375001 0.7157080359375 0.6844794765625 0.7296697765625 0.709296975 0.79780474375 0.8460011890624999 0.776222821875 0.8487111765625001 0.775289696875 0.8461300093749999 0.7677934390625001
1 0.65818918125 0.53141369375 0.6525327390625 0.532824003125 0.6525327390625 0.6101921625 0.793736496875 0.64250834375 0.7960549609375 0.5647135015625 0.65818918125 0.53141369375
1 0.7876385265625 0.723900425 0.7780817359375 0.5820378125000001 0.7366150265625 0.592376625 0.7062843296875 0.60061243125 0.7071850890625 0.7367739624999999 0.7084334953125 0.7417810499999999 0.7876385265625 0.723900425
0 0.45357236875 0.025638215625 0.42671833281250005 0.1801371328125 0.42676669062499994 0.1804424546875 0.4273409765625 0.1827457921875 0.509931590625 0.1690367046875 0.53140161875 0.0138631078125 0.5047786750000001 0.0175279328125 0.45357236875 0.025638215625
0 0.45799111875 0 0.42331255 0.11491908749999999 0.42507880625 0.1220031515625 0.5071615359375 0.1172901421875 0.5066724515625001 0 0.45799111875 0
0 0.6127020296875 0.372977834375 0.46731245 0.396352153125 0.46423618437499997 0.397852546875 0.49190491875 0.460354196875 0.4987654453125 0.474420359375 0.64565173125 0.44237403750000004 0.62124166875 0.39048668750000004 0.6127020296875 0.372977834375
0 0.446123521875 0.2580784671875 0.4483522515625 0.2670174109375 0.5261685546875 0.25208998125000004 0.5446525531249999 0.106334640625 0.4660695671875 0.115205915625 0.446123521875 0.2580784671875
0 0.5018740375 0.2774558734375 0.4806847296875 0.4160719859375 0.4823194453125 0.42262847031249995 0.555875671875 0.4126904484375 0.58515448125 0.26171554218750004 0.574533246875 0.263019665625 0.5018740375 0.2774558734375
1 0.5553422140625 0.32348505781250003 0.54366685625 0.171876871875 0.541640296875 0.17238214999999998 0.47247312812500003 0.2003274984375 0.479578203125 0.3503513625 0.480646125 0.352994559375 0.5553422140625 0.32348505781250003
0 0.5829339890624999 0.4275211546875 0.5450245171875 0.42884498281249994 0.5183913234374999 0.558142865625 0.5163473421875 0.5727065437500001 0.516581915625 0.5794238203125001 0.5165844390625 0.57943394375 0.5942510484375 0.57858041875 0.627030259375 0.429165546875 0.627001965625 0.42835529843750003 0.5829339890624999 0.4275211546875
0 0.607168453125 0.9643375484375 0.7344112109375 0.9568615359375 0.749229015625 0.9531670421875 0.7340247718749999 0.8696381625 0.6014786546875001 0.8821129796875 0.58939640625 0.8851254234375 0.607168453125 0.9643375484375
1 0.7109806125 0.8013268890624999 0.5792418984375 0.7845958625 0.576683309375 0.785233790625 0.5771993265625001 0.8147963828125 0.5802026375 0.8683903296875 0.7103974625 0.88790764375 0.7109806125 0.8013268890624999
1 0.63579925625 0.72871095625 0.6498911546875 0.5974022921875 0.6498295 0.5971550062500001 0.5638020296875 0.6064525109375001 0.554302434375 0.7307125625 0.5564895562500001 0.739484628125 0.63579925625 0.72871095625
1 0.5994952015624999 0.8356757343749999 0.67445680625 0.8017250671875 0.6443174609375 0.6701403421875 0.6340596734374999 0.6726978953125 0.6152926062499999 0.6810535328125 0.566040953125 0.7044350796875001 0.598264490625 0.8329115093749999 0.5994952015624999 0.8356757343749999
1 0.5502027218750001 0.5243847749999999 0.5268936953125001 0.646616896875 0.5282413703125 0.6520221281249999 0.605154815625 0.6495215812499999 0.6338799203125001 0.5202444234375 0.631247853125 0.5203363375000001 0.5502027218750001 0.5243847749999999
0 0.22552888750000002 0.2226771796875 0.25052501718750003 0.056654885937499996 0.18284823125 0.063768003125 0.178070321875 0.06495926875 0.14327868125 0.2253755375 0.144390628125 0.229835309375 0.21971078125000001 0.22328868750000003 0.22552888750000002 0.2226771796875
0 0.3243939953125 0.7730749734375 0.33301928593749996 0.9540900578124999 0.33471932656250003 0.9609085437499999 0.42112895312500004 0.9408830125 0.4178483953125 0.7540701140625 0.40108712031250005 0.7573281749999999 0.3243939953125 0.7730749734375
0 0.30582384375 0.18752323906249999 0.12391213281249999 0.1605894453125 0.11726362187499999 0.16224710625 0.1217769859375 0.2138350984375 0.12392106562500001 0.233185534375 0.309736228125 0.2667919015625 0.30582384375 0.18752323906249999
0 0.3067774984375 0.5770252359375 0.26502751562500004 0.7588943109375 0.2665856625 0.7651436953124999 0.3570154640625 0.76623624375 0.39478755468750004 0.5820695640625 0.324910203125 0.57734174375 0.3067774984375 0.5770252359375
1 0.4488396109375 1 0.4362571234375 0.8475477171874999 0.3999922109375 0.8543228453125 0.34633923125 0.8657271375000001 0.3536431375 1 0.4488396109375 1
0 0.2822176390625 0.20843345468750002 0.2348614359375 0.21877736250000002 0.2076133359375 0.22506808281250001 0.2001258125 0.22693493281250002 0.19387641875 0.4153945859375 0.19482102031249998 0.41918317343749995 0.27821667968749997 0.3989127796875 0.2822176390625 0.20843345468750002
0 0.3831935453125 0.5377633 0.20552145312499998 0.5441044875000001 0.2022214171875 0.5449887296875 0.2117410765625 0.5839262578125 0.21735379687499998 0.6064376453125 0.22440711875 0.6327610015625 0.40907430624999996 0.6216521015625001 0.4076234078125 0.6162372781250001 0.3831935453125 0.5377633
1 0.3082170203125 0.6748059546875 0.29672646875 0.8601970828125 0.29751144375 0.8633454453124999 0.38748507499999996 0.847591121875 0.4043758171875 0.6668174828125 0.404155615625 0.6647224015625001 0.3082170203125 0.6748059546875
0 0.2239109015625 0.31499718906249996 0.1996607890625 0.4967226921875 0.2010152796875 0.5021552578125 0.29137799062499997 0.4935307265625 0.3190955359375 0.305558603125 0.258558728125 0.31074297031250003 0.2239109015625 0.31499718906249996
1 0.3746008703125 0.5543682203125 0.3694526734375 0.46939227343749995 0.18746956718750002 0.432992546875 0.1849008734375 0.43363299375000003 0.1968706421875 0.526663103125 0.2167306140625 0.530084065625 0.3743656203125 0.5543846703125 0.3746008703125 0.5543682203125
0 1 0.7741142078125 0.9565442171875 0.7678198515625 0.952599353125 0.7688034171875 0.9552906078125 0.8458709234375 1 0.8509355609375 1 0.7741142078125
0 1 0.6812994203125 0.996742715625 0.6821115515625 0.9401826890624999 0.70048901875 0.9535097140625 0.7987280328125 1 0.7836066875000001 1 0.6812994203125
0 0 0.2080992078125 0.11783852343750001 0.1556341171875 0.1176952765625 0.1550595859375 0.10219961875000001 0.12202776875000002 0 0.13611751562500002 0 0.2080992078125
1 1 0.6482123734374999 0.989975025 0.5968409015625 0.9801358703125 0.599294078125 0.9609001328125 0.6070658203125 0.9210819875 0.623931925 0.9363172656250001 0.7223217265625 0.937727325 0.72581175 0.940208271875 0.7251931796875 1 0.698838278125 1 0.6482123734374999
0 1 0.59401170625 0.9817527078125 0.5453193671875 0.8860738359375 0.55608875625 0.8800476234374999 0.5581637484375 0.8820281640625 0.5661072640625 0.9049971640625 0.6255833234375 1 0.6172581578125 1 0.59401170625
0 0.8690873796874999 0.47561020000000004 0.8645761515625001 0.4767349765625 0.8679856171875 0.4904095984375 0.8880259453124999 0.5516481171875001 0.9857389218750001 0.5507858046874999 0.9669610296875 0.4754718015625 0.8690873796874999 0.47561020000000004
0 0 0.340143946875 0.1429324203125 0.3683798609375 0.132385984375 0.27516159687499997 0 0.25351782031250003 0 0.340143946875
0 0.11139671250000001 0.297176053125 0.0486203328125 0.31158516875000003 0.023734212499999997 0.31872115 0.024690524999999998 0.5045031421874999 0.114874453125 0.48019274375 0.111899815625 0.298930578125 0.11139671250000001 0.297176053125
0 0 0.2575753515625 0.1230889671875 0.2750955140625 0.1233408734375 0.2750601109375 0.1147634484375 0.18776235 0 0.16958105625 0 0.2575753515625
0 0.1390954328125 0.5666095234374999 0.11804436250000001 0.37944750781250003 0.1163292421875 0.379875134375 0.0279857640625 0.417932765625 0.057251724999999996 0.5962534046875 0.0595632046875 0.6019745203125 0.1390954328125 0.5666095234374999
0 0.2681998234375 0.8253092437499999 0.0852037578125 0.8304773843750001 0.074130859375 0.8332381671875 0.09315410468749999 0.9156369 0.0960584828125 0.9272857234374999 0.288824478125 0.912366765625 0.2681998234375 0.8253092437499999
0 0.1059141015625 0.8828514000000001 0.12531727343750002 0.8795819249999999 0.20192795000000002 0.8660733953124999 0.20693762968749999 0.6744585125 0.2066719546875 0.6733929484375001 0.1738921171875 0.6790377734375 0.1132478625 0.6897309921875 0.10536850625000001 0.8806631375 0.1059141015625 0.8828514000000001
0 0.11344445 0.7976708484375 0.11662423125000002 0.7968780390625 0.20203073749999997 0.75336125 0.15269093281249999 0.5672698703125 0.14900704375 0.5681883671875 0.13309140625 0.576297790625 0.0668408109375 0.6116658484374999 0.1117561984375 0.7943574640625 0.11344445 0.7976708484375
0 0.17474046875 0.6596236984375 0.12145854375000001 0.46877494999999997 0.11846927656249999 0.46952025781250006 0.0355549875 0.5154803984375 0.0914904296875 0.7018463749999999 0.092323215625 0.7033487609375 0.17474046875 0.6596236984375
0 0.25199610625 1 0.26217848906249996 0.872756671875 0.189033659375 0.8734638546875001 0.1644225 0.8743232953125 0.15120704375 1 0.25199610625 1
0 0.83058503125 0.292823190625 0.8943712625 0.260293803125 0.8694409875 0.15184494375 0.8668421609375001 0.152492903125 0.842064903125 0.16472638281250002 0.8070857421875001 0.18332513125 0.828699846875 0.289277671875 0.83058503125 0.292823190625
0 0.9387552203125 0.4036232671875 0.8451219203125 0.4116257109375 0.8496385875 0.42974107031250003 0.8502839140624999 0.4315015296875 0.8691400421875001 0.48062342343750003 0.96441705 0.46704602968750003 0.9387552203125 0.4036232671875
0 0.811633915625 0.101604153125 0.7905060546875 0.211949525 0.79145904375 0.21577175468749998 0.8623568328125 0.2006964 0.8715686484375 0.08785295625 0.8613365125 0.0898418828125 0.811633915625 0.101604153125
0 0.9114454765625 0.2651035515625 0.8150774734375 0.257188315625 0.8054777484375 0.25958179531250003 0.8060258203125 0.2621602765625 0.8220998203125 0.32952056875 0.92315745 0.33744859531250004 0.9114454765625 0.2651035515625
0 0.8520113734375 0.3278168984375 0.8440912953125 0.42040949375 0.8454123421874999 0.42570791874999997 0.9136914375 0.41095612656249997 0.925014709375 0.3131022625 0.8673478515624999 0.32431156250000004 0.8520113734375 0.3278168984375
0 0.7400422 0 0.74358563125 0.033713485937499996 0.853841775 0.0671659046875 0.8546560734374999 0.0669628765625 0.8442759499999999 0 0.7400422 0
0 0.791081646875 0.03282349375 0.785313184375 0.056587 0.7655923828125 0.144319725 0.766149440625 0.1465539609375 0.8381124953124999 0.13568711093750002 0.8539127484375 0.0223882578125 0.8535797437499999 0.02067509375 0.791081646875 0.03282349375