0 0.609375 0.23359375 0.1375 0.1828125
0 0.43984375 0.296875 0.1203125 0.153125
0 0.51953125 0.26953125 0.1265625 0.1609375
0 0.353125 0.33203125 0.140625 0.1671875
0 0.10390625 0.42734375 0.1453125 0.1765625
0 0.86015625 0.1484375 0.1328125 0.178125
0 0.7015625 0.2109375 0.1375 0.184375
1 0.28125 0.365625 0.134375 0.171875
0 0.78359375 0.184375 0.1328125 0.178125
1 0.196875 0.403125 0.134375 0.178125
1 0.0421875 0.47265625 0.084375 0.1609375
0 0.53671875 0.42421875 0.1359375 0.1828125
0 0.44296875 0.4609375 0.1390625 0.171875
1 0.26875 0.52734375 0.128125 0.1546875
0 0.6265625 0.3984375 0.14375 0.184375
0 0.8 0.33515625 0.140625 0.1859375
1 0.18125 0.56328125 0.1375 0.1703125
1 0.35546875 0.5 0.1328125 0.1625
0 0.89375 0.3046875 0.146875 0.196875
1 0.7109375 0.375 0.146875 0.175
0 0.0359375 0.62421875 0.071875 0.1453125
1 0.096875 0.60390625 0.140625 0.1671875
0 0.01328125 0.21875 0.0265625 0.13125
0 0.29765625 0.10703125 0.1140625 0.1390625
0 0.215625 0.1359375 0.115625 0.140625
0 0.92578125 0.6203125 0.1484375 0.203125
0 0.97265625 0.5921875 0.0546875 0.190625
0 0.8265625 0.66796875 0.15 0.1953125
1 0.06015625 0.19609375 0.1203125 0.1484375
0 0.37578125 0.08046875 0.1140625 0.1453125
0 0.60625 0.03359375 0.1125 0.0671875
0 0.1390625 0.16875 0.121875 0.15
0 0.734375 0.70625 0.159375 0.203125
1 0.16484375 0.9078125 0.1453125 0.184375
1 0.646875 0.75078125 0.159375 0.1921875
1 0.3578125 0.85703125 0.15625 0.2015625
0 0.259375 0.8984375 0.1625 0.2
0 0.453125 0.82890625 0.16875 0.2078125
0 0.55859375 0.79609375 0.1515625 0.2046875
0 0.4515625 0.06328125 0.121875 0.1265625
0 0.53046875 0.0484375 0.1171875 0.096875
1 0.675 0.021875 0.121875 0.04375
0 0.94296875 0.80234375 0.1140625 0.1484375
0 0.65 0.91328125 0.1375 0.1484375
0 0.853125 0.83984375 0.1375 0.1484375
0 0.4390625 0.95859375 0.14375 0.0828125
0 0.54921875 0.9390625 0.1421875 0.121875
0 0.75703125 0.87890625 0.1421875 0.1453125
0 0.3390625 0.98046875 0.134375 0.0390625