0 0.43372235156250005 0 0.39105465 0.0205277375 0.38700110468750004 0.024307729687499998 0.3891541453125 0.0277533140625 0.432066765625 0.0722214953125 0.5390965890625 0.024081060937500003 0.5155025156249999 0 0.43372235156250005 0
0 0.451076284375 0.0555178328125 0.497091775 0.1648023984375 0.5481816140625 0.120549603125 0.50261346875 0.010886400000000001 0.451076284375 0.0555178328125
0 0.5503448015625 0.2857122875 0.5564735546875 0.2955203421875 0.5936692234375001 0.3495932765625 0.7029192703125 0.31853179531250003 0.6630915796875 0.2526987609375 0.5503448015625 0.2857122875
0 0.5724444765625 0.3091768328125 0.581647996875 0.303425834375 0.632581603125 0.26493725 0.594379553125 0.155442840625 0.5838429546875 0.1620268375 0.5729543203125 0.1702320125 0.533048096875 0.20466763437500002 0.5700098140625001 0.3059459234375 0.5724444765625 0.3091768328125
0 0.5825202468749999 0.1169622421875 0.46540370781249996 0.1328577828125 0.46282526874999996 0.1344689703125 0.495701078125 0.204971375 0.6162002703125 0.1903470125 0.6162457671875 0.190325796875 0.5825202468749999 0.1169622421875
0 0.5969803078125 0.33806433281250003 0.5932983875 0.340365053125 0.62246691875 0.41176572812499995 0.7397110203125 0.39316253125 0.70885216875 0.32385241875 0.5969803078125 0.33806433281250003
0 0.6299950796875 0.4213835375 0.62868639375 0.42223340781249996 0.6649833187499999 0.4809665140625 0.667166753125 0.4844607390625 0.671843165625 0.49166178125000004 0.7852783671875 0.4538822890625 0.742534015625 0.38359787343749996 0.6299950796875 0.4213835375
1 0.8686756703125 0.808888915625 0.93724408125 0.763293075 0.8789306140625 0.6353960562500001 0.8718821640625001 0.639800415625 0.869093584375 0.6416813375 0.8118165218750001 0.6811127703125 0.8659013453125001 0.8047758078125 0.8686756703125 0.808888915625
0 0.916015340625 0.6634065703124999 0.9119320156249999 0.656610778125 0.871797328125 0.5910441765625001 0.7460079000000001 0.637386871875 0.7389669109375 0.64178656875 0.7400960578125 0.6436657859375 0.7843288125 0.71441545 0.9135585796875001 0.6648827421875 0.916015340625 0.6634065703124999
1 0.7828372906250001 0.4500437953125 0.656544471875 0.5065615765625 0.6510121984375 0.5107304421875 0.6887870640625 0.5640956984375001 0.6953742765625 0.5728372265624999 0.830800634375 0.5141741171875001 0.808311678125 0.48384945 0.7828372906250001 0.4500437953125
1 0.8463521999999999 0.618537253125 0.78271326875 0.4928480390625 0.7680849390625 0.5019888328125 0.756364428125 0.510820871875 0.7232928109375 0.5368376734375 0.779420134375 0.6666706328124999 0.8463521999999999 0.618537253125
0 0.25800148125 0.12919998593749998 0.2575288421875 0.1296564078125 0.26028112187499997 0.134060975 0.3151195140625 0.19084779375 0.45429623281250003 0.1195585109375 0.40100877187500006 0.062089559375000006 0.25800148125 0.12919998593749998
0 0.3914324578125 0.08755469375 0.4119959265625 0.0770770828125 0.39195125000000003 0.04597621875 0.24490112968750002 0.06981426406249999 0.2315880296875 0.07813321250000001 0.2494463734375 0.11318218437500001 0.26882519843749997 0.1477343578125 0.2689465703125 0.1479285921875 0.3914324578125 0.08755469375
0 0.5960736343749999 0.3823108046875 0.5887761546875 0.36424890625 0.4426653765625 0.37737455 0.43923109374999997 0.3795205296875 0.46217823124999996 0.44298604375000006 0.46804084062499995 0.45749650781250006 0.6168047578125 0.4357745171875 0.5960736343749999 0.3823108046875
0 0.30483747499999997 0.18916951875000002 0.3395391234375 0.24592884062499998 0.3467346078125 0.255832575 0.49267693125 0.2110673734375 0.49292019375 0.21089063437500002 0.444434365625 0.14380927968749999 0.3063502828125 0.1880703984375 0.30483747499999997 0.18916951875000002
0 0.5742794578125 0.3688315953125 0.5447026125 0.2981068578125 0.397402340625 0.3084711 0.3953023140625 0.30931956562499996 0.3917855390625 0.311517090625 0.392165053125 0.3124564203125 0.42805269843750005 0.385269715625 0.5737512890625001 0.36916163125 0.5742794578125 0.3688315953125
0 0.3540968484375 0.230047021875 0.35102381562499996 0.23196726562499997 0.3742156875 0.3078244609375 0.5257045109375 0.309401225 0.5048064015625 0.23606989218750002 0.3540968484375 0.230047021875
0 0.55780486875 0.4052260578125 0.5219389125 0.4175756984375 0.534272503125 0.54901066875 0.5365758421875 0.5635355859375 0.53726235 0.56552935 0.5397905046875 0.5695752421875 0.6127928812500001 0.5463759640625 0.6004551171875 0.393906096875 0.6001911640625 0.393139521875 0.55780486875 0.4052260578125
0 0.707723590625 0.8412685703125 0.7037897890625 0.8438232093750001 0.723694040625 0.8756766718750001 0.7506946328125 0.9172539390625 0.8793547109375 0.850629371875 0.832133359375 0.7822942578125 0.707723590625 0.8412685703125
1 0.762573165625 0.7030985296875001 0.65751235625 0.787455209375 0.65884343125 0.7895853749999999 0.67933001875 0.808689428125 0.7199685515625001 0.8437585109375 0.8244490578124999 0.76366205625 0.762573165625 0.7030985296875001
1 0.691140225 0.5702350171874999 0.5714817734375 0.6082579296875 0.565905528125 0.6117423546875 0.605214578125 0.6826577546875 0.7309842375 0.646891771875 0.7319130359375 0.6463769312500001 0.691140225 0.5702350171874999
1 0.6430736640625 0.6488520109375 0.6615823125 0.7792256921875 0.66364796875 0.78253143125 0.740726028125 0.756941575 0.724281359375 0.621070053125 0.694499546875 0.6307467499999999 0.6430736640625 0.6488520109375
0 0.5231325421874999 0.5569809609374999 0.519372165625 0.5604875687499999 0.521600240625 0.564053234375 0.57571541875 0.620366425 0.688081334375 0.5549584000000001 0.6341055453125 0.49679642187499995 0.5231325421874999 0.5569809609374999
0 0.161400371875 0.3047104640625 0.0936483609375 0.164327484375 0.0519594390625 0.1903776140625 0.0295928078125 0.21197681875000002 0.10872888437499999 0.352203646875 0.1126722953125 0.35628716875 0.161400371875 0.3047104640625
0 0.5495224953125 0.8028737796875 0.3844301296875 0.8798788343749999 0.38258567499999996 0.8811703375000001 0.4015745921875 0.9115589578125001 0.4162985234375 0.9325869125 0.435567878125 0.9594992421875 0.6038038609374999 0.8747821109375 0.5495224953125 0.8028737796875
0 0.22468602187500003 0.2768267640625 0.041399071875 0.2824214171875 0.03923228125 0.283083871875 0.0365235046875 0.28477650312499997 0.051494725 0.341337971875 0.056975776562500004 0.35926568593749997 0.24803020937500003 0.34731924062499997 0.22468602187500003 0.2768267640625
0 0.3747809875 0.8179571484375 0.3777141140625 0.8232486515625 0.3793484 0.8258640546875 0.4566955015625 0.7879229875 0.4000011546875 0.6033043625000001 0.31839240156250004 0.64854083125 0.3747809875 0.8179571484375
1 0.619123140625 1 0.5336134234375 0.850195803125 0.5036095421875 0.8716623671875 0.4598030921875 0.9046728953125 0.510732090625 1 0.619123140625 1
0 0.24711699843749999 0.3259193890625 0.08608087812500001 0.4192715640625 0.0829921046875 0.4223603390625 0.08664612031249999 0.4282079875 0.13553892343750001 0.47710078906250003 0.1421560640625 0.4835668609375 0.305811878125 0.386021203125 0.24711699843749999 0.3259193890625
0 0.44809591875 0.662393259375 0.4210632890625 0.5978914234375 0.4124443734375 0.5785330203125 0.2350034 0.61768413125 0.2322412140625 0.6194101375 0.23647078281249997 0.6289099031250001 0.27023624218750003 0.6972532234375 0.4475134640625 0.6626525859375 0.44809591875 0.662393259375
1 0.3792138328125 0.7273521281249999 0.412055309375 0.9017945515625 0.415359615625 0.9070825453125 0.5031572890625 0.87213834375 0.46229015156250003 0.6870855625 0.4607084796875 0.6877245984375 0.3792138328125 0.7273521281249999
0 0.3168755515625 0.4234814375 0.1349170109375 0.45360169843750003 0.1299754625 0.4566895203125 0.15350126875 0.5136207109375001 0.16537589375 0.5402915546875 0.35243524531250003 0.511961875 0.3168755515625 0.4234814375
1 0.1766576234375 0.574709859375 0.24501360781249998 0.6399599140625 0.2626005859375 0.630120215625 0.4003988609375 0.5498024078125 0.40057133125 0.5496415781249999 0.3430933359375 0.48684272812499996 0.1779493953125 0.5735052625 0.1766576234375 0.574709859375
1 1 0.44182566718749994 0.9806997171875 0.45388582343749995 0.980190775 0.454255590625 0.9379126203125001 0.4870343484375 0.979836578125 0.5767675140625 0.9814239328125 0.578952321875 1 0.56497636875 1 0.44182566718749994
0 1 0.43642392812499997 0.982892234375 0.4030154515625 0.8881293703124999 0.4214493484375 0.8823780687499999 0.4250431609375 0.8867252296875 0.43436568124999997 0.9149470328125 0.490862853125 1 0.472128428125 1 0.43642392812499997
0 0.8415401921875001 0.36867696875 0.8378960375 0.3714230390625 0.8398103703125 0.37448661250000004 0.8891927296875 0.43105339843749996 0.978801065625 0.3920801328125 0.9320883999999999 0.330090334375 0.8415401921875001 0.36867696875
0 0 0.563785921875 0.002323965625 0.5706026750000001 0.0034693156250000003 0.5721791140625 0.078439871875 0.516795240625 0.01354688125 0.345195546875 0 0.353660578125 0 0.563785921875
0 0.0266930171875 0.45361250000000003 0.003042221875 0.46414251406249996 0.0296402765625 0.6465786140625001 0.030376528125000003 0.6477568640625 0.1157679953125 0.61135840625 0.0875954890625 0.4322742625 0.0868531 0.430606828125 0.0266930171875 0.45361250000000003
0 0.1034953671875 0.7292534484375001 0.10637094531249999 0.73306946875 0.11225604843749999 0.7293920484374999 0.1825293359375 0.673881653125 0.10548273749999999 0.5034033140624999 0.0367252625 0.55902823125 0.1034953671875 0.7292534484375001
0 0.3042485875 1 0.42410904531250004 0.9731691187499999 0.385269646875 0.8822725640625 0.20274575156250002 0.9326355484375 0.19932197499999998 0.9347749609375 0.228362034375 1 0.3042485875 1
0 0.2484409640625 0.7549061046875 0.23346329375 0.76772748125 0.17439195937500002 0.8190774078124999 0.26815603593750004 0.984788853125 0.2696962734375 0.9865606937500001 0.29543811875000003 0.96436385625 0.3412286390625 0.9245587640625 0.248839996875 0.7553651390625 0.2484409640625 0.7549061046875
0 0.137599459375 0.7197482234375 0.190696753125 0.8954771687499999 0.19541171562499998 0.9030226859375 0.280019878125 0.8541741406250001 0.2207406359375 0.6700884578124999 0.20190824062499999 0.680961346875 0.137599459375 0.7197482234375
0 0.0356689828125 0.6870091453125 0.072332503125 0.7591288953124999 0.0792582328125 0.770212378125 0.271568840625 0.7201232125 0.2718045296875 0.7199759390625 0.22584094999999998 0.6335310140625 0.0356689828125 0.6870091453125
0 0.393703984375 1 0.34093084687499997 0.92735643125 0.33455489374999997 0.9313405703125 0.3140880875 0.9511051343749999 0.2677675421875 0.9998713859375 0.2678659625 1 0.393703984375 1
0 0.74784106875 0.2008814328125 0.8001900171875 0.1520303109375 0.7464604140625 0.054884771875 0.74253500625 0.0573376390625 0.7235679640625 0.0745825953125 0.6950703468749999 0.10210242656249999 0.7450516359375 0.197992890625 0.74784106875 0.2008814328125
0 0.9226612734374999 0.348282365625 0.9010448109375 0.278153215625 0.810798403125 0.2862238390625 0.8084667953125001 0.286981425 0.8061738125 0.2884142390625 0.82636181875 0.3505465375 0.8266827718749999 0.351477121875 0.922600384375 0.3483204140625 0.9226612734374999 0.348282365625
0 0.7114077734375 0 0.671819759375 0.026018584374999997 0.689767946875 0.1373171046875 0.69166538125 0.14035363125 0.75337525625 0.10178658125 0.725466409375 0 0.7114077734375 0
0 0.768760553125 0.145565375 0.74793338125 0.15314584375 0.7539343078125 0.257078134375 0.7544730234375 0.2585582453125 0.7546223015625 0.2587971390625 0.824093625 0.2315417734375 0.8179454390625001 0.13142994531250002 0.8175902031250001 0.130453940625 0.768760553125 0.145565375
0 0.8871515578125001 0.2903870109375 0.8850890734375 0.28403933124999997 0.8619092500000001 0.2199165859375 0.76563421875 0.2234653421875 0.7638992421874999 0.22454947656250002 0.7669258625 0.23386445312499998 0.7869066390625 0.2912690203125 0.88657485625 0.290574390625 0.8871515578125001 0.2903870109375
0 0.5965894031250001 0 0.61659421875 0.034816793750000005 0.6187941828125 0.03847815 0.6223761171875 0.04421044375 0.647865253125 0.041371346875 0.7394915421875 0.029582598437500003 0.7233712078125001 0 0.5965894031250001 0