0 0.7909099203125 0.9614328546875001 0.7332970046875 0.8628696281250001 0.6659740937499999 0.8766709625000001 0.666037815625 0.8803215906249999 0.6663231390625 0.8815574609375 0.7254093015625 0.9769187484374999 0.7875066828125 0.9636970234375 0.7909356234375 0.962905390625 0.7909099203125 0.9614328546875001
0 0.7252073578125 0.7872619453125 0.6600112390625 0.803646896875 0.6600415140625 0.8053813312500001 0.7227809374999999 0.9041066656250001 0.7883346328124999 0.8876386796875 0.7252073578125 0.7872619453125
0 0.7574598124999999 0.5323860890625001 0.6572947874999999 0.5859337890625 0.669246765625 0.657534771875 0.6699438796875 0.661121109375 0.6722214859375 0.6610813546875 0.7745416374999999 0.60740905 0.7574598124999999 0.5323860890625001
0 0.763588321875 0.6159728343750001 0.661938934375 0.665441546875 0.6667618328125 0.7183478375 0.6705669828125 0.7423726109375 0.674132575 0.742310371875 0.7754041390624999 0.6912289953124999 0.763588321875 0.6159728343750001
0 0.7748680640625001 0.7038526359375 0.7748178640625001 0.703852634375 0.6594279843749999 0.7415236203125 0.6594279843749999 0.7702322640625 0.6603028140625 0.8203512109375 0.7753071406250001 0.78459561875 0.7748680640625001 0.7038526359375
0 0.65418379375 0.46979275 0.654233296875 0.47262875312499997 0.6928660203125 0.5801703546875 0.7685583375 0.5762034890625001 0.7685541140625001 0.575961546875 0.73197926875 0.46328872499999996 0.65418379375 0.46979275
0 0.7760852171875 0.3955752171875 0.655879265625 0.40069781875 0.6411616578125 0.4816321796875 0.760819971875 0.476240990625 0.7760852171875 0.3955752171875
1 0.652703628125 0.0321857390625 0.6518942890625 0.036775728125000004 0.6506812046875 0.17300812031249999 0.7305724640625 0.186553215625 0.732759078125 0.1865150484375 0.7318392390625 0.0469166921875 0.652703628125 0.0321857390625
0 0.6266389734375 0.1423821078125 0.672224178125 0.26743229999999996 0.7036505234375 0.2624625359375 0.7581668015624999 0.2528498453125 0.7079491531250001 0.1204801359375 0.6264469765625 0.13416034999999998 0.6265851609374999 0.142076921875 0.6266389734375 0.1423821078125
1 0.7650380296875 0.3015760453125 0.6222039875 0.338725675 0.6223950140625 0.34966958593749997 0.625409403125 0.41342311875000004 0.6391816234375 0.41318272343749995 0.7667249671875 0.3816406109375 0.7659862203125 0.3393177921875 0.7650380296875 0.3015760453125
1 0.7067099578125 0.3486423625 0.7548220140625 0.3407821109375 0.702704259375 0.2092883328125 0.62947369375 0.2180316375 0.6295075546875 0.219971571875 0.6732205828125 0.3533489875 0.7067099578125 0.3486423625
0 0.6549839359375 0.9224194609374999 0.6697203609375 0.845444975 0.5139142453125001 0.858740659375 0.4967335484375 0.9395694875 0.4967584203125 0.940994446875 0.4981437671875 0.9412889109375 0.6549839359375 0.9224194609374999
1 0.5303974874999999 0.9880620515625 0.5304967640625 0.9937496484375 0.5718131359374999 0.9988226609374999 0.6027819671875 0.9982820984374999 0.579727234375 0.877332990625 0.5455785015625 0.8695733328124999 0.5449447140625 0.8695843953125 0.5303974874999999 0.9880620515625
0 0.5188735734375001 0.63875424375 0.6502861578125 0.566830078125 0.6472994140624999 0.5556833953125 0.6257119656250001 0.48560630937499993 0.625298503125 0.4857170953125 0.49774251718749996 0.5650108765625 0.5055736015625001 0.594236884375 0.5181789359375 0.63876636875 0.5188735734375001 0.63875424375
0 0.5206240390625 0.733823246875 0.51997523125 0.73999625 0.549743678125 0.8773627125000001 0.627429865625 0.8853347312500001 0.6320526531249999 0.8852540390625 0.5976837390624999 0.7357615609375 0.5206240390625 0.733823246875
0 0.5011540484375 0.6221971234375 0.4939525171875 0.6907151265625 0.49405810156249996 0.696764078125 0.49966962343750004 0.6973538734375 0.6368741078125 0.6739229203125 0.6516323171875 0.592206353125 0.651598815625 0.59028708125 0.5011540484375 0.6221971234375
1 0.5878806953125 0.6530101515625 0.5089805109375 0.6563763171875 0.5090918265625 0.6627536218750001 0.562165265625 0.7989606 0.5775718296875 0.7986916765625 0.6389816046875 0.7965472 0.5878806953125 0.6530101515625
0 0.5016978437499999 0.4182109890625 0.5581543718749999 0.5553631718750001 0.6082189953125 0.548327046875 0.6360686609374999 0.5437313609375 0.6357789609375 0.5416700484375 0.6297850125 0.5232106828124999 0.580338490625 0.3985720875 0.5016242171874999 0.41399295625 0.5016978437499999 0.4182109890625
0 0.579837934375 0 0.4809857734375 0.031429001562499996 0.49267215625 0.1110061421875 0.5030152921875 0.110825603125 0.633353575 0.07437725625 0.61932169375 0 0.579837934375 0
1 0.5665176875 0.067674475 0.484963265625 0.0861921078125 0.48499837343749996 0.0882034171875 0.5379334828125 0.21148495937499998 0.554614621875 0.2070152625 0.6211263312499999 0.1874575875 0.6211245640625 0.187356375 0.5665176875 0.067674475
1 0.6045721765625001 0.24236980937500002 0.6035374515624999 0.2426086953125 0.48614026250000003 0.3001857203125 0.5044724406250001 0.37959110625000003 0.507566353125 0.3795371015625 0.6252209578125 0.32623661406250004 0.6045721765625001 0.24236980937500002
1 0.57541610625 0.15662935625000002 0.4925855859375 0.1647576875 0.4927458609375 0.1739398265625 0.532497059375 0.295565959375 0.61461389375 0.28548327812499996 0.57541610625 0.15662935625000002
1 0.4880725 0.3486365609375 0.54100313125 0.4632079359375 0.6206202796875 0.44752952500000004 0.6231964 0.44698195468749996 0.564049578125 0.3284941125 0.487915740625 0.34486848124999997 0.48797337343749997 0.3481702015625 0.4880725 0.3486365609375
0 0.34859708125 1 0.3307278 0.844659921875 0.3249345796875 0.8438457390625 0.24868478125000001 0.8345273296875 0.24829642500000002 0.83729064375 0.277680909375 1 0.34859708125 1
0 0.24722354218749998 0.083070815625 0.24067675 0.26998066249999997 0.299842284375 0.2847849703125 0.3199007859375 0.2890485359375 0.328270203125 0.288902446875 0.34032563125 0.103886440625 0.24722354218749998 0.083070815625
0 0.224691990625 0.9298702578125001 0.22967856874999998 0.9287190171875 0.3912070484375 0.8419206546875 0.3762164421875 0.76938885 0.3757827375 0.7693964203125 0.2047462546875 0.854381575 0.20896337968749998 0.8726479546875 0.224483875 0.9298738906249999 0.224691990625 0.9298702578125001
0 0.266634815625 0.4695542921875 0.33596814531249997 0.479458103125 0.33731187500000004 0.29146264843749997 0.24681478750000002 0.27336673125 0.24579308437499997 0.2786229421875 0.24883254843749997 0.4660938828125 0.266634815625 0.4695542921875
1 0.2645223484375 0.18701944375 0.351124871875 0.1749679203125 0.30867552656249997 0.0032634171875 0.27941499687500004 0.0037741609375 0.21795305312500002 0.009151384375 0.218078215625 0.0163219296875 0.25541314375 0.187816396875 0.2645223484375 0.18701944375
1 0.3832543640625 0.780553115625 0.39634642656249996 0.6946104390625 0.20574635937500002 0.7176730640625 0.19563339375 0.7896305531250001 0.195803946875 0.7994015359375 0.20192729375 0.8002621156249999 0.3832543640625 0.780553115625
0 0.27828928125 0.559549846875 0.3491923609375 0.5524627484375 0.36547236562499996 0.55017474375 0.30354294375 0.37584710781249997 0.2915423296875 0.377533684375 0.21522399062500003 0.38997865468750004 0.21531364531250002 0.395115028125 0.27828928125 0.559549846875
1 0.378683271875 0.2176992734375 0.3783534140625 0.21770503125000001 0.1991680984375 0.2568982046875 0.19542422343750002 0.33000120625 0.195753790625 0.3488820625 0.3808730796875 0.314416278125 0.378683271875 0.2176992734375
0 0.294789121875 0.7482038609375 0.355469984375 0.7512723671875 0.321209190625 0.564382078125 0.229544846875 0.55885273125 0.22918842968750003 0.5629266046875 0.26001393125 0.745161425 0.294789121875 0.7482038609375
1 0.381617740625 0.5568979015625 0.3588199921875 0.474875475 0.35859220625 0.4749365109375 0.2174568828125 0.549234121875 0.1997926640625 0.55893448125 0.2186495953125 0.6502456249999999 0.22204314531249997 0.6501863906249999 0.381617740625 0.5568979015625
0 0.9494721359374999 0.10367147968749998 0.959694815625 0.028847482812500002 0.861191 0.0296432609375 0.8509311609375001 0.1026458015625 0.8510114796874999 0.1072472640625 0.8525611234375001 0.1074650515625 0.9494721359374999 0.10367147968749998
0 0.863188015625 0.10963239375 0.852257709375 0.178643640625 0.8523780593750001 0.18553848906249998 0.9498310578125 0.1833704296875 0.9613455578125001 0.10565382187500001 0.863188015625 0.10963239375
0 0.14751648906249998 1 0.1687152046875 0.9939213671875 0.091510959375 0.871087425 0.058126251562499995 0.8799505125 0.0582160890625 0.885097340625 0.091163896875 1 0.14751648906249998 1
1 0.953709578125 0.2544257578125 0.9601384515625 0.1802946765625 0.8590847765625 0.1926267703125 0.8521358890625 0.261193828125 0.8523036640624999 0.27080558125 0.8524783171875001 0.2708177953125 0.953709578125 0.2544257578125
0 0.9512097374999999 0.34398860625 0.9648126140625 0.341097225 0.92181155625 0.24707919375 0.84899860625 0.26051734375 0.8490778984375 0.2650600359375 0.89254394375 0.35421053125 0.9512097374999999 0.34398860625
0 0.9286517859375 0.32451191874999996 0.853356096875 0.3310994375 0.8534710546875001 0.3376853765625 0.8823244109375 0.423947090625 0.9623120921874999 0.42271945312500003 0.9286517859375 0.32451191874999996
0 0.0224871 0.779930996875 0.0214622640625 0.8386437390625 0.0220638671875 0.8731095296875001 0.2002485359375 0.82142725625 0.20228439531250003 0.734150903125 0.0224871 0.779930996875
0 0.043157774999999995 0.7955180046875 0.0464154453125 0.7947659125000001 0.20192123281250002 0.7118736453125 0.19868288750000002 0.6978468343750001 0.17967045625 0.62109973125 0.015679115625 0.7109012375 0.0166515390625 0.7151132703124999 0.039834490625 0.7955760125 0.043157774999999995 0.7955180046875
0 0.015791340625 0.870521834375 0.012562253125 0.8971201750000001 0.007668343750000001 0.94368259375 0.0079839171875 0.9617617718749999 0.2056791890625 0.9233257671875 0.2112047421875 0.8357818390625 0.2109517546875 0.8357552484375 0.015791340625 0.870521834375
0 0.10204881562499998 0.7101787421875 0.1968662953125 0.6853144078125 0.0980698765625 0.5246139171875 0.014781320312499999 0.545421903125 0.014861657812500002 0.550024428125 0.01532555625 0.5516422359375001 0.10204881562499998 0.7101787421875
0 0.1119496484375 0.12546601562499998 0.023204932812500002 0.1327183046875 0.0232387265625 0.134654328125 0.06823534375 0.321011415625 0.16689851875 0.31237950625 0.1119496484375 0.12546601562499998
0 0 0.38321404531250003 0.1890185046875 0.35204718281249997 0.18994177031249998 0.3344302328125 0.1936716921875 0.257359909375 0.192190278125 0.25728227187499997 0.003183003125 0.2855216046875 0 0.346256915625 0 0.38321404531250003
0 0.0011234140625 0.3955782734375 0.0079331265625 0.4929616796875 0.0164971265625 0.49281219375 0.19130627656250002 0.438741271875 0.18639445 0.3419259 0.0011234140625 0.3955782734375
0 0 0.5043633984375 0.0003301625 0.5232784734375 0.010996639062499999 0.599174390625 0.01702085 0.5990692375 0.1974093203125 0.52837171875 0.18267109374999999 0.43586772187499995 0 0.5034163328125 0 0.5043633984375
0 0.0295514984375 0.0271162375 0.0295514984375 0.036707640624999996 0.05031133125 0.216811665625 0.1079183953125 0.219300015625 0.1533637390625 0.21850676406249997 0.1261131671875 0.0246786359375 0.0295514984375 0.0271162375
0 0.9659734921875 0.6901342265625 0.9566980468749999 0.6217355609374999 0.95486769375 0.6217675093749999 0.8528072468750001 0.6610547171875 0.8565639671874999 0.69679753125 0.8607803390625 0.731238734375 0.8668472296875 0.7311328359375 0.9659734921875 0.6901342265625
0 0.8627201609374999 0.5000568046875 0.9513828515625 0.48138928437499995 0.9515510828125 0.40796706406250005 0.8588322453125 0.43301064218749996 0.85879739375 0.4339944 0.8577561328125001 0.4936481421875 0.8578665171875001 0.49997208437499996 0.8627201609374999 0.5000568046875
0 0.962301946875 0.7769125531250001 0.9687812921875001 0.7029172421875 0.8577667484375 0.7386440249999999 0.8520026484375001 0.7907356156249999 0.852134234375 0.79827421875 0.8571507203125 0.7986250046875 0.962301946875 0.7769125531250001
0 0.9559335171875001 0.6257347671875 0.9561840390624999 0.55244825625 0.8576108109374999 0.576087571875 0.8525287109375 0.641815340625 0.8526590921875 0.6492848484375 0.8581197109375 0.649571028125 0.9559335171875001 0.6257347671875
0 0.9651962359375 0.560901871875 0.9165351125000001 0.47623997500000004 0.8452178203124999 0.49156229375000005 0.8452333578125 0.49245248906250005 0.8465162625 0.49759793906249994 0.8957701453125001 0.577656825 0.9231565359375 0.571430490625 0.9651970515625001 0.5609486140625 0.9651962359375 0.560901871875
0 0.8451720140625 0.8470549078125 0.8452210984375 0.8498669156249999 0.905099371875 0.9461472734375 0.9748533531250001 0.9350993265625 0.974852103125 0.9350277484375 0.914635003125 0.8395228765624999 0.8451720140625 0.8470549078125
1 0.8903551015625 0.8544595828125001 0.9020774578124999 0.8759203796874999 0.9655902218750001 0.8714791343750001 0.9654684796874999 0.8697381562500001 0.9208827046874999 0.764389275 0.8485591843750001 0.7725181140624999 0.8485993703125001 0.7748203953125 0.8903551015625 0.8544595828125001
0 0.8538986234375001 0.98888520625 0.9256625734374999 0.9926461968750001 0.9591941796875 0.9920609 0.9637142375 0.91075531875 0.856850840625 0.9475673812500001 0.853674509375 0.9760457296875 0.8538986234375001 0.98888520625