0 0.96316818125 0.2580883328125 0.8927849453125001 0.24767651562499998 0.9167490671875 0.3625617 0.96917451875 0.36991107031250003 0.9820070875000001 0.3708084109375 0.9826765125 0.36535636718750003 0.96316818125 0.2580883328125
0 0.808121775 0.289619996875 0.80589094375 0.3569268546875 0.8065697000000001 0.3569743171875 0.9195331812499999 0.3242282234375 0.9199803671875 0.31783316093749997 0.922023053125 0.2560198078125 0.808121775 0.289619996875
0 0.6693096890625 0.2415882765625 0.6690626015625 0.23687356718750002 0.5580633875000001 0.27657196562499997 0.5644815765625 0.352576390625 0.5660541828125 0.3526863578125 0.6711804203125 0.3141558390625 0.6693096890625 0.2415882765625
0 0.6536606734375 0.36158548125 0.7521899421875 0.3178197015625 0.749239665625 0.2651925765625 0.7460274015625 0.2390307765625 0.639693828125 0.2880880828125 0.6486188390625001 0.361592471875 0.6517949234375 0.361814565625 0.6536606734375 0.36158548125
0 0.7684525921875001 0.366753853125 0.846944628125 0.3543219359375 0.8471260171875 0.35172794375 0.7925972406249999 0.245078278125 0.714695496875 0.25784498437500003 0.7684525921875001 0.366753853125
0 0.48061085468750003 0.273780915625 0.4911021203125 0.3505778296875 0.4943145953125 0.35080246875 0.5993793328125 0.3067234515625 0.591448825 0.23126970624999998 0.48061085468750003 0.273780915625
0 0.40934518906250006 0.222513421875 0.42284045625 0.3420692234375 0.5046043124999999 0.3511052859375 0.4908793125 0.2321145203125 0.40934518906250006 0.222513421875
1 0.06225235 0.23754500312500001 0.0541845328125 0.31949326562499997 0.059118657812499996 0.3200118625 0.193697925 0.309709646875 0.20162386250000003 0.2406250671875 0.2019754578125 0.2372798578125 0.2025552296875 0.2289887234375 0.06225235 0.23754500312500001
0 0.17654378125 0.204842846875 0.169582978125 0.20435609999999998 0.1692119328125 0.20646039843750003 0.169280971875 0.34485771249999997 0.2482182640625 0.3602211 0.254669121875 0.36067218749999996 0.2550040734375 0.3587725859375 0.253112065625 0.218986509375 0.1775173828125 0.20501451875 0.17654378125 0.204842846875
1 0.45100049374999995 0.2846843625 0.45713985937499996 0.25651005 0.3114144765625 0.253688634375 0.2926859796875 0.33133503750000004 0.29323688125 0.33147239375000004 0.4390677671875 0.3325439078125 0.45100049374999995 0.2846843625
1 0.30801600625000003 0.218263828125 0.23420617500000002 0.22707629375 0.27877020468749997 0.3630502859375 0.3585553390625 0.3500154796875 0.358721890625 0.3476336765625 0.3584087109375 0.34540528125000003 0.30801600625000003 0.218263828125
0 0.8279145609375 0.42123595625 0.8156186546875 0.5042579140625 0.8182680953125001 0.5046302687499999 0.9722748140625 0.4750839421875 0.9794901890625001 0.42374389375000004 0.9805355 0.4150266734375 0.9817818624999999 0.39720286250000003 0.8279145609375 0.42123595625
1 1 0.42149929999999997 0.8823798578125001 0.470922884375 0.8819059515625 0.5047770484375 0.893279359375 0.5055723546875 1 0.49623550781250003 1 0.42149929999999997
0 0.489687565625 0.48030746874999997 0.4944114078125 0.481055653125 0.637538475 0.46127991718750005 0.6485277218750001 0.39189655 0.648996890625 0.385187109375 0.4996835203125 0.39744343125000003 0.489687565625 0.48030746874999997
0 0.8013339078125 0.524079190625 0.81355881875 0.5234385109375 0.8795075546875 0.5146869578125 0.8794096890624999 0.5128195843750001 0.8269079125 0.377653675 0.7447536828125 0.38216183593749997 0.744663921875 0.3834454640625 0.8013339078125 0.524079190625
0 0.5860627843749999 0.5091507265625 0.59115070625 0.509506509375 0.7243671875000001 0.44460377656250005 0.7137813625 0.3692817109375 0.7124319953125 0.369187353125 0.5806606390625 0.42700662968750003 0.5860627843749999 0.5091507265625
1 0.6712966296875 0.37232247812499997 0.7119474984374999 0.51795344375 0.7200917421875 0.5185229453125 0.7914315375000001 0.5210141859374999 0.791800396875 0.515739240625 0.7475380875 0.37352895468749997 0.6712966296875 0.37232247812499997
0 0.4593805140625 0.5031126046875001 0.5201962906250001 0.5159457984375 0.5223415109375 0.5079397250000001 0.5239302390625 0.362594421875 0.4472963703125 0.3440127796875 0.44541734374999997 0.3654434375 0.44225597343749995 0.49852409687500004 0.4593805140625 0.5031126046875001
0 0.12895660312499999 0.3553360921875 0.0080625640625 0.3672395828125 0.005543565625 0.403262940625 0.005543565625 0.4544600296875 0.0062029359375 0.4545061375 0.12657141562500002 0.4383653328125 0.12895660312499999 0.3553360921875
1 0.082430578125 0.35907549843750003 0.122074559375 0.484614228125 0.17547849531249998 0.479196621875 0.20413641249999998 0.47516901406249995 0.20445427500000002 0.47062337187500003 0.16785415312500002 0.3449553140625 0.082430578125 0.35907549843750003
1 0.2752062046875 0.354618640625 0.2749854140625 0.355657378125 0.27755372500000003 0.486388465625 0.3517815734375 0.5021660812500001 0.358502190625 0.5026360328125 0.3599418953125 0.3713481328125 0.2752062046875 0.354618640625
1 0.187393753125 0.481855009375 0.21810375624999997 0.48916855156250005 0.26565693281249997 0.499276290625 0.2710816734375 0.4996556265625 0.2732127296875 0.3641501203125 0.1956658171875 0.34714838124999997 0.19229485156249998 0.3469126609375 0.187393753125 0.481855009375
1 0.42958497656250005 0.3740614578125 0.3505218984375 0.36733604531249997 0.3681590375 0.496150796875 0.4434303578125 0.5038758421875 0.44997583125 0.504333546875 0.4504807171875 0.49856267968749995 0.42958497656250005 0.3740614578125
0 0.81484354375 0.78169199375 0.9805554265625 0.763581675 0.9838848296875 0.7479180640624999 0.9877372890625 0.69282531875 0.8279449937500001 0.699975471875 0.8267286781250001 0.7056977859375 0.812114053125 0.7811118234375 0.81484354375 0.78169199375
0 0.087011065625 0.637672540625 0.065142709375 0.725069621875 0.06517239687500001 0.7250759328124999 0.253105290625 0.737321421875 0.27018816874999996 0.6609147953125001 0.2714425609375 0.655013346875 0.2722015640625 0.644159109375 0.087011065625 0.637672540625
0 0.7656770859375001 0.6445286984374999 0.8248168687499999 0.8238584187500001 0.8442773859375 0.8232885703124999 0.8957884640625 0.820588990625 0.8963504765625 0.8125518156249999 0.844718809375 0.637370940625 0.7656770859375001 0.6445286984374999
0 0.3945546890625 0.796743303125 0.41775660937500003 0.6183306171875 0.32906422968750004 0.58898501875 0.308676621875 0.7806702171875 0.3298290765625 0.7875430671875 0.39207574843750004 0.8043726984375 0.3945546890625 0.796743303125
1 0.1152682875 0.7701939859375 0.12483826406250001 0.59426231875 0.0348460265625 0.57744968125 0.0195276484375 0.7630506203125 0.03578508125 0.76650624375 0.11341572656250001 0.7789096062499999 0.1152682875 0.7701939859375
1 0.6458742843749999 0.6809788640625001 0.621232796875 0.7633139109375 0.6248011046874999 0.76433710625 0.8136688171875001 0.7679660125 0.82349379375 0.73370225 0.8361856968750001 0.6873766609375 0.836215559375 0.6869495953125 0.6458742843749999 0.6809788640625001
0 0.5384181734375 0.742702178125 0.5427178203125 0.7017937796875 0.546838290625 0.652084446875 0.545340121875 0.6519269828125 0.3669277984375 0.6736940671875 0.3554990421875 0.7521122484375 0.3549084671875 0.7605578656249999 0.5384181734375 0.742702178125
1 0.167069959375 0.7479203484375 0.171351521875 0.748370359375 0.34994507656249996 0.7316833109374999 0.3641777953125 0.6503996453124999 0.3648503125 0.640782196875 0.1766041890625 0.6524497015625 0.167069959375 0.7479203484375
0 0.560195040625 0.8011434109375 0.7307905421875 0.7308703328124999 0.7267304796875 0.6978037734375 0.7178407078125 0.6386599578125 0.54087431875 0.708728953125 0.5557420093750001 0.8014977999999999 0.5567402640625 0.8015676046875001 0.560195040625 0.8011434109375
1 0.5647248968749999 0.64502035625 0.556600990625 0.6265779140625 0.46252308124999997 0.6375767453125001 0.46269307499999995 0.638540821875 0.5427827187500001 0.807888590625 0.6252093703125 0.7925625703125 0.6254130984375 0.7896491359375 0.5647248968749999 0.64502035625
0 0.1539360375 0.012890856249999999 0.056316053125 0.030528809375 0.05631605468749999 0.05389224687500001 0.056508809375 0.104036571875 0.0657818234375 0.104685003125 0.15421379375 0.0915273515625 0.15465813125 0.085173040625 0.1539360375 0.012890856249999999
0 0.1575677375 0.11489635625000001 0.2329227703125 0.1083036453125 0.2335234484375 0.099713540625 0.2080063015625 0.012570681249999998 0.1314463578125 0.019245195312499998 0.1575677375 0.11489635625000001
0 0.96625754375 1 0.9681530546875001 0.9728929125000001 0.90862471875 0.8266614593750001 0.8716893640625001 0.8298072265625 0.8895773437500001 1 0.96625754375 1
1 0.29599207031249997 0.0259986015625 0.21790918750000002 0.015320834375 0.230928371875 0.11840900624999999 0.30478993125 0.1274211015625 0.29599207031249997 0.0259986015625
0 0.363407740625 0.0280549609375 0.29377827500000003 0.0273946640625 0.287422184375 0.027505609375 0.3142362359375 0.1276334671875 0.3831347515625 0.12897565 0.3849784078125 0.1289434703125 0.38560611875 0.1199668 0.363407740625 0.0280549609375
0 0.3961226625 0.13878016875000002 0.469874053125 0.12444435000000001 0.4702278890625 0.119384246875 0.4318448609375 0.035138482812499996 0.3524236875 0.0447203828125 0.3961226625 0.13878016875000002
0 0.8372682890625001 1 0.7864466625000001 0.824782571875 0.69984704375 0.8227625 0.6997021015625 0.8248352765625 0.7443026453125 1 0.8372682890625001 1
0 0.5815542625 0.9695513796874999 0.583799440625 0.9697873578125 0.7608711968749999 0.9415524046874999 0.7689973765625 0.86423698125 0.7701068078125 0.8483713734375 0.5861419109375 0.87983383125 0.5815542625 0.9695513796874999
0 0.7593592953125 0.979353721875 0.7641812015625 0.9801174359375 0.9560650671875001 0.95621391875 0.9685790171875001 0.87720395625 0.9694043296875 0.8654014468750001 0.76930686875 0.893531203125 0.7593592953125 0.979353721875
0 0.5030652156250001 0.8491085203125 0.47264914375 0.9359341703125 0.47232795000000005 0.9405274578125 0.476441096875 0.9418638984375001 0.6591304234375001 0.9495763640625 0.6888697859375 0.8677478187500001 0.6889626296875 0.866420090625 0.5030652156250001 0.8491085203125
0 0.089975871875 0.8725040828124999 0.10638856249999999 0.9596001171875 0.10845425625 0.9597445640625001 0.2890194421875 0.89553885625 0.2701217078125 0.798318446875 0.089975871875 0.8725040828124999
0 0.180800996875 0.93230065 0.3711350859375 0.9372926046875 0.38874206875 0.8610283828125 0.39303108125 0.8417846125 0.3924384453125 0.841647790625 0.1996755 0.8395050578125 0.1860270359375 0.8986230468749999 0.17851345624999998 0.9317725296875 0.180800996875 0.93230065
0 0.4767826734375 0.841557421875 0.47602375625000004 0.8198248921875001 0.2884970296875 0.8671037937499999 0.291906603125 0.964741225 0.2989820546875 0.9652359890625 0.4779679984375 0.9166482734375 0.4767826734375 0.841557421875
0 0.4145484796875 0.8036401312500001 0.45733750000000006 0.998237696875 0.46907333281249997 0.9990583453124999 0.551190965625 0.9989829875 0.5125040640625 0.8052599609375 0.41455476406249997 0.80355025 0.4145484796875 0.8036401312500001
0 0 0.935516284375 0.1856401125 0.9094168765624999 0.1856401125 0.8847907171875 0.183794146875 0.811665765625 0 0.8328509437499999 0 0.935516284375
0 0.7698779359375 0.1480369375 0.721174371875 0.0502243953125 0.652957690625 0.0643795640625 0.7000597765625 0.16514345625 0.7354534687500001 0.15890259375 0.77023525 0.15215458125 0.7703399578125001 0.1506571890625 0.7698779359375 0.1480369375
0 0.4557377625 0.034459696875 0.4521939046875 0.130633990625 0.5030177078125 0.1442521875 0.513860071875 0.1469818953125 0.52333075625 0.14764415 0.5214954796875 0.0533514640625 0.4557377625 0.034459696875
0 0.7854623796875 0.166995471875 0.8432882906250001 0.1602170921875 0.8437592828125 0.1534815984375 0.7992347843750001 0.056530957812500005 0.7256784328125 0.06686299999999999 0.7854623796875 0.166995471875
0 0.6705563984375 0.06061526406249999 0.5989234609375 0.04513309375 0.601551671875 0.14646715 0.665958734375 0.165449246875 0.672290634375 0.1658920171875 0.67353514375 0.16124744062500002 0.6705563984375 0.06061526406249999
0 0.5226300578124999 0.0652448828125 0.5026226078125 0.135600453125 0.5086161609375 0.1370948140625 0.602427259375 0.13119158749999998 0.6097868640625 0.104087753125 0.619762696875 0.064076871875 0.6199053640625001 0.062036625 0.5226300578124999 0.0652448828125
0 0.9529341656250001 0.0778557875 0.885776178125 0.0573235296875 0.88547175625 0.058319248437500006 0.8977694078124999 0.1709355703125 0.9270385359375 0.18147972343750002 0.9564059421875 0.190458240625 0.9645859515625 0.1910302421875 0.9529341656250001 0.0778557875
1 0.90725210625 0.06798109375 0.8234343015625001 0.10471965000000001 0.799793071875 0.115565584375 0.8010135859374999 0.1780258328125 0.8039768734375 0.178233046875 0.9097027437499999 0.14195444375 0.9097027437499999 0.1069744640625 0.908062046875 0.06803773125 0.90725210625 0.06798109375
0 1 0.0925445421875 0.9953560890625001 0.09169434843749999 0.938899340625 0.08173950156250001 0.9246934953125001 0.160834865625 0.9244803546875 0.16388293125 0.9280840781249999 0.1645183640625 1 0.149222075 1 0.0925445421875