0 0.6722064734375001 1 0.6772209328125001 0.9107989875 0.6164809109375 0.8850412437499999 0.6143153515625001 0.890401190625 0.6053438140625 0.9996983578125 0.606040375 1 0.6722064734375001 1
0 0.6219956 0.9310125765624999 0.6858898046874999 0.951640865625 0.6868736171875 0.9518143374999999 0.6859715890625 0.8332084406250001 0.6216521984375001 0.8124359171875 0.6219956 0.9310125765624999
0 0.741518715625 0.576420178125 0.6363051453125 0.619204440625 0.640707309375 0.691662509375 0.6411072859375 0.6962342625 0.6413443375 0.6962760609374999 0.7506649296875 0.652817690625 0.741518715625 0.576420178125
0 0.6437147624999999 0.646813959375 0.6423993203125 0.6506342843749999 0.6399750234375 0.7632136265625 0.702859234375 0.784866396875 0.712056603125 0.7864881421875001 0.715968796875 0.6771739328125 0.6437147624999999 0.646813959375
0 0.724674609375 0.85445925 0.680454965625 0.7397430546875 0.6523890999999999 0.7412139234375 0.6045340796875001 0.7439791140625001 0.6035619546875 0.749492309375 0.6440072265625 0.859001521875 0.70985650625 0.85555050625 0.7246329499999999 0.8546955109375001 0.724674609375 0.85445925
0 0.751011884375 0.6223696984375 0.7511682296875 0.6210963765625 0.731525171875 0.5069008 0.6574605234375 0.49780680625 0.656782215625 0.5016536781250001 0.6727098578125 0.615214790625 0.751011884375 0.6223696984375
0 0.7067534421875 0.5399475984375 0.776309503125 0.5335146328125 0.7382520921875 0.4193772359375 0.6571715546875 0.427461 0.656895859375 0.42902454375000004 0.694470578125 0.5408065015625 0.7067534421875 0.5399475984375
1 0.7106473921875 0.10261036875 0.6807991046875 0.1764874734375 0.680546075 0.177922478125 0.8163337796875 0.2080511953125 0.8470114687500001 0.13065763749999998 0.7106473921875 0.10261036875
0 0.7415975 0.30550128593750003 0.7968199328125001 0.3093628140625 0.7801170953125001 0.168776303125 0.6975764265625 0.16232127031250002 0.696011975 0.17119371562500002 0.7099023578125 0.30272070625 0.7415975 0.30550128593750003
1 0.64516124375 0.3768879 0.6478777203125 0.4546776484375 0.652993971875 0.45557978125 0.79018321875 0.41733000468750003 0.785151165625 0.339663465625 0.64516124375 0.3768879
1 0.7111381406249999 0.3881268453125 0.75730873125 0.40377389687500004 0.7730240734375 0.263203978125 0.70384001875 0.23638113437500002 0.7035881500000001 0.2370731375 0.6793591515624999 0.37656023906249997 0.7111381406249999 0.3881268453125
0 0.44391099218749996 0.8284501328125 0.49200578124999994 0.9777081171875001 0.543842484375 0.97861293125 0.570716378125 0.9785368921875 0.5278593046875 0.8278614843750001 0.44414285937500003 0.8257796656249999 0.4439372515625 0.8269457250000001 0.44391099218749996 0.8284501328125
1 0.5817691515625001 0.9450700624999999 0.5820864921875 0.9432703390625001 0.5604052484375 0.9366417171875 0.42928595312500006 0.8984514499999999 0.416126084375 0.9360591906250001 0.4063890203125 0.967907696875 0.4044244703125 0.9790492109375 0.406653509375 0.979730696875 0.5681361859375 0.9774984343750001 0.5817691515625001 0.9450700624999999
0 0.5890421124999999 0.5035613750000001 0.5061975249999999 0.500844403125 0.50532864375 0.505772071875 0.5374633921874999 0.6464554671875 0.614366890625 0.6518330828125001 0.5890421124999999 0.5035613750000001
0 0.45089473281250003 0.783833465625 0.42875232343749997 0.8465673390624999 0.43046059375 0.8473279093749999 0.5747296109375 0.861912521875 0.6082089093749999 0.7862162859375 0.607934215625 0.786093984375 0.4558738765625 0.772650125 0.45089473281250003 0.783833465625
0 0.5810674890625 0.595318340625 0.5091938609375 0.573018309375 0.5011421031250001 0.5715985671875 0.50027224375 0.5753663421875 0.5131393171874999 0.7231737078125 0.5654719203125 0.7352556421875 0.587830384375 0.7391980421875 0.5810674890625 0.595318340625
1 0.5470460078125 0.6640469328124999 0.4735457328125 0.659027684375 0.4724279796875 0.6653667765625 0.5039675734375 0.8065091656250001 0.5851373921875 0.8136106046875 0.5470460078125 0.6640469328124999
0 0.6457367796875 0.5163554125 0.6479792921875001 0.43753283906249996 0.626626271875 0.44015055625 0.495796459375 0.46472729687500003 0.4948686140625 0.4824316296875 0.49495862031250004 0.5435359828124999 0.5033026171875 0.5450072546875 0.6457367796875 0.5163554125
0 0.7051667984375001 0.1184006921875 0.7193706828125 0.031816728125 0.5766770703125 0.025929678125 0.5696248359375 0.060147534375 0.5614941359375 0.10625903437499999 0.5729733890625 0.1082831375 0.7051667984375001 0.1184006921875
1 0.6767079703125 0.1054733984375 0.5963566015625 0.0752487328125 0.5947101421875 0.0793238625 0.567232221875 0.20353176718750002 0.6175041546875 0.2261326734375 0.6430841109375 0.236467646875 0.644560803125 0.23672802656249997 0.6767079703125 0.1054733984375
1 0.6665291640625 0.287720496875 0.535532346875 0.2794139578125 0.5175270734375 0.3466105515625 0.514573471875 0.3633612625 0.6451483171875 0.367634759375 0.6673095874999999 0.2889826453125 0.6674868890625001 0.28797711875 0.6665291640625 0.287720496875
1 0.6417309 0.17861066718750002 0.5585728046875 0.1678171203125 0.5571810375 0.17571022187500002 0.5686515375 0.304259984375 0.569648328125 0.3044357453125 0.6503954921874999 0.3129226140625 0.6507835234375 0.310721984375 0.6417309 0.17861066718750002
1 0.6295095484375001 0.47055781406249997 0.6321416156249999 0.47046590000000005 0.594468565625 0.3435074171875 0.5175680484375 0.346378171875 0.51660070625 0.3518642453125 0.5483794343749999 0.47217265937499997 0.6295095484375001 0.47055781406249997
0 0.1729519109375 0.7981142343750001 0.18800592031250002 0.95270033125 0.1918084859375 0.9533708265625 0.26954181250000003 0.9656825765624999 0.24279327187500002 0.8012049578125 0.17487118125 0.7872295109375 0.1729519109375 0.7981142343750001
0 0.24957820000000003 0.1829861703125 0.4277548359375 0.21353226875 0.45818824999999996 0.123116028125 0.272986640625 0.0970677 0.2566401234375 0.1418625265625 0.24687625781250003 0.17191262031250001 0.24517590781249998 0.1815557796875 0.24957820000000003 0.1829861703125
0 0.333054728125 0.7574116203125 0.1457353984375 0.781247115625 0.1425815359375 0.8004588203124999 0.13542148125 0.851405240625 0.14631759687499998 0.85332651875 0.32499910625 0.8363668890625 0.333054728125 0.7574116203125
0 0.296568459375 0.23214080468749998 0.292858303125 0.24047395468750002 0.2514498984375 0.41416018125000004 0.3366907234375 0.45211184062500004 0.3770787578125 0.26325450781250004 0.296568459375 0.23214080468749998
1 0.2720928078125 0.0923667828125 0.44557575624999995 0.11896965781249999 0.4674185515625 0.0249397140625 0.28544383125 0.002229725 0.2660853203125 0.06974087031250001 0.2623814 0.08397858281250001 0.26144090468750003 0.0893123984375 0.2720928078125 0.0923667828125
1 0.16462126875 0.6679212921875 0.15270250624999998 0.723994659375 0.148360265625 0.7486207265625 0.1550503875 0.7500427562499999 0.337310584375 0.743030503125 0.355972178125 0.6599626109375001 0.35628037031250004 0.6582147625 0.16462126875 0.6679212921875
0 0.250327340625 0.510359440625 0.29005947656250003 0.5210056328125 0.33851221875 0.532851628125 0.338902109375 0.531396534375 0.34531285 0.3517756421875 0.2657534625 0.3270078765625 0.26140323906249996 0.3262408140625 0.250327340625 0.510359440625
1 0.4370935921875 0.20517750937499998 0.43677213750000005 0.2051032953125 0.2534277078125 0.1997834125 0.22995015937500002 0.27690336718749997 0.22795568125000001 0.2882146203125 0.4158203921875 0.29955136875 0.4370935921875 0.20517750937499998
0 0.27234876875 0.7056381 0.33309975625 0.7065870046875 0.29233745624999996 0.52100625 0.20159324843749998 0.5187061125 0.2006210140625 0.524219928125 0.237488584375 0.7038111546875 0.27234876875 0.7056381
1 0.380363034375 0.467798546875 0.3794997140625 0.4676772140625 0.1936913515625 0.4915156546875 0.182656540625 0.575708290625 0.18384963906250001 0.5758759687499999 0.341807740625 0.5627129578125001 0.361857971875 0.560685690625 0.380468396875 0.467817125 0.380363034375 0.467798546875
0 1 0.114107875 0.9324714875 0.12388904687499999 0.929876940625 0.19818713125 0.9312127562500001 0.198422671875 0.9371266984375 0.198629190625 1 0.19150696250000002 1 0.114107875
0 1 0.1906013953125 0.937271259375 0.1684771 0.9356747515625001 0.1728634734375 0.9215700546875001 0.26526533125 0.98751370625 0.28926685625 0.9940102484375 0.290412371875 1 0.255464678125 1 0.1906013953125
0 0 0.9157317015625001 0.0153864484375 0.9222628609375001 0.044921671875 0.9274707187500001 0.0613869421875 0.79039814375 0.028648325000000002 0.775731578125 0 0.8432228015625001 0 0.9157317015625001
1 1 0.27803806249999996 0.99923255 0.2565297734375 0.9004350203125 0.281085290625 0.9020699750000001 0.3582908375 0.9054891890625001 0.3588937375 1 0.33143960625 1 0.27803806249999996
0 0.9728527375 0.341973096875 0.9041707718750001 0.319503121875 0.9025577874999999 0.32512826562499997 0.8967158546875 0.42282414062499996 0.9446947187499999 0.43799170781249996 0.9662981343749999 0.4441863875 0.9692506890624999 0.4447070015625 0.9728527375 0.341973096875
0 0.9556584140625001 0.41599512499999997 0.87920784375 0.4009674296875 0.878025725 0.40767155937500005 0.8896249375 0.5032567734375 0.96666881875 0.512716571875 0.9556584140625001 0.41599512499999997
0 0.108397221875 0.645544734375 0.0251899296875 0.6177768921875 0.0197295 0.616814071875 0.019379281249999998 0.61789193125 0.016711715625 0.80308275625 0.0942707515625 0.8282832156250001 0.0996867046875 0.82923819375 0.108397221875 0.645544734375
0 0 0.6809927140625 0.1606492125 0.6677706265625 0.16106031875 0.6656556671875 0.1732394625 0.5781906921875 0 0.590486546875 0 0.6809927140625
0 0 0.833850415625 0.0264306390625 0.9147106765625 0.1180516765625 0.9115111984375 0.11819537656250001 0.9106962421875 0.052326553124999994 0.719423325 0 0.723439 0 0.833850415625
0 0.1288167703125 0.45149774843749996 0.034986421875 0.43779939062500006 0.0333187296875 0.44725734375000004 0.0599734484375 0.6238657671875 0.1473316265625 0.6376596218749999 0.1288167703125 0.45149774843749996
0 0.2667476296875 0.1222030140625 0.07692106562499999 0.0872758625 0.052613328125000004 0.15787065625000002 0.0485050875 0.1811696484375 0.0497245484375 0.18158954375 0.237668346875 0.20672571718750002 0.2661746984375 0.12545226874999998 0.2667476296875 0.1222030140625
0 0.1649992921875 0.3489073 0.1847166484375 0.3523840015625 0.18472046250000002 0.3523660625 0.1864051953125 0.160225903125 0.111977990625 0.1444059125 0.09074512812499999 0.14066198593749998 0.0904134125 0.1422225828125 0.0916248671875 0.333365990625 0.1518589921875 0.34616915000000004 0.1649992921875 0.3489073
0 0.0401615890625 0.42026287812499996 0.217472059375 0.3655442390625 0.2087488515625 0.2658375125 0.02585314375 0.32592660156250003 0.03164205625 0.41074649531249996 0.032375678125 0.41913181875000005 0.039245010937500005 0.42034306718750003 0.0401615890625 0.42026287812499996
0 0.1144144046875 0.537197909375 0.17443381875 0.5339971921875 0.12566125625 0.3425643703125 0.030567534375 0.34588511718750004 0.0294496703125 0.3522248421875 0.08072766406250001 0.538374275 0.1144144046875 0.537197909375
0 0.086157990625 0 0.0736770390625 0.0384124203125 0.06606490625 0.081582965625 0.07454004374999999 0.084336703125 0.24767471875 0.119324690625 0.27483255 0.046584709375 0.2827783390625 0.0221300859375 0.157235965625 0 0.086157990625 0
0 0.8051499390625001 0.7806035640625 0.90971575625 0.793343090625 0.9358232281250001 0.7254032828125 0.824015784375 0.714578325 0.8095278015625 0.7504373453125 0.8006635187500001 0.7744298109375001 0.799945675 0.7785009046875 0.8051499390625001 0.7806035640625
0 0.95369169375 0.4869682953125 0.8605499062499999 0.5103898906250001 0.8604978890625 0.511372890625 0.85824590625 0.5758612515625 0.8652932828125 0.57710389375 0.95224209375 0.560376396875 0.95369169375 0.4869682953125
0 0.90500466875 0.768377071875 0.7979737499999999 0.80662996875 0.7981980984375 0.8109169265625 0.8029358249999999 0.8786695953124999 0.8053794109375 0.8791004656249999 0.90681756875 0.8299775828125 0.90500466875 0.768377071875
0 0.9080997890625 0.630855065625 0.8368628843750001 0.6231214703125 0.8359467640625 0.6283170499999999 0.8484234531249999 0.723270071875 0.8814539734375 0.72909424375 0.922247403125 0.7355552875 0.9080997890625 0.630855065625
0 0.8949799171875 0.651649225 0.9381659625 0.6554275140625 0.9197102390625 0.5594891 0.8480203859375001 0.5508460609375 0.8467776359375 0.55789404375 0.86705848125 0.648620203125 0.8949799171875 0.651649225
0 0.8698242687500001 1 0.8481493171875 0.9145420281250001 0.7800554156249999 0.9003022484375001 0.77931899375 0.9044787015625 0.8029194390625 1 0.8698242687500001 1
1 0.7881173546875 0.9506270921875 0.7925934781249999 0.9514163531250001 0.793789484375 0.951311715625 0.8946458046875 0.906536059375 0.89419978125 0.9014379859374999 0.8853183140625 0.8331745749999999 0.8042618359375 0.8774938593750001 0.7818591109375 0.8902433140625 0.78281570625 0.9011772562499999 0.7881173546875 0.9506270921875
0 0.866264484375 1 0.8659813249999999 0.974484759375 0.8163985078125 0.9776262625 0.760977959375 0.98150164375 0.7596897703125001 0.988807325 0.7604367203125 1 0.866264484375 1