0 0 0.48118877812500005 0.0176916578125 0.503020665625 0.0195655640625 0.5043821375 0.0817463328125 0.4074978953125 0.060677431250000004 0.3810913921875 0.0411730453125 0.3578469703125 0.036873401562500005 0.3547230953125 0.0343846984375 0.356811365625 0 0.41354810937500003 0 0.48118877812500005
0 0.1652854546875 0.4616835078125 0.052406234375000006 0.425367896875 0.0124364 0.4805988515625 0.1256538265625 0.51643581875 0.1652854546875 0.4616835078125
1 0.27106188750000004 0.5407332953124999 0.2670432515625 0.538859375 0.266695246875 0.5393383640625 0.2497236765625 0.655381796875 0.320458971875 0.6856597 0.33601349687500004 0.5731499453125 0.27106188750000004 0.5407332953124999
0 0.26430299687500003 0.520115125 0.1955447453125 0.4937213046875 0.192860153125 0.4974163296875 0.18535114531250002 0.6034790937500001 0.2576394140625 0.6368677296875 0.2577124625 0.6367671875 0.26430299687500003 0.520115125
0 0.139429740625 0.44070107812500003 0.10948169999999999 0.553097365625 0.175916571875 0.5957362953125 0.2088415234375 0.478830715625 0.1428589703125 0.435981146875 0.139429740625 0.44070107812500003
0 0.35728535625 0.57813695 0.3554647625 0.5798950765625001 0.299495453125 0.6798766953125 0.352198740625 0.734452546875 0.4133677390625 0.632714590625 0.35728535625 0.57813695
0 0.474614434375 0.666966503125 0.41099351874999995 0.6251651953125 0.40918646093750005 0.6276523968750001 0.3684939984375 0.736952640625 0.436782628125 0.7825230000000001 0.47894488125 0.6701127578125 0.474614434375 0.666966503125
1 0.7282302875 0.95522335 0.7799703921875001 0.898847528125 0.7823197562499999 0.89561390625 0.7791946828125 0.8928000781250001 0.6643058984375 0.81957915625 0.6090081453125 0.881812925 0.7282302875 0.95522335
1 0.7119649875 0.8321106609375001 0.5944136671875 0.7696827125000001 0.5743847625 0.794404296875 0.56710714375 0.803719225 0.541670503125 0.8387297546875001 0.6661950265625001 0.9027941265624999 0.7183797000000001 0.8371223828125001 0.7119649875 0.8321106609375001
1 0.558342609375 0.697275875 0.54431185625 0.6867029453125 0.49465721562500004 0.6506267375 0.4922891640625 0.653769246875 0.43564790468750003 0.7845280765625 0.499172915625 0.8294945734375 0.558342609375 0.697275875
1 0.559519190625 0.699486459375 0.5567660921875001 0.70313994375 0.5024965328125 0.8286755484375 0.56091931875 0.874635628125 0.625555921875 0.7469759703125 0.559519190625 0.699486459375
0 0.23416794375 0.33954625 0.23418266875 0.3395259828125 0.2323272734375 0.337604665625 0.0927777890625 0.26607148281250004 0.055483906250000006 0.3020857671875 0.0383410671875 0.319325890625 0.03688124375 0.321335165625 0.1733830890625 0.397381321875 0.23416794375 0.33954625
0 0.171653790625 0.290412859375 0.050490528125 0.2685946375 0.02823470625 0.3104517515625 0.1369715765625 0.36642830625 0.1784732109375 0.29536745625 0.171653790625 0.290412859375
0 0.3596916390625 0.4623377015625 0.3270415625 0.50412789375 0.313010921875 0.523439415625 0.4493137546875 0.5850037625 0.498229696875 0.5173753734375001 0.4944608578125 0.5144308359374999 0.3596916390625 0.4623377015625
0 0.218980053125 0.4720985046875 0.2636792 0.32637153125 0.25155478750000004 0.31756263125 0.197082196875 0.2842590484375 0.1959830765625 0.28577185781250003 0.151721959375 0.42385593750000006 0.2188033125 0.4723417671875 0.218980053125 0.4720985046875
0 0.40414879687500005 0.43804170468750003 0.355161934375 0.3831808484375 0.3475310390625 0.377636678125 0.3444241859375 0.3808539203125 0.279634975 0.51354584375 0.33433018593749997 0.5676609046875 0.40414879687500005 0.43804170468750003
0 0.3370959609375 0.3813862765625 0.2820831640625 0.33008601406250004 0.27776949375000004 0.3269519484375 0.2763159234375 0.3285107125 0.2153561828125 0.46730530156250005 0.27210481875000003 0.5182347390625 0.3370959609375 0.3813862765625
0 0.5695464609374999 0.5601852421875 0.56300888125 0.5554354125 0.5507087484375 0.55021156875 0.4261617234375 0.5064473406250001 0.4055021609375 0.538260278125 0.38384032968750004 0.5759076249999999 0.38608962812500003 0.5775418375 0.5291565046875 0.6257621640625 0.5695464609374999 0.5601852421875
0 0.7443374984375 0.8192452250000001 0.740373475 0.82801793125 0.8539212390625 0.8635200140625001 0.8705853609374999 0.8405838171875001 0.893414546875 0.79162646875 0.8868826484375001 0.786880765625 0.7773865796874999 0.7483712437500001 0.7443374984375 0.8192452250000001
1 0.7703016640625 0.6904820296875 0.7446778921874999 0.676278540625 0.7419439828125001 0.68004144375 0.6956022984375 0.8022803484375001 0.7723223375 0.842412659375 0.816212340625 0.7182946265625 0.7703016640625 0.6904820296875
0 0.6787305406249999 0.623938234375 0.63380491875 0.5875581828125 0.6138129250000001 0.5730331484375 0.5530949265625 0.689036475 0.6209999484375001 0.742411759375 0.62166825 0.7415864734375 0.6787305406249999 0.623938234375
1 0.6590900468750001 0.6400684625 0.61180108125 0.6890376203125 0.6033091500000001 0.7007257609375 0.713171321875 0.7750523125 0.7737507859375 0.71530323125 0.7704421671875 0.7121081359375 0.6590900468750001 0.6400684625
0 0.6325512625 0.6119435640625001 0.5223317484375001 0.5444736406249999 0.5128218515625 0.5536572421875 0.46814709531250004 0.5970074375000001 0.46591558749999995 0.6000788453125 0.5741466828124999 0.6709130484375 0.6346998453125 0.6141684875 0.6325512625 0.6119435640625001
0 0.2844423296875 0 0.20236207031250003 0.1325729265625 0.2463388609375 0.1901478625 0.3552997 0.037039775000000004 0.3242196390625 0 0.2844423296875 0
0 0.8647141296875 0.6288383515625 0.9582434624999999 0.466880284375 0.9228339343749999 0.434943621875 0.9013346953125 0.41690361875 0.8906069671875001 0.4091094671875 0.8873502 0.41299073281250004 0.7922822078125 0.5667504625 0.8647141296875 0.6288383515625
0 0.36415397656250004 0.0220499921875 0.360327303125 0.025745368749999997 0.2665748328125 0.1833394015625 0.3159209765625 0.2368578953125 0.3170661984375 0.237689946875 0.419985078125 0.0766239 0.4069624140625 0.06313853750000001 0.36415397656250004 0.0220499921875
0 0.7959917828124999 0.47239484843749996 0.83498164375 0.389940221875 0.8304911734375 0.38667770625000003 0.6479529296875 0.34429661718750004 0.6402885484375 0.3607329328125 0.6139056734375 0.42561082031249997 0.7959917828124999 0.47239484843749996
1 1 0.542398271875 0.8953203999999999 0.4955430203125 0.8654460671875001 0.541545459375 0.8461247593750001 0.5729736828124999 1 0.6470888859375 1 0.542398271875
0 0.53494603125 0.2058671859375 0.3731962484375 0.1082906046875 0.3475556875 0.13305140625 0.319918521875 0.1603801765625 0.31441440625 0.1679559421875 0.47501700312499995 0.267520953125 0.5375246812500001 0.20853745468749998 0.53494603125 0.2058671859375
0 0.6603632328125 0.46090614218750003 0.7188889890625 0.28540653125 0.6911226546875 0.2693756296875 0.641125128125 0.2419591140625 0.63716146875 0.2474146234375 0.5860313078125 0.4141952265625 0.655508434375 0.4581032234375 0.6603632328125 0.46090614218750003
1 0.8646843437499999 0.39403738125 0.78575656875 0.34859364843749996 0.78358165 0.35158716874999996 0.730943028125 0.5298250453125 0.8181126640624999 0.5717825125 0.8182572859375 0.5714859921875 0.8646843437499999 0.39403738125
0 0.5004160609375 0.35551730937500003 0.5761949546875 0.1821641109375 0.5535062749999999 0.1637911828125 0.503706853125 0.1256449921875 0.5008644140625 0.1291551140625 0.42415404843750004 0.2982688625 0.5004160609375 0.35551730937500003
1 0.4653606 0.31064193906250004 0.6194841 0.3526215765625 0.6390185171875 0.35757415 0.6870819781249999 0.2786221140625 0.682122259375 0.2750186671875 0.50494375 0.23512509375 0.4903076265625 0.2626516375 0.4653606 0.31064193906250004
1 0.5258202546875 1 0.5416375125 0.968669284375 0.537880975 0.96594 0.4408150375 0.9456581156249999 0.421888128125 0.9845389890625 0.41467854062500004 1 0.5258202546875 1
0 0.48085060156250004 0.9477279 0.40312381875 0.8882538765625 0.3637198953125 0.9195485624999999 0.347565903125 0.9331033718749999 0.3450300046875 0.9365937375 0.42757716874999996 0.99658554375 0.48461208906250003 0.9522106671874999 0.48085060156250004 0.9477279
0 0.3465884265625 0.8463499875 0.2861050578125 0.890099346875 0.28311519218750003 0.8942145437500001 0.3656729359375 0.9543748015625001 0.4247563859375 0.9047978999999999 0.42343941406249996 0.9032283937500001 0.3465884265625 0.8463499875
0 0.38826697499999996 0 0.377903865625 0.015363942187499998 0.379604815625 0.016599754687500003 0.556550165625 0.0701078203125 0.6044395390624999 0 0.38826697499999996 0
0 0.5498545484374999 0 0.49301744375 0.11502678125000002 0.49461858124999997 0.1164684515625 0.563317975 0.1719558078125 0.646134771875 0.0089983109375 0.6361411359375 0 0.5498545484374999 0
0 0.35565125625 0 0.3497879453125 0.022037359375000003 0.41400556093749996 0.062043434375 0.427822421875 0.07034544375 0.42887467656249995 0.0688971390625 0.44604983281250005 0 0.35565125625 0
0 0.7492848171875 0.10750322500000001 0.589536828125 0.038637809375 0.5301276484375 0.11660664218750001 0.7069173875 0.1824152078125 0.7595607328125 0.114969115625 0.7492848171875 0.10750322500000001
0 1 0.305883953125 0.907959896875 0.260143709375 0.8761339109374999 0.30394842187500004 0.8502970578125 0.3408472734375 1 0.40630598281249997 1 0.305883953125
0 0.8631386453125 0.3981261265625 0.97488523125 0.24225214843749998 0.9351481500000001 0.19811964843750002 0.9067773921875 0.1775070859375 0.7964353296875 0.3266129265625 0.83331731875 0.367574525 0.862102415625 0.3990591515625 0.8631386453125 0.3981261265625
0 0.77821920625 0.11972239843750002 0.74669355 0.302000740625 0.8351865999999999 0.3415775296875 0.8714932765625001 0.1521421625 0.7822021609375 0.11424033125 0.77821920625 0.11972239843750002
0 0.739717084375 0.28702222499999996 0.796291315625 0.097234253125 0.7850329828125 0.0890545953125 0.7148230703125 0.050220792187499995 0.6547406109375 0.23841055 0.7394870046875 0.287338903125 0.739717084375 0.28702222499999996
0 0.10314011249999999 0.7930424171875 0.16843465468750002 0.7029947 0.1458170703125 0.6750643109375 0.12559230937500002 0.6509439015625 0.121977959375 0.648317921875 0.1196244390625 0.6502237671875 0.05768761875 0.7402413250000001 0.10314011249999999 0.7930424171875
0 0.2960893890625 0.9165400359375001 0.339519396875 0.8308790875 0.3388116421875 0.8301949234375 0.2956638609375 0.789958965625 0.2899690265625 0.7858214265625 0.28709286562499997 0.7889057312500001 0.24163861406249998 0.8672859624999999 0.2960893890625 0.9165400359375001
0 0 0.685387571875 0.085982303125 0.7169560374999999 0.12821349843750002 0.6737016875 0.1251367375 0.6709313609375 0.0275861609375 0.6226487484375001 0 0.653286284375 0 0.685387571875
0 0.17845593125 0.6940452234375 0.1732201171875 0.69843859375 0.12112959375000001 0.777096121875 0.1680514796875 0.835919075 0.22689757500000002 0.746349859375 0.17845593125 0.6940452234375
0 0.25619555 0.7624731765625 0.23433145 0.7434670046875 0.2274115203125 0.73843938125 0.2264594609375 0.7395346015625 0.1879707265625 0.8284797562499999 0.23673254687499998 0.8726810140625 0.24137098906249999 0.8760510390625 0.282956840625 0.78731910625 0.25619555 0.7624731765625
0 0 0.66266563125 0.010982103125 0.6660927921875001 0.035939937500000005 0.6734173046875 0.0763302046875 0.625077740625 0.074790471875 0.6237392703125 0 0.593429390625 0 0.66266563125