0 0.73046875 0.3359375 0.159375 0.1
0 0.71171875 0.496875 0.1328125 0.0921875
0 0.71796875 0.42265625 0.1421875 0.103125
0 0.69921875 0.58125 0.140625 0.1078125
0 0.67109375 0.82109375 0.1328125 0.13125
0 0.746875 0.09609375 0.1234375 0.121875
0 0.7296875 0.25 0.1578125 0.1
1 0.6859375 0.6515625 0.1484375 0.103125
0 0.73515625 0.17265625 0.1234375 0.1234375
1 0.671875 0.734375 0.128125 0.128125
1 0.6484375 0.90703125 0.1203125 0.1203125
0 0.57890625 0.44140625 0.1625 0.10625
0 0.5671875 0.53203125 0.1234375 0.125
1 0.54765625 0.69921875 0.128125 0.0921875
0 0.5828125 0.35703125 0.13125 0.13125
0 0.59921875 0.190625 0.1359375 0.1359375
1 0.53515625 0.78359375 0.1265625 0.1265625
1 0.553125 0.61640625 0.125 0.125
0 0.60625 0.1015625 0.146875 0.146875
1 0.584375 0.27734375 0.128125 0.128125
0 0.5109375 0.94921875 0.14375 0.1015625
1 0.51796875 0.865625 0.1359375 0.1
0 0.8953125 0.8921875 0.1140625 0.1140625
0 0.884375 0.95390625 0.121875 0.0921875
0 0.94921875 0.1546875 0.1015625 0.09375
0 0.9234375 0.58203125 0.1203125 0.1234375
0 0.91484375 0.659375 0.1234375 0.1234375
0 0.32265625 0.14375 0.1421875 0.140625
0 0.32578125 0.0546875 0.1640625 0.109375
0 0.30390625 0.23984375 0.146875 0.146875
1 0.89609375 0.81171875 0.15625 0.10625
0 0.928125 0.5078125 0.1265625 0.1265625
0 0.94609375 0.28671875 0.1078125 0.1171875
0 0.90234375 0.73671875 0.1578125 0.1015625
0 0.28984375 0.33046875 0.1484375 0.1484375
1 0.22421875 0.884375 0.1578125 0.15625
1 0.2703125 0.41640625 0.1453125 0.1453125
1 0.2390625 0.6921875 0.1546875 0.153125
0 0.22578125 0.7875 0.14375 0.14375
0 0.24375 0.60234375 0.159375 0.159375
0 0.24921875 0.503125 0.178125 0.1109375
0 0.93203125 0.43359375 0.121875 0.1203125
0 0.93359375 0.359375 0.1328125 0.0875
1 0.9453125 0.21875 0.109375 0.121875
0 0.12421875 0.15625 0.190625 0.1109375
0 0.1328125 0.07109375 0.1625 0.1421875
0 0.09296875 0.44453125 0.1859375 0.1203125
0 0.1125 0.24921875 0.15625 0.1578125
0 0.0765625 0.64609375 0.153125 0.1671875
0 0.08046875 0.54140625 0.1578125 0.15625
0 0.09921875 0.34296875 0.1484375 0.1484375
0 0.075 0.74375 0.15 0.128125
0 0.06171875 0.84296875 0.1234375 0.1546875