0 0.21875 0.52734375 0.165625 0.15
0 0.315625 0.396875 0.1359375 0.1359375
0 0.27265625 0.45859375 0.153125 0.153125
0 0.36875 0.33046875 0.1640625 0.1546875
0 0.5125 0.1359375 0.1578125 0.1578125
0 0.084375 0.7265625 0.15625 0.15625
0 0.17578125 0.6015625 0.1703125 0.1546875
1 0.41484375 0.27578125 0.159375 0.159375
0 0.1328125 0.665625 0.16875 0.1546875
1 0.46796875 0.21171875 0.1578125 0.1578125
1 0.575 0.075 0.153125 0.15
0 0.40234375 0.5109375 0.1734375 0.1734375
0 0.4578125 0.43828125 0.1640625 0.165625
1 0.55859375 0.30390625 0.15 0.140625
0 0.35703125 0.5828125 0.184375 0.1734375
0 0.259375 0.71796875 0.1734375 0.159375
1 0.6109375 0.23671875 0.15625 0.15625
1 0.5125 0.37265625 0.1515625 0.1421875
0 0.20859375 0.79140625 0.1796875 0.1625
1 0.315625 0.65078125 0.1625 0.1625
0 0.71640625 0.103125 0.159375 0.15
1 0.6671875 0.17421875 0.1578125 0.15
0 0.353125 0.01796875 0.146875 0.0359375
0 0.17421875 0.2171875 0.159375 0.159375
0 0.2203125 0.1546875 0.15 0.15
0 0.475 0.896875 0.1921875 0.175
0 0.4265625 0.94375 0.171875 0.1125
0 0.5390625 0.8234375 0.1828125 0.1828125
1 0.3125 0.05546875 0.16875 0.1109375
0 0.13359375 0.27890625 0.1578125 0.1578125
0 0.04375 0.4578125 0.0875 0.153125
0 0.26875 0.09453125 0.16875 0.16875
0 0.596875 0.75234375 0.196875 0.196875
1 0.9140625 0.3046875 0.171875 0.20625
1 0.65703125 0.6875 0.1828125 0.171875
1 0.821875 0.46328125 0.196875 0.1828125
0 0.88125 0.38828125 0.2015625 0.1890625
0 0.77265625 0.5390625 0.2015625 0.2015625
0 0.71875 0.62265625 0.1859375 0.1859375
0 0.09296875 0.34140625 0.165625 0.1515625
0 0.06484375 0.4015625 0.1296875 0.15
1 0.02265625 0.51640625 0.0453125 0.1546875
0 0.65234375 0.94609375 0.2046875 0.1078125
0 0.5984375 0.97890625 0.209375 0.0421875
0 0.82578125 0.75234375 0.2046875 0.2046875
0 0.70859375 0.90625 0.2078125 0.1875
0 0.92265625 0.58828125 0.1546875 0.2015625
0 0.88359375 0.6734375 0.19375 0.19375
0 0.76875 0.8359375 0.1890625 0.1890625
0 0.9546875 0.51171875 0.090625 0.1921875