0 0.8754496296875001 0.7186582140625 0.9028248234375 0.7723390109375 0.9061927671875001 0.7768084234375 0.9109748 0.7742657734375 0.987654109375 0.696759065625 0.95581280625 0.63313251875 0.8754496296875001 0.7186582140625
0 0.880768265625 0.7237071046875 0.9356442828124999 0.619775328125 0.8881931 0.570821971875 0.8332405765625 0.676096346875 0.8799666875 0.7243111359375 0.880768265625 0.7237071046875
1 0.67394276875 0.47154976875 0.7226203046874999 0.5278897640625 0.7284667312499999 0.523484165625 0.7875476156250001 0.4354672359375 0.74338001875 0.377858434375 0.7404088843750001 0.3741893875 0.67394276875 0.47154976875
0 0.759067384375 0.5772379609375 0.774212909375 0.59466089375 0.7800919625 0.590230709375 0.8368304875 0.4966682265625 0.786930415625 0.4391088109375 0.726941271875 0.5349266265625 0.759067384375 0.5772379609375
0 0.9128858359375001 0.589052696875 0.806114996875 0.5276075140625001 0.7852293718750001 0.546413015625 0.7493555781250001 0.5790636953125 0.7529667515625 0.5838558843749999 0.8528415687500001 0.6432260546874999 0.901844278125 0.5991038171875 0.9128858359375001 0.589052696875
0 0.6599444375 0.33654863125 0.6051273593750001 0.387666384375 0.6066151515625 0.3896407515625 0.7051120140625 0.45122666562499997 0.7609245640625 0.39584292187500003 0.7600496375 0.39490467812499996 0.6599444375 0.33654863125
0 0.6493578046875 0.250979375 0.5687062671875001 0.339241284375 0.5738791140624999 0.3472067703125 0.6145788015625 0.40690601875 0.6158874890625 0.40605614843750004 0.69618011875 0.31861553125 0.6493578046875 0.250979375
1 0.4371185203125 0 0.3561951359375 0.0910742296875 0.372551078125 0.11277929843750001 0.40430796406249997 0.1534262609375 0.41506625 0.1453193109375 0.5000324734375 0.0526280125 0.458353903125 0 0.4371185203125 0
1 0.550439934375 0.1319280953125 0.5137249359375 0.0643871328125 0.50988126875 0.0574529734375 0.5073744890625 0.05884250625 0.3998630203125 0.14599241093749998 0.43808694062500003 0.21792251562499998 0.4413651890625 0.22227290000000002 0.44299643125 0.2213686890625 0.550439934375 0.1319280953125
1 0.4873738875 0.270346940625 0.6111458765625 0.3364605015625 0.663716096875 0.27598538281249996 0.533692534375 0.20852715000000002 0.48532797031249997 0.267631915625 0.4873738875 0.270346940625
1 0.4426306109375 0.1817393453125 0.5412366 0.28332947656249996 0.5692734015625 0.264418415625 0.6002970234375 0.2424698078125 0.608827890625 0.23604133906250002 0.5045843171875 0.1409238265625 0.44221881406249997 0.181128828125 0.4426306109375 0.1817393453125
0 0.7737748640625 0.8506780984375 0.7912544484375 0.8674626203125 0.7945621375 0.8649700984375001 0.866399125 0.7305584046875 0.806851603125 0.67012189375 0.7365238828125 0.81342711875 0.7737748640625 0.8506780984375
0 0.8986058140625 0.7803588078125 0.8858307484375001 0.7456334499999999 0.8650875499999999 0.7557505828125 0.7431472703125 0.8172431343750001 0.7591711703125 0.853722703125 0.7743518390624999 0.8848476890624999 0.7804232 0.89290465625 0.7820272609375001 0.8921223015624999 0.8986058140625 0.7803588078125
0 0.550969621875 0.4464050140625 0.502681215625 0.5035580937499999 0.5052800578125 0.5070068734375 0.6339727296875 0.5734512281249999 0.664874078125 0.5379032921875 0.6888432390625 0.5081750609375 0.550969621875 0.4464050140625
0 0.649644221875 0.6764930437500001 0.6524122375 0.6807554125 0.7694321625 0.7723540703125 0.8321225374999999 0.7241472015625 0.7175760953125 0.6321396484374999 0.649644221875 0.6764930437500001
0 0.6485316140624999 0.6639345375000001 0.7035719765625 0.536186634375 0.6415936765625 0.4779089515625 0.5862726312500001 0.6218391640625 0.6432090578125 0.6679453718749999 0.6485316140624999 0.6639345375000001
1 0.6335290671875 0.6852745687499999 0.6959407796875 0.7358145765625 0.6966138515625 0.73530738125 0.697849459375 0.73378153125 0.7489788859375001 0.5910727 0.688815828125 0.5442259109375 0.6335290671875 0.6852745687499999
0 0.45378411874999997 0.44154001875000004 0.46638854218750003 0.449116765625 0.58363268125 0.50978868125 0.6085186921875 0.48116060000000005 0.6356033171875 0.4463884078125 0.6349914421875 0.44585651249999997 0.49824565156249995 0.37730091718750003 0.44870515781250003 0.4371220703125 0.4487114359375 0.43713040156250005 0.45378411874999997 0.44154001875000004
0 0.3246473796875 0.16063034375000002 0.356559278125 0.13569803593750002 0.3640739734375 0.1296811265625 0.2755279734375 0.043083975000000004 0.2495005125 0.062697075 0.2108386109375 0.0929030609375 0.2205615453125 0.10580583125000001 0.2944791859375 0.1833637078125 0.3246473796875 0.16063034375000002
1 0.2473631671875 0.1673359125 0.249217865625 0.16979717968750002 0.25017507499999997 0.1707543890625 0.3537725734375 0.2445798421875 0.394219628125 0.2071351609375 0.41460021406249997 0.1867545765625 0.4140076203125 0.185968178125 0.306284953125 0.10549242656249999 0.2473631671875 0.1673359125
0 0.445267184375 0.23063161875 0.3653520296875 0.3342976703125 0.3684519703125 0.33841143281249997 0.42112598281249997 0.399005953125 0.42509425937499995 0.39601564218749996 0.49956309218749995 0.29304463125 0.44609250781250004 0.2299141765625 0.445267184375 0.23063161875
1 0.45346818750000006 0.2502376546875 0.421861884375 0.1704280125 0.42177135468750004 0.170307875 0.3085552875 0.2469580328125 0.3403769046875 0.3219250640625 0.341152025 0.32295368281250003 0.45346818750000006 0.2502376546875
0 0.49308345937500003 0.451344028125 0.5524672796875 0.41546444375 0.5637175125 0.406986784375 0.46866519687499997 0.3168720953125 0.40218960781249996 0.3586334578125 0.40415921875 0.36178549531250004 0.49308345937500003 0.451344028125
0 0.6592499609375 1 0.6860259375 0.972272665625 0.5359514296875 0.8998433 0.48524210625 0.9477519031250001 0.48910715312499997 0.9528809953125 0.5726006609375001 1 0.6592499609375 1
0 0.043889728125 0.323284859375 0.166425615625 0.4642763296875 0.21979305781249997 0.43475271718749997 0.2361243578125 0.4249398828125 0.2439420078125 0.41904886093749993 0.1260282046875 0.2748423328125 0.045433185937499995 0.32212178125 0.043889728125 0.323284859375
0 0.5153029046875 0.8142558031249999 0.44813926562499995 0.8437068062499999 0.449759575 0.8471815734374999 0.5666954984375 0.9946016203125 0.567226596875 0.9943539640625 0.6373144515625 0.958373271875 0.5153029046875 0.8142558031249999
0 0.1855676484375 0.5838225312499999 0.22394232343749998 0.6297659015625 0.23051397499999998 0.6248138062499999 0.3517127671875 0.49212849218750004 0.29589216875 0.4172181265625 0.16939958593749999 0.5623667875 0.1855676484375 0.5838225312499999
1 0 0.3331668828125 0.015027593750000002 0.368569675 0.0201855640625 0.3799309703125 0.024911803125 0.3862028984375 0.033935234375 0.3823726796875 0.18549854062499999 0.2938706390625 0.1432986203125 0.20704953124999997 0 0.2961979078125 0 0.3331668828125
0 0.3833212375 0.765906325 0.501943159375 0.9129200031250001 0.5345060984375001 0.8984220484375 0.5748610937499999 0.8798791375 0.5780154343749999 0.877502171875 0.4607229359375 0.7284676703125 0.3818113875 0.7625151453125001 0.3833212375 0.765906325
0 0.42132296875 0.6158582078125 0.265195109375 0.5166137171875 0.25677685625 0.5253310718749999 0.2040530484375 0.5823903593749999 0.20630374687500003 0.5853771359375 0.3583936515625 0.6769211578125 0.4099027875 0.6276841531249999 0.42132296875 0.6158582078125
1 0.21416405468750002 0.5415959984375001 0.2967530421875 0.5064229203124999 0.29875807499999996 0.5049120203124999 0.18620673593749998 0.35306638125 0.1009456 0.3970673453125 0.10290009375 0.40090325625 0.21416405468750002 0.5415959984375001
1 0.4438328109375 0.634662209375 0.339102703125 0.7922229171875 0.3582562640625 0.8142565671875 0.40067510312500004 0.860470809375 0.40408388906250003 0.8575075984374999 0.50899514375 0.704283684375 0.4438328109375 0.634662209375
1 0.45645246562499997 0.6527648421875 0.419758021875 0.5759473078124999 0.41954429375 0.576046971875 0.293454778125 0.6737237265625 0.27774337031249996 0.6863440734374999 0.3118389546875 0.772160715625 0.3131641203125 0.7739192687500001 0.3142363546875 0.773419278125 0.45645246562499997 0.6527648421875
1 0.6503423859375 0 0.612593146875 0.052336523437500004 0.660356525 0.10917094062499999 0.660870928125 0.108783309375 0.72320146875 0.029125168750000003 0.6994364265625 0 0.6503423859375 0
0 0.7638804515625 0.0787949609375 0.7109656156249999 0.0335321890625 0.706025253125 0.0295315609375 0.6622050625 0.1234696890625 0.7141216484374999 0.1687849734375 0.7151496171875 0.16961740625 0.72070189375 0.165433465625 0.7210364328125001 0.16502034375000002 0.7638804515625 0.0787949609375
0 0.7040281328125 0.1567859328125 0.7326067171874999 0.22450917656249997 0.73577085625 0.22870813281250002 0.7392021984375 0.2269597765625 0.8135773578125001 0.1624908546875 0.7783387796875 0.09333125 0.7040281328125 0.1567859328125
0 0.45702465156249994 1 0.47683354375000003 0.9755380546874999 0.47652130000000004 0.97512369375 0.30790161875 0.9010526578125001 0.2493352484375 0.9722135828124999 0.25116411875 0.9746405765624999 0.3144862390625 1 0.45702465156249994 1
0 0.3072776484375 1 0.3808532171875 0.8443140124999999 0.37922716093750003 0.8429005046875 0.30956984374999996 0.7886205687500001 0.22960966093750002 0.9529985999999999 0.24592390625 0.9671803578124999 0.284917371875 1 0.3072776484375 1
0 0.19184125000000002 0.9096077250000001 0.1987446234375 0.9206554312499999 0.20757543906249998 0.9323743203125 0.3389597625 0.8024507390625001 0.2889233890625 0.71815986875 0.161680146875 0.8574241375 0.19184125000000002 0.9096077250000001
0 0 0.575563946875 0.11152689062500001 0.5096742 0.0731214921875 0.418593421875 0 0.46677574843749997 0 0.575563946875
0 0 0.5819104281249999 0.0802977890625 0.6904360546875 0.1512347578125 0.6573576015625 0.16461729375 0.6509929734375001 0.16854786093750002 0.6480310796875 0.0517943671875 0.49512003125000004 0 0.5192721406249999 0 0.5819104281249999
0 0.057543517187500004 0.7436604874999999 0.079095940625 0.7722615171875 0.220713378125 0.6526381484375 0.1783632390625 0.565438334375 0.028784004687499996 0.6872167625000001 0.057543517187500004 0.7436604874999999
0 0.1566560421875 0.6538624796875 0.07456501875 0.7051586421875 0.077212703125 0.709395821875 0.2156473625 0.845905625 0.244232753125 0.8280434921875001 0.2946107328125 0.79526188125 0.1566560421875 0.6538624796875
0 0.9080592515625 0.45734255468749996 0.92139206875 0.4739711328125 0.9309439140625001 0.4667733015625 0.992175965625 0.38824815 0.947386525 0.3308780921875 0.8806497484375001 0.42096891562499994 0.9080592515625 0.45734255468749996
0 0.782161478125 0.17778151250000002 0.73534303125 0.22294776249999998 0.7408543125 0.23026148124999998 0.8146866296875 0.276594896875 0.8385738921874999 0.2527076328125 0.866254559375 0.2241745875 0.782161478125 0.17778151250000002
0 1 0.398109709375 0.9920708625 0.38719446562500004 0.9317260015625 0.48698990625 0.9466485953125 0.50855234375 0.9660164828125 0.5342543984375 0.9739677406249999 0.5282626968749999 1 0.4941313796875 1 0.398109709375
0 0.8723824890625 0.41090476093749995 0.878301659375 0.40748732656250003 0.9432595484374999 0.33907020625 0.9072650093749999 0.27299300625 0.8337593859375 0.350982946875 0.8723824890625 0.41090476093749995
0 0.8220280453125 0.3284382890625 0.8493427578125001 0.35218260625000003 0.8524183703125001 0.349864965625 0.89025286875 0.26243170781249997 0.8371271281249999 0.214274678125 0.7952667531250001 0.303592359375 0.8220280453125 0.3284382890625
0 1 0.4955636046875 0.9807372859375001 0.5199269109375 0.9650970781250001 0.5404162890624999 0.9702498609375001 0.5501072625 0.9950242156250001 0.5945824453124999 0.9999403703124999 0.5919684796875 1 0.5919046703124999 1 0.4955636046875