0 1 0.47195976249999994 0.9088600984375 0.4924865578125 0.9038537015625 0.49537700312500005 0.93781415 0.5519411203125 1 0.5396082390625 1 0.47195976249999994
0 0.9455710937499999 0.47613699374999996 0.9450252953125 0.4750179390625 0.880323675 0.4922316859375 0.8732068703125 0.6107720796875 0.939093315625 0.593250028125 0.9455710937499999 0.47613699374999996
1 0.6452069500000001 0.6916992890625 0.7561872953125001 0.6743772359375 0.7572765703125001 0.6738459625 0.741600509375 0.6389213218750001 0.72466279375 0.604193859375 0.6120313312500001 0.622679603125 0.6099030625 0.6237176296875 0.6116616765625 0.6273233203124999 0.6452069500000001 0.6916992890625
0 0.800765746875 0.5729296953125 0.692953634375 0.57302313125 0.6916205984375 0.57343068125 0.6883344078125 0.5750334625 0.7100883703124999 0.6458471718750001 0.8271823265625 0.647413490625 0.8194759156250001 0.622206953125 0.800765746875 0.5729296953125
0 0.8270874031250001 0.5125744265625001 0.7873976921875 0.5327973453125 0.8078907984375 0.6523202765625 0.8211477500000001 0.6458544296875 0.8784502328125001 0.617043084375 0.859697309375 0.4975602515625 0.85933379375 0.49684681093750005 0.8270874031250001 0.5125744265625001
0 0.63361556875 0.6030600500000001 0.565318415625 0.641262815625 0.5980714093749999 0.7553658359375001 0.6631041453125001 0.7162902250000001 0.634919090625 0.605229475 0.63361556875 0.6030600500000001
0 0.5840605625 0.647399375 0.5839348328125 0.647141590625 0.502899265625 0.6604209703125 0.4956795625 0.7805192125 0.576599465625 0.7666641046875 0.5840605625 0.647399375
1 0.16630123125000001 0.8105232093750001 0.161271475 0.8129763859375 0.178432740625 0.8901003218750001 0.3183873578125 0.8861361000000001 0.3016149828125 0.8045912 0.16630123125000001 0.8105232093750001
1 0.3125753625 0.899024840625 0.315099396875 0.8971228453125001 0.3812508296875 0.8454142765625001 0.3191929328125 0.7234684484375 0.3174508625 0.72115664375 0.3103508578125 0.724619546875 0.30953075625 0.7252375375 0.249412446875 0.7713207343749999 0.311834021875 0.89804105 0.3125753625 0.899024840625
1 0.376153478125 0.7081714296875 0.40141574062499996 0.7834067218749999 0.5458743562499999 0.76794515 0.54629270625 0.7677411078125 0.5377691328124999 0.7403632171875 0.5217105828124999 0.6937257984375 0.377763959375 0.7073859453125 0.376153478125 0.7081714296875
1 0.449693484375 0.722940521875 0.3119185875 0.7395008796875 0.30875188750000004 0.74104538125 0.33159053125 0.8105444703125 0.4727902796875 0.802207525 0.4595810546875 0.7552813078125 0.449693484375 0.722940521875
1 0.9536284546875 0.3548215 0.797976115625 0.363359540625 0.79477710625 0.36491980156250003 0.826583325 0.4419938765625 0.9826095374999999 0.42800716562499996 0.9730497828125 0.4028909734375 0.9536284546875 0.3548215
0 0.956870025 0.4560425125 0.9835747734375 0.4304317875 0.92778855625 0.27887475 0.9259968593749999 0.27658148437499996 0.9225408843749999 0.2782670765625 0.8904123609375001 0.3033686296875 0.8600185843749999 0.3291318328125 0.9426612234375 0.4378560734375 0.956870025 0.4560425125
0 0.651970284375 0.49426007343749995 0.505120428125 0.49761159531250004 0.50462450625 0.497744478125 0.5030686531249999 0.49850331875 0.5216741890625001 0.5720622875 0.6726723812500001 0.5769835515625 0.66416104375 0.5397566078125 0.651970284375 0.49426007343749995
0 0.857191703125 0.48463590625 0.8350766203125 0.341327903125 0.8342276890625 0.3396617796875 0.77516025 0.3640569375 0.7644349375 0.3692880234375 0.7618312078125 0.3706146890625 0.7832148671875 0.521763040625 0.783351375 0.52203095625 0.857191703125 0.48463590625
0 0.5798499484375 0.46279301874999995 0.5739065734375 0.465691796875 0.604918521875 0.5415426828125 0.7500733390625001 0.5356901765625001 0.7263670328125 0.4627296671875 0.5798499484375 0.46279301874999995
0 0.6781031343749999 0.5105367796875 0.8273107359375 0.47960618750000006 0.8180140421875001 0.460545140625 0.787262996875 0.4093668078125 0.643492615625 0.44362745156249994 0.6406133828125 0.44535747031249995 0.6781031343749999 0.5105367796875
0 0.42509687031250004 0.5369532234375 0.44451817968749996 0.6153395500000001 0.5783761109375 0.607478771875 0.59763913125 0.6051098703125 0.5990188468750001 0.6046880484375 0.5996023765625 0.6044034421875 0.592025075 0.5773186875 0.577243746875 0.5289711359375 0.42895763281250004 0.5357728703125 0.42509687031250004 0.5369532234375
0 0.20745661875 0.7466751687500001 0.16260248906250002 0.682616834375 0.0607358625 0.7399610671875 0.0806374046875 0.7807652765624999 0.10237860781250001 0.8118149328125 0.2123211328125 0.7549174328125 0.2104151265625 0.7510095390625 0.20745661875 0.7466751687500001
1 0.253958634375 0.7646463812500001 0.2314295890625 0.6337006656249999 0.2303240640625 0.6314340015625 0.20196383125 0.6406488 0.15158976875000002 0.659190234375 0.1709905515625 0.7894024749999999 0.253958634375 0.7646463812500001
0 0.32216022187500004 0.6950620265625 0.44129212500000004 0.6398272046875 0.4390645734375 0.6352600453125 0.3898748484375 0.5703806046875 0.27811739062499996 0.6264135828125 0.27133965 0.631708934375 0.32216022187500004 0.6950620265625
1 0.249034325 0.737368275 0.3641954765625 0.6706652078124999 0.3613396921875 0.6648099828125 0.31239985625 0.60648575625 0.19629375 0.6705824140625001 0.1927703125 0.6735389296875 0.249034325 0.737368275
0 0.4716546078125 0.528211959375 0.4712543625 0.5266066609375 0.46883283750000004 0.5216418 0.39446513125 0.5399937453125 0.3932455953125 0.6724591531249999 0.47423379531250004 0.6509708265625 0.4716546078125 0.528211959375
0 0.714980440625 0.1751012515625 0.8823705000000001 0.162109840625 0.8604475578124999 0.09844099687499999 0.8579792656249999 0.09338024687499999 0.69201790625 0.0955904953125 0.6893794671875 0.0964989828125 0.713075815625 0.169569821875 0.714980440625 0.1751012515625
0 0.0659464796875 0.5318719015625 0.234338784375 0.4543201703125 0.22750777656249999 0.44031452968749996 0.22032187187500002 0.42924920625 0.1852978296875 0.3793188125 0.0131486140625 0.45241326718749997 0.0659464796875 0.5318719015625
0 0.612287071875 0.1685026125 0.6584151296874999 0.2324005578125 0.8315351796874999 0.1532204375 0.8291010234374999 0.1482296796875 0.8171983546874999 0.13299495625 0.78610216875 0.09503357968750001 0.613911959375 0.1672331125 0.612287071875 0.1685026125
0 0.3804790171875 0.319494884375 0.19419809375 0.332753378125 0.18865335 0.3354577296875 0.2142237890625 0.422857634375 0.4013867515625 0.4051341359375 0.38547782812500003 0.3369278140625 0.3804790171875 0.319494884375
1 0 0.5716140281250001 0.1478653734375 0.4837546203125 0.1474419015625 0.482886375 0.1260317546875 0.45403885624999996 0.09226172656250001 0.410815190625 0 0.46219607968750004 0 0.5716140281250001
0 0.6378316875000001 0.098500553125 0.63390540625 0.09221718437500001 0.6312994703125 0.093488184375 0.5639361875 0.1355814359375 0.6203914640625 0.3190836765625 0.6935789828125001 0.272167446875 0.6378316875000001 0.098500553125
0 0.3506645765625 0.268667965625 0.3547571609375 0.2770590046875 0.399060271875 0.34983405625 0.418594690625 0.344881484375 0.5722833109375001 0.303020296875 0.5724992984374999 0.302905453125 0.5691451875 0.29602850625 0.5463124671874999 0.2521054734375 0.533164796875 0.22737829999999998 0.3513100046875 0.26832478593750003 0.3506645765625 0.268667965625
0 0.47874552656249997 0.3382759109375 0.450569546875 0.2728267859375 0.2776554390625 0.2972638328125 0.2717754671875 0.3001316875 0.297799828125 0.3726613515625 0.302142728125 0.38397499218750003 0.48463709374999997 0.353623971875 0.47874552656249997 0.3382759109375
1 0.1523047359375 0.48745940781249997 0.322298221875 0.40654653906249993 0.319699303125 0.40121796718749997 0.265498878125 0.3341228015625 0.1012073921875 0.40611185625 0.0976808234375 0.408581184375 0.1523047359375 0.48745940781249997
1 0.629762784375 0.20394736249999998 0.44558289375 0.19304332500000002 0.44122425937500004 0.1939697796875 0.45740199531250003 0.286713121875 0.6475392390625 0.2953500375 0.6366893390625 0.2365342359375 0.629762784375 0.20394736249999998
0 0.40184959062500003 1 0.3867649703125 0.9600352687499999 0.3852194765625 0.9575619640624999 0.3744407421875 0.9628191046874999 0.318528009375 0.9977572578125 0.31942166250000004 1 0.40184959062500003 1
1 0.48076230937500003 1 0.45937300312499996 0.91905686875 0.45889215156249996 0.91815251875 0.45498223437499996 0.9200595125 0.3906290359375 0.9568953234375 0.4038422703125 1 0.48076230937500003 1
0 0.522807865625 1 0.5488458015625 0.9902423703125001 0.538183259375 0.89551276875 0.534557371875 0.888078596875 0.5328662203125 0.8886609078125 0.468581846875 0.9134868265625 0.47616305781249996 1 0.522807865625 1
0 0.546301159375 0.967300925 0.6444843375 0.9352457125000001 0.643221425 0.932656359375 0.597833109375 0.8704606593750001 0.5071670828125 0.9008069765625001 0.5054295625 0.9018927 0.546301159375 0.967300925
0 0.4966183125 0 0.51312780625 0.0597140875 0.6978188328125 0.06063322812500001 0.681572209375 0 0.4966183125 0
0 0.5289031359374999 0 0.3949712359375 0.057666134375 0.4525867453125 0.1311820484375 0.6182771640625 0.0576191078125 0.6196956359375 0.056470453125 0.5819032875000001 0.0043145796875 0.5784094093750001 0 0.5289031359374999 0
0 0.352354778125 0.15256258125 0.5366495859375 0.11534405 0.530129059375 0.1019749890625 0.4907819296875 0.0289176859375 0.31569055156250003 0.073613946875 0.3101926640625 0.07641526093749999 0.352354778125 0.15256258125
0 0 0.2290271953125 0.06861043125 0.38009905 0.0712009078125 0.378835590625 0.143517565625 0.3312815921875 0.0736603234375 0.15500151874999998 0.07200184062500001 0.1524476796875 0.057652809375 0.1594461703125 0 0.1968863421875 0 0.2290271953125
0 0.040168975 0.22212857187499999 0.0600377984375 0.2497070421875 0.09570051406249999 0.298792559375 0.272077890625 0.221599984375 0.26984038906249996 0.2170124234375 0.261327375 0.20510604062499999 0.21532125624999998 0.14178405 0.0420683140625 0.22074862031250003 0.040168975 0.22212857187499999
0 0.2655333953125 0.06915036875 0.2623171890625 0.0631015640625 0.24563486874999998 0.071238075 0.1786233984375 0.10852951562499999 0.22784058906250002 0.294645625 0.31621268593749996 0.247657346875 0.2655333953125 0.06915036875
0 0.25941030781249996 0.20004340156249997 0.45104764062499997 0.1501295984375 0.43961465312500003 0.1266885 0.40596077656249996 0.063394765625 0.218646978125 0.11606915312499999 0.2171302859375 0.11687559218750002 0.25941030781249996 0.20004340156249997
0 0 0.3537131609375 0.0915393890625 0.31962490468750004 0.0610250109375 0.255804853125 0.059498378124999994 0.2526747921875 0.0488060796875 0.23168997500000002 0 0.24849254843750002 0 0.3537131609375
0 0.7717024546875 0.7764843171875 0.8138097156249999 0.8343965171875001 0.9174097124999999 0.792652390625 0.9169629234375 0.7917363390625 0.9000180265625 0.767784096875 0.8761763109375 0.736145071875 0.7749094125 0.7740677 0.7717024546875 0.7764843171875
0 0.67905885 0.84615474375 0.58677398125 0.8540419421875001 0.5837925187499999 0.8554960984375001 0.608636196875 0.92326996875 0.7037798296875 0.9097115796875 0.6853723265625 0.86175839375 0.67905885 0.84615474375
0 0.9432247125 0.6887504078125 0.9405435828125001 0.6832532765625 0.8851701125 0.7037522296875001 0.877361415625 0.820112259375 0.9475912546874999 0.795924290625 0.9432247125 0.6887504078125
0 0.8418402390624999 0.8389883625 0.82008009375 0.792737025 0.8096748140625 0.773167540625 0.707589153125 0.79357464375 0.70595385 0.79444415 0.7426412874999999 0.8594972000000001 0.840923171875 0.839475975 0.8418402390624999 0.8389883625
0 0.6396621390624999 0.8367527328125 0.6823122015624999 0.8929595375 0.7741173296875 0.8624212609375 0.7698924265625 0.8537589265625 0.741253196875 0.8143404078125001 0.7315948078125001 0.8019222578124999 0.6429028531250001 0.834398215625 0.6396621390624999 0.8367527328125
0 1 0.692168334375 0.9834416875 0.644245140625 0.9800137531249999 0.639857584375 0.939291565625 0.6704110484375 0.930642590625 0.6771683687500001 0.9365968499999999 0.7022477921875 0.9594641640624999 0.7917544265625 1 0.7627473921875 1 0.692168334375