0 0.6401056953125 0 0.6059934234375 0.0973687140625 0.6059813953125001 0.0977131484375 0.606747334375 0.10316309531250001 0.6717570625 0.10432040468749999 0.7113481859374999 0 0.6401056953125 0
0 0.60833413125 0.17058886874999998 0.60853383125 0.17200980625 0.67461064375 0.1814158953125 0.7274791203125 0.0750796453125 0.659983915625 0.06546489375 0.60833413125 0.17058886874999998
0 0.7479146234375 0.4260680203125 0.7535806843749999 0.3536978171875 0.6518589921875 0.31024954375 0.6501391109375 0.3100687765625 0.6489718875 0.31023281875 0.6386516859375 0.38531009374999997 0.7469753515625001 0.4305770546875 0.7474476812499999 0.43051067343750005 0.7479146234375 0.4260680203125
0 0.7439357765625 0.27401681093749997 0.6393439078125 0.22795959843750002 0.6365741796875 0.2283488578125 0.6340230703125 0.2526210328125 0.6319756828124999 0.305707228125 0.7360747562500001 0.349788228125 0.7439357765625 0.27401681093749997
0 0.637894246875 0.28023256875 0.6396175609375 0.279990371875 0.68529696875 0.2645349859375 0.7118701828125 0.25538509375 0.7099026109375 0.1328390171875 0.7067140734375 0.1332871375 0.695748584375 0.136996284375 0.633401421875 0.1584641328125 0.636999028125 0.277632665625 0.637894246875 0.28023256875
0 0.652050190625 0.3965822484375 0.6457229984375 0.397471478125 0.6500367234375 0.4741252546875 0.76694980625 0.49470653125 0.76033735625 0.4191258734375 0.652050190625 0.3965822484375
0 0.6968571671875 0.46567222968750005 0.652907034375 0.5767925484374999 0.7342235609375 0.589226428125 0.7782023062500001 0.4772372234375 0.70907824375 0.467172790625 0.6968571671875 0.46567222968750005
1 0.6718913140625 0.8249081859375 0.672812278125 0.831461184375 0.69520856875 0.904716146875 0.8335275953125001 0.8864811046875 0.8090269937500001 0.8089865375 0.6718913140625 0.8249081859375
0 0.6785337124999999 0.83849023125 0.763559728125 0.8429259281249999 0.7973974187499999 0.7074982000000001 0.7972881234375 0.70672051875 0.7125945765624999 0.7007981703125 0.677902315625 0.8323312640625 0.6778245078125 0.8334439703125 0.6785337124999999 0.83849023125
1 0.630559265625 0.5783966234375 0.6489020734375 0.64115275625 0.6522844421875 0.65156261875 0.7989871328125 0.64022041875 0.7986235234375 0.6376332015624999 0.788040440625 0.6041918468749999 0.774959978125 0.5639343234374999 0.637147384375 0.5762560140625 0.630559265625 0.5783966234375
1 0.648303934375 0.6577581265625 0.6408703546875001 0.6603177140625001 0.6410835640625 0.6618347859375 0.6657137890625 0.7288086265625 0.8065365671875 0.715548959375 0.78144215 0.63701875 0.648303934375 0.6577581265625
0 0.5960538953125 0.0778872828125 0.45021405468750003 0.033640284375 0.4461126859375 0.03421669375 0.44562120156249996 0.0584450765625 0.4456212 0.1111259171875 0.5966825046875 0.1627288046875 0.5960538953125 0.0778872828125
0 0.48898332968749997 0 0.42123581562499995 0.0181528921875 0.42255846874999997 0.02756405 0.42336466718750004 0.030572824999999998 0.4315472015625 0.05211123125 0.597554546875 0.0602070546875 0.5966380421874999 0.053685784375000004 0.5799309781249999 0 0.48898332968749997 0
0 0.606796584375 0.49022796875 0.5981750515625001 0.3410396828125 0.5921372671875 0.34188823749999997 0.5243956484375001 0.36259893125 0.5247318078125 0.5070853453125 0.5261301406250001 0.5116590890625 0.606796584375 0.49022796875
0 0.596299015625 0.1597998671875 0.446928375 0.1336027890625 0.4577716890625 0.21075698437499998 0.4584850859375 0.21526119062500002 0.601312878125 0.23846434374999997 0.60239506875 0.238292940625 0.596299015625 0.1597998671875
0 0.5311067953124999 0.276972325 0.48399924375000003 0.4086027546875 0.48500971249999997 0.41579261562500003 0.55831229375 0.42002625625 0.6158605390624999 0.27741184531249996 0.6051856078125 0.2766653796875 0.5311067953124999 0.276972325
0 0.46798645624999996 0.20470665000000002 0.46246676718749996 0.205482390625 0.46506373593749994 0.2798498046875 0.6115372781249999 0.3254390328125 0.6093279453125 0.2441601671875 0.46798645624999996 0.20470665000000002
0 0.64230236875 0.4747656875 0.5086150484374999 0.4662630140625 0.500103878125 0.466264625 0.48744066875 0.468497490625 0.498134640625 0.5389615984375 0.499065165625 0.544238865625 0.6522799203125 0.5559574671874999 0.6427183234375 0.47712468125 0.64230236875 0.4747656875
0 0.5733027203125001 0.8806698578125 0.5975299921875 0.9912068390625001 0.639781203125 0.98526881875 0.68129995625 0.9701572296875 0.650803425 0.8511798781250001 0.64586435 0.8518740203125 0.5733027203125001 0.8806698578125
1 0.6747604765624999 0.9030378796875 0.674459053125 0.81976761875 0.549870065625 0.7943616359375001 0.54537356875 0.7949935765625 0.541502665625 0.860420234375 0.540819640625 0.8799794953125 0.6712329593749999 0.9035336390625 0.6747604765624999 0.9030378796875
1 0.6472544390625 0.644090040625 0.5242071921875 0.625982059375 0.516528178125 0.6270612734375 0.52074209375 0.707467603125 0.6494618921875001 0.7304551406249999 0.65052238125 0.7303995624999999 0.6472544390625 0.644090040625
1 0.629320684375 0.8267524078124999 0.6455119359375 0.693344284375 0.6454710625 0.69305345625 0.5629275859375 0.6973793765625 0.5444302515625 0.8273646890625 0.5452523609375 0.8332143078125 0.629320684375 0.8267524078124999
0 0.5542406093750001 0.527956234375 0.5096288078125 0.64710170625 0.5103473296875001 0.6522142546875 0.591253753125 0.65949230625 0.6331458640625 0.5364095703125 0.567388496875 0.5293381328125 0.5542406093750001 0.527956234375
0 0.31787458125 0.07030467968750001 0.13315859375 0.069540646875 0.13187945625 0.0699562640625 0.1331257640625 0.0788242078125 0.136774571875 0.0907831703125 0.155813278125 0.149378284375 0.343396746875 0.1381091796875 0.31787458125 0.07030467968750001
0 0.316359265625 0.74648844375 0.2677556875 0.9244956296875 0.26829503906249996 0.9283333109375 0.35650414375 0.93597611875 0.4111125078125 0.7572927453125 0.39416479375 0.7552118265625001 0.316359265625 0.74648844375
0 0.27219914375 0.2735070421875 0.2927618375 0.0858002546875 0.2145603703125 0.09516065 0.21450801249999998 0.0951680078125 0.213957434375 0.0952552109375 0.19944940625000002 0.28286170781250003 0.2000491734375 0.2866484859375 0.27219914375 0.2735070421875
0 0.3631180359375 0.551863446875 0.3029235375 0.5592544015625001 0.270469396875 0.563815534375 0.259342821875 0.7411377015625 0.2606552796875 0.750476321875 0.3465247640625 0.74427693125 0.3631180359375 0.551863446875
1 0.412745965625 1 0.377519015625 0.8301664750000001 0.3423500984375 0.8413106828125001 0.2904868734375 0.8591686218750001 0.31560723125 1 0.412745965625 1
0 0.22303089062499998 0.39534061249999997 0.22514474999999998 0.395043528125 0.30502809375 0.369608553125 0.2957655078125 0.17999720156250001 0.2912159203125 0.1806366046875 0.24921285 0.1929362453125 0.21512577500000002 0.203357709375 0.22205032343750003 0.3921333234375 0.22303089062499998 0.39534061249999997
0 0.20718861562500002 0.573135478125 0.2127560890625 0.604710190625 0.3970812328125 0.609721853125 0.39556697500000004 0.598947359375 0.3792178796875 0.523913134375 0.2016692125 0.5147450484375 0.1983046671875 0.5153383093749999 0.20718861562500002 0.573135478125
1 0.40614632500000003 0.6929797875 0.2183396578125 0.7076066171875001 0.21932563124999999 0.7146221828125 0.2455195640625 0.7955666890625 0.4287432265625 0.7870478171874999 0.4290633375 0.7869680031249999 0.40614632500000003 0.6929797875
0 0.3655930453125 0.3638064 0.1906552984375 0.3015109375 0.186159678125 0.301117621875 0.18615569999999998 0.3011181796875 0.179002290625 0.36343855937499997 0.1764577890625 0.3925223375 0.3537980875 0.45843281406249997 0.3655930453125 0.3638064
1 0.3863278609375 0.5122856828125 0.3650600765625 0.42985330624999996 0.1785610359375 0.4288413984375 0.1776193671875 0.42909371875 0.178232446875 0.43345600468749995 0.2065766515625 0.5190021125000001 0.22672449062500002 0.5185707625 0.386100071875 0.51234671875 0.3863278609375 0.5122856828125
0 1 0.83408646875 0.929067046875 0.8120724765625 0.924561740625 0.81270565625 0.9152135359375 0.88884066875 1 0.9122948640624999 1 0.83408646875
0 1 0.757462484375 0.9132785578125 0.735398625 0.911886421875 0.7355942765625 0.90656134375 0.8117464515625 1 0.8373453124999999 1 0.757462484375
0 0 0.1144385765625 0.14731994375 0.1355375453125 0.1405414828125 0.0456048140625 0 0.06535663124999999 0 0.1144385765625
1 1 0.7236208671875 0.9858995421875001 0.6708368375 0.883359765625 0.67227245625 0.8824175484375001 0.6725073765625 0.8827672671875 0.674995759375 0.9034435843749999 0.748128384375 1 0.74299658125 1 0.7236208671875
0 0.875649296875 0.5945885734374999 0.8731138921875001 0.5950814062500001 0.87533735625 0.6109021718750001 0.8881744953125 0.6686002890625 0.9920510406249999 0.67146181875 0.9753536437499999 0.5997997640625 0.875649296875 0.5945885734374999
0 0.8738455406250001 0.6115143749999999 0.9517103921875 0.60040385625 0.9677104875 0.50473339375 0.9676634203125 0.5043984953125 0.8907349968749999 0.50977785625 0.8903292609375001 0.5098348781250001 0.8732676640625 0.60740256875 0.8738455406250001 0.6115143749999999
0 0.1142048953125 0.156600359375 0.1105160265625 0.1571187953125 0.0238578734375 0.1803387765625 0.022933215625 0.3661383109375 0.1071245703125 0.34304886562500003 0.1142048953125 0.156600359375
0 0.055002159375000005 0.2655087046875 0.011685065625000001 0.43847455156250004 0.0121421578125 0.4417269359375 0.1012572125 0.44495222187500005 0.1487784171875 0.26387748125 0.1484242921875 0.263878015625 0.055002159375000005 0.2655087046875
0 0 0.2016317078125 0.160215465625 0.2241548421875 0.1611211515625 0.224011396875 0.1585337 0.20767486875 0.14549705468750002 0.1331467921875 0 0.11502181250000001 0 0.2016317078125
0 0 0.4584735234375 0.0094342859375 0.489383928125 0.19806540625 0.4913021140625 0.17054369062500002 0.3972215921875 0 0.4041318171875 0 0.4584735234375
0 0.2405517921875 0.8157882578125 0.0575996546875 0.7688743953125 0.051827368750000005 0.7696856375000001 0.04676280625 0.8663232437499999 0.2350240328125 0.90488029375 0.23640319375000002 0.904686465625 0.2405517921875 0.8157882578125
0 0.2260112796875 0.727041375 0.2044744671875 0.6763038203125 0.0249970484375 0.7128266484375 0.0301495484375 0.7494885874999999 0.0526014484375 0.8023819515625 0.241097396875 0.766980340625 0.242380934375 0.7664355109375001 0.2260112796875 0.727041375
0 0.0102064484375 0.6075860578125 0.0151565421875 0.642807803125 0.0368960609375 0.6991598265625 0.2280506109375 0.6763239703124999 0.1938186375 0.5822724015625 0.0102064484375 0.6075860578125
0 0.057854596875 0.65681081875 0.0619074359375 0.6562412296875 0.1514852703125 0.632238921875 0.14216641562500001 0.43510677343750004 0.140330053125 0.4353648578125 0.0838245140625 0.44939820468749997 0.05126578750000001 0.458122290625 0.056690526562499996 0.6524664515625 0.057854596875 0.65681081875
0 0.11109628593750001 1 0.2659709796875 0.9658783812499999 0.23650579375 0.87273256875 0.052495879687500004 0.908491 0.058608346874999995 0.9519834656249999 0.06362365 0.9665489624999999 0.0767824046875 1 0.11109628593750001 1
0 0.82692530625 0.311340634375 0.8272498687500001 0.31365002343750004 0.8985168265624999 0.314868553125 0.9274734515624999 0.2072049828125 0.927422178125 0.2068401546875 0.8971992390624999 0.2059311796875 0.8575828890625001 0.20593118124999998 0.82692530625 0.309628928125 0.82692530625 0.311340634375
0 0.8829743234375 0.4375156609375 0.8652362390624999 0.52780195625 0.8657784953125001 0.5316603203125 0.9376911203124999 0.526466096875 0.9508831015625001 0.4312709671875 0.8997137437499999 0.4357477046875 0.8829743234375 0.4375156609375
0 0.88842063125 0.235127871875 0.8979826640624999 0.12218464531249999 0.8898279921875 0.12333070937499999 0.8276284796875 0.1423470109375 0.83016073125 0.2511629703125 0.8313712046875 0.25512225312500003 0.88842063125 0.235127871875
0 0.8888024390625 0.2854596453125 0.8666690015625 0.28429968125 0.8320020671874999 0.3811447484375 0.8324300734375001 0.384190171875 0.9061431437499999 0.3862216921875 0.9396005187500001 0.29166597968749997 0.9396548765625001 0.2906287609375 0.8888024390625 0.2854596453125
0 0.8712110046875001 0.3647073609375 0.8491073359374999 0.45606817343749995 0.8493688125000001 0.4598074546875 0.8497068625 0.4622128109375 0.92229919375 0.4547437890625 0.9424264625 0.3591420828125 0.8991810546875 0.362166096875 0.8712110046875001 0.3647073609375
0 0.79267763125 0 0.790587 0.0598678234375 0.8951933500000001 0.1083759578125 0.8959493484375001 0.108269709375 0.89494365625 0.0372648640625 0.8158663859375 0 0.79267763125 0
0 0.84305544375 0.06488635000000001 0.8328586703124999 0.0871125796875 0.7961404296875 0.1708840421875 0.7962612734375 0.1717438875 0.8695948984375 0.174833984375 0.9067232984375 0.0666315796875 0.9067232984375 0.06488635000000001 0.84305544375 0.06488635000000001
0 0.7913091375 0 0.810323559375 0.055221890625000006 0.848938175 0.03933433125 0.8510048937500001 0 0.7913091375 0