0 0.21875 0.53203125 0.1734375 0.1578125
0 0.31328125 0.4 0.1390625 0.1390625
0 0.271875 0.4625 0.153125 0.153125
0 0.365625 0.3328125 0.159375 0.15
0 0.50625 0.1359375 0.1625 0.1625
0 0.08828125 0.73359375 0.1515625 0.1515625
0 0.178125 0.60703125 0.171875 0.1546875
1 0.4109375 0.27734375 0.1640625 0.1640625
0 0.13515625 0.671875 0.165625 0.15
1 0.46328125 0.21171875 0.153125 0.153125
1 0.5671875 0.0734375 0.159375 0.146875
0 0.40234375 0.5125 0.1640625 0.1640625
0 0.45703125 0.4390625 0.1578125 0.1578125
1 0.5546875 0.303125 0.146875 0.146875
0 0.35859375 0.58515625 0.165625 0.165625
0 0.26328125 0.72265625 0.1765625 0.1765625
1 0.60625 0.23515625 0.1640625 0.153125
1 0.51015625 0.37265625 0.1546875 0.1546875
0 0.2140625 0.796875 0.1875 0.1875
1 0.31796875 0.65390625 0.178125 0.16875
0 0.709375 0.09921875 0.15625 0.1453125
1 0.66171875 0.17109375 0.165625 0.15625
0 0.34453125 0.01640625 0.1515625 0.0328125
0 0.16953125 0.22265625 0.1515625 0.153125
0 0.21484375 0.16015625 0.15625 0.140625
0 0.48203125 0.89765625 0.178125 0.178125
0 0.43515625 0.94375 0.1734375 0.1125
1 0.5453125 0.82265625 0.1875 0.171875
1 0.30390625 0.0578125 0.1734375 0.115625
0 0.1296875 0.28515625 0.1609375 0.1421875
0 0.04140625 0.46796875 0.0828125 0.1421875
0 0.26171875 0.0984375 0.16875 0.16875
0 0.6015625 0.75 0.18125 0.18125
1 0.9125 0.296875 0.175 0.1875
1 0.66015625 0.68515625 0.1828125 0.171875
1 0.82109375 0.4578125 0.190625 0.175
0 0.8796875 0.38125 0.190625 0.1765625
0 0.7734375 0.534375 0.184375 0.184375
0 0.72109375 0.61875 0.1890625 0.1890625
0 0.08984375 0.3484375 0.165625 0.165625
0 0.0640625 0.41015625 0.128125 0.1453125
1 0.0234375 0.52578125 0.046875 0.1546875
0 0.66171875 0.94140625 0.2015625 0.1171875
0 0.83046875 0.74609375 0.2015625 0.2015625
0 0.71640625 0.9046875 0.2078125 0.190625
0 0.9234375 0.5796875 0.153125 0.2
0 0.88671875 0.6671875 0.2 0.1984375
0 0.77265625 0.8296875 0.2109375 0.196875
0 0.95 0.5 0.1 0.190625