0 0.1662140703125 0.8988206906249999 0.2621209953125 0.9462363828125 0.270361821875 0.9473945562500001 0.27943515625000004 0.8829965375000001 0.17577940625 0.828385540625 0.1755970734375 0.8283599140625 0.1662140703125 0.8988206906249999
0 0.2919152203125 0.8005958234375001 0.17924823437499998 0.7636270296875 0.17912829218749998 0.83121746875 0.29178755624999997 0.8687722843750001 0.2919152203125 0.8005958234375001
0 0.2925125546875 0.6277879125 0.331988134375 0.5174117171875 0.3254153078125 0.5164879671875 0.25492868125 0.5146708796875 0.21627455156250003 0.620134375 0.216211125 0.62134464375 0.2925125546875 0.6277879125
0 0.279173315625 0.706928253125 0.324703096875 0.6133726734375 0.3259010875 0.60484851875 0.2533858671875 0.5934630484375 0.20064745624999997 0.6980197718750001 0.2266812125 0.7021431140625001 0.279173315625 0.706928253125
0 0.30003935625 0.800091325 0.31123244687499996 0.7204483515625 0.2025144640625 0.6691253453125 0.1911092765625 0.747238034375 0.29870893125000003 0.799904346875 0.30003935625 0.800091325
0 0.22616189531250003 0.5049519328125001 0.32719358125000003 0.56091784375 0.3302847296875 0.561352275 0.348359240625 0.48885937031250004 0.24808044843750002 0.42917588437500004 0.2476077390625 0.4290580265625 0.22616189531250003 0.5049519328125001
0 0.3058254171875 0.47852961250000003 0.3718268265625 0.3791131390625 0.3718498375 0.37894940625 0.2949639296875 0.349906459375 0.2286623625 0.4503047359375 0.2941833828125 0.4745209375 0.3058254171875 0.47852961250000003
1 0.403018196875 0.0160988015625 0.3209416140625 0.0227351984375 0.30997035624999997 0.162455525 0.313041 0.1628870765625 0.321588840625 0.1621392375 0.39080122500000003 0.1554202 0.40345060468750005 0.021041228125 0.403018196875 0.0160988015625
0 0.4139640359375 0.22524265468750002 0.41400355624999996 0.2246774875 0.4186652859375 0.149072325 0.2820760109375 0.11304647968749999 0.2814202 0.113000621875 0.2804165375 0.12014205 0.27625241875 0.1999622796875 0.4089997484375 0.23313025 0.4128179828125 0.233397246875 0.4139640359375 0.22524265468750002
1 0.3851252578125 0.3976796421875 0.389662575 0.39815653281249996 0.3914319984375 0.3855664328125 0.398354865625 0.31969976093749997 0.2613025953125 0.2728008 0.2508650578125 0.349927128125 0.3851252578125 0.3976796421875
1 0.385825296875 0.32257704062500003 0.3918723296875 0.32386237812499996 0.39385816406249996 0.32414146875 0.4074958515625 0.25270813593749997 0.2799579375 0.1915447953125 0.2610220046875 0.2717829046875 0.385825296875 0.32257704062500003
0 0.43423868125 0.9534663703125 0.43468391874999995 0.9535210390625 0.4449574671875 0.8804209484375001 0.446202484375 0.8702810984375 0.30321355781250003 0.8069842749999999 0.29208668125 0.8845627921875 0.43423868125 0.9534663703125
1 0.4047533109375 0.8637214343749999 0.3322962875 0.8590183109374999 0.31803169531250003 0.979339809375 0.3502353875 0.9838657421875 0.3650444859375 0.9854222421875001 0.4159542 0.869950696875 0.41643634687500003 0.8653633781250001 0.4047533109375 0.8637214343749999
0 0.34799805156249997 0.5382721687500001 0.34461531875 0.5574566015625 0.47283001406249997 0.6224099546875 0.47961301875 0.62336324375 0.49370077187500006 0.5577704 0.49641837187500004 0.54235811875 0.3587485140625 0.481946546875 0.34799805156249997 0.5382721687500001
0 0.31473070000000003 0.7813036546875 0.43020593749999997 0.8814992687500001 0.4304024609375 0.8815268875 0.4614249859375 0.80474344375 0.35094818125 0.711292709375 0.3499322828125 0.710882259375 0.31473070000000003 0.7813036546875
0 0.4827600796875 0.6900305671875 0.48396247031249995 0.6211456421875 0.33852795156250004 0.571138846875 0.3382608 0.5730397296875 0.342950259375 0.65594576875 0.4762765265625 0.695923090625 0.4819181 0.6960215640625 0.4827600796875 0.6900305671875
1 0.4752534546875 0.6648537906249999 0.47603473906250005 0.6592946625 0.39932663125 0.64095941875 0.3217764296875 0.772108775 0.39656874062499997 0.789375940625 0.4752534546875 0.6648537906249999
0 0.3583404625 0.49316718281250005 0.4885202984375 0.524755240625 0.4969024453125 0.5262316031250001 0.5097610046875001 0.5262316031250001 0.5114654625 0.45498101562500004 0.5114654625 0.44962233593749995 0.362613296875 0.411476303125 0.3583404625 0.4907717984375 0.3583404625 0.49316718281250005
0 0.4586196328125 0 0.4551063484375 0.12289454687500001 0.45800808125000003 0.123302359375 0.46467223437499994 0.1226822390625 0.5424446281249999 0.1145080296875 0.5416980734375 0.0009464953124999999 0.534963409375 0 0.4586196328125 0
1 0.545384378125 0.07067860000000001 0.4596108359375 0.06710477031249999 0.43809442968749995 0.19939645625 0.4495062671875 0.20100028593750002 0.46696289999999996 0.2013049921875 0.5220693359374999 0.20014355625000002 0.5453076703125 0.0750731 0.545384378125 0.07067860000000001
1 0.4137407796875 0.24015373125 0.40052991562500007 0.321145690625 0.5188901687499999 0.3716928265625 0.5222339687499999 0.37216276718749997 0.532304284375 0.315051178125 0.536225440625 0.2871507015625 0.417467121875 0.240677434375 0.4137407796875 0.24015373125
1 0.5479519890625 0.224356309375 0.5482851109375 0.1927892171875 0.4161342546875 0.1648926421875 0.4155565046875 0.1690035453125 0.4133150703125 0.24758361562500003 0.545357421875 0.278308403125 0.54630285625 0.2715812921875 0.5479519890625 0.224356309375
1 0.49246176718749995 0.46072467812499995 0.4940164359375 0.46129053124999997 0.499486590625 0.4620593109375 0.5258580328125 0.39014340937499997 0.4167211875 0.31505865312500003 0.3892477921875 0.3942170328125 0.49246176718749995 0.46072467812499995
0 0.7274847390625 1 0.7366816375 0.9526860656249999 0.569358840625 0.8726545328125 0.567046678125 0.8723295796875 0.5566039828125 0.9432765218749999 0.65794501875 1 0.7274847390625 1
0 0.8080957921874999 0.12043474375 0.71895853125 0.12518114687499998 0.689873725 0.308940940625 0.694826325 0.309636984375 0.70682191875 0.30942760156250004 0.785084309375 0.307237653125 0.8089068015624999 0.1205487234375 0.8080957921874999 0.12043474375
0 0.564260021875 0.871836634375 0.7283296453125 0.942332090625 0.7382299 0.9437234796875 0.7418225609375 0.923705003125 0.7497270828125 0.8674614140625 0.572894409375 0.798083075 0.564260021875 0.871836634375
0 0.7934658765625 0.48444113906249997 0.8009220406249999 0.485489034375 0.8214065125 0.3967610359375 0.6495389234375 0.3217079515625 0.6254724703125001 0.4063583421875 0.7934658765625 0.48444113906249997
1 0.7860500859374999 0.21713683281249999 0.8326492343749999 0.0418370140625 0.7747771718750001 0.0337036265625 0.7366831281249999 0.02969978125 0.6949153406249999 0.2066403328125 0.73149895 0.2114032796875 0.7860500859374999 0.21713683281249999
1 0.578256134375 0.768191746875 0.741724034375 0.85112106875 0.7503219859375 0.8523294328125001 0.7658173015624999 0.77942970625 0.767636253125 0.7703584265625001 0.596694234375 0.6862322859375001 0.578256134375 0.768191746875
0 0.8016272390625 0.510407421875 0.8049786093750001 0.47852125624999997 0.6291753109375 0.4228968421875 0.6276610546875 0.43367133593749996 0.6226945796875001 0.510305284375 0.7908382453125 0.568057259375 0.794235978125 0.5684143749999999 0.8016272390625 0.510407421875
1 0.735450459375 0.40343371250000004 0.8285375359374999 0.2505607671875 0.8292048984375 0.24581224062499998 0.7402234078125 0.21290222499999997 0.6467691296875 0.3777686953125 0.648372140625 0.37835214375000004 0.735450459375 0.40343371250000004
0 0.77544753125 0.7529226625 0.7799175265625 0.690641315625 0.7810298640625 0.65878814375 0.5997791765625 0.60475203125 0.594030746875 0.6974631734375001 0.7705888625 0.7527529937499999 0.77544753125 0.7529226625
1 0.7785332406250001 0.507102546875 0.69505288125 0.49606320000000004 0.6241215234374999 0.668918278125 0.6430065046875 0.6715723890625 0.7183412812500001 0.676402203125 0.7254888515625 0.6575598625 0.7780060234375 0.5113963874999999 0.7785332406250001 0.507102546875
0 0.10419903593749999 0 0.09851323749999999 0.0448801921875 0.1911402390625 0.0736269171875 0.19226310156249998 0.0737647875 0.2014617140625 0.0083132625 0.20248245312500002 0 0.10419903593749999 0
0 0.11236472812500001 0.049420874999999996 0.091699740625 0.1444024359375 0.1054547015625 0.14633556875 0.168219165625 0.148527353125 0.1897558640625 0.05757013125 0.18991877031249998 0.05290509375 0.11236472812500001 0.049420874999999996
0 0.8443399953125 1 0.8732335390625 0.9212593796874999 0.8734587296875 0.9180390125000001 0.787698065625 0.9064595375 0.7846351453125 0.90624535625 0.7780791828125 1 0.8443399953125 1
1 0.185279796875 0.134680615625 0.1127267171875 0.1244277203125 0.073965740625 0.21941865156249998 0.07389777343750001 0.2199022609375 0.09858259999999999 0.2238119546875 0.1516558515625 0.2305290421875 0.18453356875 0.13999029999999998 0.185279796875 0.134680615625
0 0.0730143171875 0.2782421390625 0.1702990171875 0.30068763593750003 0.173000646875 0.3006404796875 0.173735403125 0.2954124171875 0.1736185328125 0.2887169234375 0.170816103125 0.22562534687500002 0.069014575 0.20476931875 0.0730143171875 0.2782421390625
0 0.0806653671875 0.2804499875 0.0647249375 0.38202327812500003 0.0679214578125 0.3824725203125 0.143555659375 0.3703298515625 0.1576784078125 0.275768890625 0.1574998390625 0.2737278421875 0.0806653671875 0.2804499875
0 0.91395838125 0.933707684375 0.9211028515624999 0.934711775 0.9387222484375 0.851819028125 0.775459403125 0.7606689249999999 0.7566836328125001 0.852583790625 0.91395838125 0.933707684375
0 0.8518029484375 0.8473316546874999 0.9598630874999999 0.70424208125 0.9607087796875 0.7021489187500001 0.8793391140625 0.664079734375 0.764844078125 0.8121918984375001 0.7651702609375 0.812329775 0.8518029484375 0.8473316546874999
0 0.926898540625 1 0.93548620625 0.9480609921875001 0.9362911328125 0.941505384375 0.7505886281249999 0.8588166953125 0.7496784875 0.85870494375 0.7476627484375 0.8751218203125 0.7396516546874999 0.9503561921875001 0.856034775 1 0.926898540625 1
0 0.9457810999999999 0.5768511484375 0.859816346875 0.56979258125 0.8003269468750001 0.7457515703125 0.8188156265625001 0.748349984375 0.888120853125 0.753229196875 0.9553816078124999 0.58319725 0.9558991515624999 0.578273146875 0.9457810999999999 0.5768511484375
0 1 0.2470580125 0.8544647812499999 0.192428934375 0.8363649671875001 0.2800461984375 1 0.35079737031249997 1 0.2470580125
0 1 0.3474632171875 0.8376675125 0.293578375 0.8367066984375 0.2934773890625 0.834523765625 0.3090097703125 0.8314993312500001 0.335823675 0.8257377984375 0.39064099531249996 1 0.44557772812499996 1 0.3474632171875
0 1 0.4450122625 0.8218942312499999 0.3900481921875 0.8152934921874999 0.48676309375000004 0.9932366265624999 0.545225053125 0.996934496875 0.5455485734375001 0.9986241437500001 0.5335261046875 1 0.517799996875 1 0.4450122625
0 0.9870888328125 0.6268311359375 0.9948594375 0.57154040625 0.9913218734375 0.5311058578125001 0.795663153125 0.50606388125 0.8021115390625001 0.5995123875 0.9870888328125 0.6268311359375
0 1 0.1412573140625 0.8835868781249999 0.083024909375 0.84786706875 0.17395584375 1 0.2548560359375 1 0.1412573140625
0 0.029815023437499998 0.5664596796875 0.014579868749999999 0.633938790625 0.10972960937500001 0.683407265625 0.11574821093750001 0.684253125 0.1229923109375 0.6501124093749999 0.129849928125 0.6148330265624999 0.031345471875 0.5666747703125 0.029815023437499998 0.5664596796875
0 0.0512348765625 0.4176708734375 0.1287590296875 0.46044832812500003 0.1358454796875 0.46144426406249994 0.1536317171875 0.39941628749999997 0.15388600937500002 0.398465325 0.0725405765625 0.34740766875 0.0512348765625 0.4176708734375
0 0.011314615625 0.6872036890625 0.09045658437500001 0.7659028203125 0.0939673921875 0.7663962328125 0.120221884375 0.7045445234375001 0.12182970625 0.700564165625 0.0330839109375 0.6295494828125 0.011314615625 0.6872036890625
0 0.1053303359375 0.6127446375 0.1080994671875 0.6137525187499999 0.1120770796875 0.6143115359375 0.13938402968750002 0.549364003125 0.0534523125 0.48532302187500004 0.029478796875 0.556646746875 0.1053303359375 0.6127446375
0 0.0773356890625 0.4284341921875 0.039787896875 0.517369896875 0.09185800937500001 0.5246878749999999 0.11030548281250001 0.5265644828125 0.14943551093750002 0.4410998046875 0.15018830156250002 0.4349688109375 0.0773356890625 0.4284341921875
0 0 0.8910899796875 0.0579789890625 0.89210200625 0.10433894375 0.787376934375 0.104369834375 0.78560723125 0.033696910937500005 0.787842375 0 0.8627096125 0 0.8910899796875
1 0.07827635 0.8228861203125 0.111124290625 0.715035225 0.1110530890625 0.7129963 0.048067775 0.713964359375 0.0380535125 0.73796970625 0.0039428796874999995 0.8238231640624999 0.0433176796875 0.8241069046874999 0.07827635 0.8228861203125
0 0 0.8989833062500001 0.08472059531250001 0.9421649296875 0.0875391765625 0.942411525 0.09210304999999999 0.9099378734375 0.096327309375 0.8598213765624999 0.09462620625 0.859582303125 0.039225325 0.8547353546875 0 0.851561896875 0 0.8989833062500001