0 1 0.41332316875 0.9561037656250001 0.3885740109375 0.937305034375 0.5044165421875 0.986557375 0.5316952296874999 0.9953196953125 0.5354146125 0.9978520874999999 0.530651875 1 0.5192762515625 1 0.41332316875
0 0.8540269296874999 0.4111028015625 0.842477678125 0.477326778125 0.8440744765625 0.4780045796875 0.9597829796875 0.46084447500000003 0.971401815625 0.3942600609375 0.8540269296874999 0.4111028015625
0 0.6016300140624999 0.36438328593749997 0.60277861875 0.3650464328125 0.7121647671875 0.3900414890625 0.7480256359374999 0.3315752265625 0.7513258109375001 0.323800503125 0.6377664843749999 0.29691305 0.6016300140624999 0.36438328593749997
0 0.7155780390625 0.3050433390625 0.715480065625 0.4180908609375 0.76514614375 0.43694865937499994 0.788529478125 0.4440976609375 0.7899147265625001 0.44083421874999995 0.7883975421875 0.3274134828125 0.7155780390625 0.3050433390625
0 0.791825209375 0.45782594374999996 0.8684341515625 0.479793203125 0.8694736875 0.4773442078125 0.8651300125000001 0.3577543921875 0.7891316140625 0.33640225625000003 0.791825209375 0.45782594374999996
0 0.672578075 0.27698069531249997 0.6713389046875 0.276648659375 0.5555208875 0.2802076 0.5361764703125 0.35240194375 0.5387458390625001 0.3534925765625 0.6545952640625 0.3535249203125 0.672578075 0.27698069531249997
0 0.48463769843750004 0.33213197031249997 0.5626369171875 0.3564355828125 0.563310859375 0.3548478765625 0.5724068375 0.237179871875 0.4942027015625 0.21219772812499998 0.48463769843750004 0.33213197031249997
1 0.1787266875 0.103582890625 0.1355516265625 0.1737008015625 0.1397590515625 0.1763298921875 0.265234290625 0.2260659890625 0.30264276093750003 0.1674476828125 0.3049101359375 0.163819121875 0.3077773890625 0.1570642984375 0.1787266875 0.103582890625
0 0.293920571875 0.11377536875000001 0.289975703125 0.112100871875 0.28972031875000004 0.11249412968750001 0.236290359375 0.24326006875 0.29947682656249996 0.2850373671875 0.303212609375 0.2874634140625 0.3072569 0.28918011250000003 0.3092388703125 0.2861281484375 0.3626390859375 0.16015043281250002 0.293920571875 0.11377536875000001
1 0.5254183265625 0.2659564296875 0.535419053125 0.238910740625 0.3915045234375 0.215835728125 0.3626265515625 0.288919003125 0.367712721875 0.29107795468750003 0.50694096875 0.31168949375 0.5254183265625 0.2659564296875
1 0.45025907031249995 0.2408540890625 0.4622946109375 0.2110650796875 0.322922484375 0.181811625 0.2940571421875 0.2581155765625 0.29712432187500004 0.2594175171875 0.4336883328125 0.2795324609375 0.45025907031249995 0.2408540890625
0 0.9774627734375001 0.5943133484375 0.9920355750000001 0.571733590625 0.8423269093749999 0.5256128484375 0.7948809906250001 0.59484231875 0.7970990625 0.5963384281249999 0.9484716421874999 0.6372944687500001 0.9774627734375001 0.5943133484375
0 0.89439825625 0.6823458078125 0.9334715031249999 0.69014361875 0.9606423124999999 0.6944470515625001 0.9735045546875 0.664145509375 0.9533517437500001 0.5338456421875 0.91757891875 0.524392715625 0.9139685796875 0.5471874984375 0.89439825625 0.6823458078125
0 0.6292789484375 0.3964016703125 0.6110924421874999 0.389420525 0.5572750625 0.3696256296875 0.5381526703125 0.518745990625 0.552763240625 0.5243544625000001 0.616243009375 0.5460617140624999 0.6189193875 0.5397565640625 0.6292789484375 0.3964016703125
0 0.8987192374999999 0.5249867874999999 0.7528217703125 0.5076603234375 0.71871599375 0.5812725453125 0.7233221171875 0.5834204140625 0.8711005328124999 0.5990893671874999 0.8987192374999999 0.5249867874999999
0 0.623857803125 0.4041560640625 0.623482409375 0.40504043906250004 0.6260891796875 0.5581767125 0.6969597984375 0.5798440359375 0.699589275 0.5736493765625 0.7027612390625 0.43481996250000005 0.623857803125 0.4041560640625
1 0.649329509375 0.5565968640625 0.794363328125 0.5703159453125 0.8261823343750001 0.4953550625 0.6736284546875 0.4854591453125 0.64564985625 0.5550349437500001 0.649329509375 0.5565968640625
0 0.5430778375 0.5144834687500001 0.5463444281250001 0.5067878609375 0.5474651484375 0.5022928984374999 0.548060465625 0.49380257343749995 0.5489040593750001 0.35984779218749996 0.546579828125 0.35926829531250004 0.4686060578125 0.3442308921875 0.46960839062500004 0.4978898734375 0.47480789687499997 0.4991862546875 0.5430778375 0.5144834687500001
0 0.1988525859375 0.257717425 0.084506115625 0.21067477499999998 0.0660950421875 0.24256368906249998 0.0479609375 0.2852849609375 0.1557611828125 0.3341323765625 0.1948615765625 0.266408509375 0.19609823125 0.2642062796875 0.1988525859375 0.257717425
1 0.1321061609375 0.2633904359375 0.11585168906250001 0.34542590781250004 0.1177033921875 0.3462119078125 0.2518573328125 0.3479964 0.2545588921875 0.33093943124999997 0.2637448171875 0.2622231390625 0.26365163593749996 0.2621835859375 0.1321061609375 0.2633904359375
1 0.3006629765625 0.320906915625 0.2703706703125 0.39913325624999996 0.280437 0.40340615937499996 0.4001213109375 0.4220937109375 0.43087715624999995 0.348698640625 0.43213595624999995 0.345583003125 0.43211730781249996 0.3455750890625 0.3006629765625 0.320906915625
1 0.242992475 0.2584632 0.21927126874999997 0.39190218125 0.24866455625 0.4034185578125 0.298976871875 0.42173074218749995 0.29993359375 0.41947684687500003 0.32063641718749997 0.28728648125 0.242992475 0.2584632
1 0.5004457234374999 0.367186721875 0.500948253125 0.3646014390625 0.36876911562500003 0.3727494859375 0.35426744062500004 0.4483248265625 0.3593953015625 0.450501475 0.4837688765625 0.4466007375 0.5004457234374999 0.367186721875
0 0.70770604375 0.8835202125 0.713218875 0.8858602703124999 0.8760563953125 0.8937189828125 0.879581971875 0.8854132484375 0.90244091875 0.8258636546875 0.7356062234375 0.8070383296875001 0.7335097140625 0.81249991875 0.70770604375 0.8835202125
0 0.1612685203125 0.6692551015625 0.1803294140625 0.4880868078125 0.0946664640625 0.46017383125 0.06933712343750001 0.646825278125 0.10105672031249999 0.6562830125 0.1599907859375 0.6731820843749999 0.1604582859375 0.672080725 0.1612685203125 0.6692551015625
0 0.669888078125 0.7613108765625001 0.6295046234375 0.8289859953125 0.631233971875 0.8301090484375001 0.8090615484375 0.8870264734375001 0.836730853125 0.8464993406250001 0.8464131953124999 0.831589840625 0.8491783015625 0.8250756593749999 0.669888078125 0.7613108765625001
0 0.1952822078125 0.6554809953125 0.3754502140625 0.7073855421874999 0.38396430000000004 0.691372875 0.41370646562499996 0.6279646734375001 0.23431838593749998 0.571715109375 0.1909498921875 0.6522328765625 0.1906227703125 0.653003528125 0.1952822078125 0.6554809953125
1 0 0.5749451890625 0.1226992296875 0.5837696359375 0.1350381578125 0.5303238593749999 0.14244065 0.4942047359375 0.1423713609375 0.49417532499999994 0 0.4799192171875 0 0.5749451890625
0 0.6633837828125 0.8942041218749999 0.699221765625 0.71154898125 0.623285203125 0.6756191203124999 0.5843350921875 0.8621164921875 0.5926032125 0.8662679750000001 0.6564717921875001 0.8974187625000001 0.6608992765624999 0.89929811875 0.6633837828125 0.8942041218749999
0 0.4968499921875 0.6753753234375 0.3249317515625 0.6078539593750001 0.318331515625 0.61801743125 0.2770194890625 0.6848069031249999 0.2791560890625 0.6861944281250001 0.447006075 0.74743298125 0.48817397968750004 0.6892721921875 0.49619191718750005 0.67692565 0.4968499921875 0.6753753234375
1 0.21034793437500002 0.493828128125 0.21017310781249998 0.4941079078125 0.145451953125 0.6657314890625 0.21726540625 0.717776465625 0.220540740625 0.7191667625 0.29265429374999996 0.5446674578125 0.21034793437500002 0.493828128125
0 0.56908575625 0.8638734296875 0.62769869375 0.6876676890625 0.5458703593750001 0.6387044046875 0.48862693593750006 0.8190290062500001 0.5131118156250001 0.834929675 0.5666257953125 0.8676614390624999 0.56908575625 0.8638734296875
1 0.5540292328125 0.760635103125 0.56262243125 0.730667059375 0.5770465609375 0.6785386828125 0.41756297187499997 0.669520478125 0.3974257296875 0.6687375624999999 0.3668755546875 0.755820634375 0.373090571875 0.758458753125 0.5540292328125 0.760635103125
0 0.302871615625 0 0.3009149390625 0.023670325 0.374681546875 0.043436028125 0.3773725203125 0.0370964921875 0.37975774375000004 0 0.302871615625 0
0 0.79579820625 1 0.8096327578125001 0.951270775 0.7785905718749999 0.9310099968750001 0.7354808328125 1 0.79579820625 1
1 0.3666287546875 0 0.34785172656249996 0.04034748125 0.3503188203125 0.0414459015625 0.44680758125000003 0.063797146875 0.46662068593750006 0.0227877546875 0.4762935125 0 0.3666287546875 0
0 0.4273348828125 0.08860225625 0.528220859375 0.0797902078125 0.5397018109375 0.0213577609375 0.541877309375 0.007622203125 0.43869371562500004 0.0140741 0.42494998125 0.08791702500000001 0.426105603125 0.08840755781250001 0.4273348828125 0.08860225625
0 0.517802528125 0.12346768749999999 0.5915067796875 0.13646373437499998 0.59387373125 0.13088754687499998 0.58829393125 0.039511529687500005 0.5107140296875 0.0199950015625 0.517802528125 0.12346768749999999
0 0.662478540625 1 0.656713265625 0.896058484375 0.57213176875 0.8744418968750001 0.574948496875 1 0.662478540625 1
0 0.60204289375 1 0.6416531890625 0.934077396875 0.643826521875 0.928957346875 0.4640205875 0.8797851171875 0.4219464890625 0.95915800625 0.423881584375 0.9603207296875 0.562806909375 1 0.60204289375 1
0 0.750382153125 1 0.7477705390625 0.9288085171875 0.674662284375 0.9093259296875 0.6589181359375 0.9054004750000001 0.6584115140625 0.9065940015624999 0.6633103375 1 0.750382153125 1
0 0.4524748515625 1 0.514452315625 0.849760775 0.4466761 0.79294434375 0.366665978125 0.9620520703125001 0.413019428125 1 0.4524748515625 1
0 0.059890884374999995 0.6448233828125 0.0211741890625 0.8331409375 0.102839490625 0.8678058015625 0.10495873124999999 0.8628131859374999 0.1514514375 0.6820705015625 0.059890884374999995 0.6448233828125
0 0.230453840625 0.7173275640625 0.21398443125000002 0.71100555 0.141952884375 0.6836854109375 0.141257575 0.6853234546875 0.109757928125 0.87351009375 0.20098014687500002 0.908527025 0.20165231249999999 0.9069435015625 0.230453840625 0.7173275640625
0 0.23865169062499997 0.9322444125 0.27161715000000003 0.9462374203125 0.334449765625 0.771831825 0.2541735609375 0.7174896390625001 0.1855233578125 0.8977424703124999 0.23865169062499997 0.9322444125
0 0.3150119921875 0.9646574375 0.370891846875 0.9883770296875 0.41990465625000006 0.8001989453125 0.3364044390625 0.7577499343749999 0.2830057453125 0.9476394156250001 0.3150119921875 0.9646574375
0 0 0.778954625 0.0543186109375 0.7991822749999999 0.087411190625 0.7406278453125 0.09648503281250001 0.722819428125 0.1027061953125 0.7081632859375 0 0.67280440625 0 0.778954625
0 0.8028871421874999 0.12984286875 0.7901368093750001 0.24123219843750002 0.83206095625 0.2590279421875 0.851921803125 0.26676230625 0.856595028125 0.25575287812499997 0.8703609640625001 0.1571320765625 0.8028871421874999 0.12984286875
0 0.668531865625 0.122034553125 0.6765670921875 0.07130212500000001 0.5806836265624999 0.07782149375 0.570647440625 0.1480644890625 0.575012525 0.14991735781249999 0.665600534375 0.138609871875 0.668531865625 0.122034553125
0 0.84908753125 0.20390349375 0.82859674375 0.2592549109375 0.8350584124999999 0.26199772656250003 0.9407932921875 0.2663056375 0.96356513125 0.196221125 0.84908753125 0.20390349375
0 0.72207085625 0.1291757 0.6934761578125 0.195905446875 0.6955953140625 0.1969390296875 0.7931786765625 0.2132939265625 0.80082290625 0.19856015 0.8159877281249999 0.16746765624999999 0.82507808125 0.1460521265625 0.72207085625 0.1291757
0 0.6622408140625 0.0975624328125 0.6215783218750001 0.15522346250000002 0.6248992328125 0.157463446875 0.7146705546875001 0.186824315625 0.7238896718750001 0.17407665781249998 0.7541320406249999 0.1292405015625 0.755880696875 0.125120925 0.6622408140625 0.0975624328125
0 1 0.25093841875 0.9813056578125 0.2495912203125 0.9515195578125001 0.30804973125 0.9500652453124999 0.3114758765625 0.9526381921875 0.312786859375 1 0.3159060765625 1 0.25093841875
1 0.998730371875 0.32079434375 0.9853833328125001 0.233249515625 0.9810579468749999 0.20779609687499997 0.97234951875 0.20546268125 0.919197303125 0.19232798906249998 0.9271766953125 0.308209609375 0.9330025984375 0.30977065625 0.9973141249999999 0.3241308140625 0.998730371875 0.32079434375