0 0.541740109375 0 0.54946200625 0.09407323125 0.551627565625 0.099433178125 0.6123675859375 0.073675434375 0.6082259015625 0 0.541740109375 0
0 0.633953246875 0.0317061609375 0.5744243734375 0.0486615265625 0.568938615625 0.050443957812499995 0.5640184453125 0.1661111109375 0.564828390625 0.16860386562500002 0.6294717890625 0.15019860000000002 0.633953246875 0.0317061609375
1 0.6025696390624999 0.30364056562499997 0.625029625 0.37631776562499997 0.7428175859375 0.37154444375 0.7412805203125 0.36708048125000003 0.7158307453125 0.2990962203125 0.6052775484375 0.3027081578125 0.6025696390624999 0.30364056562499997
0 0.6132528625 0.2128746421875 0.6003800781249999 0.318471559375 0.602369540625 0.3245944984375 0.6745760328125 0.31176253125 0.6904008390625 0.195732259375 0.6644430109374999 0.200309325 0.6132528625 0.2128746421875
0 0.557446 0.1330378015625 0.5532026343750001 0.1344165546875 0.5668894375 0.21203828281249998 0.6873663953125 0.22740935625 0.6740752234375 0.14959537812499998 0.557446 0.1330378015625
0 0.7312927296875 0.4591861296875 0.7291922421875 0.34074427812499997 0.7291174671875 0.34051414375 0.656257490625 0.36140640625 0.654741653125 0.47566657343749996 0.655618159375 0.4783641828125 0.7312927296875 0.4591861296875
0 0.7678665687499999 0.4508739890625 0.650187315625 0.44791536406250004 0.6477662078125 0.44870202968750006 0.662342334375 0.518988825 0.6644788640625 0.528243153125 0.783994434375 0.531539165625 0.7678665687499999 0.4508739890625
1 0.7901342625 0.8876358124999999 0.79198466875 0.8914297093749999 0.7947989890625 0.8905152812500001 0.8641870515625 0.8558518765625 0.826482496875 0.7210135421875 0.7514174328125 0.757015203125 0.7901342625 0.8876358124999999
1 0.7673515046875 0.8107163843749999 0.838245496875 0.776118146875 0.8022857421875 0.641646228125 0.7932628921875 0.6445779296875 0.7247654671875 0.6765188046875 0.758191440625 0.808379384375 0.7603430671875 0.8129935625 0.7673515046875 0.8107163843749999
1 0.693722690625 0.5060859296875 0.689776871875 0.64922651875 0.6907528765625 0.652230353125 0.7680748937499999 0.6364134671875 0.7703409390625 0.490678390625 0.741969528125 0.4958307484375 0.693722690625 0.5060859296875
1 0.814251565625 0.6908070562499999 0.7639673796875 0.5588078546874999 0.7591541921875 0.5603717546875 0.7360161828125 0.5742744734375 0.700406240625 0.5966918265625 0.742654853125 0.73168045 0.814251565625 0.6908070562499999
0 0.3569295515625 0.0733278484375 0.3565018828125 0.073527275 0.359709490625 0.08339927968750001 0.3908651515625 0.15021280937499998 0.54566884375 0.128118975 0.5139946203125 0.0564323140625 0.3569295515625 0.0733278484375
0 0.3510225125 0.06677621875 0.3534421375 0.073424084375 0.36855220625 0.11029155156249999 0.49749308281250004 0.06529136875 0.5188741218749999 0.0575093078125 0.518136515625 0.055239189062500006 0.50307515 0.024086039062500002 0.3416969515625 0.030308184375 0.3394402140625 0.0311295703125 0.3510225125 0.06677621875
0 0.6195113125 0.39772884375 0.6138157984375 0.379099659375 0.47162268125000006 0.37943048125 0.463701359375 0.382004275 0.4802193625 0.4441778140625 0.4858299890625 0.46144554375 0.635503878125 0.4527959484375 0.6195113125 0.39772884375
0 0.541241425 0.159838928125 0.3931130125 0.1338597140625 0.3906550734375 0.134658346875 0.4034274953125 0.21530025 0.5462552890625 0.238503403125 0.547337478125 0.23833200312499997 0.541241425 0.159838928125
0 0.586624778125 0.311354884375 0.44985011718749995 0.28553295312500004 0.4461078109375 0.2858603625 0.44354744999999995 0.28669227343750003 0.4500226515625 0.3607041640625 0.5999264125 0.3952439125 0.60025089375 0.3951384828125 0.586624778125 0.311354884375
0 0.533323159375 0.17373398281250002 0.46031914687500003 0.1974544234375 0.4569492171875 0.3472778890625 0.45791454375 0.35024886093749996 0.5343962796875 0.32605053125 0.533323159375 0.17373398281250002
0 0.6579547703124999 0.535335940625 0.6393731296875 0.45870207343749997 0.49586525937500003 0.460270715625 0.48622575625 0.46340277968750004 0.49885494531249996 0.523251796875 0.5034434515624999 0.5403763374999999 0.6365241125 0.5372149687500001 0.6579547703124999 0.535335940625
0 0.6218947859374999 0.8933685875 0.635562009375 0.9576678125000001 0.6357449359375 0.9582308062499999 0.7454917875 0.9459659953124999 0.7780342265625 0.9353923156249999 0.7600779703125 0.8614270265625 0.6250950359375 0.8717245 0.6180232984375 0.874022246875 0.6218947859374999 0.8933685875
1 0.6545328171875 0.9072073703125 0.7298957500000001 0.8660941 0.679794325 0.740590853125 0.678368240625 0.741054215625 0.654475578125 0.75484865 0.6078383265625 0.7842261078125 0.6523352328125 0.9034010421875 0.6545328171875 0.9072073703125
0 0.5855627265625001 0.7413421765625 0.6610060859375 0.7112648734375 0.6428775515625 0.58019153125 0.5615704906250001 0.6100557328125 0.5824803765625 0.73331238125 0.5855627265625001 0.7413421765625
1 0.6880914203125 0.7961470234375 0.6671679671875 0.66254791875 0.629282715625 0.6748575828125001 0.5867262703125 0.691531321875 0.6099092500000001 0.8219425890625001 0.6109441390625 0.8247859296875 0.6880914203125 0.7961470234375
0 0.5117195031249999 0.5515665890625 0.50745709375 0.5532887140625 0.512595028125 0.5691016484375 0.538094528125 0.6295860359375001 0.6664372890625 0.608790728125 0.6368899375 0.5351486484375 0.5117195031249999 0.5515665890625
0 0.21827519999999997 0.0759084140625 0.150293471875 0.0878954265625 0.136821828125 0.0922726296875 0.1243257171875 0.248881209375 0.126641096875 0.2560072125 0.1944012625 0.24082780625 0.21827519999999997 0.0759084140625
0 0.3984673078125 0.9772246171875001 0.47311428125 0.92678351875 0.40359144999999996 0.754760759375 0.398553475 0.7563976968749999 0.388623446875 0.7626026671874999 0.32266739218749996 0.8047879281249999 0.398451221875 0.9771988765625 0.3984673078125 0.9772246171875001
0 0.273089734375 0.17997820625 0.09182161562499999 0.213829546875 0.08730375625 0.215841028125 0.09123289375 0.2279336671875 0.1076363140625 0.26477635624999996 0.11596346875 0.28237450937499997 0.3025963171875 0.2536544515625 0.273089734375 0.17997820625
0 0.43232104375 0.6453805078125 0.25326176875 0.6278536406249999 0.24617736093749998 0.628473446875 0.24527818437499999 0.6287656078125 0.24766610781249998 0.69298994375 0.2496045390625 0.7151463171875 0.44096307343749996 0.7384010296875 0.43232104375 0.6453805078125
1 0.47885269375000006 1 0.46333911250000004 0.8551609703124999 0.37783749843750003 0.87345605 0.3734076296875 0.8746430281249999 0.3690376296875 0.8760629281250001 0.385834565625 1 0.47885269375000006 1
0 0.12419114843750001 0.2986133828125 0.11815883281249999 0.300690475 0.1417502171875 0.373297290625 0.14369878125 0.3789563296875 0.33519754375 0.3652270203125 0.305947384375 0.2833614390625 0.12419114843750001 0.2986133828125
0 0.3040716203125 0.7067950234375 0.371571915625 0.6666549265625 0.381849028125 0.6602330734375 0.317305003125 0.487073175 0.31652286093750004 0.4873273078125 0.303292165625 0.4955947640625 0.24442175625 0.5357413515625 0.3027215953125 0.704634534375 0.3040716203125 0.7067950234375
1 0.3263635359375 0.69210090625 0.3191524328125 0.8687216078125 0.3213006609375 0.8753331734375 0.41456051875 0.8610574703125 0.41636862187499996 0.6715544734375001 0.41468373437499995 0.6718213343749999 0.3263635359375 0.69210090625
1 0.13921412500000002 0.403575959375 0.168133209375 0.45924283125 0.1822871640625 0.48477724375 0.36616560625 0.44025206875 0.32302964843750004 0.35520755937500004 0.1431645046875 0.40138622812499997 0.13921412500000002 0.403575959375
1 0.360966484375 0.4699794796875 0.34091625468750003 0.4679522125 0.18384502187500001 0.4548631046875 0.181838225 0.4555151515625 0.192799865625 0.5391495140625 0.37860822656250004 0.5629879546875001 0.379577646875 0.5628517125 0.360966484375 0.4699794796875
0 1 0.6477897921875 0.9506497953125 0.672934978125 0.9759103124999999 0.7629291546875 0.9780294859374999 0.7670882671875 1 0.7561687953125 1 0.6477897921875
0 0 0.23247269531249998 0.094465234375 0.1923745828125 0.09328503593750001 0.1887423078125 0.07968556875 0.1583856609375 0 0.1679575578125 0 0.23247269531249998
1 1 0.593783134375 0.9878357484375 0.55999955 0.9822936765625 0.561800278125 0.9662472671875 0.5722209406250001 0.9223115453125 0.6027421078125 0.9594817765625001 0.6945464296875 0.9609526125000001 0.6968113171875 1 0.6705166703125001 1 0.593783134375
0 1 0.5553921984375 0.99289883125 0.5206234140625 0.8994873859375 0.5164176453125 0.889895253125 0.51953431875 0.8900682453125001 0.52051541875 0.9045322265625 0.5878919734375 1 0.5945542078125 1 0.5553921984375
0 0.9645915359374999 0.5243414421875 0.9590369203125 0.4211452875 0.9588985156250001 0.42071932500000003 0.8843884734374999 0.44950129531250005 0.8900973515624999 0.542690625 0.891405490625 0.5467166625 0.9645915359374999 0.5243414421875
0 0 0.4332397453125 0.0590091796875 0.42668725781249994 0.0949895484375 0.2445518171875 0.0945661609375 0.24324876406249998 0.0022211 0.2529546203125 0 0.266540165625 0 0.4332397453125
0 0 0.4878440515625 0.16938162343750002 0.4551030890625 0.134979871875 0.37377060625 0.13403538125 0.3718341140625 0 0.39618021406250004 0 0.4878440515625
0 0 0.359999275 0.0629042765625 0.32709753125 0.017639003125 0.1309974765625 0.0093852359375 0.1336792875 0 0.13909785624999998 0 0.359999275
0 0.041757909375 0.616695440625 0.0444034609375 0.6248376109375 0.1363393 0.6013932515625 0.135293515625 0.414315865625 0.04985574375 0.43716557187499994 0.041757909375 0.616695440625
0 0.1097044140625 0.85189335625 0.1008957390625 0.8547554671875 0.12257419375 0.94865516875 0.3155514484375 0.9337198624999999 0.2949267953125 0.8466623406249999 0.1097044140625 0.85189335625
0 0.1508512453125 0.914877090625 0.18219239375000001 0.9017213109375 0.2380422171875 0.8780144671875 0.2024817140625 0.6886724953125001 0.1937810671875 0.6914995078125 0.1840148140625 0.6955577296875 0.1119666390625 0.726140365625 0.1499339203125 0.912716009375 0.1508512453125 0.914877090625
0 0.2120693625 0.77652741875 0.1635110296875 0.592902796875 0.1547951453125 0.595734759375 0.074736478125 0.638302709375 0.1254054234375 0.8167732515624999 0.128680496875 0.8229327718749999 0.2120693625 0.77652741875
0 0.0050215500000000005 0.594646959375 0.0219882078125 0.6468649640625 0.0390893171875 0.6805040625000001 0.2328159671875 0.630046075 0.1868122734375 0.5435257124999999 0.0050215500000000005 0.594646959375
0 0.2885038890625 1 0.2580024015625 0.8776393562499999 0.2428598203125 0.8825594796875 0.2243283328125 0.8900466859374999 0.1631125125 0.917909984375 0.1857620625 1 0.2885038890625 1
0 0.8817836828125 0.1728648765625 0.7783989515624999 0.15266827031250002 0.7742325640625001 0.1529596109375 0.7720852812500001 0.15365730625000001 0.773240671875 0.182710884375 0.7759385156249999 0.22129187187500002 0.8856188078124999 0.245547125 0.8817836828125 0.1728648765625
0 0.8548833968749999 0.45959499531250003 0.9268160999999999 0.45691801875 0.9432738921875 0.36251896562499997 0.9431859859375 0.3622484171875 0.8920278843749999 0.3649295015625 0.875236959375 0.3661121796875 0.8540526453125 0.45703820625 0.8548833968749999 0.45959499531250003
0 0.8555587265625 0.11217699375000001 0.7448281546875 0.0869398359375 0.7432817765624999 0.087442284375 0.7540108812499999 0.155183190625 0.7547566390625 0.159410740625 0.8676493921875 0.1726065 0.8555587265625 0.11217699375000001
0 0.7890681546875 0.240514021875 0.8101444765625001 0.308618034375 0.9171367390625 0.302440428125 0.8896555125000001 0.23239340625 0.7954908328125 0.23817635781250002 0.7890681546875 0.240514021875
0 0.8575824781250001 0.4106490703125 0.9183119609375 0.3698797875 0.891619015625 0.2774665046875 0.8859234031250001 0.2793171203125 0.8544372625 0.298991846875 0.8309342265625 0.314366790625 0.8543091484374999 0.4054106453125 0.8575824781250001 0.4106490703125
0 0.70748224375 0 0.7097441796874999 0.016094517187499997 0.8211846734374999 0.045701001562499996 0.8219107359375 0.045465089062500005 0.8132283765625001 0 0.70748224375 0
0 0.7544393640625 0.0123650828125 0.7311162453125 0.122668459375 0.7313648781250001 0.12469341874999999 0.79402614375 0.1182395109375 0.8019100937499999 0.09345271250000001 0.8284083062500001 0.0049530156249999995 0.7891586078125 0.0081020953125 0.7544393640625 0.0123650828125