0 0.930808840625 0.802416853125 0.9153060140625 0.732977178125 0.816639428125 0.796520784375 0.8294684171875 0.8520014218749999 0.8331195921875001 0.8602020953125 0.8376566656250001 0.8590708765624999 0.930808840625 0.802416853125
0 0.7742132734375 0.69239220625 0.8430655046875 0.7891488296875 0.90766749375 0.7692725984375001 0.8393734203125 0.672337253125 0.7742132734375 0.69239220625
1 0.7771508203125 0.4399303671875 0.6779355875 0.49521803281250004 0.6911353546875 0.5665995203125 0.691782725 0.5696451546875 0.692411140625 0.5710566015625 0.7955393749999999 0.5146437828125 0.7771508203125 0.4399303671875
0 0.7772605734375 0.5220914515625 0.703961315625 0.5362372468750001 0.7049164890624999 0.54115119375 0.7554487109375 0.6363875046875 0.8077418390625001 0.62977333125 0.8283115343749999 0.6257749875 0.8330288375 0.623674709375 0.7772605734375 0.5220914515625
0 0.8392175140625 0.5831666828125 0.8391697703125001 0.5831821953125 0.7410684484375001 0.654666865625 0.7627035171875 0.721252759375 0.766302303125 0.729335765625 0.8645860531249999 0.6598221421875 0.8392175140625 0.5831666828125
0 0.77251029375 0.47107832656250004 0.7720926265625 0.46986533281250004 0.7043775171875 0.3758379796875 0.643216578125 0.3968973796875 0.6331948656249999 0.40135933437500004 0.6989963921875 0.498972884375 0.77251029375 0.47107832656250004
0 0.6047840984375 0.376785215625 0.65604651875 0.4407858296875 0.6565508 0.44056130781249997 0.730644553125 0.3471462375 0.679780221875 0.2827039046875 0.6047840984375 0.376785215625
1 0.5510934703125 0 0.4514177078125 0.068192009375 0.48390027656249995 0.14114905312499998 0.4909700578125 0.138001384375 0.6006770375 0.065415940625 0.5710342390625 0 0.5510934703125 0
1 0.5323799390625 0.22560740625000003 0.6318364953125 0.1327698671875 0.5873598531249999 0.061554585937499996 0.5856385578125 0.058904023437499994 0.58460545 0.05957493125 0.48260745624999996 0.1573036390625 0.5233388062500001 0.221169353125 0.5276022953124999 0.22773455 0.5323799390625 0.22560740625000003
1 0.6826081765625001 0.341189140625 0.70713984375 0.326033909375 0.60794004375 0.2192479203125 0.5398950250000001 0.2592322125 0.54117966875 0.262117571875 0.6398917328125 0.365851490625 0.6826081765625001 0.341189140625
1 0.5273164078125 0.1632028375 0.5817211078125 0.29376700625 0.6234095046875 0.28805006718750004 0.652004684375 0.283521034375 0.6548717875000001 0.28224451875 0.608435584375 0.1484921921875 0.5273164078125 0.1632028375
0 0.6538499812499999 0.7689544484375 0.6545556640625 0.7725848765625 0.725884853125 0.90743025625 0.8008027671875 0.8928676890625 0.8080132531249999 0.8896573734375 0.72937295 0.7526780671875 0.6538499812499999 0.7689544484375
0 0.7230295015625 0.9433091796875 0.7621772734375 0.9305892968749999 0.7914735421875 0.9175457578125 0.718874771875 0.8168553796875001 0.684029434375 0.8243879328125001 0.721696465625 0.9403151328125 0.7230295015625 0.9433091796875
0 0.63815833125 0.5880526421875001 0.6732784015625 0.573057009375 0.580542503125 0.453789553125 0.5097892921875 0.48209694062499997 0.5105805734375 0.484158296875 0.5941853125 0.6049323015625 0.63815833125 0.5880526421875001
0 0.7269925390624999 0.6683134468749999 0.7259766421875 0.668723896875 0.6154998375 0.7621746328125 0.6370032296875 0.8153973953125 0.6472684984375 0.8384535671875 0.762194121875 0.73873484375 0.7269925390624999 0.6683134468749999
0 0.5517229015625 0.6260621578125 0.58615985 0.6908286343750001 0.5948774 0.6869473312500001 0.6931646296875 0.59305109375 0.65888420625 0.5151893515625 0.5517229015625 0.6260621578125
1 0.7311439703125 0.679721025 0.710864225 0.6009817890625 0.582630915625 0.68517855 0.5981030656249999 0.7472339578125 0.6029019703125 0.758012475 0.6045211078125 0.757608778125 0.7311439703125 0.679721025
0 0.64196369375 0.48464064375 0.6414506984375 0.4834884375 0.531039796875 0.378249025 0.4664452921875 0.42079333906249994 0.467400825 0.42293950156250004 0.469739328125 0.42668188906250004 0.47957777031250004 0.437612746875 0.573960146875 0.5299124546875 0.6061287984375 0.5098112515625 0.64196369375 0.48464064375
0 0.393637090625 0.0022798328125 0.357098890625 0.016305532812500002 0.3135229109375 0.035706809374999995 0.37083954218750004 0.1406693703125 0.43839612343749995 0.1169392078125 0.448792415625 0.11231048125000001 0.393637090625 0.0022798328125
1 0.45949483906250005 0.08075654374999999 0.337027340625 0.12906109375000002 0.3461570203125 0.181957028125 0.35216169375 0.2102068015625 0.35282786875 0.2117030546875 0.479539475 0.1649870578125 0.45949483906250005 0.08075654374999999
0 0.4107014453125 0.25234663125 0.41214704375 0.25978359218749997 0.46306246875 0.37347081718749997 0.53812831875 0.3598775984375 0.5440846796875001 0.3572256546875 0.4937559625 0.234947759375 0.4107014453125 0.25234663125
1 0.36179949843750003 0.19343814374999999 0.36420213437500004 0.198834553125 0.4487704859375 0.2992662546875 0.5210637124999999 0.259193465625 0.520944259375 0.25892516875 0.43651776406250004 0.154368721875 0.36179949843750003 0.19343814374999999
0 0.43521374843749994 0.35064614375000003 0.513824003125 0.44937555937500007 0.5863976140625 0.4170637046875 0.5093626609374999 0.31407540312500004 0.43338764531249996 0.34654465156250003 0.43521374843749994 0.35064614375000003
0 0.5545354765625 1 0.46866490625 0.8842151625 0.46324073749999994 0.8864066703125 0.392547271875 0.9164615890625001 0.39359259999999996 0.91904886875 0.46209123906249994 1 0.5545354765625 1
0 0.24996432343750002 0.20731932187500002 0.08651876875 0.297896115625 0.1004220625 0.34350843593749997 0.1127705828125 0.379371146875 0.1141440796875 0.3824560703125 0.1195309859375 0.380601209375 0.2802122734375 0.29776703125 0.250616503125 0.208784140625 0.24996432343750002 0.20731932187500002
0 0.5352806640625001 0.9569207562500001 0.5557922578125 0.9425583828124999 0.412498896875 0.815434984375 0.35019081406249997 0.8626855390625 0.3512363390625 0.865033825 0.49444440156249997 0.98413175625 0.5352806640625001 0.9569207562500001
0 0.1750833625 0.3987831765625 0.17744425 0.40759412656249994 0.2545681578125 0.5686328296875 0.3390953 0.54598385 0.344285115625 0.5436731953125 0.2572321015625 0.37229629218750004 0.1750833625 0.3987831765625
1 0.090940409375 0.2940337375 0.24054430624999998 0.20096274687500001 0.2026989859375 0.11760208750000001 0.0418773375 0.21151033125000002 0.0483715375 0.22680970625 0.08273840625 0.29751528125000004 0.090940409375 0.2940337375
0 0.3717337140625 0.9111542515625001 0.37292430312499997 0.9103511890625 0.495288478125 0.7700861890625 0.447625525 0.7011970140625 0.44711105937499995 0.70142606875 0.32050994374999997 0.8430381406249999 0.3255946046875 0.8507674921874999 0.3675749203125 0.913005865625 0.3717337140625 0.9111542515625001
0 0.3020989921875 0.6480052421875 0.340500640625 0.63326423125 0.38666263437500004 0.6143680328125 0.38612278125 0.6129616671875 0.2857306671875 0.463877171875 0.20384219374999998 0.491607678125 0.20259632968750002 0.492162371875 0.3020989921875 0.6480052421875
1 0.315368128125 0.441582959375 0.3169013703125 0.4408351453125 0.20672580625 0.2866404640625 0.12110820156249999 0.32894980625 0.1233695671875 0.334028915625 0.231388571875 0.475629290625 0.315368128125 0.441582959375
1 0.3286185203125 0.8271973593749999 0.4608319015625 0.6977780609375 0.4136200328125 0.6177815609375 0.2766563703125 0.7482141796875 0.2921085078125 0.7760905734375 0.3243664421875 0.8295543249999999 0.3286185203125 0.8271973593749999
1 0.22640091718750002 0.6076981921875 0.2265486453125 0.60790916875 0.367778653125 0.7251153125 0.3933163234375 0.70723364375 0.437331428125 0.6757996859375 0.31906474218750003 0.56842495 0.3039078703125 0.5551437328125 0.22474369843750003 0.6039760171874999 0.22640091718750002 0.6076981921875
0 0.6761193234375 0 0.6684153187499999 0.0062346765625 0.6698986812500001 0.0095663640625 0.742316884375 0.071912025 0.803472365625 0.0223892921875 0.7764841437500001 0 0.6761193234375 0
1 0.8211821921875 0.0995566390625 0.801869034375 0.027697403125 0.7111274671875 0.0738481734375 0.7300222703125 0.1484477078125 0.7306562828125001 0.1498717234375 0.73166233125 0.14958324375 0.8211821921875 0.0995566390625
0 0.8418708718750001 0.19111193124999998 0.86398378125 0.1783450359375 0.792361065625 0.10415661406250001 0.7301008078125 0.1370994484375 0.733982359375 0.14581755624999998 0.797631315625 0.21508876093749998 0.8418708718750001 0.19111193124999998
0 0.82619035625 0.17535017343749998 0.7566649937500001 0.2121297953125 0.757558334375 0.214136271875 0.75856463125 0.215746684375 0.829788240625 0.2847214234375 0.8955470703125 0.24363074375 0.895459559375 0.243434190625 0.82619035625 0.17535017343749998
0 0.24275717812500003 1 0.3525431765625 0.9223099265625001 0.321158053125 0.8339026515624999 0.17216971406249998 0.9468874859374999 0.19150108906250002 1 0.24275717812500003 1
0 0.17352516406250001 0.9446705703125 0.3118544171875 0.8256673343750001 0.310943865625 0.8237146546874999 0.2693863796875 0.74579528125 0.12977759687499998 0.863189565625 0.13851202499999998 0.8828074125 0.13861611406250002 0.8830306312499999 0.1694472 0.9464861953125 0.17352516406250001 0.9446705703125
0 0.3447552875 1 0.25759619375 0.9296737796875 0.18342773125 0.9798481890625 0.185916921875 0.9854390015625001 0.20455563593749998 1 0.3447552875 1
0 0.2456104046875 0.6652840484375 0.0864056 0.763533084375 0.105541175 0.8235143562499999 0.1122978640625 0.84313720625 0.11790895937500001 0.8557399312499999 0.2715078734375 0.7498478890625 0.2456104046875 0.6652840484375
0 0 0.47623746875000006 0.0104003109375 0.5014926640625 0.0961456328125 0.4848254625 0.0980628875 0.48397184531250004 0.0333936078125 0.30210295781249996 0 0.3091177921875 0 0.47623746875000006
0 0 0.5869795203125 0.004476159375 0.595764478125 0.00613689375 0.5950250703125 0.15568378125 0.4760802078125 0.13066015625 0.42696857968749996 0.11107383906249998 0.3892397984375 0.10953820624999999 0.38992350625 0 0.4797812265625 0 0.5869795203125
0 0.1968680328125 0.57344166875 0.15776069375 0.48131055624999997 0.002385090625 0.5949765546875 0.023688671875 0.647959253125 0.0391997234375 0.6827976437500001 0.045144742187499996 0.6802741343750001 0.1968680328125 0.57344166875
0 0.1484421359375 0.5731945625 0.05283394375 0.5883374140625001 0.053615551562499995 0.5932722890625 0.127706696875 0.77302095625 0.16099897968750002 0.7677479765624999 0.21654342187500003 0.7579014265625 0.2198572328125 0.7564260234375 0.1484421359375 0.5731945625
0 0 0.353875275 0.0790260703125 0.3235355109375 0.054654206250000004 0.2289292109375 0 0.24836407500000002 0 0.353875275
0 1 0.5104051625 0.9411128203124999 0.44512755468750004 0.8786073468750001 0.47833369843750007 0.8809650890625 0.483629275 0.9540969468749999 0.560775084375 0.9893953734375 0.5427896390625 1 0.536978315625 1 0.5104051625
0 0.7940566625 0.2912552328125 0.8578202312500001 0.35306865468750004 0.8861519421875 0.33466982500000003 0.9191600734375 0.312515428125 0.8465502890625001 0.2496522203125 0.7906233234375 0.2845599 0.7926178171875 0.28903960624999997 0.7940566625 0.2912552328125
0 1 0.559618840625 0.9725059328125001 0.518609496875 0.9129159109374999 0.528780128125 0.913776703125 0.53282984375 0.964316971875 0.6292300875 1 0.6216454265625 1 0.559618840625
0 0.9478922953125 0.3704258734375 0.8587266984375 0.42988177031249997 0.8828804187499999 0.49695609999999996 0.8894166359375 0.49495777656250006 0.9681001609375001 0.4429065296875 0.9478922953125 0.3704258734375
0 0.8936199 0.3156845171875 0.8223857265625 0.3322946640625 0.8239844609375 0.33826122187499996 0.8746280625 0.41744831875 0.90190161875 0.4107449734375 0.936296865625 0.4015287953125 0.9431491640624999 0.3984779546875 0.8936199 0.3156845171875
0 1 0.577777871875 0.9630602343750001 0.64091308125 0.9504238062500001 0.6633797546875 0.9568751656250001 0.6722592875 0.9872337578125 0.7123722203125 0.9898865140625001 0.7111911375 0.992102684375 0.7095809953125001 1 0.6983279515625 1 0.577777871875