0 1 0.2741867390625 0.9987626453124999 0.273254325 0.9501752 0.2404571484375 0.8596684984375 0.3067405296875 0.8568817624999999 0.3107203984375 0.9147649984375 0.3491564390625 1 0.283297065625 1 0.2741867390625
0 0.8277267953124999 0.337974471875 0.9083447359375001 0.42493014687499997 0.9412181343749999 0.365872365625 0.8608910578125 0.2784078875 0.8277267953124999 0.337974471875
0 0.8060859078125 0.5275229171875 0.7403311796875001 0.4882833984375 0.6560223625 0.570616196875 0.6562584046875 0.5707940671875 0.6601208796875 0.572935071875 0.724524096875 0.606428 0.8054983515625 0.52858289375 0.8060859078125 0.5275229171875
0 0.774936996875 0.5369545718750001 0.854917734375 0.46224162968750004 0.8457458265625 0.45533010156250003 0.7900155765625 0.42315422500000005 0.7066413484375 0.49884256093749996 0.7046211234374999 0.5023416953125001 0.774936996875 0.5369545718750001
0 0.7493478625 0.4235428578125 0.78659241875 0.4551363859375 0.8081216234375 0.47320153437499995 0.9107491578125 0.4092721828125 0.9120570921875 0.40753649531249997 0.901297403125 0.39840788125 0.850784703125 0.356022690625 0.7527465828125 0.4190326015625 0.7493478625 0.4235428578125
0 0.7454664671875 0.61258308125 0.6594676109375001 0.5324327281250001 0.6551834234375 0.5381180375 0.6230057625 0.5986354140625 0.7058671046875 0.680805678125 0.706297259375 0.6810343953125 0.7454664671875 0.61258308125
0 0.6970154953125001 0.67027213125 0.6008289703125 0.5988905515625 0.5677725 0.674218159375 0.6645632265625 0.7456833046875 0.6970154953125001 0.67027213125
1 0.4088331625 1 0.510892709375 0.9064463 0.501658453125 0.8992317078125 0.4464573484375 0.85694296875 0.351050471875 0.9417160953125 0.3437095578125 0.95145781875 0.4050043296875 1 0.4088331625 1
0 0.49246747031250004 0.78629155 0.3988370609375 0.8705122125000001 0.38969849375 0.8826395015624999 0.4550208890625 0.93281446875 0.56150425625 0.8395147109375 0.5178821218749999 0.805433365625 0.49246747031250004 0.78629155
1 0.5618017328125 0.6483069687499999 0.5531558390625 0.6417918203124999 0.5036824906249999 0.7007518625 0.5910784062500001 0.81627151875 0.6428600109375 0.7581674921875 0.5618017328125 0.6483069687499999
1 0.5022270890625 0.85828975 0.6098986562500001 0.7667220015625 0.5555482765625 0.725766053125 0.5438269265625 0.7172499953125 0.4417355640625 0.8153369421875001 0.4413027109375 0.8159327140625001 0.5022270890625 0.85828975
0 0.874024828125 0.250728996875 0.769529853125 0.1391510625 0.7671048328125 0.1377509765625 0.7621219640625 0.14436346718749998 0.7534673984375 0.15867520468750002 0.727126978125 0.20429814999999998 0.832148459375 0.324518215625 0.874024828125 0.250728996875
0 0.865064728125 0.26641589374999997 0.9187852218750001 0.199394871875 0.8922292953125 0.17568357031249998 0.8387835015625 0.1292238515625 0.797305946875 0.09796827031250001 0.7914506953125 0.10470396562499999 0.7781701625 0.1235317171875 0.8644511078124999 0.26595349687500003 0.865064728125 0.26641589374999997
0 0.5824264593749999 0.5686067203125 0.6818221624999999 0.4570183265625 0.6769527859375 0.45334898749999997 0.61440755625 0.4200931 0.5124779328125 0.522498125 0.5102325796875 0.5267210203125 0.5824264593749999 0.5686067203125
0 0.756210496875 0.391773315625 0.8092099828125001 0.32892555625000003 0.733170884375 0.20615599375000002 0.731204065625 0.20467388749999998 0.684747353125 0.251851109375 0.676878546875 0.2612287875 0.7548739734375001 0.390766171875 0.756210496875 0.391773315625
0 0.5559255421875 0.43616954999999996 0.5512142359375 0.44242166406249994 0.6168339796875 0.49144472656250004 0.738241678125 0.41166789374999996 0.68034396875 0.36133818125 0.5559255421875 0.43616954999999996
0 0.662288275 0.42802159843750004 0.7836446015625 0.3341879171875 0.7735270296875 0.3265637796875 0.7160505125000001 0.28923809375 0.6018494265625 0.38305614375 0.600019978125 0.385873246875 0.662288275 0.42802159843750004
0 0.6092642046875001 0.6009605609374999 0.6110443234375 0.5993577343750001 0.5474115140625 0.4814787265625 0.5428999140624999 0.4742616984375 0.535661278125 0.46622237968749997 0.5339933328125 0.46496549375 0.480205846875 0.5111152156250001 0.47622357187500003 0.514700871875 0.5474770859375 0.6508442671875 0.6092642046875001 0.6009605609374999
0 0.258870659375 0.8113244234374999 0.24523121093750003 0.8266417484374999 0.2071597234375 0.8704379828125001 0.2021251828125 0.8771190453125 0.282458665625 0.9621386749999999 0.30412935937499996 0.9784687140624999 0.353901590625 0.9177768343749999 0.2629198640625 0.8144420109375 0.2623470546875 0.813944075 0.258870659375 0.8113244234374999
1 0.4013228125 0.8462607125 0.3212668421875 0.7429120640625 0.317552225 0.7401129 0.2972007890625 0.7611874281250001 0.26142780625 0.8012077312500001 0.339688625 0.9070702015625001 0.4013228125 0.8462607125
1 0.49640273125 0.7147832765625 0.4333310015625 0.600408878125 0.4320991125 0.5994805828125 0.3680328125 0.6571661359375 0.43462400625 0.76963895625 0.43594965625000004 0.7706379046875 0.49640273125 0.7147832765625
1 0.4519087421875 0.76851415625 0.3647509015625 0.6719871687500001 0.3615540265625 0.6695781515625 0.3311524296875 0.7084904187500001 0.31146573125 0.7346155484375 0.4006313875 0.83754756875 0.4519087421875 0.76851415625
1 0.404026059375 0.6471746671874999 0.47787441406250003 0.6850303281250001 0.5618699968749999 0.5877080875 0.554486928125 0.5821445468750001 0.5045035453125 0.555413396875 0.4928307046875 0.5492068375 0.4054781375 0.6444437046875 0.404026059375 0.6471746671874999
0 0.5326695265625 0 0.623235190625 0.1407298390625 0.6738113593749999 0.0805248796875 0.6769251953125 0.0766796140625 0.6203137359374999 0 0.5326695265625 0
0 0.049771673437500004 0.6889282078125001 0.133331296875 0.7226070499999999 0.2374394265625 0.5682252437499999 0.23521273437499998 0.5665473109375 0.22219671718749998 0.5607522078125 0.1503413921875 0.529661859375 0.04978401875 0.6889004796875 0.049771673437500004 0.6889282078125001
0 0.5650760203125 0.005006371875 0.4507307421875 0.15444478125 0.44917132187500003 0.1579472953125 0.516838721875 0.18622164531250002 0.636316490625 0.039996732812500005 0.565611359375 0.0052447203125 0.5650760203125 0.005006371875
0 0.20789417187499998 0.376952528125 0.17480850781249999 0.4322989234375 0.1643669875 0.45193656875 0.3121883328125 0.5756609375 0.355603125 0.492940578125 0.214977196875 0.38071863906250003 0.20789417187499998 0.376952528125
1 0 0.749290803125 0.0349236203125 0.7756076390625 0.0644481109375 0.7947810671875 0.183918565625 0.66156550625 0.1131109234375 0.6102672203124999 0.1054421203125 0.605287040625 0 0.7297000062500001 0 0.749290803125
0 0.44053199843749996 0.0796870953125 0.434181065625 0.07587106875 0.4324361828125 0.0781866078125 0.39152499375 0.146274259375 0.5251352875 0.2841457953125 0.5690463218749999 0.20911668906249997 0.44053199843749996 0.0796870953125
0 0.2096537234375 0.442980146875 0.2845936546875 0.487490421875 0.41378836874999997 0.362536475 0.41459378437499994 0.36129624531250004 0.4141322515625 0.36094845625 0.37338432187500004 0.3331921953125 0.3388866703125 0.3107891578125 0.209085509375 0.4426111453125 0.2096537234375 0.442980146875
1 0.179442090625 0.6457282375 0.3015149125 0.5030347921875 0.2931983234375 0.49676779218749995 0.22048246875 0.45960807187499997 0.09967531406249999 0.5921967109375 0.0974579984375 0.5958869421874999 0.179442090625 0.6457282375
0 0.46569690937499997 0.16756703281250002 0.313847978125 0.2723669984375 0.3109837109375 0.27578049843749997 0.3808304453125 0.33890323906250003 0.535978053125 0.22864904687499998 0.4912175921875 0.18898142812500002 0.46569690937499997 0.16756703281250002
1 0.41093436875 0.42830895 0.45418426875 0.35498186249999997 0.32302505937500003 0.2223916 0.32218078125 0.22190415625 0.319529690625 0.2254222703125 0.27908183750000004 0.3059548828125 0.2936335234375 0.319896546875 0.410730140625 0.4281910375 0.41093436875 0.42830895
1 0.6841264406249999 1 0.7306623359375 0.934025978125 0.7260084640625 0.930519034375 0.7082685140625 0.9233516312500001 0.6580665437500001 0.9048678171875 0.6041848140625 0.987972684375 0.6031731640625 0.9904766078125 0.6279262125 1 0.6841264406249999 1
0 0.763595975 0.9160625843749999 0.7124264765625 0.834199946875 0.70701028125 0.8301185515625 0.6998648421875 0.83751786875 0.6572339796875 0.8841119671875 0.714471090625 0.9708439578125001 0.763595975 0.9160625843749999
0 0.6900908609374999 0.8371038953125 0.68646613125 0.8419140734375 0.741721815625 0.8934408328125001 0.8287090953125 0.83677559375 0.7664337515625 0.7865628703125 0.6900908609374999 0.8371038953125
0 0.2953191 0 0.38068785625 0.1381436375 0.381425653125 0.1386996078125 0.44035244218749997 0.0747600875 0.3974931640625 0 0.2953191 0
0 0.2656939171875 0 0.2303541984375 0.0506325390625 0.21826635468750002 0.068553503125 0.3380461265625 0.2066352703125 0.3912812484375 0.13617623750000002 0.39248605312499996 0.1343900390625 0.2785354640625 0 0.2656939171875 0
0 0.392816303125 0 0.4210856359375 0.0669258703125 0.4212457234375 0.0671235625 0.49165680624999997 0.0148096015625 0.4856740046875 0 0.392816303125 0
0 0.215109328125 0.2593227859375 0.3559041859375 0.13511949843749999 0.34853305625000003 0.129564953125 0.27316830937500003 0.08302959062500001 0.14388285781250001 0.209283378125 0.1405222046875 0.21445832812500001 0.215109328125 0.2593227859375
0 0 0.5419328921875 0.1234200046875 0.4717701109375 0.0584438828125 0.397023634375 0 0.43414979843749996 0 0.5419328921875
0 0 0.4044921171875 0.1064892828125 0.5161728953125 0.10764528124999999 0.5169526249999999 0.1317684296875 0.48176829374999997 0.162590734375 0.4360723484375 0.0284017140625 0.2995319125 0.02744065625 0.298883671875 0.0239555953125 0.303508503125 0 0.339024134375 0 0.4044921171875
0 0.182670246875 0.2502487515625 0.014552106249999999 0.33156523125000004 0.0109547109375 0.3363391375 0.07217879687499999 0.41194458593750005 0.24472476406250002 0.3245978234375 0.2310397015625 0.3076981796875 0.182670246875 0.2502487515625
0 0.0925941 0.21101210625000003 0.2228696109375 0.3630131390625 0.28046690625 0.2837372625 0.1490351765625 0.13625510000000002 0.0925941 0.21101210625000003
0 1 0.5659240343749999 0.9704326296874999 0.5527724359375 0.9358325625000001 0.5380855765625 0.8712433296875 0.620596390625 0.8688029453125001 0.626345575 0.9305727359375 0.6547861421875 1 0.5704741765625 1 0.5659240343749999
0 0.791186609375 0.711205734375 0.7909540328125 0.7110428828125 0.7633050609375001 0.747734309375 0.74768778125 0.7700380953125 0.812222178125 0.8414339312499999 0.8504521171875 0.7846937515625 0.791186609375 0.711205734375
0 1 0.48674775 0.9866118515625001 0.4790180984375 0.9087558874999999 0.555082378125 0.90668579375 0.5586678875 0.9602163734375001 0.5867550609375 1 0.55549254375 1 0.48674775
0 0.8783611515624999 0.5879557281250001 0.8346624921875 0.6442832953125001 0.90109113125 0.7283828984375 0.9427077078125 0.6656942734375 0.8839599515625001 0.5918760484375001 0.8783611515624999 0.5879557281250001
0 0.8913043203125 0.735079821875 0.8487302328125 0.649312284375 0.8460579515625 0.6472985765625 0.819718478125 0.6727343140625 0.7942941968749999 0.698946771875 0.8407717296874999 0.7859512421875 0.8913043203125 0.735079821875
0 1 0.4546873859375 0.9459525078125001 0.5056752375 0.9459405000000001 0.505703525 1 0.53138775 1 0.4546873859375