0 0.6535620796875 0.0329010515625 0.6481406734374999 0.0340534078125 0.64821158125 0.0381157484375 0.6620920703125 0.0983340515625 0.7786286921875 0.11219407968749999 0.762122190625 0.042986121875 0.6535620796875 0.0329010515625
0 0.6540618984375 0.1942217296875 0.6540972375 0.1962463609375 0.7202372171875 0.20448649218749998 0.7712418171875 0.09724375625000001 0.7035890921875 0.088808421875 0.6540618984375 0.1942217296875
1 0.7726796421875 0.44282565937499996 0.7644057390625 0.36632875781249996 0.64787108125 0.348539378125 0.64852814375 0.3532146125 0.660538325 0.42480585625 0.7726796421875 0.44282565937499996
0 0.7649159375 0.2574157015625 0.6996774218749999 0.2574157015625 0.6886772171875 0.2576077109375 0.655417425 0.3614090765625 0.655543190625 0.3686141203125 0.7325804796875001 0.363508984375 0.7649159375 0.2574157015625
0 0.70230689375 0.288753215625 0.7303941546875 0.2877723859375 0.7642457625 0.1703380671875 0.7066050515625 0.17134418906249999 0.6836910515625 0.1721443640625 0.6522899515625 0.2871576359375 0.652397184375 0.290228378125 0.70230689375 0.288753215625
0 0.7526724859375 0.40628253281250004 0.675292015625 0.4202346875 0.66911226875 0.5387845437500001 0.7433237046875 0.5230104171875001 0.7529392125000001 0.40753738593750005 0.7526724859375 0.40628253281250004
0 0.6726605343750001 0.5011354671875 0.6672821046874999 0.62051055625 0.748216465625 0.6057929468750001 0.75333906875 0.48558699531249994 0.684704325 0.4985754796875 0.6726605343750001 0.5011354671875
1 0.689960721875 0.8102822109375 0.643554890625 0.9352136859375 0.6436730359375 0.941982240625 0.72309851875 0.9565270765625 0.7700941765625 0.8237404875 0.758553765625 0.8217056015624999 0.689960721875 0.8102822109375
1 0.6587707421875 0.8769739828124999 0.6607178765625 0.8769399953124999 0.74155305625 0.86345390625 0.745928328125 0.7223043171875 0.7434026625000001 0.722348403125 0.6912636734375 0.7306064078125 0.659931484375 0.736138821875 0.6575421875 0.8692171906249999 0.6587707421875 0.8769739828124999
1 0.682211459375 0.56274464375 0.639411496875 0.6978388453125 0.6394918374999999 0.7024415390625001 0.7177602453125 0.7085177578125 0.7601085390625 0.5690528171875 0.7314160046875 0.5661853609375 0.682211459375 0.56274464375
1 0.7712779750000001 0.6867726078125 0.6399979874999999 0.6585183406249999 0.631362384375 0.6586690765625 0.6303416937499999 0.7309925046875 0.7657091046875 0.7688411828125 0.76657746875 0.768826025 0.7712779750000001 0.6867726078125
0 0.5936056890625 0.176919940625 0.6234788609375 0.021209575 0.613585084375 0.021382271875 0.5399252437500001 0.0317344859375 0.51638353125 0.18245580781249998 0.5168982468750001 0.1861181953125 0.5936056890625 0.176919940625
0 0.6484127703125 0.0808924421875 0.6421136234375 0.0444318671875 0.4852718875 0.0059311171874999995 0.4835643890625 0.0060505171875 0.4842306515625 0.04422066875 0.48467773125 0.050614190625 0.489040409375 0.09021837499999999 0.62539006875 0.0825023453125 0.6484127703125 0.0808924421875
0 0.64353738125 0.415106634375 0.5012101984374999 0.37732486875000004 0.4977896265625 0.3774443171875 0.49764456093750004 0.445796303125 0.498190740625 0.461436809375 0.645412453125 0.49190507187500004 0.6442172375 0.43457515156250004 0.64353738125 0.415106634375
0 0.63901399375 0.19060961875 0.50850253125 0.1154180359375 0.5061183421875 0.11545965312499999 0.490542371875 0.19559107343749998 0.6168206484375001 0.26624488749999997 0.6178961968750001 0.266453953125 0.63901399375 0.19060961875
0 0.55681395 0.28261367656249997 0.4956313578125 0.4097920421875 0.49532979062500004 0.41150231093749995 0.4954027484375 0.41568201250000003 0.5689172046875 0.42772769374999997 0.6410574625 0.291909965625 0.6305190359374999 0.290051759375 0.55681395 0.28261367656249997
0 0.493785225 0.2105430875 0.49182323125 0.210611603125 0.49264118593750006 0.25747223125 0.493815628125 0.29110385625 0.6397344984375 0.33183508906250003 0.6385280203125 0.25559363125 0.493785225 0.2105430875
0 0.5985115249999999 0.59431458125 0.618653153125 0.46174741875 0.6203410234375 0.44241281875 0.6202735890625 0.4416420484375 0.59185199375 0.4421381484375 0.541625665625 0.44653238437500004 0.517448346875 0.5929922484375 0.517800209375 0.5970140546875 0.5985115249999999 0.59431458125
0 0.5963460296875 0.867978009375 0.520149525 0.8855693578125001 0.534895075 0.9994670687499999 0.57885875 0.9986996796875 0.6173796515625 0.9898064281250001 0.6058482578125 0.8669585828124999 0.6005952125 0.8670502750000001 0.5963460296875 0.867978009375
1 0.5041991343750001 0.9196266421875 0.5875791140625 0.9280851921875 0.6271770765625 0.8026921843749999 0.6271743921875 0.8025384109375 0.5587834015625 0.7912336484375 0.5416818828125 0.7888301859375 0.5041645859375 0.9176474015625 0.5041991343750001 0.9196266421875
0 0.6214659046875 0.6513416578125 0.4914990296875 0.639684178125 0.4917330984375 0.6530939015625 0.5019155828125 0.7255460484375 0.63294828125 0.7332659203125 0.6340312031249999 0.7331137265625001 0.6214659046875 0.6513416578125
1 0.5181888234375001 0.8450476140625 0.5998535609375 0.834447896875 0.6089803890625001 0.70125368125 0.5956737750000001 0.70148595 0.5267805921875001 0.708726915625 0.51499341875 0.840825634375 0.51544220625 0.8450955562500001 0.5181888234375001 0.8450476140625
0 0.49031450625 0.5532288328125 0.49690418125 0.630696184375 0.6275479421875 0.6526228609375 0.61899351875 0.56927024375 0.49734254375000003 0.5526139578125 0.49031450625 0.5532288328125
0 0.1917059984375 0.0274550625 0.1925441578125 0.0395397609375 0.19791387031250002 0.1009158640625 0.3826226828125 0.13203129062500002 0.382534496875 0.126979071875 0.3736092453125 0.0603247703125 0.1937993828125 0.0180282640625 0.191544896875 0.018225506250000002 0.1917059984375 0.0274550625
0 0.39399825 0.7970507062500001 0.2223943234375 0.7501954937499999 0.21345679374999998 0.7503514984375 0.2086267125 0.7896893484375 0.20451057499999997 0.8371955859375 0.3833687359375 0.8918573656250001 0.39399825 0.7970507062500001
0 0.196126775 0.176400703125 0.2003439015625 0.1946670828125 0.39155426875 0.1960754609375 0.391538740625 0.1951858390625 0.373396259375 0.124127853125 0.19016552656250002 0.116923428125 0.18498216875 0.1181201015625 0.196126775 0.176400703125
0 0.3918303265625 0.6124425375 0.2213030140625 0.5550853109375 0.2199547515625 0.554895825 0.2131582671875 0.5550144578125 0.201198290625 0.617293425 0.1981029390625 0.639317984375 0.3793257953125 0.7050229828125001 0.3918303265625 0.6124425375
1 0.31869606250000004 1 0.37549921875000003 0.8376307578125 0.3396138828125 0.8290698750000001 0.2859609015625 0.8176655828125 0.22097377499999998 0.9879712609375 0.22099445156250003 0.9891557687500001 0.27201254375 1 0.31869606250000004 1
0 0.2758022953125 0.165324203125 0.2146157890625 0.34404295625 0.21446085468749998 0.3462586265625 0.2144869484375 0.3477536125 0.3001543671875 0.3527508453125 0.35967126875 0.1717643265625 0.311360040625 0.167810640625 0.2758022953125 0.165324203125
0 0.325503228125 0.45291419375 0.2854237484375 0.443661115625 0.209678084375 0.6094291703125 0.20972610781249998 0.6121804359375 0.29484039375000004 0.6282752953124999 0.37350694687499997 0.4666698 0.37384581875 0.46520198593749995 0.325503228125 0.45291419375
1 0.33771433281249996 0.804314259375 0.34195380000000003 0.6228027390624999 0.34172950625 0.6215307109375 0.33652063593750003 0.62162163125 0.2465864859375 0.6374794484375 0.24808069062500002 0.8263212984375 0.24906849062499997 0.82630405625 0.33771433281249996 0.804314259375
1 0.18499843437500002 0.29870478125 0.19421860625 0.3607539796875 0.19928824218750002 0.3895053171875 0.387644703125 0.40727090156249995 0.37454663906249996 0.31281604375 0.1894464984375 0.29792046875 0.18499843437500002 0.29870478125
1 0.31782652968749997 0.5105598890625 0.3558308640625 0.3554083078125 0.30176304374999996 0.353961309375 0.2867553921875 0.35369934999999997 0.2704260859375 0.353984378125 0.22068804062499997 0.523955484375 0.22085961875 0.533785234375 0.31268767343750004 0.53004613125 0.31782652968749997 0.5105598890625
0 0.8702356796874999 0.8745275890625 0.8690940156250001 0.874607421875 0.8694742890624999 0.89639326875 0.8734159609375001 0.9527617984375001 0.971624315625 0.960426915625 0.9666459953125001 0.885072090625 0.8702356796874999 0.8745275890625
0 0.955495840625 0.7842812984374999 0.9467125859375001 0.7844346109375 0.8785028031250001 0.7989330484375 0.88148805 0.8980269546875 0.956654125 0.8820258593749999 0.955495840625 0.7842812984374999
0 0.144082421875 0.01182175 0.10354216875 0.0068440328125 0.0678220359375 0.0074675296875 0.05147224375 0.1406258921875 0.051488662500000004 0.14156650625 0.087044153125 0.14522080937499998 0.144082421875 0.01182175
1 0.8626247921875001 0.71392165 0.86160195625 0.7139752546875 0.861677878125 0.7183247734375 0.8678656234375 0.7922160640625 0.96868868125 0.8063099093749999 0.9635545546875001 0.7320779187500001 0.8626247921875001 0.71392165
0 0.9382551734375 0.732451665625 0.9594589515624999 0.6326265359375001 0.9207837421875 0.6333016140625001 0.8839395187499999 0.6355830640625 0.8659731515625 0.73179024375 0.866177378125 0.7376385156249999 0.9382551734375 0.732451665625
0 0.8672993046874999 0.557661025 0.8618923125 0.5577554046875 0.8592385046875 0.633750503125 0.9589762828125 0.66219728125 0.9560160046874999 0.5822549734375 0.8672993046874999 0.557661025
0 0.0276922765625 0.12693608750000002 0.02441973125 0.126993209375 0.011003046875 0.21170282343750002 0.1788125734375 0.2941834921875 0.1927521625 0.20141194375000002 0.0276922765625 0.12693608750000002
0 0.1588921734375 0.20957431718750003 0.0947213671875 0.21510642343750003 0.0690842984375 0.2187094765625 0.04417545 0.402816546875 0.13686506874999999 0.3912939109375 0.159146196875 0.2113817875 0.1588921734375 0.20957431718750003
0 0 0.13335504843749998 0.18992234531250002 0.188176609375 0.190353746875 0.188169078125 0.1940068796875 0.1005850765625 0.0006368593750000001 0.04145775 0 0.041468865625000004 0 0.13335504843749998
0 0.1945887734375 0.3924605 0.0299657234375 0.30973675156249997 0.0281000265625 0.3097693171875 0.0215574234375 0.33601026875 0.008998125 0.39496010312499996 0.17304866562500001 0.4880879703125 0.1945887734375 0.3924605
0 0.026699815625 0.8701152000000001 0.0267824921875 0.8748517937500001 0.11339438906249999 0.88961288125 0.184424746875 0.7081997640625 0.086889334375 0.6910016390625 0.026699815625 0.8701152000000001
0 0.19257934062499998 0.6634644140625 0.18861095156250002 0.6462754296875 0.002513190625 0.6483440734375 0.0031233671875 0.683301040625 0.0171507546875 0.7440603296875 0.2081902921875 0.739049875 0.20963572031250002 0.7387161703125 0.19257934062499998 0.6634644140625
0 0.140796609375 0.681708975 0.154689321875 0.491962778125 0.14547736093750002 0.4921235734375 0.05594738125 0.5063037296874999 0.0457514859375 0.6915471375 0.046842784375 0.6984373374999999 0.140796609375 0.681708975
0 0.000081459375 0.5090302046875 0.00024038906250000003 0.5181353296875 0.1936592234375 0.56780085625 0.195369390625 0.4698254109375 0.003114528125 0.4244012375 0.000081459375 0.5090302046875
0 0.20419675625 0.8623996843749999 0.02278925 0.8271282984375 0.0117620125 0.8273207796875001 0.0087589859375 0.884621940625 0.008359878125000001 0.928042171875 0.196623365625 0.9598008312499999 0.20419675625 0.8623996843749999
0 0.88218880625 0.253164078125 0.8521426765625 0.3511118734375 0.8522917375000001 0.35965152968749997 0.919100078125 0.3639983953125 0.95506805625 0.256313978125 0.9197540515625 0.2544758875 0.88218880625 0.253164078125
0 0.9466563890625 0.49615452343750005 0.8560607484375 0.49474761562499997 0.851541140625 0.49570828906250003 0.851582715625 0.49809010000000004 0.8648153546874999 0.5603447671875 0.865037275 0.5613038015625 0.9608311484375 0.5681956687499999 0.9466563890625 0.49615452343750005
0 0.8932663234374999 0.181917390625 0.8478576609375 0.28468188437499997 0.8479264109375 0.288620525 0.9203983109375 0.289880084375 0.9547582796875 0.1820010171875 0.9443409828125 0.1816372375 0.8932663234374999 0.181917390625
0 0.8817806234375001 0.3326505078125 0.8487755859374999 0.42592785156249996 0.8487641796875 0.4261454984375 0.8488017453125 0.42829759999999995 0.920878325 0.4356241359375 0.95648518125 0.3361533171875 0.8983730703124999 0.333107790625 0.8817806234375001 0.3326505078125
0 0.9539891375 0.4478198796875 0.8697221359375 0.39994821875 0.86900033125 0.39979479375000004 0.8675034515625001 0.399820921875 0.8597786171875 0.43616340625000005 0.8533587546874999 0.4721115953125 0.940542659375 0.5182516640625 0.9539891375 0.4478198796875
0 0.8296353359375 0.13601758125000002 0.8963617062499999 0.1502007078125 0.962619178125 0.055145559375 0.9626150718750001 0.0549103 0.9303049296875001 0.0480425671875 0.8932394968749999 0.042046889062499995 0.829568684375 0.13219915 0.8296353359375 0.13601758125000002
0 0.9512773328125 0.216319675 0.9493707015625 0.1475073328125 0.9490137203125 0.14240225 0.842394653125 0.11395525937499999 0.837070425 0.11432756718749999 0.8371930734375 0.12135408750000001 0.8393987390625 0.16518915781250001 0.8401643640625001 0.17613813125 0.8642857296875001 0.1852260609375 0.9512773328125 0.216319675
0 0.8930845828124999 0 0.845772478125 0.07569258749999999 0.8458780453125 0.0817406125 0.9261190562499999 0.095626609375 0.9261409 0.095626228125 0.9360950375 0.039173518750000004 0.942508146875 0.0013586499999999999 0.934802859375 0 0.8930845828124999 0