0 0.5550332671875 0 0.5361214171875 0.06502083125 0.5880647546875 0.10273235 0.5942826265625001 0.09448095625 0.6244217921875 0 0.5550332671875 0
0 0.6084435484374999 0.067168578125 0.4922461921875 0.051181120312499995 0.46247434375 0.11251368125000001 0.5801947671875001 0.12814620625 0.6094378984375 0.067917875 0.6084435484374999 0.067168578125
0 0.3925811125 0.367668171875 0.44503570156250005 0.26847846406250003 0.3950883 0.21580201875 0.3939230875 0.21463680625 0.39154465781250003 0.21284453124999997 0.3358248453125 0.3162382703125 0.39164328125000003 0.36860600312499997 0.3925811125 0.367668171875
0 0.4006122078125 0.26955818125 0.4680813203125 0.2983041234375 0.47125945312499995 0.29408659843749996 0.4826086046875 0.18699949531249999 0.4355570359375 0.163240946875 0.411294121875 0.15294195156249998 0.4006122078125 0.26955818125
0 0.547456565625 0.13304571874999999 0.498542928125 0.08413208125 0.49088475625 0.078361234375 0.4346147078125 0.185407340625 0.4908344203125 0.241018921875 0.4944854578125 0.23736788281250001 0.547456565625 0.13304571874999999
0 0.296222171875 0.38786426875 0.3568593046875 0.43032284687500005 0.36053143906249996 0.425449759375 0.3989003734375 0.3201234828125 0.3953513421875 0.3174490953125 0.3332257875 0.276762825 0.33248995625 0.2778137046875 0.296222171875 0.38786426875
0 0.3777331328125 0.42339741249999996 0.2766225203125 0.359180425 0.2178499765625 0.4165021734375 0.31925513125 0.48125328593749994 0.3777331328125 0.42339741249999996
1 0.111914828125 0.770953021875 0.1740886671875 0.6515699734375 0.17368046718750002 0.6512623734375 0.10727377499999999 0.6019036515625 0.0445335921875 0.7270702578125 0.108142921875 0.7759585109375 0.111914828125 0.770953021875
0 0.1260575953125 0.555672021875 0.07320240156249999 0.6209109421875 0.07125664375 0.6234013968750001 0.072227346875 0.6241597921875 0.19783895468749998 0.6887834359375 0.2254861234375 0.6539908890625 0.24961608124999998 0.6219693515625 0.246901790625 0.619848715625 0.1260575953125 0.555672021875
1 0.210553709375 0.5500522296875 0.28392046249999997 0.5790422140625 0.285296778125 0.57721578125 0.3064074734375 0.43461578437500004 0.2606744109375 0.4161384265625 0.233628721875 0.4061377015625 0.210553709375 0.5500522296875
1 0.267605178125 0.601429353125 0.29842007656249997 0.53591898125 0.29676064062499996 0.53466850625 0.29114124375 0.5321665906249999 0.1603172140625 0.4999023734375 0.128473928125 0.5759466296875 0.267605178125 0.601429353125
0 0.715902809375 0.205509278125 0.7720518968750001 0.149360190625 0.77485744375 0.145637103125 0.7740880453125001 0.14486770625 0.6322737734375 0.07527167812499999 0.5779914578125 0.1318018828125 0.715902809375 0.205509278125
1 0.792721075 0.13067208125000002 0.7968891625000001 0.1267852765625 0.8010743234375 0.12123138124999999 0.7370137953125 0.0525348765625 0.68550721875 0.013721887499999998 0.6325110234375 0.0593280359375 0.6293478078125 0.0635257640625 0.7743682734374999 0.14460160312499998 0.792721075 0.13067208125000002
0 0.5732088828124999 0.42288900625 0.452367740625 0.3340982609375 0.44352766875 0.3415159625 0.38913950937499997 0.3906966921875 0.3894146515625 0.3910245953125 0.5151867125 0.4731185796875 0.5383649125 0.45366976093750006 0.5732774578125001 0.42352803124999994 0.5734987140625 0.4232344140625 0.5732088828124999 0.42288900625
0 0.6417764390625 0.30147105937499996 0.68248553125 0.15999061718750002 0.6143046734375 0.119923725 0.571906609375 0.260595971875 0.6379255500000001 0.3065813625 0.6417764390625 0.30147105937499996
0 0.5517594734375 0.42871654687499994 0.5797784390625 0.2849034828125 0.5126817953125 0.24771120624999998 0.47923997187499995 0.389082409375 0.5477799046875 0.43399761249999996 0.5517594734375 0.42871654687499994
1 0.6471638734375 0.240908553125 0.5987481953125 0.18898909531250002 0.5907364984375 0.1829518484375 0.51982451875 0.31795352499999996 0.572145315625 0.371956840625 0.574601940625 0.3696660015625 0.6471638734375 0.240908553125
0 0.47628656718749995 0.4120476046875 0.4434884046875 0.38260337031249997 0.44291512187500004 0.3831766515625 0.364987621875 0.514807140625 0.421208853125 0.5684013640625001 0.425968759375 0.5636414578125 0.43440629375000006 0.5515962671875 0.50310895 0.43886998750000006 0.47628656718749995 0.4120476046875
0 0.21645680781249999 0.8875890890625 0.2382749765625 0.8603024015624999 0.2664536671875 0.8229080156249999 0.2571444984375 0.8158930546875001 0.143952584375 0.7468636953125001 0.0919885328125 0.8175621453125 0.21645680781249999 0.8875890890625
1 0.30296224375 0.7741089375 0.3204109046875 0.7500929171874999 0.316241565625 0.74695109375 0.20110081562499998 0.6863415828125 0.1519178234375 0.7575988640625 0.269761853125 0.8162879000000001 0.30296224375 0.7741089375
1 0.388151890625 0.667746040625 0.42138605625 0.589451253125 0.418314240625 0.587136475 0.2918806578125 0.565128203125 0.2585793421875 0.6408618171875 0.2595859734375 0.64128910625 0.388151890625 0.667746040625
1 0.23779607343750003 0.7349831796874999 0.312350525 0.767193453125 0.314696434375 0.7640803265625 0.34449746718749996 0.6358158921875 0.294845253125 0.6132974671875 0.2660201484375 0.6010619359375 0.23779607343750003 0.7349831796874999
1 0.46556255156250004 0.5327433796875 0.355605171875 0.49008573593750004 0.307713153125 0.5588403093750001 0.4326070265625 0.6030001578124999 0.47498552031249996 0.5398440953125 0.46556255156250004 0.5327433796875
0 0.9278944687499999 0.383923275 0.9824616953125 0.23749313593750002 0.9732004109375 0.23051425625 0.9149904624999999 0.1897552109375 0.8669296484375 0.349312503125 0.9219914921875001 0.3917567890625 0.9278944687499999 0.383923275
0 0.585375553125 0.88519485625 0.5818747531249999 0.8825568140625 0.4201412515625 0.8001279703125 0.3633833875 0.8700981046875 0.528536978125 0.9606221937500001 0.585375553125 0.88519485625
0 0.937714553125 0.276077809375 0.8686925765625 0.2380924921875 0.817441771875 0.4198341140625 0.87920914375 0.458916134375 0.8806125828125 0.4570537078125 0.8813898359375001 0.4557601421875 0.9382168562500001 0.2763796234375 0.937714553125 0.276077809375
0 0.6540706984375 0.655417634375 0.5975025578125 0.6141230609375 0.508057596875 0.7794823531249999 0.5756883187499999 0.8348528375000001 0.57959006875 0.83779301875 0.5828360140625 0.8337846125 0.6681646031249999 0.666830653125 0.6540706984375 0.655417634375
1 0.500439175 1 0.516605378125 0.9777491312500001 0.527962453125 0.9612751609375 0.523830559375 0.95816155625 0.5186987046875 0.954433046875 0.364776778125 0.8700998578125001 0.3120911296875 0.9509884265625 0.4078121421875 1 0.500439175 1
1 0.7556883859375 0.5048112921875 0.831566678125 0.542910321875 0.8342584828125 0.539338178125 0.8704912218749999 0.35467109375 0.8384540906250001 0.3390455421875 0.7946384984375 0.3183139203125 0.7556883859375 0.5048112921875
0 0.6415360359375 0.5434660234375001 0.6407155796875 0.5447294171875 0.5791126953125 0.7135780109375001 0.6496721296875 0.7635220390625 0.6527191328125 0.7594785296875 0.7184543718749999 0.5921079921875 0.68395671875 0.5697049562500001 0.6415360359375 0.5434660234375001
1 0.42433869375000005 0.780985078125 0.5786591875 0.8908713171875 0.6036813875 0.8658491171874999 0.6454575640625 0.8236375234375 0.645964553125 0.8229647265625 0.6417089078125 0.8187090796875 0.49396274843750004 0.7203160921875 0.42433869375000005 0.780985078125
0 0.8394980703125 0.5531555109374999 0.8738867640624999 0.5019698234375001 0.8698816656249999 0.4989517671875 0.6968556593749999 0.43387468125 0.6443068046875 0.5104711453124999 0.81983058125 0.57925515 0.8394980703125 0.5531555109374999
1 0.6215458171875 0.6128418640625 0.6762354453125 0.689039490625 0.679579025 0.6863319140625 0.7866479546875 0.537270046875 0.767028425 0.513041946875 0.7336449093749999 0.47259202343749995 0.7323641953125 0.47162693593749994 0.6337373921875 0.5967954609375 0.6215458171875 0.6128418640625
1 0 0.52196899375 0.01718344375 0.5357783453125 0.0234937453125 0.52740429375 0.0607617421875 0.4429149078125 0.00151345 0.3982681171875 0 0.40136534218750003 0 0.52196899375
0 0.013069228124999999 0.44116688125000003 0.0800194484375 0.47316265468749996 0.0823600265625 0.470056603125 0.0997174421875 0.3716988796875 0.046247521874999996 0.345485703125 0.033543051562499995 0.3398293078125 0.013069228124999999 0.44116688125000003
0 0.1169998484375 0.40231100625 0.1702448078125 0.3560258703125 0.174145071875 0.35085004531249997 0.1730308046875 0.34956822656250003 0.0961153390625 0.29469357500000004 0.032125534375 0.34270233125 0.1169998484375 0.40231100625
0 1 0.4532166234375 0.938238390625 0.42608606250000003 0.8796682578125001 0.4972515609375 0.8786908578125001 0.49854861250000004 1 0.54713084375 1 0.4532166234375
0 1 0.55812486875 0.88370176875 0.5006595125 0.8822600984375001 0.50226065 0.8267727421875 0.57096004375 0.9897302390625 0.653776840625 1 0.6423711171875001 1 0.55812486875
0 0.8635942234374999 0.7656520015625 0.8680328515625 0.7613656671875 0.967298175 0.6103651953125 0.9008301578125 0.5383194265625 0.8053221562499999 0.700995796875 0.8635942234374999 0.7656520015625
0 0.6859174765625 1 0.7402500859375001 0.9236187062500001 0.675804103125 0.8613839437499999 0.6683840578125 0.8557925390625 0.576096734375 1 0.6859174765625 1
0 0.649735953125 0.8109730234375 0.638874990625 0.82487441875 0.5916138953125001 0.8858673375 0.59278286875 0.8867806375 0.7638059796875 0.9720584499999999 0.7827075203125 0.9478655828125 0.8231218234375 0.8942339890625 0.8229520828125001 0.8941013734375 0.649735953125 0.8109730234375
0 0.8756294671875 0.78305710625 0.69259325 0.751400371875 0.6530164625 0.8398934234375 0.84245183125 0.8762000984375 0.8804475500000001 0.7866877921875 0.8756294671875 0.78305710625
0 0.8929102625 0.6561510312500001 0.8035910828124999 0.6163835703125 0.803335459375 0.6167227937499999 0.7668173406250001 0.8118766374999999 0.8521028921875 0.8479858734375 0.8535616859375 0.8460499890625 0.8929102625 0.6561510312500001
0 0.306578496875 0.17770126718749998 0.3076839859375 0.17623423437500002 0.3086882046875 0.1742633421875 0.328449890625 0.06794972031249999 0.293151465625 0.0499642734375 0.2658245453125 0.037060134375 0.2655972140625 0.0373618125 0.24252095156250003 0.14643001093750002 0.306578496875 0.17770126718749998
0 0.11981650625 0.24404405156250003 0.09217014375 0.3120223390625 0.092227484375 0.31206554999999997 0.1875049765625 0.323570015625 0.1879058140625 0.32267094687500003 0.2134321859375 0.26253458125 0.21127280625 0.260907371875 0.20901609843750002 0.25994945625 0.11981650625 0.24404405156250003
0 0.306277715625 0 0.2559212359375 0.0422476640625 0.359683025 0.09548415 0.4017315984375 0.0618140875 0.40545627812499996 0.0568712703125 0.4025315796875 0.053506790625 0.32117769687500003 0 0.306277715625 0
0 0.2204629390625 0.10250354375 0.2199593953125 0.1034119609375 0.198225965625 0.2013294578125 0.2623541078125 0.2389853265625 0.2635566859375 0.2373894515625 0.2857123734375 0.1358128 0.2663274671875 0.1250675703125 0.2204629390625 0.10250354375
0 0.217798628125 0.2955161328125 0.22052747187500002 0.2918948359375 0.22131397343749998 0.29041564062499997 0.23828105625 0.19796301249999998 0.21376277031250002 0.184265009375 0.1759268765625 0.1641473078125 0.17524030156249998 0.1650584234375 0.154988559375 0.25943594375 0.217798628125 0.2955161328125
1 0.3463913609375 0 0.3438267296875 0.0117315 0.3387053078125 0.0372327375 0.38960442500000003 0.0727147640625 0.3923637578125 0.06905300625 0.4135557125 0 0.3463913609375 0