0 0.628703259375 1 0.602115721875 0.902259678125 0.5968851 0.8955647875 0.5417569234374999 0.934763721875 0.5613194874999999 1 0.628703259375 1
0 0.5117749953125 0.9587100546875 0.6202398359375 0.9107942937500001 0.575102140625 0.8604845531249999 0.46625091406249997 0.907959646875 0.5117749953125 0.9587100546875
1 0.360079684375 0.76075135625 0.46855769062499997 0.7248323609375 0.4712899046875 0.722697721875 0.46928107656250007 0.7198288171875 0.42607818125 0.6614930625000001 0.317978715625 0.6963483921875 0.360079684375 0.76075135625
0 0.4032132078125 0.8191464671875 0.515913709375 0.8028385609375001 0.518414021875 0.8008851015625 0.5077625046875001 0.7790462546875 0.4813673890625 0.73294165625 0.3697269984375 0.750722953125 0.4032132078125 0.8191464671875
0 0.48918252031250004 0.9135971906250001 0.5457038296875 0.8796357609375001 0.5181557515625 0.7668786890625 0.514378853125 0.76204448125 0.47288895468750003 0.7866725015625 0.44879879687499996 0.801147328125 0.476342346875 0.9212176234375 0.48918252031250004 0.9135971906250001
1 0.2900736421875 0.63222060625 0.359053303125 0.7271072453125 0.36379310781249996 0.7234041046875 0.407623059375 0.6692786203125001 0.3426895125 0.5738748890625 0.3413409984375 0.5727828828125 0.2900736421875 0.63222060625
0 0.3213367203125 0.5098859765625 0.31845435625 0.5061967187499999 0.24806342812499999 0.54476013125 0.27991255625 0.6602279203125 0.352337715625 0.62122055 0.3213367203125 0.5098859765625
1 0.0610626703125 0.377753915625 0.187808371875 0.3275142296875 0.18996697812500002 0.3258277421875 0.1462261828125 0.2558278375 0.0194163515625 0.30838058125 0.017664246875 0.3097494765625 0.0610626703125 0.377753915625
1 0.0708004515625 0.367376971875 0.0720794640625 0.36978244375 0.1128030484375 0.44320844375 0.242955515625 0.4009911125 0.24465865625 0.40008553750000003 0.24663751562499997 0.39853948125 0.242719703125 0.3911711484375 0.2066084421875 0.32458399375 0.0722637734375 0.3662336984375 0.0708004515625 0.367376971875
1 0.2593758609375 0.600751178125 0.322504803125 0.55142944375 0.2637183890625 0.4259861921875 0.2615104203125 0.42316012187499996 0.199437215625 0.46874568125 0.2593758609375 0.600751178125
1 0.1573974390625 0.49651504375 0.2919235703125 0.471875775 0.2929311859375 0.47142715625 0.295766440625 0.4692120125 0.2646854046875 0.3949880640625 0.12628027343749998 0.42912195468750003 0.125853709375 0.4294552234375 0.1573974390625 0.49651504375
1 0.616758134375 0.8188360265625001 0.69611299375 0.9555119124999999 0.7030762046875 0.9500716562499999 0.7525215078125 0.893191340625 0.6714065796875001 0.7639957625 0.6686153765625 0.76156940625 0.616758134375 0.8188360265625001
0 0.6712881687500001 0.847941871875 0.7391043500000001 0.9477003156249999 0.7608998125 0.9306718343749999 0.7877831375000001 0.896262746875 0.7831426125000001 0.8903231453125 0.6902842609375 0.8177742484375001 0.6712881687500001 0.847941871875
0 0.4185543640625 0.6304860515625 0.42858750468749995 0.647184 0.5705522375000001 0.6114371921874999 0.5739461015625 0.6087856140625 0.54130959375 0.5496119703125 0.5332492281250001 0.5361972671874999 0.3897149078125 0.580923628125 0.4185543640625 0.6304860515625
0 0.726450878125 0.7806186296875001 0.68155660625 0.731523521875 0.6726036015625 0.7231747093750001 0.537884253125 0.79496455625 0.5376791843750001 0.7951844671875 0.5980739171875 0.851781815625 0.7251755859375 0.7819862125 0.726450878125 0.7806186296875001
0 0.5250937312499999 0.5636739484375 0.47325286406249994 0.6149649421875 0.54022196875 0.7521214109375001 0.5484687296875 0.7456783359375 0.597766684375 0.6904690812500001 0.53083945 0.566217759375 0.526968471875 0.562209240625 0.5250937312499999 0.5636739484375
0 0.53714051875 0.7797225937500001 0.6754753234375 0.7336949125000001 0.6805628875 0.729720071875 0.6423428015625 0.6771146359375 0.636444290625 0.6695648859375 0.4898583328125 0.713574803125 0.53714051875 0.7797225937500001
0 0.419381321875 0.43404197343749995 0.3612074265625 0.490054484375 0.43494402499999996 0.6020484640625 0.446627065625 0.6175462781250001 0.4474929921875 0.61835376875 0.4528186953125 0.6141928734375 0.46788790625 0.598788771875 0.50236745 0.5618139890625 0.42233392031249994 0.43679531562499996 0.419381321875 0.43404197343749995
0 0.25367544999999997 0.17706646718750002 0.26033737343749996 0.170404540625 0.2572370203125 0.1664362703125 0.20120684375 0.11353536093750001 0.0876957484375 0.20020344375 0.1489934125 0.2629818640625 0.25367544999999997 0.17706646718750002
1 0.2280109296875 0.3361650203125 0.2828252390625 0.29690141875 0.29801021875 0.2850376125 0.2363370125 0.1726784484375 0.2317293828125 0.1667809515625 0.16727416875 0.219363203125 0.2280109296875 0.3361650203125
0 0.3036500375 0.450745046875 0.415471059375 0.3994826046875 0.42261437500000004 0.3939016359375 0.3752343234375 0.3286885890625 0.25476090625 0.37951544375 0.253901775 0.3801396390625 0.3036500375 0.450745046875
1 0.3460521828125 0.36186692656249997 0.303186328125 0.23793830468750002 0.3004914328125 0.2344889953125 0.2295695046875 0.274396221875 0.2716375484375 0.40463361249999996 0.299025784375 0.3894520640625 0.3460521828125 0.36186692656249997
0 0.3886700703125 0.36886796718750003 0.38811961093749997 0.369298034375 0.32878552499999997 0.4263161984375 0.3935443828125 0.5375669015625 0.40524985312500006 0.5284215859375 0.44267114531249996 0.49369368125 0.4523398671875 0.48467745156250003 0.390730853125 0.371077884375 0.3886700703125 0.36886796718750003
0 1 0.656654309375 0.9774787140625 0.6341330234375 0.8158236765625 0.72911934375 0.8173207484375 0.7310355093750001 0.8689797015625 0.7781624140625001 1 0.712085428125 1 0.656654309375
0 0.42930024062500005 0.21314695625 0.572280346875 0.1025274890625 0.5754958125 0.09919777656249999 0.5694673046875 0.0914816390625 0.5467386578125 0.06953283906249999 0.51127564375 0.037655578125 0.3599812765625 0.1476017765625 0.42930024062500005 0.21314695625
0 0.81243130625 0.7148363921875001 0.9781597796874999 0.6459249687499999 0.9868784921874999 0.6391131640625 0.9566386453125 0.5974915875 0.9448346000000001 0.5820093078124999 0.7682513609375 0.6489049125 0.81243130625 0.7148363921875001
0 0.693739825 0.2832001078125 0.698497159375 0.2794832703125 0.6528973828125 0.2005021390625 0.47601530312499996 0.2628252 0.5161456421875 0.34114785937500003 0.693739825 0.2832001078125
1 0.3954390859375 0 0.3082618640625 0.0760859640625 0.3789512390625 0.1418259828125 0.5078989828125 0.0227607671875 0.5150587453125001 0.0142280953125 0.513800703125 0.0126178765625 0.5002271656249999 0.0006436921875000001 0.49946004374999997 0 0.3954390859375 0
0 0.7484554796875 0.6311684984375 0.92009304375 0.5683555359375 0.9273319484375 0.562699884375 0.8845908093749999 0.5016592140625 0.87919701875 0.4941423203125 0.7010888796875 0.5617875078125001 0.7484554796875 0.6311684984375
0 0.5928058578125001 0.44793273750000007 0.5954827093749999 0.45002412031250005 0.6705863328125 0.5019668625 0.6864175171875 0.4894970953125 0.8091868640625 0.38923885937499997 0.809609484375 0.3886979296875 0.8082391531249999 0.3869439859375 0.76146750625 0.3496961078125 0.743328134375 0.33552407500000003 0.5932868078125 0.44731714843750003 0.5928058578125001 0.44793273750000007
0 0.611552853125 0.2392150359375 0.5629208234374999 0.3008789859375 0.5556276984374999 0.3105572921875 0.6774891953125 0.44857524531250004 0.68012525 0.446515734375 0.6879679390625 0.43610813281249994 0.7285409515625 0.3775307953125 0.6135874593749999 0.24074822031249998 0.611552853125 0.2392150359375
1 0.46341322656250006 0.2714005484375 0.638058709375 0.20971534531249997 0.6414535578125 0.207063 0.59201531875 0.13073594375 0.41723969843750003 0.1863863171875 0.41695115156250007 0.18654626093749999 0.46341322656250006 0.2714005484375
1 0.8721736328125 0.4695884 0.8273366109375001 0.4261305078125 0.8036506609374999 0.4048035828125 0.6457509015625 0.5089159203125 0.7130767375 0.5729130484375 0.8689205671875 0.473201296875 0.8721736328125 0.4695884
1 0 0.6021967265625 0.0045026640625 0.6115100531250001 0.0304091640625 0.5912696765625001 0.0648931875 0.5615176749999999 0.0183304140625 0.4741016171875 0.016630890625 0.4720028796875 0 0.48593633281250004 0 0.6021967265625
0 0.05479006875 0.530581565625 0.0543649765625 0.5309136859375 0.0074149125 0.585144940625 0.06307990625 0.6708350671875001 0.0676592875 0.6672572609375 0.0810042859375 0.652946503125 0.1143183234375 0.61523441875 0.058993715625 0.5345015281250001 0.05479006875 0.530581565625
0 0.17423800312499998 0.6639392843749999 0.1774510453125 0.6607262421875 0.17556254843750002 0.6583090765625 0.11836809687500001 0.6088018500000001 0.035055853125 0.6598669015625 0.0899412265625 0.714752271875 0.17423800312499998 0.6639392843749999
0 1 0.3905370328125 0.9383779999999999 0.41727329218750003 0.9631718265625 0.6002948406249999 1 0.5846622078125 1 0.3905370328125
0 1 0.348167575 0.9997415078125 0.34776953125 0.825834884375 0.4040745484375 0.8698921468749999 0.480608271875 0.8710655953125 0.482415225 1 0.4422691515625 1 0.348167575
0 1 0.5320468171875 0.9340456156249999 0.543673725 0.9336812484375001 0.5438593796875 0.93327341875 0.5441780109375001 0.9407376640624999 0.55882741875 0.9761666921875 0.6256792859375 1 0.6210901093750001 1 0.5320468171875
0 0.8872939265625 0.2343374125 0.881381203125 0.2267694703125 0.8049649109375 0.2829150828125 0.8760149687500001 0.455978459375 0.9466718406249999 0.402787028125 0.8872939265625 0.2343374125
0 0.5652489 0 0.527864315625 0.00768599375 0.565111434375 0.0992465453125 0.748449703125 0.052086175 0.75174190625 0.049514025 0.7307244484375001 0 0.5652489 0
0 0.62658968125 0.1653118046875 0.6361977265625 0.1801068984375 0.815852821875 0.112447021875 0.8170716656250001 0.11149475625000001 0.763873203125 0.0295763078125 0.5861064421875 0.09960899375 0.5849008921875 0.100550871875 0.62658968125 0.1653118046875
0 0.6448216125 0.170723290625 0.6948141296875 0.2573128671875 0.8702407624999999 0.200822009375 0.8773175312499999 0.19529303125 0.8729641046875001 0.1877526765625 0.8290554109375 0.114951903125 0.6450393265625001 0.1705531953125 0.6448216125 0.170723290625
0 0.928551109375 0.2363857828125 0.89462300625 0.19295979218749998 0.8620492140625 0.16751035625 0.710295746875 0.2935274984375 0.7830374484375 0.3525431765625 0.928551109375 0.2363857828125
0 0.5511656671875 0 0.58278615625 0.0648397734375 0.6126531203125001 0.044694253125 0.666738125 0.00471235 0.6642928890625 0 0.5511656671875 0
0 0.265130565625 0.9460161656249999 0.3637289125 0.8989237375 0.3659526609375 0.8969214671874999 0.35288503437499996 0.8801956656250001 0.34329162812499997 0.8691676656249999 0.3192432765625 0.8424592656250001 0.2200898796875 0.89286335625 0.265130565625 0.9460161656249999
0 0.14343524375 0.768035246875 0.2208784 0.714040371875 0.220984796875 0.7139089828125 0.2168633421875 0.7086337609375 0.20611451249999999 0.6996563109375 0.1652236765625 0.666543565625 0.0895000671875 0.7259404375 0.14343524375 0.768035246875
0 0.36421599375 1 0.37386084999999997 0.9938994109375001 0.35771381562500004 0.8813003828125 0.356072753125 0.87919991875 0.29364010937499996 0.9167196171875001 0.3149192375 1 0.36421599375 1
0 0.27662855625 0.877407825 0.291362334375 0.8697635968749999 0.2750074375 0.7721802328125 0.2739738546875 0.770061075 0.20724410781249997 0.7986557734375 0.22432606093750002 0.90291745625 0.27662855625 0.877407825
0 0.24801537499999998 0.801286278125 0.2197511171875 0.714867865625 0.2152039421875 0.7090477468749999 0.15875349375 0.7488565375 0.18656491718749998 0.84335585 0.2352677171875 0.8105053968749999 0.24801537499999998 0.801286278125
0 0.4501736875 1 0.43319209374999995 0.97563983125 0.42674073437500004 0.966760296875 0.4014687890625 0.9718356703125 0.31121862031249997 0.991565315625 0.31681987968750003 1 0.4501736875 1