0 0.372800675 1 0.419678228125 0.9435207546875001 0.38328569843750004 0.88433138125 0.37921099687500004 0.886977521875 0.30980935781249996 0.9751158343749999 0.3253707171875 1 0.372800675 1
0 0.418150896875 0.8262155734375 0.36278573281250004 0.931073765625 0.410236915625 0.9800271234375 0.4651894375 0.8747527484375001 0.418150896875 0.8262155734375
1 0.6314292015625 0.6846205078125001 0.5661841171875001 0.6451485156250001 0.5652075062499999 0.646159825 0.5345346859375 0.7540428640625 0.5943426656249999 0.7951835546875 0.5983021796875 0.7977548921875 0.6314292015625 0.6846205078125001
0 0.6015270421875 0.7587811906249999 0.491776715625 0.73535360625 0.4630048453125 0.78001360625 0.4515230734375 0.8007272734375 0.454395059375 0.80350071875 0.565312178125 0.8255305484375001 0.6021140296875 0.7593480375 0.6015270421875 0.7587811906249999
0 0.43094431406249994 0.7901555890624999 0.38870936562499997 0.8551917046874999 0.3909614984375 0.8573665625 0.504670059375 0.8893911140625 0.5482775984375 0.8214352140625 0.5482354984375 0.8214078734375001 0.43094431406249994 0.7901555890624999
1 0.5571288828125 0.6548810359374999 0.558687075 0.65687543125 0.6522705984375 0.7229890609375 0.7120564703125 0.6762792171875 0.617269746875 0.6048107968750001 0.5571288828125 0.6548810359374999
0 0.6128225984375 0.6111236484375 0.7194154375 0.6617839171875 0.770764134375 0.597726865625 0.6622236625 0.545816578125 0.611581865625 0.6099254859375 0.6128225984375 0.6111236484375
1 0.9368664062500001 0.281205496875 0.8387620671875 0.3739053015625 0.8760787921875 0.43258205624999996 0.8807520625 0.43977826249999996 0.88298260625 0.4419322734375 0.9863291468750001 0.34726638125 0.9410273078125 0.27850337812500003 0.9368664062500001 0.281205496875
1 0.7684035812500001 0.3970978078125 0.8652040109374999 0.493801709375 0.9348236984374999 0.44686678437499994 0.9374125734375 0.445054034375 0.93670601875 0.4440449703125 0.835477165625 0.3455197921875 0.7730718609375 0.3884552125 0.7722306921875 0.3890442046875 0.766743253125 0.3947266140625 0.7684035812500001 0.3970978078125
1 0.7635198421875 0.45037168281250006 0.6670374906250001 0.5597286718750001 0.695328975 0.6001331015625 0.7111793703125 0.621392584375 0.7128156953125 0.6229727640625 0.810298415625 0.515121225 0.76398493125 0.45004602499999996 0.7635198421875 0.45037168281250006
1 0.8508548781249999 0.433033103125 0.7791639453125 0.3953604546875 0.7771016828125 0.3974959890625 0.7403634765625 0.5310641453125 0.77673408125 0.5522250765625001 0.8048342859375 0.5678012734375 0.8508548781249999 0.433033103125
1 0.2713649046875 0.7412571859375 0.225308165625 0.890598546875 0.2672513265625 0.9210720374999999 0.2892717765625 0.9363982515625 0.28934337499999996 0.9363241078125 0.34062614999999996 0.7884161078125 0.2735925453125 0.738950396875 0.2713649046875 0.7412571859375
0 0.32649750312500003 0.8885160234375 0.16805125781250002 0.8394444125 0.1529956203125 0.8568853015625001 0.15170135625 0.8587337046875 0.1990240359375 0.9044326843749999 0.2462473796875 0.9374988265624999 0.2756788140625 0.95752964375 0.3274940609375 0.8894783875 0.32649750312500003 0.8885160234375
0 0.5612893875 0.647392209375 0.6000145953125 0.58512525 0.599659728125 0.5848858890625 0.456131696875 0.5406395640625 0.43921219999999994 0.565723746875 0.4142030140625 0.603950046875 0.415825840625 0.605517190625 0.5548363609375 0.6569592171874999 0.5612893875 0.647392209375
0 0.29355695000000004 0.7095217359375 0.2404375671875 0.77282695 0.24094125625 0.77331335625 0.38312185 0.8280407890625 0.4287741078125 0.7638987921875 0.42793476874999997 0.7631945015625 0.29355695000000004 0.7095217359375
0 0.38481212343750004 0.6838314984375 0.42305653750000005 0.7297948484375001 0.44056856718750004 0.74670601875 0.51188515 0.6127188234375 0.46024293125 0.5579279390624999 0.456034896875 0.5619915921875 0.38481212343750004 0.6838314984375
0 0.3486719390625 0.65144790625 0.29632135000000004 0.71167036875 0.29934768906250003 0.7145928703125 0.43878728125000005 0.77011499375 0.48759740156250003 0.711752403125 0.48726797499999996 0.7114342796875001 0.3486719390625 0.65144790625
0 0.4872442484375 0.528316778125 0.5964897140625001 0.6058411171875 0.5982975359375 0.6042696015625 0.655339371875 0.5490223296875001 0.5288943875000001 0.46170822187500005 0.5248501421875 0.46522383281249996 0.472194865625 0.51325479375 0.48063084062500006 0.522959271875 0.4872442484375 0.528316778125
0 0.9414414046875 0.24637778125 0.841481746875 0.14149539375 0.789222184375 0.182325040625 0.780420021875 0.189372803125 0.7737300796875 0.19630044062500002 0.7761134140625 0.1993509671875 0.8745450031249999 0.295616134375 0.9414414046875 0.24637778125
1 0.8752852859375 0.2781056546875 0.7598449921875 0.21474123750000002 0.748066759375 0.230371478125 0.7099752296874999 0.2835495140625 0.7141336671875 0.2875652703125 0.825809759375 0.3456366609375 0.8784265375 0.281139125 0.8752852859375 0.2781056546875
0 0.662170503125 0.3275689140625 0.6118763796875 0.4412004234375 0.6748103750000001 0.489904328125 0.6773369078125 0.49180820937499997 0.677771615625 0.49135805625 0.7353570281249999 0.3713201171875 0.667690340625 0.3218529546875 0.662170503125 0.3275689140625
1 0.724474384375 0.42787902187500004 0.7991604125 0.31748550937500003 0.7403502203125 0.2578579828125 0.73244461875 0.2660444734375 0.6649397593749999 0.370387103125 0.724474384375 0.42787902187500004
0 0.671840090625 0.43188123437500003 0.612871265625 0.3808690765625 0.6094426546875 0.38441950625 0.5503831484374999 0.49454832499999996 0.61081928125 0.5486979046875 0.6128069390625 0.5504257484374999 0.671840090625 0.43188123437500003
0 0 0.6753732953125 0.0942145546875 0.7501484109375001 0.0981661484375 0.7471706703125001 0.16009951718749998 0.6987264328125 0.0059938843749999995 0.5917677046875001 0 0.5958676953125 0 0.6753732953125
0 0.4932828546875 0.0768870734375 0.4605084078125 0.1273552984375 0.46447436875000003 0.13118518125 0.6309525921875 0.201871740625 0.682691328125 0.12811281875 0.51160124375 0.0493186484375 0.4932828546875 0.0768870734375
0 0.0356722234375 0.54922578125 0.00124739375 0.5874584265625 0.0092063171875 0.59514426875 0.1668237078125 0.68100153125 0.21765334531249997 0.62004929375 0.04902994375 0.535062175 0.0356722234375 0.54922578125
0 0.33050571562500003 0.26246883125 0.49923063437500004 0.34140176875 0.548606978125 0.268553575 0.3806386234375 0.18513855625 0.3257944578125 0.257919221875 0.33050571562500003 0.26246883125
1 0.6221414421875 0 0.5428635484375001 0.0954291484375 0.5490997421875 0.10211665 0.6119143078125 0.162940709375 0.7223601984375 0.0221526390625 0.701702528125 0 0.6221414421875 0
0 0.17726657343750002 0.6373793015625 0.1889061421875 0.644373059375 0.2424381546875 0.45891611875000005 0.1714225046875 0.4173822234375 0.1696713390625 0.419195609375 0.16854285468750002 0.4210737203125 0.1148658328125 0.598897640625 0.17726657343750002 0.6373793015625
0 0.4231281734375 0.4057303859375 0.47804255468749995 0.3624214875 0.4776588515625 0.36191229687500004 0.3393834234375 0.24570419375000002 0.2767179875 0.2891087875 0.27314679375 0.29179987500000004 0.2683507375 0.2967663359375 0.4062047609375 0.41848309375000003 0.4231281734375 0.4057303859375
1 0.6152597046875 0.20088492812499997 0.614996228125 0.20068638125 0.4496665453125 0.1212535296875 0.38920695625 0.19097184218750002 0.389517121875 0.19120557031250002 0.5574403625000001 0.278447146875 0.6152597046875 0.20088492812499997
1 0.1647524984375 0.41324440625000003 0.12910619843749999 0.46330735 0.13375516406250001 0.467796803125 0.3036625859375 0.53782463125 0.35821465468749997 0.4596111328125 0.1823224125 0.38992834374999996 0.1647524984375 0.41324440625000003
0 0.373889625 0.45891726874999994 0.41830120937500004 0.38635030625 0.41812238125 0.3861776125 0.2675371203125 0.3336309328125 0.2483957609375 0.327327771875 0.193885675 0.40422484843750006 0.19472009375 0.4050306375 0.195243853125 0.40535791874999993 0.373889625 0.45891726874999994
1 1 0.5613216375000001 0.9570990374999999 0.542398159375 0.9119692593750001 0.6002521953125 0.91433211875 0.6025339828125 1 0.6443953328124999 1 0.5613216375000001
0 0.8646507453125001 0.6479366843750001 0.858431165625 0.6571575890625 0.861293859375 0.6599220609375 0.9547295171875 0.6939447750000001 0.9981001484375 0.6345036984375 0.901363196875 0.5965499515625 0.8646507453125001 0.6479366843750001
0 0.8101663374999999 0.7082946640625 0.8930844640625001 0.7544103328125 0.94602093125 0.6976429234375 0.860977296875 0.6495165375 0.8040447921875 0.7023831578124999 0.8101663374999999 0.7082946640625
0 0 0.5463471890625 0.00924391875 0.5538327671875 0.0101283203125 0.5529169421875 0.0791786828125 0.3804991640625 0.0123261640625 0.3257102984375 0.0106576015625 0.32743814531250004 0 0.35169973906249996 0 0.5463471890625
0 0 0.38414370625 0.1302189890625 0.4456838375 0.131632496875 0.44405778281249997 0.1859124328125 0.3744004640625 0.021534403125 0.29444028125 0.00735264375 0.31075452812500004 0 0.3194903046875 0 0.38414370625
0 0.1425970109375 0.1953095015625 0.065936596875 0.35662965 0.130646384375 0.41691534687500004 0.2193972703125 0.2522267828125 0.1492684109375 0.188401065625 0.1425970109375 0.1953095015625
0 0.30163645156249996 0 0.3066972296875 0.0048871375 0.460434278125 0.10327303750000001 0.522950996875 0.0392726578125 0.467741125 0 0.30163645156249996 0
0 0.32725509062499997 0 0.265034759375 0.1492040640625 0.315477971875 0.18452478125 0.3429404078125 0.203590884375 0.34330578749999996 0.20306906875 0.41993173281249996 0.026861396875 0.38156968281250003 0 0.32725509062499997 0
0 0.1947066015625 0.10311022031249999 0.15741334375 0.14310234375 0.1641653515625 0.1496226828125 0.3221889640625 0.2401691859375 0.3896453875 0.170548978125 0.22471405 0.0720365984375 0.1947066015625 0.10311022031249999
0 0.163252621875 0.1363934125 0.1337408578125 0.15949417500000002 0.09539150625000001 0.199206090625 0.2392455359375 0.322968378125 0.31702419375 0.2643579546875 0.317431475 0.2639362 0.163252621875 0.1363934125
0 0.6536616046875 0.8492221531249999 0.6153231484374999 0.9464006484375 0.646541259375 0.970790909375 0.6709867093749999 0.9887329781249999 0.6711027015625 0.9886128640624999 0.7146480765625001 0.8857582765625001 0.6589445625 0.843751490625 0.6536616046875 0.8492221531249999
0 0.8848647984375001 0.766476096875 0.8146061171874999 0.7007055 0.77098491875 0.7301283703125 0.7572650109375 0.739688378125 0.754562309375 0.7424871078125 0.7550235578125 0.7431709375 0.8274660578124999 0.8037099624999999 0.8848647984375001 0.766476096875
0 0.6256603187499999 1 0.6567545328125 0.9393951156250001 0.61896928125 0.8922073265625 0.6158446421875 0.8949235359375001 0.5560334953125 0.9858628156250001 0.5683227625 1 0.6256603187499999 1
0 0.7101923546875 0.9289499250000001 0.7684575 0.847308321875 0.7239507046875 0.787333221875 0.722491234375 0.7884734843750001 0.6623264375 0.873433059375 0.6759718421875001 0.8908983828125001 0.70937389375 0.929589378125 0.7101923546875 0.9289499250000001
0 0.7502855390625001 0.8503746453125001 0.7882011859375 0.8713916312500001 0.8103627109374999 0.776240909375 0.7488142765625 0.7394421421875 0.744965275 0.7434278984375 0.7445880703125 0.74410839375 0.72601005 0.8362508249999999 0.7502855390625001 0.8503746453125001
0 0.6038516046875 1 0.6101320703125 0.9836906953125 0.551893034375 0.9388614421874999 0.5513447031250001 0.9394292562500001 0.5335964640624999 1 0.6038516046875 1