0 0.69609375 0.265625 0.0890625 0.15625
0 0.528125 0.2765625 0.08125 0.128125
0 0.60625 0.27265625 0.084375 0.1359375
0 0.44140625 0.28359375 0.0984375 0.1359375
0 0.1921875 0.29921875 0.1 0.1453125
0 0.94375 0.2609375 0.084375 0.153125
0 0.78515625 0.2703125 0.0890625 0.15625
1 0.36796875 0.29375 0.0890625 0.14375
0 0.8640625 0.26796875 0.084375 0.1515625
1 0.28125 0.30390625 0.0875 0.1515625
1 0.10390625 0.31875 0.0953125 0.13125
0 0.5796875 0.415625 0.0875 0.15625
0 0.48515625 0.42265625 0.0953125 0.1421875
1 0.31171875 0.434375 0.0890625 0.128125
0 0.66640625 0.415625 0.0953125 0.15625
0 0.83828125 0.40859375 0.0921875 0.1578125
1 0.225 0.44140625 0.09375 0.1421875
1 0.396875 0.43359375 0.090625 0.1359375
0 0.93046875 0.40546875 0.0953125 0.1671875
1 0.7484375 0.41875 0.103125 0.14375
0 0.04921875 0.45859375 0.0921875 0.1359375
1 0.1375 0.4546875 0.096875 0.1375
0 0.13125 0.075 0.078125 0.115625
0 0.05234375 0.08125 0.0734375 0.11875
0 0.896875 0.04765625 0.08125 0.0953125
0 0.453125 0.06171875 0.078125 0.1234375
0 0.37265625 0.06640625 0.0796875 0.1234375
0 0.87265625 0.69609375 0.0953125 0.1734375
0 0.9578125 0.69765625 0.084375 0.1609375
0 0.77265625 0.7109375 0.0984375 0.165625
1 0.2140625 0.078125 0.0875 0.13125
0 0.528125 0.0625 0.078125 0.125
0 0.75703125 0.05703125 0.0765625 0.1140625
0 0.29375 0.07578125 0.084375 0.1328125
0 0.678125 0.7203125 0.10625 0.171875
1 0.103125 0.75859375 0.1125 0.1828125
1 0.58828125 0.7359375 0.1109375 0.159375
1 0.30234375 0.75234375 0.1046875 0.1703125
0 0.20390625 0.7609375 0.1109375 0.165625
0 0.39609375 0.75234375 0.1140625 0.1734375
0 0.496875 0.753125 0.096875 0.175
0 0.6046875 0.0609375 0.084375 0.121875
0 0.68203125 0.05859375 0.0796875 0.1171875
1 0.8265625 0.0546875 0.084375 0.109375
0 0.84765625 0.89453125 0.0984375 0.1796875
0 0.94453125 0.88984375 0.1109375 0.1796875
0 0.54765625 0.9109375 0.1046875 0.178125
0 0.74921875 0.9015625 0.1046875 0.178125
0 0.3390625 0.91796875 0.1125 0.1640625
0 0.44765625 0.91484375 0.1109375 0.1703125
0 0.653125 0.909375 0.109375 0.171875
0 0.2390625 0.9234375 0.103125 0.153125
0 0.134375 0.9265625 0.115625 0.146875