0 0.6110270812499999 0 0.5808450609375 0.07036053437499999 0.6284987140625 0.1147673875 0.6339618171875 0.1089089265625 0.6787928328125 0.011405875 0.66673768125 0 0.6110270812499999 0
0 0.6530729375 0.0851295921875 0.542429834375 0.0501074796875 0.5027982062499999 0.1048597953125 0.6156774265625 0.1411754046875 0.654962078125 0.0868912453125 0.6530729375 0.0851295921875
1 0.4883222984375 0.2743662796875 0.490672390625 0.27124760000000003 0.48918941875 0.26986470625000003 0.3806156046875 0.22965759531250002 0.336292653125 0.292552025 0.44310983281249994 0.331158740625 0.4883222984375 0.2743662796875
0 0.476538628125 0.15875380781249998 0.4546866328125 0.14401445156249998 0.42194955 0.25644990624999997 0.48330879375 0.29795724843750004 0.48580233125000005 0.29528325781250003 0.48658181562499997 0.294127625 0.5181923796875 0.19105370625 0.476538628125 0.15875380781249998
0 0.6059098625 0.1733568828125 0.5109318125 0.09936562812500001 0.4457242984375 0.1438588921875 0.5404716484375001 0.21984511874999998 0.6000042624999999 0.1796898640625 0.6059098625 0.1733568828125
0 0.31502359375 0.3760945765625 0.378917153125 0.4144857015625 0.38084679375 0.4124164140625 0.412809325 0.3010671671875 0.3441870265625 0.2626825296875 0.3435262921875 0.2637821765625 0.31502359375 0.3760945765625
0 0.251946646875 0.43130808125 0.31865131406249997 0.476821840625 0.3213786890625 0.4738970875 0.363538459375 0.36643008125 0.35357715 0.359192765625 0.296159084375 0.31941092968749996 0.251946646875 0.43130808125
1 0.031083442187499997 0.693145721875 0.102133159375 0.7319197453124999 0.1058931625 0.7278876375000001 0.1488712234375 0.6003464046875 0.08837544375 0.5660570468749999 0.078126265625 0.5603758359375 0.031083442187499997 0.693145721875
1 0.12878613125 0.666585265625 0.1377615609375 0.6749549890625001 0.1430826671875 0.6698164546875 0.22126305156249998 0.562097428125 0.1995695421875 0.5388228640625 0.172541278125 0.5108342765625 0.16061401250000001 0.499711921875 0.079457034375 0.6146546890625 0.12878613125 0.666585265625
1 0.26377633437500003 0.553996540625 0.3257983703125 0.42744511718749995 0.263525415625 0.3770174734375 0.200646034375 0.5093160875 0.26192260312500004 0.555984425 0.26377633437500003 0.553996540625
1 0.2496033796875 0.5837365875 0.2965350296875 0.5281836609375 0.2950684109375 0.5268160156249999 0.2902639953125 0.5229254765625 0.1722482796875 0.4579008875 0.1218083265625 0.52311235 0.2496033796875 0.5837365875
0 0.7467362171875 0.229107525 0.8032094531249999 0.181720853125 0.8102886234375 0.17412937343749998 0.8099853046875 0.173767890625 0.6747763703125 0.0920767703125 0.615773684375 0.14366084375 0.7467362171875 0.229107525
0 0.75130615 0.20072335156249999 0.781860725 0.0800438796875 0.7416580625 0.054922467187500004 0.6782327640625 0.1594897328125 0.746410465625 0.20597333125 0.75130615 0.20072335156249999
0 0.5592167703125 0.3710866421875 0.5334748953124999 0.34534476875000003 0.497784596875 0.3120630265625 0.42669002968749997 0.4450252640625 0.48132803749999997 0.49814788749999994 0.4828893390625 0.49658658750000007 0.5592167703125 0.3710866421875
0 0.5619412374999999 0.22447507031249997 0.701134528125 0.2866006859375 0.7113553625 0.2756401828125 0.75104924375 0.2256323078125 0.7496816609375 0.22435701562500002 0.6180209125 0.163597596875 0.561721328125 0.22427000000000002 0.5619412374999999 0.22447507031249997
0 0.574338 0.41194964218749996 0.6370378171875 0.3667913 0.6409064359375 0.36264271406250004 0.637455425 0.3585299609375 0.5122627203125 0.280225590625 0.45272689843749997 0.3289646109375 0.574338 0.41194964218749996
0 0.6398911796875 0.3515557296875 0.684049034375 0.31179581875 0.698489034375 0.29631081406250004 0.6978628687499999 0.2956153875 0.564909425 0.22279086874999998 0.50922781875 0.27488476875 0.6398911796875 0.3515557296875
0 0.4824839515625 0.40750305156250005 0.45127173125000003 0.376382646875 0.45066923125 0.3769251390625 0.3659595203125 0.5042968218749999 0.419298796875 0.560759990625 0.42430129375 0.556255721875 0.4333576609375 0.5446686234375 0.5078658 0.43569245156249997 0.4824839515625 0.40750305156250005
0 0.177818425 0.7016263734375 0.0848906609375 0.784240371875 0.1073026796875 0.8174675546874999 0.13912830625 0.8471454328125001 0.2270897859375 0.774316990625 0.1833604609375 0.7094856015625 0.17810979375 0.7018980796875 0.177818425 0.7016263734375
1 0.2928212140625 0.7396656515625 0.2902094671875 0.7365530953125 0.1931854421875 0.6537618109375 0.1275608421875 0.7046518953125 0.12664853125 0.7056302296875 0.22801447343749998 0.7961412359375 0.2430068671875 0.7835611234375001 0.2928212140625 0.7396656515625
0 0.393633628125 0.5694415 0.35956074375 0.5356813093749999 0.33412674375 0.5119637203125 0.26255711718749997 0.623752421875 0.324447553125 0.68180711875 0.32971039375 0.6763572875 0.393633628125 0.5694415
1 0.30007055781249997 0.72786839375 0.318814065625 0.70804449375 0.3228934875 0.70366985 0.3570183578125 0.66577034375 0.3520357453125 0.6611239828125 0.24104462187500003 0.5946945328125001 0.185234209375 0.6558873515625 0.30007055781249997 0.72786839375
0 0.37416426875000003 0.61816825 0.4527856609375 0.51560505625 0.444646425 0.5051873078125 0.4096418578125 0.4606051015625 0.4028807828125 0.45430029687499995 0.32162276562500003 0.5539196265624999 0.371726946875 0.6200724937500001 0.37416426875000003 0.61816825
0 0.954283778125 0.4321044953125 0.9543887546875001 0.43192266874999996 0.9965226250000001 0.2793511078125 0.9879216734374999 0.2713305921875 0.9257637890625 0.2354437203125 0.8917921953124999 0.39858262187500004 0.9504974578125 0.4361648265625 0.954283778125 0.4321044953125
0 0.5236688046875 0.8285228828125 0.476396540625 0.783501646875 0.45441029374999997 0.7629991406250001 0.35270819375 0.919570453125 0.41546095781250003 0.9824284921875 0.4214100671875 0.9760488546874999 0.5236688046875 0.8285228828125
0 0.896633896875 0.4962174859375 0.8969686234375001 0.49585853437500005 0.8977626125 0.494483303125 0.945295259375 0.3139206046875 0.9033755671874999 0.2884102484375 0.8819163812499999 0.27602078125 0.8815271359375 0.2764381953125 0.827035728125 0.45948279062499997 0.896633896875 0.4962174859375
0 0.46082071718749995 0.6906682015625 0.5993188484374999 0.8247470484375 0.61775748125 0.8123100359375 0.6693422890625 0.77362034375 0.6648564328125001 0.7669697859375 0.53854984375 0.6388446078125 0.46082071718749995 0.6906682015625
1 0.44444345468749996 1 0.47812115625 0.952041728125 0.47109971875 0.9465559812500001 0.3171685859375 0.8608311765625001 0.2626074859375 0.9343454890625 0.3731025234375 1 0.44444345468749996 1
0 0.922488825 0.4688238203125 0.763382603125 0.38846499687499997 0.705594940625 0.45341214062499996 0.8780064140625001 0.5378784343749999 0.9310747359375 0.4768303125 0.922488825 0.4688238203125
0 0.5192115265624999 0.66972620625 0.690201078125 0.74035163125 0.7081298125 0.7137711921875 0.739229084375 0.6654006031249999 0.7358718828125 0.6622699625 0.570993790625 0.5988337390625 0.5223462703124999 0.66507875625 0.5192115265624999 0.66972620625
1 0.41819286875 0.8533265296874999 0.4905922859375 0.915606375 0.4943840453125 0.9115402109374999 0.582521490625 0.7567805171875001 0.51836825 0.692779890625 0.5170807984375 0.6916607265625 0.41819286875 0.8533265296874999
0 0.670733790625 0.5751093390625 0.73385653125 0.644956071875 0.73727003125 0.6420918046875 0.8420699953125 0.490242875 0.8206556015625001 0.46472219062500003 0.7809879828125 0.41996173125 0.670733790625 0.5751093390625
1 0.758882734375 0.53375083125 0.7324442078125 0.51723020625 0.686311025 0.48899631406250005 0.6336825359375 0.639816025 0.6273793734375 0.6589573843750001 0.7032616328125 0.7127480953124999 0.7060403859375 0.7097682468750001 0.7061768703125 0.709549828125 0.758882734375 0.53375083125
1 0 0.44776173437500005 0.0350424171875 0.46865296718750005 0.0775125015625 0.4261182921875 0.0872022015625 0.4157273609375 0.0022792375 0.3604885453125 0 0.362706025 0 0.44776173437500005
0 0 0.3647768578125 0.0911329828125 0.4112276140625 0.138232525 0.360924134375 0.13906043437499999 0.3599717328125 0.12951341249999998 0.351068990625 0.0500338890625 0.3080550375 0.0029519890625 0.3593579890625 0 0.3627538625 0 0.3647768578125
0 0.1309353515625 0.371120359375 0.1727097765625 0.29089165 0.11626257656250001 0.23420611562500002 0.06900040156250001 0.3266400015625 0.1261153046875 0.3762892265625 0.1309353515625 0.371120359375
0 1 0.4502444921875 0.9813363390625 0.43765569375 0.9271916828125001 0.616706175 0.9978063234375 0.66494175 1 0.66258931875 1 0.4502444921875
0 1 0.567561596875 0.9849391109375001 0.5530174640625 0.9362755281249999 0.51082324375 0.9350076140624999 0.51213620625 0.8472837312499999 0.6707846921875 0.9154983734375 0.734588290625 1 0.5776184484375 1 0.567561596875
0 0.9478031546875 0.646546425 0.8894420953125 0.5875586875 0.878563615625 0.5774143421875 0.789088771875 0.7427746984375 0.84958180625 0.80535785 0.8538681421875 0.8009192203125 0.9478031546875 0.646546425
0 0.7020519375000001 1 0.71208395 0.9861921203125 0.7087959046875 0.9831259671874999 0.5411484890625 0.8961309859375 0.48425936875 0.9769660703125 0.5345287843750001 1 0.7020519375000001 1
0 0.6522676609375 1 0.7587428640625 0.8753439999999999 0.710554865625 0.813666175 0.6982988109375 0.7982224890625 0.6978195203124999 0.7985969500000001 0.574844653125 0.947053428125 0.6121987015625 0.9948644312500001 0.61624424375 1 0.6522676609375 1
0 0.7612716125000001 0.9331628937499999 0.81103079375 0.8995999015624999 0.8376268640625 0.871079109375 0.703560434375 0.7468782046875 0.62256361875 0.7992861203125 0.6222537546875 0.7996184093750001 0.7612716125000001 0.9331628937499999
0 0.8430419 0.8576741562500001 0.87214600625 0.8340618609374999 0.9097964484375 0.7936867046875 0.763804378125 0.672453865625 0.687060459375 0.7324127890625001 0.6866606 0.7328415859375 0.8430419 0.8576741562500001
0 0.27955078125 0.118498421875 0.332107675 0.1599715765625 0.33793259375 0.15372511718749998 0.3811438359375 0.060830934375 0.352349646875 0.0366697421875 0.3248763046875 0.014406029687499999 0.27955078125 0.118498421875
0 0.23008989062500002 0.25174151875 0.23918508125 0.2354216625 0.2358518 0.2323133265625 0.147068934375 0.210366521875 0.11180153906250001 0.2689940515625 0.2037815546875 0.29730889375 0.23008989062500002 0.25174151875
0 0.37026408125 0 0.33250735625 0.057784685937500004 0.365153146875 0.108663609375 0.3685445921875 0.10628889374999999 0.437533828125 0.022099756249999998 0.4220594125 0 0.37026408125 0
0 0.3388066390625 0.13176694375 0.2563675609375 0.0941724375 0.20560901562499997 0.14971857500000002 0.30328104375 0.193828465625 0.34648079374999996 0.138923209375 0.3388066390625 0.13176694375
0 0.16278709687499998 0.1861735046875 0.1573874390625 0.19009658437500002 0.15774386093749998 0.19058715625 0.2379688484375 0.24973263124999998 0.2878751953125 0.215035765625 0.292309746875 0.21181387499999998 0.29584694375 0.20802069531249998 0.219230371875 0.14792187031249998 0.16278709687499998 0.1861735046875
0 0.37984764531250004 0 0.37563556875000004 0.0064709515625000005 0.4235278046875 0.06271852812499999 0.42355202031249994 0.06269960937499999 0.45735671250000004 0 0.37984764531250004 0