0 0.64765625 0.25859375 0.103125 0.159375
0 0.48828125 0.2890625 0.1234375 0.1234375
0 0.5625 0.27734375 0.1078125 0.1453125
0 0.4046875 0.30703125 0.121875 0.1515625
0 0.16796875 0.3515625 0.125 0.159375
0 0.8859375 0.22578125 0.128125 0.1296875
0 0.73359375 0.253125 0.1453125 0.1453125
1 0.3359375 0.325 0.103125 0.15
0 0.81015625 0.2421875 0.1015625 0.15625
1 0.2546875 0.3453125 0.1296875 0.128125
1 0.08359375 0.38046875 0.1203125 0.146875
0 0.553125 0.4171875 0.1375 0.1359375
0 0.46328125 0.43515625 0.121875 0.15625
1 0.2984375 0.46640625 0.1265625 0.125
0 0.63671875 0.4078125 0.146875 0.146875
0 0.8015625 0.3796875 0.134375 0.134375
1 0.21484375 0.484375 0.13125 0.13125
1 0.38046875 0.45546875 0.1234375 0.1234375
0 0.88984375 0.36640625 0.1515625 0.1515625
1 0.71640625 0.4 0.1296875 0.1578125
0 0.0546875 0.51953125 0.109375 0.1265625
1 0.134375 0.50703125 0.1359375 0.134375
0 0.08125 0.1328125 0.1171875 0.1171875
0 0.02734375 0.14921875 0.0546875 0.1484375
0 0.8125 0.03671875 0.134375 0.0734375
0 0.3875 0.084375 0.109375 0.1546875
0 0.3125 0.09765625 0.134375 0.134375
0 0.86796875 0.6515625 0.146875 0.1484375
0 0.9484375 0.64140625 0.103125 0.1703125
1 0.7734375 0.67734375 0.1515625 0.153125
1 0.16171875 0.12578125 0.1296875 0.1296875
0 0.46171875 0.075 0.0921875 0.15
0 0.68046875 0.04921875 0.1265625 0.0984375
0 0.23671875 0.1140625 0.1421875 0.1421875
0 0.684375 0.69765625 0.1234375 0.175
1 0.1359375 0.80234375 0.159375 0.1609375
1 0.6 0.7234375 0.1296875 0.16875
1 0.32578125 0.7734375 0.1546875 0.1546875
0 0.23203125 0.79375 0.1375 0.1796875
0 0.415625 0.7625 0.1578125 0.1578125
0 0.5140625 0.75078125 0.128125 0.1859375
0 0.53515625 0.07109375 0.1078125 0.1421875
0 0.609375 0.0640625 0.103125 0.128125
1 0.746875 0.046875 0.128125 0.09375
0 0.86875 0.85 0.125 0.196875
0 0.9484375 0.83359375 0.103125 0.1953125
0 0.58359375 0.903125 0.1671875 0.16875
0 0.77578125 0.86875 0.1265625 0.1921875
0 0.3828125 0.9203125 0.1375 0.159375
0 0.4875 0.9203125 0.159375 0.159375
0 0.684375 0.8890625 0.1578125 0.15625
0 0.28671875 0.93046875 0.1421875 0.1390625
0 0.1890625 0.94765625 0.1625 0.1046875