0 0.90258763125 0.8078394093749999 0.9057013546875 0.7976548796875 0.844765878125 0.7778323671875 0.77286471875 0.8705853078124999 0.8406889921875 0.8920812078125 0.90258763125 0.8078394093749999
0 0.8366571015625001 0.7776541359375 0.8377031921875 0.7742325250000001 0.7745261703125 0.752346515625 0.7028907046875 0.8468393828125 0.7667596718749999 0.8689580843750001 0.8366571015625001 0.7776541359375
0 0.46305701875 0.7584419578125 0.5274602359375 0.7919348875 0.6072004140625 0.7152761671875 0.6075923296875 0.714569134375 0.608210934375 0.7125457671875 0.54326731875 0.6737902859375 0.4594095203125 0.7556826375 0.45921672343750003 0.7563132484375 0.46305701875 0.7584419578125
0 0.670038278125 0.7524674203124999 0.58695869375 0.689975278125 0.57863746875 0.6874312234375 0.553737271875 0.7561308999999999 0.6463100296875 0.82785071875 0.6553250890625 0.8030820484375001 0.670038278125 0.7524674203124999
0 0.6662994171875 0.7044288109375 0.6439136046875 0.7477874890625 0.6311544828125 0.772828675 0.7168504640625 0.8587647531249999 0.7185412859375 0.8592816890625 0.724991171875 0.8467914546875001 0.7549271453124999 0.788038796875 0.6704691046875 0.7057036125 0.6662994171875 0.7044288109375
0 0.5243153 0.70834611875 0.4331397609375 0.6396803234374999 0.4289012890625 0.6383844921875 0.40106752187500005 0.7072754859375 0.491422078125 0.7798188046875 0.49261155 0.7802993828125 0.5243153 0.70834611875
0 0.44704025312500006 0.6693168453125 0.339256421875 0.6177224125 0.3211804796875 0.6979735125000001 0.42982907968750006 0.7496570984375001 0.44469085 0.6814034796875 0.44704025312500006 0.6693168453125
1 0 0.5893908 0.1251896296875 0.6464161500000001 0.1276196421875 0.6384679390625 0.12849021562500001 0.635218915625 0.145848415625 0.567882503125 0.023899828125 0.510035659375 0.0191075765625 0.5087515796875001 0 0.57822850625 0 0.5893908
0 0.0943259984375 0.5335975640624999 0.091954778125 0.5413534765625 0.07940210156250001 0.616138165625 0.21071416406250001 0.665954571875 0.21338012499999998 0.6572346062500001 0.2213845015625 0.6118395343749999 0.226354265625 0.5804131890625001 0.1013040734375 0.5348279859375 0.0943259984375 0.5335975640624999
1 0.3322720609375 0.720530978125 0.3678281421875 0.5868152328125 0.36806989687499997 0.5798922953125001 0.3028248109375 0.5756650359375 0.2918859015625 0.575283040625 0.25224913125000004 0.717446978125 0.28996858125 0.7190537078125 0.3322720609375 0.720530978125
1 0.3111630734375 0.628739415625 0.19910675625000002 0.546888640625 0.19573742968750002 0.545858534375 0.1650422921875 0.612262865625 0.273995034375 0.7024636078125 0.29633802187499997 0.659135275 0.3111630734375 0.628739415625
0 0.9302414484374999 0.7058345890625 0.815444359375 0.6029765921875 0.8104443781249999 0.6014479453125 0.7787667968750001 0.6776402953125 0.8989840890625 0.7780773890625 0.90998415 0.7535577921875001 0.9302414484374999 0.7058345890625
1 0.9425270609374999 0.7573667890625 0.9565104328125 0.7116292390625001 0.857743125 0.6404170234375 0.8497437109374999 0.6379713578125 0.8271757015625001 0.7181853874999999 0.9425270609374999 0.7573667890625
0 0.49714872187500003 0.50402995625 0.46546758125 0.5725764125 0.5797101171875 0.67142023125 0.5797200859375 0.6714232796874999 0.5965312875000001 0.6371400671874999 0.6156891843750001 0.5941107265625 0.5003892953125 0.5050207 0.49714872187500003 0.50402995625
0 0.7817284671875 0.730853803125 0.8434306875 0.5919261515625001 0.8387548593749999 0.59049660625 0.7612547890625 0.5837162296875 0.7041877000000001 0.7166880734375 0.7040922046875 0.717779584375 0.7817284671875 0.730853803125
0 0.6952620671874999 0.56160196875 0.69662561875 0.556846696875 0.680636890625 0.5519584531249999 0.6158736874999999 0.53847283125 0.538529471875 0.663747121875 0.612742096875 0.6840570328125 0.6952620671874999 0.56160196875
1 0.7705019890625 0.574869625 0.77079993125 0.5729884875 0.7583427875 0.56917995625 0.696439521875 0.5593754421875 0.623739425 0.6944590171875 0.70394653125 0.7077990171875 0.7705019890625 0.574869625
0 0.37360643125 0.5961527609374999 0.44164011406250003 0.636020603125 0.5414626124999999 0.53036431875 0.5448937218750001 0.5241744328125 0.54525996875 0.5229764953125 0.4928190625 0.4901002765625 0.477313253125 0.4815052640625 0.3871417578125 0.5794315531249999 0.37360643125 0.5961527609374999
0 0 0.44161663906250004 0.089225084375 0.5079374484375 0.1299438 0.4355390375 0.03464459375 0.35936046718750003 0.03454049375 0.3593286421875 0.0052663796875 0.408048946875 0 0.4252744984375 0 0.44161663906250004
1 0.207637359375 0.42474101875 0.07575024531249999 0.39127558906250004 0.07562257343749999 0.3916931828125 0.070068975 0.4754702203125 0.1969147875 0.5107088140625 0.205832196875 0.441916 0.207637359375 0.42474101875
1 0.2532272984375 0.431660696875 0.23459265 0.5107119109375 0.352359746875 0.5710424640625 0.3745322390625 0.48731021874999997 0.2615728859375 0.43374148593750006 0.2532272984375 0.431660696875
1 0.19697465625 0.3975524953125 0.190431690625 0.39555210937499996 0.14941812031249999 0.46773552343749997 0.251188859375 0.5559540984375 0.293799771875 0.48503763125 0.19697465625 0.3975524953125
1 0.42821112031249997 0.5958610109375 0.451437628125 0.519890528125 0.343863946875 0.4538983109375 0.33957048125 0.45258566718750004 0.316602278125 0.5319513812500001 0.42821112031249997 0.5958610109375
0 1 0.40176831875 0.9218433562499999 0.33486965 0.9157016625000001 0.3329919453125 0.8880259125000001 0.39702882968750003 1 0.5060596078125 1 0.40176831875
0 0.2737323734375 0.3026881453125 0.3300071640625 0.1294299125 0.3304490015625 0.1262860640625 0.32462742968749997 0.12450623125 0.2697247234375 0.116790159375 0.2369006234375 0.11252870625 0.18412214531249999 0.293345659375 0.2737323734375 0.3026881453125
0 0.9880370984375 0.400157896875 0.8140959453125 0.32838634375 0.8103091671874999 0.327786578125 0.8005118546875 0.40046620781250003 0.9726773968750001 0.47802707812499995 0.987945428125 0.400736684375 0.9880370984375 0.400157896875
0 0.3433875125 0.27122431874999997 0.5218375 0.3430651640625 0.5236202125 0.3372341734375 0.5387447515625 0.251458653125 0.37159705781249996 0.18866367343749998 0.36261387031250003 0.1870796953125 0.3433875125 0.27122431874999997
1 0.26374873593750003 0.1616010546875 0.09616620625 0.11072901093750001 0.0808063328125 0.1609688953125 0.0747029828125 0.2043964828125 0.2500780734375 0.25231396093749997 0.25611486562499997 0.2159188625 0.26374873593750003 0.1616010546875
1 0.7612305953125 0.46035159062500003 0.8948191390625 0.33089191093750003 0.8966352734375 0.32495160156249997 0.8329202359375 0.28666774375 0.8249353656249999 0.281994571875 0.689739259375 0.41623463281250006 0.7612305953125 0.46035159062500003
0 0.6165533812499999 0.31488477812500004 0.6215663218749999 0.2740576484375 0.44652808125 0.215295465625 0.4460075 0.21699820937499997 0.4389477859375 0.3027201453125 0.6078908843749999 0.3640633796875 0.609386078125 0.3642469671875 0.6165533812499999 0.31488477812500004
1 0.44770010625 0.25407759375 0.3054403109375 0.1366129671875 0.30112036875000003 0.135292228125 0.2613213765625 0.2166462234375 0.3976421921875 0.3365672015625 0.3994665796875 0.33762051249999997 0.44770010625 0.25407759375
0 0.7845351453125 0.258819496875 0.72257309375 0.25109607500000003 0.6908217921875 0.2483181953125 0.6273738062499999 0.4264924546875 0.719657040625 0.4370851328125 0.7841114265625 0.26366262812499996 0.7845351453125 0.258819496875
1 0.6043377203125 0.40332947499999994 0.6174986984374999 0.3880680796875 0.7183130265625 0.2669104625 0.7189299515625 0.2648925921875 0.644133353125 0.22590114374999998 0.5180307484375 0.3644332734375 0.517586315625 0.365305521875 0.6043377203125 0.40332947499999994
0 0 0.811204365625 0.08061435781250001 0.8510017624999999 0.09250597031249999 0.8121060531250001 0.102452221875 0.7774193515625 0.0194070171875 0.7345178421874999 0.0149199625 0.7332312 0 0.7833675453125 0 0.811204365625
1 0.17966499062500002 0.8125250171875 0.10421855312499999 0.75315905 0.0968733359375 0.7509133921875 0.06694353125 0.8207006171875 0.1489194109375 0.8801671437499999 0.16204649843750002 0.8520160140625 0.17966499062500002 0.8125250171875
0 0.192480465625 0.8899633390625 0.263068365625 0.8193555375000001 0.2639110578125 0.817953059375 0.2644810859375 0.816088584375 0.2546757 0.8101969125 0.1996859484375 0.7791400703125 0.128052440625 0.8544206484375 0.192480465625 0.8899633390625
0 0.33597702812499997 0.8387586640625001 0.3369372859375 0.8356178015625 0.26963899062499996 0.7998346640625 0.2003490328125 0.8770081375000001 0.27349840312499996 0.9093918593750001 0.33597702812499997 0.8387586640625001
0 0.9767886625 0.2925833296875 0.9784882984375001 0.28702406874999997 0.9906701218749999 0.20034588593749997 0.82000204375 0.1268970734375 0.80835980625 0.21341738906250002 0.9767886625 0.2925833296875
0 0.9010485984375001 0.1925850640625 0.7599731359375 0.0860459671875 0.7554111171875 0.0846512171875 0.7177966796875 0.1650489 0.8659088453124999 0.279543934375 0.8660467203125 0.2792177515625 0.9010485984375001 0.1925850640625
0 1 0.190116275 0.9171411218750001 0.1477135734375 0.91234880625 0.146782040625 0.8923434390624999 0.2308310984375 1 0.28807844843749997 1 0.190116275
0 0.6380075765625 0.07136769375 0.6288684484375 0.15792712343749998 0.801754815625 0.2333968765625 0.81318113125 0.13604170625 0.644117946875 0.0722264515625 0.6380075765625 0.07136769375
0 0.31140418125 0 0.2406241609375 0.08265498906249999 0.316766959375 0.1296301203125 0.43927620625 0 0.31140418125 0
0 0.41047531406250004 0 0.356977540625 0.14310434375 0.35681201875 0.14414940781250002 0.3598204375 0.1450691734375 0.43290712343750004 0.1569449328125 0.450331059375 0.1597046125 0.51280009375 0 0.41047531406250004 0
0 0.524401753125 0 0.44496809375 0.16890020625 0.54286853125 0.1897095859375 0.6187880156250001 0.0203892859375 0.620168759375 0.013893398437500001 0.609253965625 0.0105564109375 0.5544577140625 0 0.524401753125 0
0 0.729925896875 0.0577507828125 0.6566584625 0.025049420312499997 0.6433504625 0.02098075625 0.525826271875 0.1803802 0.5257118265625 0.18075453125000002 0.6157893984375 0.21899019218750002 0.729925896875 0.0577507828125
0 0.14975650468749999 0 0.30817744375 0.101217928125 0.34189245625 0.036302875 0.352687853125 0.014169028125 0.331683653125 0 0.14975650468749999 0
0 0.5586475703125 1 0.6191731703125 0.9118357859374999 0.6208976500000001 0.9061952640625 0.5876439203125 0.894758359375 0.57008620625 0.8890535125 0.5532901109374999 0.8839184296875 0.49333927187500004 0.9760453359374999 0.493055540625 0.9769733765625 0.557286253125 1 0.5586475703125 1
0 0.3639076421875 0.9267096109375 0.396215234375 0.842058746875 0.3968255265625 0.8377163 0.39260749375000004 0.8364267171875 0.331579825 0.8278498375 0.330602725 0.82773036875 0.291363053125 0.91539000625 0.3639076421875 0.9267096109375
0 0.66936675625 1 0.6791540046875 0.9796506265625 0.6047487515625 0.8914814484375 0.6036274500000001 0.8911386328124999 0.5702238984375 0.9567089640625 0.6155777890625 1 0.66936675625 1
0 0.48266778125 0.9737437046874999 0.55093651875 0.899749871875 0.551044725 0.8995280140625 0.552769003125 0.8938881578125001 0.5498899359375 0.89248394375 0.48691315937499996 0.8636792906249999 0.41844849999999995 0.9384328109375 0.48266778125 0.9737437046874999
0 0.378498809375 0.8375258671875001 0.36405995468749996 0.906589259375 0.44724800781249996 0.9557878875 0.45467586562499995 0.93149245625 0.46206333749999995 0.8994938046875 0.465098959375 0.8840574859375 0.3824018859375 0.8384269625 0.378498809375 0.8375258671875001
0 0.8191949703124999 1 0.838502834375 0.9853859890625 0.83874865625 0.9845819421875 0.8050233703125 0.9651106390624999 0.7773503671875 0.9508956484375 0.7116347875 1 0.8191949703124999 1
1 0.7196355046875 1 0.7564979515625 0.9352907015625 0.756793215625 0.9324814625 0.690790790625 0.92271991875 0.6847924125 0.9220894640624999 0.6485629640624999 1 0.7196355046875 1