0 0.2860039875 0 0.310947890625 0.105458809375 0.379206096875 0.11192885156250001 0.38000285312500004 0.10543979375000001 0.35217892968750003 0 0.2860039875 0
0 0.3921942578125 0.087097915625 0.2743030703125 0.099834071875 0.26025326249999997 0.1665472546875 0.3782587375 0.15323627812500001 0.3921942578125 0.087097915625
1 0.2385844875 0.42021622968749994 0.3510232140625 0.40415630625 0.3642810078125 0.3327855734375 0.3650195625 0.3281225171875 0.2481921875 0.3438753765625 0.2385844875 0.42021622968749994
0 0.3447618125 0.243260028125 0.2823215859375 0.22769193125 0.270922715625 0.2262923265625 0.27655607187500003 0.335595609375 0.351181203125 0.3595426984375 0.352158678125 0.3556222640625 0.3447618125 0.243260028125
0 0.282188996875 0.25778673125 0.30859847500000004 0.2673989953125 0.354302565625 0.28375710781249996 0.3557166484375 0.28393073593749996 0.35666047500000003 0.2813375953125 0.3623373125 0.16224999843750001 0.3003743109375 0.13969731093749999 0.2890204953125 0.13563464218750002 0.2862947796875 0.13529996718749998 0.282188996875 0.25778673125
0 0.3201684953125 0.3937680953125 0.2446607296875 0.387162021875 0.24463124062500002 0.387402196875 0.265169115625 0.5040687296875 0.3431126765625 0.5084550375 0.34345835 0.5056397453125 0.3201684953125 0.3937680953125
0 0.35706321875 0.4972826625 0.237639796875 0.48805098593749996 0.212657653125 0.5662551234375 0.3325918953125 0.575820125 0.35706321875 0.4972826625
1 0.22793115937500003 0.929814365625 0.3091066265625 0.926444265625 0.30983244375 0.9205329578124999 0.2810998140625 0.7896046328125 0.21158448437500002 0.791370546875 0.1998731828125 0.7917795140624999 0.22793115937500003 0.929814365625
1 0.323201734375 0.8372910390625 0.2958984953125 0.70631750625 0.21071199218749997 0.707804440625 0.2375647984375 0.8455831734375 0.3221811125 0.8456033453125 0.323201734375 0.8372910390625
1 0.24633970781249998 0.6769198953125 0.3236474296875 0.69700065625 0.323794378125 0.6964522328125 0.3274108296875 0.550662259375 0.279766828125 0.5378960890625 0.25170395156250003 0.5312659453124999 0.24633970781249998 0.6769198953125
1 0.254098221875 0.758090640625 0.3273860359375 0.764749325 0.327777115625 0.761564228125 0.31290275312500004 0.62343111875 0.310592171875 0.6231474140625 0.27915338749999996 0.620949 0.23045845781250002 0.6186344296875 0.254098221875 0.758090640625
0 0.38540988125000003 0.14761655625 0.5435420578125 0.1257856140625 0.5535940359375 0.07407266875 0.5545445515625 0.0685913859375 0.5569118640624999 0.049311171875 0.5542805375000001 0.04879969375 0.40221546718749995 0.0644537578125 0.38540988125000003 0.14761655625
0 0.450241115625 0 0.48994565 0.1166848375 0.5246677531249999 0.1196017578125 0.525369746875 0.1138844828125 0.523381884375 0 0.450241115625 0
0 0.47089177812500005 0.36179375625 0.402748384375 0.3448037 0.39608591249999997 0.3439856515625 0.3952833546875 0.493560415625 0.47696086875 0.510740409375 0.47811791406250004 0.5060997515625 0.47089177812500005 0.36179375625
0 0.514957325 0.26908991718749997 0.515927071875 0.2641010015625 0.49537975625 0.11692157031249999 0.4167967703125 0.10805029687500001 0.43528076718750003 0.2538056359375 0.514957325 0.26908991718749997
0 0.48663662187499995 0.4302911765625 0.48986030312500006 0.2891981078125 0.4208117734375 0.262364078125 0.41889255312499996 0.26177731249999997 0.41060430468750003 0.26075964375 0.4131958390625 0.4130008796875 0.4849262890625 0.435885421875 0.48663662187499995 0.4302911765625
0 0.5222104562500001 0.3045592015625 0.545326265625 0.23341605625 0.54603496875 0.22764413437500003 0.5444452390625 0.22712759999999999 0.3928919203125 0.23053644062499998 0.37071718593749997 0.3034918828125 0.5222104562500001 0.3045592015625
0 0.4947498046875 0.5719055359375 0.490452728125 0.5578409093750001 0.4439207859375 0.43430125 0.40627095156250004 0.43892406875 0.3628760140625 0.4466416921875 0.36297481875000004 0.44744639218750004 0.4187240984375 0.589893921875 0.49506430625000003 0.57866131875 0.4953218078125 0.5765641375 0.4947498046875 0.5719055359375
0 0.44823893750000005 0.97743359375 0.45349068125 0.9428935453125 0.45919695000000005 0.8964197109375001 0.44762749375000005 0.8949991609374999 0.315085740625 0.8918139390625001 0.3054327765625 0.97902261875 0.44823893750000005 0.97743359375
1 0.4323809484375 0.7917359609375 0.36613714375 0.7732227828125 0.365561096875 0.773152053125 0.3484472078125 0.9035959874999999 0.42815316875000003 0.9313640828124999 0.448895934375 0.7967850984375 0.4323809484375 0.7917359609375
0 0.3883380265625 0.74388699375 0.4715986375 0.7441316437500001 0.47281875937500006 0.7341945484375 0.4471613578125 0.614772534375 0.367619246875 0.612361921875 0.3642550109375 0.612303196875 0.3883380265625 0.74388699375
1 0.44381427812499996 0.8410069968749999 0.44916740468749994 0.8416642781249999 0.4496916390625 0.83919795 0.4544992625 0.7068293890625 0.40146257968750004 0.694198778125 0.38311365625 0.6902985953125 0.37081511875 0.688788525 0.3686802828125 0.824534278125 0.44381427812499996 0.8410069968749999
0 0.480650315625 0.6428586203125 0.5088680937500001 0.5688073640625 0.5092410875 0.5657695734375 0.5042864328125 0.5639662265625 0.378619271875 0.5519266734375 0.35165999375 0.626555078125 0.480650315625 0.6428586203125
0 0.671389646875 0.1699897984375 0.8445951484374999 0.09917546875 0.8431376640625 0.0383770953125 0.8175737 0.035238234375 0.6637174906250001 0.086903234375 0.664062640625 0.0918391140625 0.6709397359375 0.16993455625 0.671389646875 0.1699897984375
0 0.6440184 0.9354622718750001 0.737477621875 0.924983828125 0.737877046875 0.9217307765625 0.684163278125 0.745974596875 0.6234013578125001 0.7512392640625001 0.5946805125 0.754765740625 0.6440184 0.9354622718750001
0 0.6567789171875 0.242184828125 0.84056386875 0.1983264640625 0.8405638671875 0.17957960312500001 0.8383481578125 0.12122342500000001 0.8322844453125 0.12047889375000001 0.65607895625 0.16852346093749998 0.6543848921875 0.24189087968749998 0.6567789171875 0.242184828125
0 0.5991567796874999 0.613395865625 0.5921420890625 0.7065186546875 0.5922719390625 0.7065345984375 0.7830630375000001 0.67996220625 0.7846144921875 0.657775378125 0.7858845390625 0.5933488687499999 0.7850769609375 0.5932497109375 0.7778828984375 0.5927466531250001 0.5991567796874999 0.613395865625
1 0.5529992609375001 0.9685699 0.7375441375 0.9935808859374999 0.741845875 0.9775265875000001 0.7582951125 0.9006514749999999 0.7496883921874999 0.8983453109375 0.5744986875 0.8795808984375 0.5529992609375001 0.9685699
0 0.7729816453125 0.390262628125 0.7751003671875 0.390522775 0.7760248109375001 0.3872988609375 0.7796537156250001 0.1984311484375 0.745389953125 0.1886061734375 0.703178621875 0.1770414609375 0.6986185671875 0.17648155625 0.692666565625 0.3662256828125 0.7729816453125 0.390262628125
0 0.6217935078125 0.5202549828125 0.597028428125 0.585660953125 0.5976195796875 0.58589979375 0.7759963515625 0.6142924671875 0.807356096875 0.5448123828125 0.810212671875 0.5377421124999999 0.810677509375 0.5339563078125 0.629731575 0.500607578125 0.6217935078125 0.5202549828125
1 0.7587696375 0.7924456453125 0.7861974453125 0.7076882234374999 0.7865846078125001 0.7045350328125 0.5981428765625 0.6898587421875 0.575225865625 0.783846959375 0.575545975 0.783926771875 0.7587696375 0.7924456453125
0 0.7093988453125 0.283932496875 0.64987083125 0.28971473593749997 0.71058209375 0.4701057265625 0.80400191875 0.46011355781249996 0.804123871875 0.45912032500000005 0.80388106875 0.4556480828125 0.7426325765625 0.2816085671875 0.7093988453125 0.283932496875
1 0.7613470703125 0.5661392734375 0.764698371875 0.41086344375 0.76477803125 0.39071114218749997 0.6822376734375 0.36495256249999997 0.674134884375 0.363957665625 0.6784087171875 0.550726290625 0.7603004953125 0.5703368578125 0.7613470703125 0.5661392734375
0 0 0.9084200640625 0.0805945203125 0.9119912359375 0.09036028125 0.8617507453125001 0.09366913125000001 0.83480233125 0.093285446875 0.8347277515625 0 0.8334930500000001 0 0.9084200640625
0 0 0.75930906875 0.023487390625 0.8453151046875 0.0995868828125 0.8378905484375 0.1002232640625 0.8327076375000001 0.07407845156250001 0.743421253125 0 0.749902278125 0 0.75930906875
0 1 0.070948984375 0.9526684046874999 0.051825778125 0.8616935328125 0.04065546875 0.8407625890625001 0.10390635625 1 0.12022038125000001 1 0.070948984375
1 0.10899426718750001 0.6676606046875 0.0105354375 0.6889443375 0.007995096875 0.7633102875 0.10826486875 0.745706353125 0.11204574687499999 0.6680352796875 0.10899426718750001 0.6676606046875
0 0.017964871875 0.6187668921875 0.023375696874999997 0.68818894375 0.024040190625 0.694511178125 0.1214500328125 0.6590724453125001 0.11678220624999999 0.5903191296875 0.1165705015625 0.5883049109375 0.112249459375 0.587774353125 0.10923071875000001 0.5880916359375 0.017964871875 0.6187668921875
0 0.13939545625 0.5264968359375 0.1371778078125 0.5260254609375 0.0427259984375 0.528489496875 0.0215198 0.6018605734375 0.0210948453125 0.6053215562500001 0.124170896875 0.6018679875 0.13830663906250001 0.5353645421875 0.13939545625 0.5264968359375
0 1 0.20879051093749998 0.847668978125 0.206889821875 0.8210955828125 0.2968605234375 1 0.2931919 1 0.20879051093749998
0 0.8560239718749999 0.25438832499999997 0.8558331828125001 0.256203559375 0.8843795796875 0.4352284875 0.9760726203125 0.44338981093749996 0.976625015625 0.4388909109375 0.9460973906250001 0.26039209531249996 0.9456294765625 0.2603346421875 0.920348753125 0.2576775328125 0.8560239718749999 0.25438832499999997
0 1 0.1120483171875 0.8518993937499999 0.11748129062499998 0.83241680625 0.1905895453125 0.8292280078125 0.20337912343750003 0.8288155671874999 0.2067381765625 0.829305115625 0.20686023593749997 1 0.197907875 1 0.1120483171875
0 1 0.4486551890625 0.994645665625 0.39495504062500003 0.9905848984375 0.3618827546875 0.9876584953125 0.3615234375 0.8169896187499999 0.43250530156250006 0.8247393546874999 0.5206056046875001 1 0.4579232109375 1 0.4486551890625
0 0.9190226609375 0.7498953421875 0.840442415625 0.72283799375 0.834190984375 0.722070415625 0.7994150296875 0.91107524375 0.8921912140625 0.9414648671875 0.8941702734374999 0.9357172609375001 0.9190226609375 0.7498953421875
0 0.76684589375 0.77554620625 0.76786793125 0.775820059375 0.9586162312500001 0.7874946453125 0.9767769390625001 0.7197179609375 0.9801176296874999 0.6925102203125 0.7906731265625 0.6837854390625 0.7861072671875 0.7008254593750001 0.7672292796875 0.772423775 0.76684589375 0.77554620625
0 0.794000615625 0.707690253125 0.98036996875 0.6605745734374999 0.9805118953124999 0.5755574796875 0.9803599406249999 0.5668519546875 0.9714463312499999 0.5657575015625 0.791981415625 0.6076867796875 0.79372639375 0.7076565828125 0.794000615625 0.707690253125
0 1 0.48609212343749997 0.8091862859375001 0.497432271875 0.7946178640625 0.5899631656250001 0.9917145953125001 0.5820692625 0.9981807640625 0.5453977953125 1 0.5305813078125 1 0.48609212343749997
0 0.749020259375 0.9802506765624999 0.93988465625 0.9849978796875 0.9477778515624999 0.942299246875 0.9485322203125 0.93693163125 0.9550548234375 0.8838092874999999 0.9506095562500001 0.883184546875 0.7601710265625 0.8831939921874999 0.749020259375 0.9802506765624999
0 0.17338557968749999 0.24529375468749998 0.171560309375 0.217240625 0.16396432968750002 0.21630795625000002 0.064407990625 0.24684751875000002 0.0681912375 0.3195324859375 0.174735325 0.28394539218750003 0.17338557968749999 0.24529375468749998
0 0.1400104328125 0.5058512515625 0.13662298125 0.4412148046875 0.1306029046875 0.4404756328125 0.0443444046875 0.46503025468750003 0.0492982609375 0.5382853578125 0.1400442890625 0.5068350453125 0.1400104328125 0.5058512515625
0 0.1792540625 0.2130114484375 0.189499040625 0.1697203203125 0.1913837421875 0.1543706640625 0.1871753421875 0.153552634375 0.0801618140625 0.16228853125 0.06471300468749999 0.2349426609375 0.1792540625 0.2130114484375
0 0.1123659625 0.29148922499999996 0.054607856249999996 0.298581028125 0.0970667078125 0.39532573125 0.1680264859375 0.38306356875 0.1683217640625 0.38065872343749996 0.16831743125 0.380623434375 0.12888609374999999 0.2898756234375 0.1123659625 0.29148922499999996
0 0.1380430984375 0.47240265781249996 0.1370576546875 0.378411171875 0.1103761375 0.36964315000000003 0.0709421859375 0.35758698125 0.0689122 0.3573377296875 0.067025065625 0.45464763125 0.1362371078125 0.4783097875 0.1380430984375 0.47240265781249996
0 0.20532072499999998 0.104968584375 0.162216990625 0.0045548671875000005 0.12471495625 0.0027131875 0.09193738125 0.0027131875 0.09184630625 0.0034549328125 0.13667656718750001 0.1096961203125 0.20474025624999997 0.1096961203125 0.20532072499999998 0.104968584375
0 0.106025228125 0.1714167984375 0.176446821875 0.1937384296875 0.1764573328125 0.193709553125 0.1705484765625 0.10155017343749999 0.1685684625 0.07717684687500001 0.11465032187499999 0.057552250000000006 0.10824363125 0.05676560625 0.1081433453125 0.0570411390625 0.106025228125 0.1714167984375
0 0.10500142812499999 0 0.10420305781250001 0.038694571875 0.2049654375 0 0.10500142812499999 0