0 0.775432265625 0.053927678125 0.708399503125 0.077777515625 0.7834938953125 0.16796463749999999 0.8314652312499999 0.15048565 0.8446599078125001 0.1437626265625 0.8430163921875 0.139481121875 0.775432265625 0.053927678125
0 0.7703936359375 0.1391074765625 0.7437395765625 0.076639934375 0.7436237765625 0.0764126671875 0.654607890625 0.15498946875 0.6811279859375 0.21715992968750003 0.7703936359375 0.1391074765625
0 0.42115139843750005 0.2416178109375 0.4171045578125 0.244049396875 0.5042671375000001 0.3234186171875 0.566641590625 0.28317958593750003 0.56334295625 0.27670564999999997 0.48434649687500003 0.20589764531250002 0.42115139843750005 0.2416178109375
0 0.5639692875 0.2852361 0.631787434375 0.2645020125 0.6356963312499999 0.2625103296875 0.6350178375 0.260291075 0.5748602109375 0.1709367828125 0.49762029375 0.1890655359375 0.49731917187499997 0.189218965625 0.5639692875 0.2852361
0 0.6484477890625 0.10870781874999999 0.5824886703125001 0.21058768749999998 0.60017533125 0.23242889375 0.631048684375 0.270139328125 0.6347940953125 0.26823094687500004 0.700394240625 0.169976159375 0.6588970749999999 0.11873142656249999 0.6500295390625 0.107901878125 0.6484477890625 0.10870781874999999
0 0.35451641875 0.2692500703125 0.427575975 0.3628158703125 0.4986267203125 0.3300173359375 0.497637809375 0.3276876078125 0.42435453437500004 0.2396055484375 0.35451641875 0.2692500703125
0 0.2895837390625 0.34393337968750004 0.329979715625 0.41477345625 0.3322861140625 0.4135982875 0.41772656562500005 0.3350875921875 0.40561209218750005 0.3113116 0.37837409375000003 0.26274234218750003 0.2895837390625 0.34393337968750004
1 0 0.52320360625 0.028261290625 0.5755212125 0.039129750000000005 0.5699834546875 0.1391822140625 0.490746721875 0.1071215046875 0.429040884375 0.10162003281250001 0.418694115625 0 0.4966412359375 0 0.52320360625
0 0.0909956453125 0.5358937984375001 0.0968148421875 0.5340030265625 0.21604802343750001 0.4685205375 0.19204880468750002 0.394658534375 0.1886790953125 0.38804510937500003 0.06581248125 0.4534530859375 0.0909956453125 0.5358937984375001
1 0.2676088375 0.3140204703125 0.23251628750000003 0.33769069375 0.201379815625 0.3590415421875 0.3103291125 0.45859911093749994 0.3194034078125 0.452478421875 0.370972496875 0.4154126640625 0.36645713125 0.40655076093750003 0.2676088375 0.3140204703125
1 0.2995329015625 0.4375523046875 0.188023825 0.3583683453125 0.1310947921875 0.40581422656250005 0.1313405453125 0.40629654375 0.24235258750000002 0.495724890625 0.30188996874999996 0.44159056249999995 0.300256515625 0.43838472812499996 0.2995329015625 0.4375523046875
0 0.7737463703125 0.340091446875 0.7771507468750001 0.338646375 0.8942192578125001 0.2408399703125 0.8688485796875 0.18107040000000002 0.86009855 0.1638974984375 0.742123559375 0.26960288593750004 0.7737463703125 0.340091446875
0 0.9296179999999999 0.2925344671875 0.9363000203125 0.2899694796875 0.9411292765624999 0.28750885 0.905192615625 0.193890653125 0.87889825625 0.142285065625 0.8059341312500001 0.16700166562500002 0.802878059375 0.1685588109375 0.9073834906249999 0.29857461406249997 0.9296179999999999 0.2925344671875
0 0.4482413546875 0.41160647656249993 0.47027447499999997 0.48455760156250005 0.4723969546875 0.4839489921875 0.5999980093749999 0.411188540625 0.5870150828125 0.36591169375 0.57624505 0.333002753125 0.5746733640625 0.329918146875 0.4482413546875 0.41160647656249993
0 0.809911271875 0.2633395953125 0.755388290625 0.200928759375 0.678278378125 0.3342050796875 0.73328595 0.3881494109375 0.7334319828125 0.388075003125 0.737998834375 0.3841051015625 0.809911271875 0.2633395953125
0 0.6370440453125 0.2914444671875 0.6318560984375 0.2820851640625 0.5269244843750001 0.3945130421875 0.56200035625 0.4596410671875 0.5703513765625 0.455386009375 0.66807291875 0.3587123921875 0.6370440453125 0.2914444671875
0 0.6569831671874999 0.2610162796875 0.583560153125 0.2959475828125 0.69067805 0.4057593875 0.7043891140625 0.3993658140625 0.7582797 0.3719071890625 0.7576006859375 0.3704510390625 0.6569831671874999 0.2610162796875
0 0.4160256015625 0.5164729968749999 0.5296082296875 0.44919554375 0.5185178171875 0.41292043906250003 0.503381990625 0.37152491875 0.502606671875 0.3717619578125 0.3720040015625 0.45140003437500004 0.39648343750000004 0.5251151953125001 0.4029208265625 0.5231470875 0.4160256015625 0.5164729968749999
0 0 0.6200393796875 0.0045061156249999994 0.628883128125 0.0758191234375 0.7284063953125 0.0761873171875 0.728218790625 0.1332651453125 0.6952648906250001 0.150586059375 0.6849871281250001 0.1472771140625 0.678492959375 0.06453975468749999 0.571201696875 0 0.6060320234375001 0 0.6200393796875
1 0.1758066078125 0.530154909375 0.07784761875 0.6222665593750001 0.128519903125 0.6910321984375 0.131265840625 0.6896330734375 0.1323747265625 0.6888566234375 0.223068121875 0.5996526578125 0.1932158671875 0.553317884375 0.1766839609375 0.5297078749999999 0.1758066078125 0.530154909375
1 0.25735955625 0.60213735 0.26471066875 0.6003045124999999 0.3755773828125 0.5435089359374999 0.35807414843749996 0.46925737500000003 0.3551141078125 0.46344796875 0.2356377921875 0.5201072421874999 0.25735955625 0.60213735
1 0.15344803125 0.5333719171875 0.2290789296875 0.6458380234375001 0.25822263749999996 0.6337039156250001 0.2856462015625 0.621494159375 0.3069568203125 0.6106358562499999 0.2293227421875 0.5001696390625 0.15344803125 0.5333719171875
0 0.38738687656250004 0.5644393937500001 0.45960754687499994 0.5274181078125 0.45530103281249995 0.5189661 0.3724083859375 0.42859169531249997 0.30243758593750003 0.46601212968750005 0.38738687656250004 0.5644393937500001
0 1 0.4366704921875 0.8906329015625 0.5056412734375 0.9044932703124999 0.5745470296875 0.90480458125 0.5751580109375001 0.9101333046875 0.5738294109375001 1 0.5249096296875 1 0.4366704921875
0 0.2917926796875 0.7356391453125 0.2122072796875 0.7778699312499999 0.32881779375 0.9256731968749999 0.33085875625 0.9246332734375 0.3577154640625 0.9095020515625001 0.41072303750000005 0.8788981140625 0.4087857265625 0.8750959249999999 0.2917926796875 0.7356391453125
0 0.997222659375 0.5097410859375 0.9662186953124999 0.4373140734375 0.8139411953125 0.54897528125 0.83863535625 0.6180297125 0.8422146859374999 0.6166557375 0.9974326640625 0.5102881671875 0.997222659375 0.5097410859375
0 0.5740626328125 0.7043153453125 0.5140855984375 0.6328375015625001 0.39499546875 0.7848763984375 0.453636075 0.848046028125 0.4541141546875 0.847802434375 0.46070597500000005 0.8422712421874999 0.5740626328125 0.7043153453125
1 0.3247655921875 0.8947066250000001 0.19001967343749998 0.78118538125 0.122433821875 0.84293828125 0.261442490625 0.9668695125 0.2739862421875 0.9559653953125 0.3306112953125 0.9014313375 0.3247655921875 0.8947066250000001
0 0.7181763421875 0.5783533515625 0.7380037125000001 0.6619783390625 0.74160555625 0.6610802984374999 0.906984246875 0.5697891671875001 0.8983610437499999 0.5352033890625 0.8871074125 0.492241534375 0.8853143031249999 0.48872235937499997 0.7181763421875 0.5783533515625
0 0.66103498125 0.74721490625 0.5450318265625 0.613561190625 0.470978465625 0.6492134421875 0.4660288046875 0.651845225 0.58355468125 0.7941246343749999 0.606512440625 0.782427071875 0.6121558796875 0.7794264015625 0.6629474546874999 0.7509683468749999 0.66103498125 0.74721490625
1 0.3090873125 0.717919153125 0.3091892609375 0.718232915625 0.39905859375 0.878129709375 0.4850881578125 0.8565712781249999 0.48825853124999996 0.8549558921875 0.40093800625 0.6875477140624999 0.3090873125 0.717919153125
0 0.780843140625 0.5149926453125 0.6363303640625 0.6388588015625001 0.6806806375 0.7219015625 0.6846856703124999 0.7199481765625 0.8231082078125 0.5979632140625 0.81474773125 0.580821696875 0.7964837375 0.5449765906249999 0.780843140625 0.5149926453125
1 0.5577108875000001 0.6762733125 0.5872462921875 0.7551307609375 0.591311484375 0.7536511531250001 0.7219150062499999 0.6696003671875 0.738666565625 0.6583973828125 0.7138654140625 0.575564309375 0.7101591984375 0.568290453125 0.5577108875000001 0.6762733125
0 0 0.33406608437499996 0.057408104687499996 0.30931721562500003 0.042368881250000004 0.2385632234375 0.040331531250000004 0.23456470000000001 0 0.25108486874999997 0 0.33406608437499996
1 0.1041284296875 0.2076097640625 0.0904495171875 0.1865460859375 0.0190893453125 0.26095426875 0.057409198437499996 0.3221752859375 0.0639388796875 0.318848246875 0.13185163125 0.2533625078125 0.1041284296875 0.2076097640625
0 0.08731670312499999 0.21524685937500002 0.1124369484375 0.28635504843750004 0.1147437453125 0.285469553125 0.197707540625 0.22739510625 0.1784341109375 0.171050646875 0.17418313125 0.1599764625 0.1732711234375 0.158186546875 0.08731670312499999 0.21524685937500002
0 0.2234064515625 0.1374192171875 0.14609174062500002 0.1579611578125 0.202456034375 0.2450238375 0.2645690375 0.2236366140625 0.2746441140625 0.21850310624999997 0.2741648234375 0.21711114843749998 0.2234064515625 0.1374192171875
0 1 0.7054533625 0.902725103125 0.6352312921875 0.8326969984374999 0.6873597015625 0.9794664734375 0.800856865625 1 0.78538374375 1 0.7054533625
0 0.9537979453125001 0.8188859859375001 0.8494030312499999 0.668149096875 0.8473658687500001 0.668850546875 0.76552940625 0.7020355859375 0.8679048640625 0.8534721515625 0.8883437515624999 0.8464344781250001 0.9549725234374999 0.8222972093750001 0.9537979453125001 0.8188859859375001
0 1 0.6444807609375001 0.9324091343750001 0.69359239375 0.9639171781250001 0.7740392828125 0.9685332125 0.7724498546875 1 0.7503338734375 1 0.6444807609375001
0 0.6696089984375 0.763427428125 0.8011532078125001 0.8964505984375 0.85529259375 0.8643126171875 0.883556571875 0.8466513234375 0.8816863968750001 0.8429809 0.7461798109375 0.719170984375 0.6696089984375 0.763427428125
0 0.49053234687499997 1 0.4184876734375 0.8863981750000001 0.3434498546875 0.9147105203124999 0.33528513437499996 0.918870653125 0.38132520468750003 1 0.49053234687499997 1
0 0.5108306296875 1 0.6147635499999999 0.941203259375 0.590576703125 0.8667637953125 0.5843418296875 0.848059659375 0.5837633734375001 0.8482476109375 0.417429690625 0.9456911859374999 0.43507569375 1 0.5108306296875 1
0 0.55464704375 1 0.559981034375 0.9972821953125001 0.69782631875 0.8766605796875 0.6638432937500001 0.8096889812500001 0.6536342671875001 0.7904886 0.50581206875 0.9151889015625001 0.5509069328125 1 0.55464704375 1
0 0.6357415140625 0.9564798218749999 0.6372983328124999 0.955753865625 0.7920942265625001 0.8378586515625001 0.7617990109375 0.7728903515625001 0.7499586609375 0.74965235625 0.5947655000000001 0.8726618593750001 0.6357415140625 0.9564798218749999
0 0.374421796875 1 0.31536489687499997 0.9320696140625 0.23479972500000001 0.9873289359375 0.24527291562500003 1 0.374421796875 1
0 0.49806526093750003 0 0.42212962656249997 0.05612786875 0.4472984359375 0.1193014703125 0.4531674625 0.1171653203125 0.5389455359374999 0.0569828875 0.526089634375 0.0216615859375 0.5177833984375 0 0.49806526093750003 0
0 0.28224889375 0.10547055937500001 0.21880017343749997 0.1310681390625 0.2752183828125 0.2090363328125 0.3212293984375 0.1895058140625 0.34191371875 0.1789666265625 0.3418090296875 0.17871999375 0.28224889375 0.10547055937500001
0 0.49610994062499997 0 0.550282128125 0.0750032328125 0.6067229609375 0.0633295609375 0.6088165109375 0.06226284375 0.607517790625 0.057053968749999996 0.5750184359375 0 0.49610994062499997 0
0 0.4022501921875 0.0362685953125 0.3410521546875 0.080047621875 0.42741885156250004 0.1435007609375 0.481344103125 0.09856533281249999 0.47847888593750004 0.092942025 0.47807371718749997 0.09240434843749999 0.4022501921875 0.0362685953125
0 0.2954823078125 0.11568678750000001 0.3145683734375 0.18629788125 0.320475503125 0.184491890625 0.3978469234375 0.13111555 0.39019582812500003 0.10409255312500001 0.3781396578125 0.0646586015625 0.37721114375 0.0628362875 0.2954823078125 0.11568678750000001
0 0.5590656 0 0.55334236875 0.0068059671875 0.59381348125 0.06815363437500001 0.5945168 0.067795275 0.6425744515625 0 0.5590656 0