0 0.107227996875 0.7236426578125 0.0724666234375 0.7814498671875 0.14295985625000002 0.8678291953124999 0.1472311765625 0.8697309093750001 0.1656813875 0.8402044 0.18287017187500001 0.8111226578125 0.107904203125 0.7239437234375 0.107227996875 0.7236426578125
0 0.1568186359375 0.7890843609375 0.225112709375 0.692149015625 0.1605107203125 0.6722727828124999 0.0916584890625 0.7690294046874999 0.1568186359375 0.7890843609375
1 0.20641547500000001 0.487526740625 0.2734626046875 0.5821485562500001 0.2751911109375 0.5829181359375 0.277477290625 0.579991959375 0.320632746875 0.5216211000000001 0.255695203125 0.42843577968749996 0.20641547500000001 0.487526740625
0 0.3012899875 0.5466477671875001 0.29137565 0.5422336203125 0.23098545625 0.521530290625 0.1615727921875 0.6144297234375 0.1729231640625 0.619483234375 0.1858144109375 0.6239220453125001 0.23667811093750002 0.6377496484375 0.2999728890625 0.5504728953125 0.3012899875 0.5466477671875001
0 0.2708733234375 0.6204856328125 0.223749946875 0.603976775 0.19717673125 0.594826884375 0.1229661125 0.693021596875 0.12409433750000001 0.6935239140625 0.13699329531249999 0.6980439875 0.1993404578125 0.7195118375 0.269872978125 0.62339084375 0.2708733234375 0.6204856328125
0 0.3063576953125 0.4983840234375 0.363709725 0.39485006093749997 0.361914996875 0.394050996875 0.2902651328125 0.3761866796875 0.2310027234375 0.475757990625 0.2306923640625 0.4770027703125 0.3063576953125 0.4983840234375
0 0.40018713437500003 0.31904576875 0.3209541953125 0.2988730640625 0.26549832812499996 0.4050419109375 0.3450697 0.4259075671875 0.3998912328125 0.3203274578125 0.40018713437500003 0.31904576875
1 0.48284311406249997 0 0.39203018749999996 0.09244474375 0.4016293703125 0.099166165625 0.45896804687500004 0.138507946875 0.5538243375 0.044893528125 0.5565777749999999 0.03870920625 0.502062984375 0 0.48284311406249997 0
1 0.4042394640625 0.063041009375 0.4007639703125 0.070166828125 0.3676341078125 0.13953674062500002 0.4768410078125 0.221160990625 0.48237674375 0.22362565937499998 0.48349595624999997 0.22133093593750003 0.5187407312500001 0.145701196875 0.40681553125000003 0.0642974421875 0.4042394640625 0.063041009375
1 0.35016835625 0.3628508453125 0.4620249171875 0.27412771406249997 0.46351631875 0.27077797187499997 0.40221236875 0.2221208265625 0.2891162359375 0.3140616390625 0.3112999640625 0.332483528125 0.35016835625 0.3628508453125
1 0.3956488296875 0.2931120765625 0.4840829234375 0.19001065 0.4863194296875 0.184987375 0.4151342390625 0.1466922921875 0.329140753125 0.26020649375 0.357767440625 0.2747925203125 0.3956488296875 0.2931120765625
0 0.3205604734375 0.9142090578125 0.32874839375 0.8906463953125 0.34502766875 0.840543940625 0.21730600312499998 0.744786165625 0.1916863734375 0.8256694984375 0.3170962390625 0.913083459375 0.3205604734375 0.9142090578125
0 0.1798833609375 0.850416096875 0.302151396875 0.9559251718749999 0.3035804390625 0.9565317656250001 0.3314793171875 0.8938698578125001 0.33705923125 0.879113803125 0.21206779375 0.8240873859375 0.190823534375 0.8150697328125001 0.1798833609375 0.850416096875
0 0.48768791250000004 0.5007625359375 0.4915193609375 0.4921569609375 0.4202437 0.4524502328125 0.3221705515625 0.5665006671875 0.39085939375 0.60149938125 0.48768791250000004 0.5007625359375
0 0.3330691984375 0.6821847171875 0.21923385 0.784871409375 0.21897535625 0.785451996875 0.29112031250000003 0.825674878125 0.3939229375 0.7305698796875 0.39667834062499996 0.724381140625 0.3330691984375 0.6821847171875
0 0.359064003125 0.673653384375 0.463576684375 0.5818081078125 0.46676789999999996 0.57464051875 0.40462345937500005 0.5353461078125 0.285149790625 0.6321795421874999 0.294124403125 0.6380077234375 0.359064003125 0.673653384375
1 0.3841103609375 0.764027721875 0.3856000515625 0.764629596875 0.41020062968750004 0.7093757921875 0.41586785937500004 0.69534890625 0.30060043125 0.5941249156249999 0.26955966249999996 0.66927546875 0.3841103609375 0.764027721875
0 0.45057730156250003 0.372889190625 0.376297484375 0.4845236234375 0.36659659843750003 0.501333396875 0.3663319734375 0.5020604515625 0.3923003484375 0.5136223156249999 0.43967794375 0.5308663499999999 0.5234866499999999 0.4083464109375 0.5248674421875 0.40455271249999997 0.45057730156250003 0.372889190625
0 0.6384243484375001 0.13866947031250001 0.6785342984375 0.0321704515625 0.639104221875 0.01461505 0.5965885609375 0.0047995375 0.557660975 0.1203148234375 0.5664025421875001 0.12420682031250001 0.6384243484375001 0.13866947031250001
1 0.52014219375 0.1637221625 0.64518743125 0.21231921250000002 0.647795903125 0.2064604890625 0.65320816875 0.1830173921875 0.6632596171875 0.13028884999999998 0.5416538 0.0798543046875 0.52014219375 0.1637221625
0 0.45355673906250005 0.3042741125 0.5594648906249999 0.3815758125 0.5595510406249999 0.38161238124999997 0.5811641109375 0.3330686296875 0.5942494515625001 0.3022415 0.48590853593750005 0.22813745000000002 0.4849019046875 0.2277101609375 0.45355673906250005 0.3042741125
1 0.6300458453125 0.1766834390625 0.5507988562499999 0.15450676875 0.489338684375 0.2746156515625 0.5018524203125 0.280187125 0.518555096875 0.284976540625 0.57131341875 0.2987235875 0.629211815625 0.17959204374999999 0.6300458453125 0.1766834390625
0 0.46881590156249997 0.44754862500000003 0.5697863359374999 0.3701481875 0.5718862328125 0.3654317421875 0.5071304734375001 0.31638573124999997 0.40638003593749994 0.39856637500000003 0.4583981546875 0.43940938906250004 0.46881590156249997 0.44754862500000003
0 0.5757204140625001 1 0.4730336421875 0.872114440625 0.42902766718749996 0.937276240625 0.42633282968749997 0.9414259265625 0.47988944062499994 1 0.5757204140625001 1
0 0.7624272125 0.1980591015625 0.72441948125 0.2797456203125 0.8698080828125001 0.389279728125 0.8737064515625 0.39101539375 0.9014942453125 0.336478778125 0.915199159375 0.3088669703125 0.9161308421875001 0.3067743796875 0.7624272125 0.1980591015625
0 0.46244305937499997 0.866006178125 0.59060370625 0.995297571875 0.5967005296875 0.998012053125 0.6277397515625001 0.948673734375 0.6371131812499999 0.9324384765625 0.49807729375000004 0.8008575671875 0.46244305937499997 0.866006178125
0 0.6429133046875 0.4572681328125 0.789219753125 0.5619764828125 0.79339690625 0.5639243203125 0.7965180828125 0.5653139578124999 0.8250092328124999 0.5114368625 0.8355225718750001 0.48782351874999996 0.6819393484375 0.3723889828125 0.6429133046875 0.4572681328125
1 0.759017821875 0.193600325 0.8986657109375 0.2999136046875 0.9085246984375001 0.30560569375 0.90864425 0.305658921875 0.91911458125 0.2885177484375 0.9542304828124999 0.2276952203125 0.811484021875 0.11256924531250001 0.759017821875 0.193600325
0 0.5602299859375 0.8971922765624999 0.6927155296875 0.7701578671875 0.695504809375 0.763893040625 0.6270378140624999 0.719974225 0.48609749375 0.8518672875 0.4976132328125 0.8590631171875 0.5602299859375 0.8971922765624999
0 0.67083864375 0.449566696875 0.6284947296875 0.505228559375 0.6160393187500001 0.5223719609375 0.7403733796874999 0.6583322 0.7410703062499999 0.658642490625 0.7476537765625 0.6495811203125 0.7899580953124999 0.5861677125 0.6713544546875 0.44994145625000004 0.67083864375 0.449566696875
1 0.7881449640625 0.28613723125 0.68695040625 0.4446957796875 0.7027932859375 0.45174948437499995 0.773406909375 0.4761578046875 0.8745856046875 0.3280464015625 0.8762677609375 0.32408349375 0.7881449640625 0.28613723125
1 0.5417511015625001 0.689889865625 0.6621817328125 0.8303398390625001 0.6627655921875 0.8307336578125 0.6666472875 0.8324619 0.703007065625 0.7826095890625 0.7208299890625 0.756186015625 0.595755465625 0.6143125609375 0.5417511015625001 0.689889865625
1 0.71900343125 0.74110450625 0.7582551546875 0.665808628125 0.6197230234375 0.5397060234375 0.6188507750000001 0.539261590625 0.580826821875 0.6260129937500001 0.5960882171875 0.6391739750000001 0.717929925 0.7405575265625 0.71900343125 0.74110450625
0 0.21718419843749998 0 0.2069389671875 0.0180551421875 0.2826558984375 0.0799723953125 0.28345361874999997 0.0803275640625 0.3206122828125 0.013291557812499999 0.3049510953125 0 0.21718419843749998 0
1 0.2940897546875 0.052566062499999996 0.2917539140625 0.051526078125 0.2187745140625 0.033041626562499996 0.173515625 0.12202958125 0.182779309375 0.1261540390625 0.20272204062500002 0.13187252656249998 0.24448297812500003 0.143096353125 0.293052225 0.056184357812499995 0.2940897546875 0.052566062499999996
0 0.187251234375 0.093496890625 0.1478542953125 0.1509127390625 0.21106517187499999 0.2225558078125 0.2185369875 0.2258824734375 0.21920873593749998 0.224957890625 0.25762785 0.16774968437499999 0.19098781874999998 0.08835392187499999 0.187251234375 0.093496890625
0 0.15752812656249998 0.177947628125 0.11333945781250002 0.26285360625 0.121675634375 0.2665651109375 0.1879039109375 0.28307767500000003 0.23432722031250003 0.1954694953125 0.235318125 0.1914951921875 0.15752812656249998 0.177947628125
0 0.8171052953125001 1 0.8292379328124999 0.931192396875 0.66289345 0.8457956109375001 0.6473368984375 0.9383097499999999 0.7779313 1 0.8171052953125001 1
0 0.6923480843750001 0.8129111968749999 0.6912063515625 0.8147383515625 0.8134920390625 0.9491524703125 0.818294646875 0.9512907296875 0.856162534375 0.8927865109375 0.8676175828125 0.874454603125 0.74309179375 0.7406372078125 0.6923480843750001 0.8129111968749999
0 0.7609655265625 1 0.6266413 0.9282747812500001 0.6263924765625 0.9282218921875 0.607978446875 1 0.7609655265625 1
0 0.9060717890625 0.686107903125 0.8206382734375 0.6694594015625001 0.730387665625 0.8351102609375 0.8263765 0.8549781578125 0.9046837468750001 0.6921201765625 0.9060717890625 0.686107903125
0 1 0.3571860328125 0.9458689343750001 0.2940697203125 0.88384603125 0.37103622187499996 1 0.49375599687499994 1 0.3571860328125
0 1 0.41292045625 0.9493243671875 0.3944760359375 0.846475928125 0.556769978125 0.8645466203125001 0.56481556875 0.937952321875 0.591533059375 1 0.49027104687499995 1 0.41292045625
0 1 0.53840135625 0.934996671875 0.49304706718749997 0.7900054562500001 0.6182550203125 0.8709638984374999 0.677074771875 1 0.5615020687500001 1 0.53840135625
0 0.9332604375000001 0.756177790625 0.9559702140624999 0.7051708 0.9637149609375 0.66532753125 0.7825382328125 0.5873247859374999 0.76297891875 0.678930671875 0.9332604375000001 0.756177790625
0 1 0.2365107390625 0.9641350171875 0.214467825 0.9206259781250001 0.301939553125 1 0.3534912421875 1 0.2365107390625
0 0 0.5094793171875 0.0892666328125 0.5641176671875 0.0930142953125 0.5651218484375 0.093687765625 0.5636092109375 0.10309123125 0.5307712 0.1123931109375 0.4960561171875 0.0161178734375 0.44035111875000005 0 0.493997590625 0 0.5094793171875
0 0.09165248125 0.3055711625 0.1650571171875 0.35868715624999997 0.1688204015625 0.3602845765625 0.19181907812500001 0.308628703125 0.19551074531249998 0.29993168125 0.1958790359375 0.299018796875 0.12136230156250001 0.23842820156250003 0.09165248125 0.3055711625
0 0 0.62190834375 0.0366954734375 0.629041221875 0.085545625 0.531773609375 0.0863356109375 0.5277094890625 0.0265771625 0.5185803953125 0 0.5597580984375 0 0.62190834375
0 0.09513674062500001 0.497621659375 0.10301457656249999 0.501129096875 0.140880215625 0.44238245000000004 0.06737459375 0.364392509375 0.031380053125 0.4304697078125 0.09513674062500001 0.497621659375
0 0.1802896015625 0.3377118109375 0.110774165625 0.314956403125 0.053797840625 0.393697934375 0.0601485734375 0.3965254640625 0.094238896875 0.408933328125 0.1208244328125 0.4179882109375 0.17817693125 0.3435163265625 0.1802896015625 0.3377118109375
0 0 0.6938090390625 0.0704196546875 0.60665865 0.071117434375 0.60474151875 0.0123558234375 0.5820443734375 0 0.5945545578125 0 0.6938090390625