0 0.621875 0.75546875 0.14375 0.14375
0 0.46640625 0.70859375 0.125 0.125
0 0.53828125 0.728125 0.115625 0.1484375
0 0.38515625 0.68203125 0.1453125 0.1453125
0 0.15390625 0.6125 0.1390625 0.140625
0 0.8546875 0.81328125 0.125 0.16875
0 0.70625 0.76953125 0.128125 0.171875
1 0.31875 0.65703125 0.11875 0.15625
0 0.78125 0.7890625 0.146875 0.146875
1 0.23984375 0.62890625 0.1296875 0.1703125
1 0.0734375 0.575 0.13125 0.1328125
0 0.54375 0.58828125 0.14375 0.14375
0 0.45625 0.5609375 0.15 0.15
1 0.29609375 0.5125 0.1109375 0.1375
0 0.6265625 0.60625 0.128125 0.16875
0 0.7875 0.6515625 0.153125 0.153125
1 0.21484375 0.4859375 0.121875 0.153125
1 0.3765625 0.53203125 0.1171875 0.146875
0 0.8734375 0.6734375 0.125 0.1765625
1 0.7046875 0.621875 0.1390625 0.165625
0 0.0609375 0.43359375 0.121875 0.1390625
1 0.13671875 0.4546875 0.134375 0.134375
0 0.0515625 0.81953125 0.103125 0.1515625
0 0.0109375 0.79765625 0.021875 0.1484375
0 0.75859375 0.971875 0.1203125 0.05625
0 0.34453125 0.90234375 0.1125 0.15625
0 0.27109375 0.88046875 0.13125 0.13125
0 0.88203125 0.3875 0.1578125 0.1578125
0 0.953125 0.40625 0.09375 0.16875
1 0.78984375 0.35234375 0.15 0.15
1 0.125 0.83671875 0.140625 0.140625
0 0.41796875 0.9203125 0.1390625 0.1375
0 0.63125 0.95 0.109375 0.1
0 0.19765625 0.85625 0.1390625 0.1375
0 0.70390625 0.32265625 0.165625 0.165625
1 0.16953125 0.16171875 0.1796875 0.18125
1 0.62265625 0.28828125 0.14375 0.1765625
1 0.35546875 0.21015625 0.15625 0.1578125
0 0.2640625 0.1796875 0.1625 0.1625
0 0.44296875 0.23046875 0.16875 0.16875
0 0.53984375 0.25234375 0.1421875 0.1921875
0 0.48984375 0.93359375 0.1390625 0.1328125
0 0.5625 0.94296875 0.140625 0.1140625
1 0.69765625 0.96171875 0.1390625 0.0765625
0 0.903125 0.190625 0.1453125 0.203125
0 0.95 0.21484375 0.1 0.1890625
0 0.62421875 0.10859375 0.140625 0.196875
0 0.8140625 0.16171875 0.171875 0.16875
0 0.428125 0.07734375 0.159375 0.1546875
0 0.53046875 0.0921875 0.1609375 0.184375
0 0.72421875 0.1328125 0.1734375 0.171875
0 0.33671875 0.05859375 0.1390625 0.1171875
0 0.23828125 0.04609375 0.1546875 0.0921875