0 0.60086153125 0 0.5594278484374999 0.0342589484375 0.66083930625 0.0933233265625 0.7039566140625 0.0571181125 0.71056909375 0.050270690625 0.7070302234375 0.0461996859375 0.632204771875 0 0.60086153125 0
0 0.5916236265625 0.17119301874999998 0.63405785 0.0638207703125 0.582203471875 0.0204663546875 0.5381022703125 0.1305373578125 0.5894415859375 0.1734525890625 0.5916236265625 0.17119301874999998
0 0.34066594375000003 0.2874853640625 0.4442727546875 0.33118939062499997 0.492395546875 0.276841 0.495056965625 0.2736692453125 0.493923759375 0.27257492031249997 0.387176334375 0.22655665625000002 0.33987609375 0.2867226140625 0.34066594375000003 0.2874853640625
0 0.4808536734375 0.2926465859375 0.5273213625000001 0.19404795 0.519407271875 0.18640540156250002 0.4716948421875 0.141912840625 0.4229880546875 0.24155728437500001 0.47584786562500003 0.29783024999999996 0.4808536734375 0.2926465859375
0 0.5560914875 0.21736083750000001 0.5961111234375001 0.1800419234375 0.6127979859375 0.1627621703125 0.5085629578125 0.10323715781250001 0.449810728125 0.1586248578125 0.4498449640625 0.1586615734375 0.5560914875 0.21736083750000001
0 0.307254215625 0.3539751296875 0.3524270546875 0.41179372968749994 0.3541747984375 0.41348150625 0.425432478125 0.31897428125 0.3751238703125 0.258547103125 0.3741129421875 0.259336925 0.307254215625 0.3539751296875
0 0.311677384375 0.47458168125 0.369764778125 0.3721621453125 0.3089276921875 0.316792228125 0.250090434375 0.4211251296875 0.3099385609375 0.4763822859375 0.311677384375 0.47458168125
1 0.0715634125 0.7209367328125 0.1594405578125 0.618490053125 0.11619486718750001 0.5640353953125 0.1152826328125 0.5629088796875 0.1079900203125 0.555866484375 0.0154663921875 0.6604080015625 0.0677077546875 0.7240589828124999 0.0715634125 0.7209367328125
0 0.234374765625 0.5760936515624999 0.1124289375 0.514035753125 0.06072037031250001 0.5801871875 0.059026335937499994 0.5824352453125 0.060368868750000006 0.583731715625 0.1865224796875 0.6458741375 0.23260567656250003 0.5857558265625 0.237682384375 0.57901880625 0.23564270937499998 0.577049115625 0.234374765625 0.5760936515624999
1 0.29652427812500004 0.5303193265624999 0.308947015625 0.5178965890625 0.3515827234375 0.473746021875 0.348800365625 0.4709636625 0.22719701250000002 0.3966755203125 0.173827153125 0.4533241828125 0.29652427812500004 0.5303193265624999
1 0.2553102734375 0.46329476875 0.2406085203125 0.440656053125 0.2369680234375 0.4371404671875 0.1339082546875 0.5337374265625 0.1803412390625 0.6018601234375 0.27748915625000004 0.499053725 0.2553102734375 0.46329476875
0 0.7252341 0.255516725 0.7818774656249999 0.11617789062499999 0.716117540625 0.06292655312499999 0.66108830625 0.2129786421875 0.7212134703124999 0.2596802109375 0.7252341 0.255516725
0 0.6741522875 0.10342294999999999 0.8283179328125 0.166361959375 0.8448363515624999 0.15029962187499998 0.8505731546874999 0.143462765625 0.8132138640625 0.1073853171875 0.7589653765625 0.061865431250000005 0.7313917375 0.039345717187500004 0.6735995921875 0.10288921875000001 0.6741522875 0.10342294999999999
0 0.47181116875000007 0.49455426718749995 0.564862003125 0.3808984046875 0.536515628125 0.3432814921875 0.5149793234375 0.3168014796875 0.5121313859375001 0.31405125625 0.4233347375 0.435673303125 0.470047771875 0.49588308281250004 0.47181116875000007 0.49455426718749995
0 0.6733164171875 0.3182762890625 0.7184822 0.1797021546875 0.6517411890625 0.1372801921875 0.6044595609375001 0.2763870765625 0.6678644078125 0.3239220109375 0.6733164171875 0.3182762890625
0 0.5542959093750001 0.4347777125 0.60874265 0.300184878125 0.5499753828125 0.25087328593749997 0.49017308281250005 0.3832661 0.5488577796875 0.44040906093750004 0.5542959093750001 0.4347777125
1 0.6418874484375 0.3534350359375 0.6964358703125 0.31232985156250004 0.7015506984375001 0.307033290625 0.7000066453125 0.3049842625 0.578835096875 0.21886047031250003 0.5142791765625 0.2682939453125 0.6418874484375 0.3534350359375
0 0.446429371875 0.5552108734375001 0.4524135546875 0.5417770296875 0.4983447609375 0.4180127640625 0.466897228125 0.3968011359375 0.42908343593750004 0.374156059375 0.42863007499999994 0.374828196875 0.377250603125 0.5189095312500001 0.44181803437499995 0.5602491890625 0.44584074375 0.5560835515625 0.446429371875 0.5552108734375001
0 0.2229617390625 0.7801053390625 0.111190028125 0.7036405140624999 0.058155978124999994 0.7683979843750001 0.07245186718749999 0.7822033625 0.176229890625 0.847967628125 0.23041177968749998 0.7870385953125 0.22502481875 0.78183646875 0.2229617390625 0.7801053390625
1 0.2103770140625 0.790916153125 0.2738309375 0.6912150171875 0.2343207390625 0.6527830984375 0.2126962515625 0.633312321875 0.21268814218749998 0.6333207203125 0.13741944687500002 0.74591683125 0.20109890468749997 0.8005239171874999 0.2103770140625 0.790916153125
1 0.370470571875 0.649627696875 0.41110862656249997 0.579240525 0.4086891421875 0.5769040546875 0.286520059375 0.5357224734375 0.24442459843750003 0.61114120625 0.2453442671875 0.611672178125 0.370470571875 0.649627696875
1 0.2846355984375 0.7365122093750001 0.3269071171875 0.6130542359375 0.25525778906249996 0.5716874765625 0.20901630781249997 0.6981846140625 0.27988279843749997 0.741433878125 0.2846355984375 0.7365122093750001
1 0.32701610937500003 0.566043603125 0.383463275 0.618428003125 0.3901123921875 0.6115426421875 0.4505861109375 0.507653475 0.3920765890625 0.4514276890625 0.39015044374999996 0.44963152968750003 0.32701610937500003 0.566043603125
0 1 0.2877625921875 0.9964856234375 0.28436879843749996 0.9426531593749999 0.2423102671875 0.8863076296875001 0.39913358125 0.9397603968749999 0.44499144062499996 0.9432557515625 0.4413718953125 0.9436549671875 0.44086092343749994 1 0.31089130468750004 1 0.2877625921875
0 0.5074817953124999 0.9250584421875001 0.526241415625 0.9069424875 0.5368165453125 0.8959916203124999 0.5330234859375 0.89206379375 0.3900433765625 0.781444325 0.32745889687499996 0.8406216531249999 0.32106824375 0.84723936875 0.4720187796875 0.956935703125 0.5074817953124999 0.9250584421875001
0 0.9643277765624999 0.45077421875 0.9987526062500001 0.41254157343750003 0.9907936828125001 0.40485573124999996 0.8331762921875001 0.31899846875 0.7823466546875 0.37995070625 0.9509700562500001 0.46493782499999997 0.9643277765624999 0.45077421875
0 0.6672948984375 0.74409576875 0.5062172109375 0.654547296875 0.45187951093749995 0.7237737171874999 0.6136199671875 0.8187024218750001 0.6733725734375 0.7499649109375001 0.6672948984375 0.74409576875
1 0.3751818796875 1 0.4588378890625 0.9094004640625 0.45296023593749996 0.9023957515625 0.393415040625 0.8383675890625 0.27575223437499996 0.973182421875 0.2982548546875 1 0.3751818796875 1
1 0.7497928421875 0.532356196875 0.81755023125 0.58279030625 0.8217933515625001 0.578396428125 0.8889231359374999 0.4044322703125 0.8600860703125001 0.383480915625 0.8205361421875 0.3554557546875 0.7497928421875 0.532356196875
0 0.55075126875 0.721556259375 0.6055625250000001 0.777798978125 0.6074257234375 0.7760615171875 0.707451815625 0.6280123390625 0.66097806875 0.5739969296874999 0.650824534375 0.563108596875 0.6497183843750001 0.5620404 0.5424864375 0.7126933125 0.55075126875 0.721556259375
1 0.507224215625 0.6921589640625 0.50587995625 0.6911087140625 0.4155884828125 0.85772835625 0.4912350671875 0.9162009375 0.493458759375 0.9138982375 0.49415032343750004 0.913013075 0.5746390703124999 0.7527143609375 0.507224215625 0.6921589640625
0 0.6417541796874999 0.536402734375 0.8151073796875 0.6121816265625 0.8334803093750001 0.5894929484375 0.8716264984375 0.5396935265625 0.868116378125 0.5368510859375 0.6990026296875 0.46014072031250003 0.6417541796874999 0.536402734375
1 0.6942912375 0.49205337968749996 0.6287182125 0.6377123015625 0.6207707546875 0.656231465625 0.691121603125 0.7159602921875 0.6958117609375 0.711103490625 0.7626861765624999 0.542962634375 0.7377881234375 0.5242006046875 0.6942912375 0.49205337968749996
1 0 0.438495034375 0.0337915296875 0.46111830468750004 0.0828636953125 0.4168659640625 0.0885812734375 0.4109452390625 0.0067341390625 0.3513874265625 0 0.35728545 0 0.438495034375
0 0.135340528125 0.3565055953125 0.14216869062499998 0.3477659453125 0.138699475 0.3444157625 0.0486905453125 0.3043260015625 0.0012791624999999999 0.3605969 0.09513295000000001 0.40520622343749996 0.135340528125 0.3565055953125
0 0.1508820796875 0.3456521796875 0.193614896875 0.2801519171875 0.1922559703125 0.27883961562500004 0.1893897453125 0.2772508421875 0.09435252656250001 0.25164160468749996 0.056721776562500006 0.31952926875 0.1508820796875 0.3456521796875
0 1 0.51934479375 0.928175990625 0.493450790625 0.8753440984375 0.5627115578125 0.8756902125 0.563045796875 1 0.6125520234375 1 0.51934479375
0 0.9263195265625 0.5178664015625001 0.9251462890625 0.5192646109375 0.8487028562500001 0.6836459453125 0.920302734375 0.7418052125 0.9226106187499999 0.7394153296875 0.9976400265625 0.5732043796874999 0.9778078875 0.5565632390624999 0.9263195265625 0.5178664015625001
0 0.866190534375 0.806837265625 0.9373864140625001 0.6416832671875 0.85941758125 0.5822740875 0.793609015625 0.7590638281250001 0.861301784375 0.8118997140624999 0.866190534375 0.806837265625
0 0.6318557515625 1 0.6656280781249999 0.9189378140625 0.59145716875 0.8689089031250001 0.5291389265625 1 0.6318557515625 1
0 0.7004234125 1 0.7485414265625 0.9624060890624999 0.767619965625 0.9426496828125 0.623882840625 0.8198762953125 0.5804482625 0.8538111046875001 0.5494477890625 0.8784129703125 0.5472847609375 0.8806528515625001 0.5478908546875 0.8814286156250001 0.691031403125 1 0.7004234125 1
0 0.7426225703125 0.7256093703125 0.6446833078124999 0.8898230109374999 0.7109675015625 0.956328884375 0.7207433453125 0.9462057015625 0.8146020859374999 0.79511918125 0.7426225703125 0.7256093703125
0 0.67929345625 0.763525253125 0.8526718015625001 0.8545759281249999 0.8665125265625001 0.8402434390625 0.9155398343750001 0.7818149703125 0.9105360812500001 0.7769829015624999 0.738175525 0.6906753609375 0.67929345625 0.763525253125
0 0.3310801859375 0.15326988125000002 0.3925914640625 0.0684396640625 0.3689364796875 0.039228190625 0.3484580984375 0.0148053109375 0.3460056890625 0.012437046875 0.28186148437499997 0.1056627671875 0.32622637499999996 0.1572004203125 0.3310801859375 0.15326988125000002
0 0.17538904375 0.30924161250000004 0.230126228125 0.23358335000000002 0.22000296874999997 0.2201351703125 0.194856965625 0.187949753125 0.1874526 0.1807994390625 0.1277552296875 0.25423006875 0.17336742656249998 0.3108210734375 0.17538904375 0.30924161250000004
0 0.3466125 0 0.31229499843749997 0.0327781640625 0.41104395781249997 0.0860225828125 0.46201703437499997 0.033238415625 0.4616650875 0.032898543749999995 0.3808915296875 0 0.3466125 0
0 0.2722018609375 0.0711772390625 0.2715767890625 0.072006734375 0.236427384375 0.16594659843749998 0.2940605625 0.21166104843750003 0.2968251046875 0.20879828125 0.3321805390625 0.1132432984375 0.31447973125 0.09990478281250001 0.2722018609375 0.0711772390625
0 0.2284396015625 0.260924471875 0.28410431406250003 0.1846198796875 0.2748294328125 0.17191273437500001 0.24674820312499998 0.1359703984375 0.23761425625000002 0.1271498484375 0.1830095359375 0.2069000875 0.225283034375 0.2633906546875 0.2284396015625 0.260924471875
0 0.39719051250000004 0 0.390964053125 0.01802066875 0.45066321875000004 0.0607407859375 0.4512884546875 0.060093335937500006 0.46664120468750003 0 0.39719051250000004 0