0 0.4640625 0.73671875 0.14375 0.14375
0 0.3296875 0.64140625 0.15 0.15625
0 0.40390625 0.690625 0.1484375 0.1484375
0 0.73203125 0.91875 0.1390625 0.15
0 0.67421875 0.871875 0.146875 0.159375
0 0.60859375 0.825 0.165625 0.165625
0 0.540625 0.77421875 0.15625 0.15625
1 0.07421875 0.43515625 0.1484375 0.1578125
0 0.14375 0.48125 0.1484375 0.1484375
1 0.28046875 0.5765625 0.1484375 0.15
1 0.21484375 0.5296875 0.1515625 0.1515625
0 0.57890625 0.64296875 0.1578125 0.1578125
0 0.51015625 0.59375 0.15625 0.15625
0 0.43984375 0.54375 0.15625 0.16875
0 0.7921875 0.78984375 0.165625 0.178125
1 0.1640625 0.34921875 0.1703125 0.1703125
0 0.71484375 0.73046875 0.165625 0.1734375
0 0.09765625 0.2984375 0.15625 0.1578125
1 0.3796875 0.4921875 0.1453125 0.153125
1 0.6515625 0.68125 0.1375 0.146875
1 0.3109375 0.4421875 0.1453125 0.1578125
1 0.2390625 0.38984375 0.1609375 0.1703125
0 0.02265625 0.65234375 0.0453125 0.1609375
0 0.09453125 0.740625 0.140625 0.153125
0 0.46328125 0.95859375 0.1484375 0.0828125
0 0.40625 0.93828125 0.159375 0.1234375
0 0.8171875 0.4640625 0.1734375 0.1734375
0 0.896875 0.51875 0.16875 0.1875
0 0.74375 0.40625 0.1765625 0.1765625
0 0.94296875 0.56484375 0.1140625 0.1703125
0 0.52109375 0.24765625 0.2015625 0.2015625
0 0.6015625 0.30234375 0.1875 0.1875
0 0.16171875 0.784375 0.1484375 0.1484375
0 0.35078125 0.91484375 0.1484375 0.1484375
0 0.2265625 0.828125 0.1484375 0.1609375
0 0.3640625 0.128125 0.1671875 0.184375
1 0.45 0.18203125 0.1796875 0.1796875
1 0.6796875 0.340625 0.1796875 0.19375
1 0.30234375 0.07734375 0.1828125 0.1546875
0 0.28984375 0.86953125 0.1453125 0.14375
1 0.05390625 0.68828125 0.1078125 0.1453125
0 0.97421875 0.39296875 0.0515625 0.2140625
0 0.41953125 0.01953125 0.1953125 0.0390625
0 0.82578125 0.22578125 0.20625 0.20625
0 0.90078125 0.2828125 0.1984375 0.209375
0 0.9453125 0.334375 0.109375 0.18125
0 0.7453125 0.16875 0.2078125 0.20625
0 0.58203125 0.07734375 0.1859375 0.1546875
0 0.66640625 0.109375 0.1765625 0.19375
0 0.50390625 0.04296875 0.1921875 0.0859375
1 0.5421875 0.97265625 0.14375 0.0546875