0 0.5146165421875 0 0.48906904375 0.051879343749999994 0.534916175 0.09932248906249999 0.53900388125 0.0952347828125 0.58898744375 0 0.5146165421875 0
0 0.423658990625 0.0891969140625 0.5321238312500001 0.137112675 0.5776479140624999 0.086362265625 0.4687966859375 0.038887171875 0.423658990625 0.0891969140625
0 0.33549241875 0.3487696265625 0.40814165625000004 0.3698392171875 0.40942720625 0.36778190781250003 0.4111175046875 0.256634634375 0.3426994390625 0.2323752234375 0.33820933124999997 0.2309162984375 0.33549241875 0.3487696265625
0 0.47914232500000004 0.22715335312499998 0.4891125890625 0.2057720546875 0.4845620859375 0.202928584375 0.37390910625 0.1888838859375 0.34162215156250003 0.25788139375 0.453555865625 0.2737115875 0.47914232500000004 0.22715335312499998
0 0.4098905421875 0.196813621875 0.43262746406249997 0.2133329625 0.4668982453125 0.2379526484375 0.4734731109375 0.24206108125 0.47498562343749995 0.23997928750000003 0.5132675390625 0.127069690625 0.4599212421875 0.0883113375 0.45699570625 0.086210021875 0.44756290156249995 0.08031574999999999 0.4098905421875 0.196813621875
0 0.28110589531249996 0.397240225 0.3373127625 0.44440338749999997 0.3393732234375 0.44569090625 0.38942459375 0.3384335859375 0.3276518328125 0.2897866359375 0.326827209375 0.29076938124999996 0.28110589531249996 0.397240225
0 0.324705153125 0.509262659375 0.338142890625 0.392405728125 0.26050730781250003 0.36520839375 0.2471134390625 0.48423688593750003 0.323285596875 0.511534421875 0.324705153125 0.509262659375
1 0.17665173125 0.7772095640625001 0.20886775625 0.7013133640625 0.20666286875 0.6999355984375 0.07346328437500001 0.6701071078124999 0.0412715546875 0.7439849359374999 0.0430845671875 0.74511783125 0.17665173125 0.7772095640625001
0 0.0855845015625 0.6481650765625 0.202988665625 0.7214459328125 0.2593406921875 0.661044659375 0.2616239921875 0.6573906171874999 0.26021547031250003 0.656122378125 0.1406675453125 0.58365155625 0.0887595453125 0.6403554546875 0.08634974375 0.6430318109375001 0.084021515625 0.64675775625 0.0855845015625 0.6481650765625
1 0.3252611703125 0.47573047187500006 0.2718147796875 0.42927023281250004 0.264112965625 0.42445760625 0.19732781875 0.553183815625 0.257221471875 0.6021939140625 0.2584885296875 0.60073633125 0.3252611703125 0.47573047187500006
1 0.1667775578125 0.6349651421875 0.24367284531250002 0.6625299578125 0.244611759375 0.66102738125 0.2625503796875 0.5225107015625 0.2235886984375 0.5066175171875 0.1935941765625 0.49510370156250005 0.1667775578125 0.6349651421875
0 0.5450697609375 0.13220426406250002 0.6976123390625 0.17924825625000002 0.7285773609375 0.1366285625 0.7317553109375 0.13206253750000002 0.7420489953125 0.1155891984375 0.7398803625 0.1140135953125 0.5954469109375 0.06393552031250001 0.5450697609375 0.13220426406250002
1 0.6431719703125001 0 0.5922214921875 0.0487128375 0.59106266875 0.050567342187499996 0.7406805203125 0.1242144671875 0.7582791531249999 0.1093435234375 0.76511425 0.10226557343750001 0.7665814453124999 0.09991756874999999 0.6993077109375 0.034952078125 0.6433726937500001 0 0.6431719703125001 0
0 0.3827227625 0.4342067296875 0.531084921875 0.45852170000000003 0.5371998796875 0.44411576249999996 0.5610651265625 0.38154809375 0.55652654375 0.3787120734375 0.411995390625 0.363181178125 0.4043837984375 0.3811129671875 0.3827227625 0.4342067296875
0 0.6656215765625 0.242855859375 0.692385825 0.165126840625 0.6912945500000001 0.1644449359375 0.5395321078124999 0.16430598125 0.5198984890625 0.24054799999999998 0.520934475 0.24090472031250001 0.6656215765625 0.242855859375
0 0.47176155 0.39815688125 0.5367845250000001 0.4322867671875 0.5418286890624999 0.424214415625 0.568759434375 0.289547596875 0.5054195859374999 0.251131084375 0.4958849265625 0.2462729328125 0.47176155 0.39815688125
1 0.6484874031250001 0.23903170624999998 0.499113415625 0.22934206562499998 0.4706645765625 0.30008723437499996 0.6214883453125 0.31435399999999997 0.6524181640625 0.24148791875 0.6484874031250001 0.23903170624999998
0 0.4698733984375 0.41512486875 0.43510120625 0.38804024375 0.43456930937499993 0.38865211875 0.36601371562499996 0.525397909375 0.42583653750000006 0.5749397890625 0.430252815625 0.5698594406249999 0.437829565625 0.55725501875 0.4985014796875 0.4400108796875 0.4698733984375 0.41512486875
0 0.20363177656250003 0.765127634375 0.194859071875 0.7611636109375 0.15882851874999998 0.8764015984375 0.1842580265625 0.8922917187499999 0.2318029046875 0.914462259375 0.2359328859375 0.9078529078124999 0.27450575625 0.798176715625 0.20363177656250003 0.765127634375
1 0.31103430312499997 0.73007060625 0.2558175453125 0.6919590578125 0.253897871875 0.6907595125 0.19525532968749998 0.8085101859374999 0.26157838906249997 0.8607151578125001 0.3250056890625 0.7402214140625001 0.31103430312499997 0.73007060625
1 0.41017684374999996 0.5905088359375 0.3598177234375 0.55427429375 0.342290909375 0.543322325 0.2892102015625 0.6646559843750001 0.35942041874999997 0.7123141328125 0.3637659234375 0.706108109375 0.41017684374999996 0.5905088359375
1 0.38456630468749997 0.6802868984375 0.2614517703125 0.6447981125 0.22188346406249998 0.72114815 0.35404802343749997 0.756316890625 0.3895971 0.6834304875 0.38456630468749997 0.6802868984375
1 0.3675298 0.47927929062499997 0.36503961406249996 0.47842185156249994 0.3547125859375 0.610448621875 0.428194475 0.6355527984375 0.43020397812500005 0.6323369203125 0.43021177968749996 0.6323142609375 0.44384999531249997 0.506846134375 0.3675298 0.47927929062499997
0 1 0.24120570625 0.83987400625 0.17508251875 0.8368962671875 0.1790341125 0.790715134375 0.24267285312500003 0.968332796875 0.3030109109375 1 0.2647681984375 1 0.24120570625
0 0.4868978890625 0.9883932546875001 0.5968719124999999 0.83550624375 0.541127965625 0.780529796875 0.5340499765625 0.7736946640625 0.5280033875 0.7699163359375001 0.4243483390625 0.923556271875 0.48687680312500003 0.9884150875 0.4868978890625 0.9883932546875001
0 0.81615716875 0.3965803421875 0.8828431859375 0.42396118125 0.8855314609375 0.41965904062500003 0.9101867984374999 0.2343328734375 0.9096397171874999 0.23412286718750003 0.8350702562500001 0.20870017343749997 0.81615716875 0.3965803421875
0 0.4958003015625 0.716262053125 0.674440353125 0.78869548125 0.6868773671875 0.77025685 0.72021255625 0.715060384375 0.7135619984375 0.7105745265625 0.548456034375 0.6390942093749999 0.4958003015625 0.716262053125
1 0.5414729515625 1 0.565136059375 0.9516498656250001 0.5573429078125 0.94733005 0.391896609375 0.8867407953124999 0.34950742031250004 0.9678852609374999 0.43013382968749997 1 0.5414729515625 1
1 0.8750006640624999 0.4687489109375 0.8782603921875 0.46372937031249994 0.9187161906249999 0.3989865578125 0.9133655546874999 0.39551181562500004 0.7406980359374999 0.33674210625 0.692511653125 0.4090996765625 0.8750006640624999 0.4687489109375
0 0.6315953390625 0.533549521875 0.631055484375 0.5349558890624999 0.6059043671875 0.7129226953125001 0.6847538281250001 0.7468675453125 0.6874357703125 0.7425755406250001 0.716946059375 0.565136325 0.6785444093749999 0.5503953125 0.6315953390625 0.533549521875
1 0.629055003125 0.8588233000000001 0.671600184375 0.7785770578125 0.6674384703125 0.7759765296875 0.48868255312500003 0.729902378125 0.4497928203125 0.81848320625 0.45009420625 0.8186173921875 0.629055003125 0.8588233000000001
0 0.68724584375 0.547581090625 0.7671756843749999 0.59732309375 0.7696674531250001 0.5936288953125 0.8285524078125001 0.41877555 0.8009331156249999 0.40014610156249997 0.7504644984375 0.3680534640625 0.68724584375 0.547581090625
1 0.63163166875 0.6032037015625 0.693986521875 0.6732672875 0.6970287671875 0.6702250421875 0.787929953125 0.5107880046875 0.7658853765625 0.4887434265625 0.731195225 0.45469278593749995 0.726655021875 0.4518557515625 0.6420791515625 0.5859708359375 0.63163166875 0.6032037015625
1 0 0.5458206 0.027840759375000003 0.562418421875 0.077552015625 0.5126315640625 0.07965412656250001 0.509267484375 0 0.4574558265625 0 0.5458206
0 0 0.4644462515625 0.0768090375 0.4961392375 0.1120042859375 0.44865071875 0.12047040625000001 0.43510209531250005 0.1183546515625 0.433620628125 0.025150617187500002 0.39782787656249996 0 0.43106364218750004 0 0.4644462515625
0 0.02784150625 0.413161315625 0.028343890625 0.41347523906249994 0.12501901875000002 0.422793565625 0.155615303125 0.35113334375 0.1526868453125 0.3493034390625 0.1510638953125 0.3487446125 0.053023509375 0.3400274765625 0.02784150625 0.413161315625
0 1 0.41585070625 0.9165663281249999 0.4058645421875 0.8805927578125001 0.48540287343750005 0.8806029671875001 0.48540925156250003 1 0.5037112609375 1 0.41585070625
0 0.902067290625 0.4342371171875 0.9015032625 0.435973015625 0.892204475 0.6170209484375 0.9809887859374999 0.644311371875 0.9815255875 0.643452309375 0.9889244765624999 0.4588284671875 0.9643025578125 0.4508283203125 0.902067290625 0.4342371171875
0 0.9290867437499999 0.7214748765625 0.942996571875 0.5414145968749999 0.8609803203125 0.5083229640625 0.8371433328125001 0.6938784546875 0.9249357625 0.7281178359375 0.9290867437499999 0.7214748765625
0 0.777154525 1 0.7932522671875 0.974238228125 0.6482479546875 0.8592039671875 0.5769799875 0.927698928125 0.67790315 1 0.777154525 1
0 0.7422870374999999 0.9711716203125 0.7737475875000001 0.9818637421874999 0.7753013156249999 0.9793772562499999 0.8000938203124999 0.79111968125 0.7260878125 0.76563736875 0.70811820625 0.7596022828125 0.70703724375 0.7613321859375 0.68491955625 0.9514184109375 0.7422870374999999 0.9711716203125
0 0.8745009890625 0.7297775390625 0.8071999671875 0.6790625796875001 0.7940197140625 0.6708266453125 0.7172357921875 0.8448168781250001 0.7923386046875 0.9036957953125 0.79653691875 0.8981244421874999 0.8745009890625 0.7297775390625
0 0.7272029015625 0.70963180625 0.9157946578124999 0.776782175 0.9653596625 0.6972993749999999 0.7805722828125 0.627450165625 0.7272029015625 0.70963180625
0 0.266207225 0.1953724515625 0.3036668828125 0.0975124640625 0.2732574359375 0.075418709375 0.2621464625 0.0676328109375 0.2439047921875 0.056234150000000004 0.20634398437499998 0.16212625 0.26253610312500003 0.20042532031250002 0.266207225 0.1953724515625
0 0.13339235 0.38330855625 0.1349617875 0.38428925 0.139947025 0.37930400937500003 0.18715248281250002 0.30408209375 0.16326521875 0.2801948296875 0.1370970875 0.2548084296875 0.134397196875 0.25312134999999997 0.0883391 0.3366072453125 0.13339235 0.38330855625
0 0.3342845375 0.106942315625 0.3648107953125 0.0470311578125 0.36089935156249997 0.0445870171875 0.2509964421875 0.034660979687499996 0.22082379218749998 0.0883966375 0.33226889375 0.110732503125 0.3342845375 0.106942315625
0 0.210075834375 0.12365694062499999 0.1637400390625 0.21261295468750002 0.216160615625 0.2658102328125 0.2174471875 0.264477946875 0.265202378125 0.1719718734375 0.2492590671875 0.15657559375000002 0.2107973359375 0.12290980468749998 0.210075834375 0.12365694062499999
0 0.2217617046875 0.2734802375 0.2361092640625 0.25298979843749997 0.24273012187499998 0.2423942109375 0.241466353125 0.2415093109375 0.1489852796875 0.212528721875 0.11122775625 0.264133996875 0.107195021875 0.270587721875 0.1998491984375 0.30269203437500003 0.2217617046875 0.2734802375
1 0.299026109375 0 0.296140571875 0.053961210937500004 0.3653538421875 0.078589425 0.36573100625 0.0779858359375 0.3634593078125 0 0.299026109375 0