0 0 0.6112885140625 0.005047346875 0.645855315625 0.07502434218750001 0.65871713125 0.0550842515625 0.543065596875 0 0.533372459375 0 0.6112885140625
0 0.035410109375 0.6478383890625 0.15390255 0.6433569328125001 0.172571809375 0.5777863234375 0.0539252640625 0.5828332296875 0.035410109375 0.6478383890625
0 0.30203734843749996 0.6142782718750001 0.2983319015625 0.6137575046875 0.2977126109375 0.61591723125 0.3151514953125 0.7301558671875 0.3916483953125 0.738429771875 0.3736285921875 0.6262884546875 0.30203734843749996 0.6142782718750001
0 0.23736635 0.59780410625 0.21385899375 0.5965721375 0.21262105468749998 0.60088934375 0.24130457500000002 0.7097106421875 0.3173728546875 0.7137996640625001 0.29011924843750003 0.6040864359375 0.23736635 0.59780410625
0 0.14117731875 0.5864251921875 0.10953652656249999 0.654279090625 0.10841503906250001 0.658190184375 0.2289753390625 0.6745531234375 0.26200485625000003 0.60270359375 0.2573252734375 0.60052146875 0.14117731875 0.5864251921875
0 0.47008143750000003 0.7277183390624999 0.4842588 0.654782134375 0.47999835781250005 0.653560471875 0.3661340453125 0.6614906953124999 0.35353449062500003 0.73910288125 0.35479380625 0.7393476671875 0.47008143750000003 0.7277183390624999
0 0.4564089421875 0.6670711500000001 0.450819021875 0.678041984375 0.42050913124999995 0.7409763890625001 0.5379449921874999 0.7671399250000001 0.5731084625 0.6927725328125 0.4564089421875 0.6670711500000001
1 0.8962143499999999 0.774563540625 0.7645034796875 0.7450684296875 0.7367254937500001 0.8088170203124999 0.7361591078124999 0.81015134375 0.7333647156249999 0.8198965421875 0.8691066078125 0.8525107875 0.9007812546875 0.7765020765624999 0.8962143499999999 0.774563540625
0 0.820299459375 0.7434662703125 0.8151911859375 0.7417073515625 0.6805589875 0.722247671875 0.6583248390625001 0.7868203281249999 0.653701340625 0.802944384375 0.7914746078125 0.82469508125 0.817480090625 0.7532985734375 0.820299459375 0.7434662703125
1 0.6222964421875 0.6654243375 0.6054956921875 0.6602878328124999 0.5464968031249999 0.6433701734375 0.5453463640625 0.6471330875 0.5368431453125 0.7893786453125 0.611916575 0.8099064984375 0.6222964421875 0.6654243375
1 0.581774440625 0.7370702703124999 0.56943085 0.76237838125 0.5683535078124999 0.76613551875 0.7046822453125 0.8048514593749999 0.7391600390625 0.7299648421875 0.6010028796875 0.6996420328124999 0.581774440625 0.7370702703124999
0 0.1534117265625 0.5202098375 0.19716943125 0.4485921140625 0.1948760984375 0.44721414218750005 0.041567496875 0.414236459375 0.01486555625 0.45867595312500004 0.001494459375 0.481987446875 0.1534117265625 0.5202098375
1 0 0.464238953125 0.0908236796875 0.5150795765625 0.1356682765625 0.444104565625 0.135797221875 0.4436548828125 0.13115208125 0.44097300937500006 0.007809659375 0.4142873625 0.0010912234374999999 0.4259240328125 0 0.42972958125 0 0.464238953125
0 0.493702553125 0.5046961078125001 0.35043084062499996 0.5219493984375 0.3370440796875 0.5978694984375 0.48715070000000005 0.5881820656250001 0.49851240468749997 0.5060753109375 0.493702553125 0.5046961078125001
0 0.2281777890625 0.42215303750000005 0.16023332031249998 0.3960716015625 0.15072544062499998 0.3933452609375 0.1452753015625 0.5454243453125 0.2207856734375 0.5677068125 0.2211783296875 0.56668390625 0.2281777890625 0.42215303750000005
0 0.381714009375 0.464661009375 0.3245323671875 0.4415581265625 0.311746940625 0.43789196406249997 0.30987786875 0.4425180796875 0.29458246250000003 0.5808659406250001 0.370891353125 0.6184764656249999 0.381714009375 0.464661009375
1 0.20061470625000002 0.4617005015625 0.177175078125 0.5261003515625 0.173683146875 0.538278165625 0.3270731375 0.5401830140625 0.3514372984375 0.4690478484375 0.3482808609375 0.46789899999999995 0.20061470625000002 0.4617005015625
0 0.4110068421875 0.5935201328125 0.42975270937500004 0.5985468765624999 0.561213934375 0.6249605765624999 0.59135550625 0.550040025 0.5876965890625 0.5483338437499999 0.44180020468750003 0.5209608671875 0.42043404687499997 0.5667807390624999 0.411796640625 0.5865231468750001 0.40993376875000004 0.5930197515625 0.4110068421875 0.5935201328125
0 0.8591072984375 0.7448998421875 0.9437331453125 0.7664962609375 0.9444677390624999 0.7639344234375 0.962425053125 0.624958434375 0.885276990625 0.6018928906250001 0.8792530234375 0.622900959375 0.8591072984375 0.7448998421875
1 0.8203701265625 0.5863545734375 0.792012765625 0.58135440625 0.7900856968750001 0.58807489375 0.7861384625000001 0.716381696875 0.8717444859375 0.7293499406249999 0.8728344218749999 0.5977048484374999 0.8203701265625 0.5863545734375
1 0.744181253125 0.5770878828125 0.7360487765625 0.574287646875 0.6121374687500001 0.55769209375 0.5851290359375 0.6399918703125 0.7167552078125 0.6535349687500001 0.744181253125 0.5770878828125
1 0.6921088546874999 0.582710440625 0.681350925 0.6158199421874999 0.668214521875 0.6616320203125 0.7998898062500001 0.6803254515625 0.8281459953124999 0.60006704375 0.8237715921875 0.5986457125 0.6921088546874999 0.582710440625
1 0.642485259375 0.617848803125 0.65357226875 0.53753426875 0.64727051875 0.5357272703125 0.5226465953125 0.5521951234375 0.52103544375 0.5653168921875 0.5131334515625 0.6309796296875 0.642485259375 0.617848803125
0 0.061639537499999994 0.22043564999999998 0.2268135484375 0.21398351249999997 0.2494113890625 0.14693893125 0.24320851875 0.14516028593750002 0.08436770625 0.14117310624999999 0.061639537499999994 0.22043564999999998
0 0.764331609375 0.371511009375 0.754389803125 0.38944650468750003 0.7520825265625 0.3974929296875 0.9254895484375 0.46311503906249996 0.972616046875 0.38016696875 0.7957873671875 0.3192590890625 0.764331609375 0.371511009375
0 0.3060439171875 0.245804015625 0.331514425 0.17703215156250002 0.3278893234375 0.1757839296875 0.1406137 0.15749402343750002 0.140422915625 0.1580481 0.1176181453125 0.23345937343749998 0.3060439171875 0.245804015625
0 0.69495578125 0.242187371875 0.642941703125 0.22825024218749998 0.64037755 0.23719250937499997 0.6305510296875 0.420342009375 0.716591403125 0.43883354375000005 0.7309592796875 0.252511209375 0.69495578125 0.242187371875
1 1 0.33322140624999996 0.9473161921875001 0.3062876609375 0.942861025 0.31400423437499997 0.8793935625 0.47836790625000003 0.959785875 0.52216680625 1 0.4261173375 1 0.33322140624999996
1 0.4164990515625 0.172093996875 0.231113965625 0.20779103437500002 0.22862752656250002 0.24334877968750002 0.225841809375 0.291348975 0.226671046875 0.2915867546875 0.4133274328125 0.2579908625 0.42024385625000005 0.1731678015625 0.4164990515625 0.172093996875
0 0.633793034375 0.4099893859375 0.635221975 0.22499388437499998 0.6038608 0.218327859375 0.548043284375 0.20774219062500002 0.545779696875 0.21563626249999998 0.5486647046875001 0.38853449375000004 0.6283096984375 0.40882386562499995 0.633793034375 0.4099893859375
1 0.7692711828125 0.26518582031250004 0.7108709328125 0.2634495171875 0.7089583859374999 0.27011935781249996 0.7376629968749999 0.4446822390625 0.8295169765624999 0.45422589999999996 0.804636359375 0.2664208 0.7692711828125 0.26518582031250004
0 0.45248645 0.363743196875 0.4637005 0.174941825 0.43338786718750005 0.16509265312500002 0.3733337171875 0.1479916 0.3718313890625 0.1526152859375 0.36340039375 0.33743587656249996 0.45248645 0.363743196875
1 0.56513506875 0.3428270015625 0.6125007890624999 0.2618731734375 0.6086673375 0.25991993281250003 0.42894368906249997 0.222736521875 0.4147902015625 0.250514309375 0.393450446875 0.29337707812499997 0.391777859375 0.29921008437499996 0.545517190625 0.33821610468749996 0.56513506875 0.3428270015625
0 0.83516190625 1 0.837953309375 0.9756405656249999 0.78767310625 0.96122295 0.7635135 0.9547494015625 0.7630035515625 0.9546182078125 0.76164518125 0.9593554046874999 0.7582619421875 1 0.83516190625 1
0 0.7568858015625 1 0.7689001015625 0.9645573078125 0.7059439796875 0.9296601593749999 0.700146346875 0.927997715625 0.6987824421875 0.9304582625 0.67661701875 1 0.7568858015625 1
0 0.1241375921875 0 0.11155509374999999 0.089529128125 0.112378659375 0.08976528125 0.20167149687500002 0.0964955125 0.18785153593749998 0 0.1241375921875 0
1 0.6856066546874999 1 0.6774940703125 0.9222617765625 0.600968040625 0.913154415625 0.5998354421875 0.91710425625 0.6117777656250001 1 0.6856066546874999 1
0 0.5966171390625 1 0.617354 0.9131041140624999 0.5613579718749999 0.883900596875 0.558491071875 0.8825023156249999 0.549978353125 0.8800613328125 0.5491059328125 0.881850059375 0.528334171875 0.9795058171875001 0.566690559375 1 0.5966171390625 1
0 0.5454499828125 0.9000606843750001 0.482638503125 0.85750100625 0.47984687187499997 0.85670051875 0.477731115625 0.8603651156250001 0.45046715 0.95494091875 0.5176877296875 0.9937507390625001 0.5454499828125 0.9000606843750001
0 0.2729821109375 0 0.28665419375 0.1241353953125 0.3791927484375 0.139546046875 0.3591466390625 0 0.2729821109375 0
0 0.3357669703125 0.015229373437499999 0.3241124890625 0.0533494609375 0.3093176703125 0.1049451296875 0.4955095296875 0.10915392187499999 0.51713180625 0.0219601015625 0.514972903125 0.021300057812500002 0.3357669703125 0.015229373437499999
0 0.135282021875 0 0.1230010671875 0.05976684375 0.32136220781249997 0.05249009375 0.33535026874999996 0 0.135282021875 0
0 0.42049298437499993 0.0458136390625 0.4029651890625 0.1422057390625 0.40308653281250006 0.1422405328125 0.5903534031250001 0.12063058125 0.606675828125 0.036446568750000005 0.5992507093749999 0.034317451562500004 0.42049298437499993 0.0458136390625
0 0.8312622218750001 0.098685796875 0.845600146875 0.285779603125 0.9343366218750001 0.2971912859375 0.9290184953124999 0.103710015625 0.8331952859375 0.09194440468750001 0.8312622218750001 0.098685796875
0 0.89408991875 0.1460075484375 0.8994149015625 0.12689001875 0.89730290625 0.1262844140625 0.7065406078125 0.11415942812499999 0.6895669171875001 0.1733537234375 0.68048045625 0.20552728281250002 0.6810927999999999 0.20570286875 0.87264739375 0.2207865171875 0.89408991875 0.1460075484375
0 0.6149209609375 0.0853331625 0.5907864968750001 0.155046459375 0.584471821875 0.17706835 0.776020221875 0.196692634375 0.8066274578125 0.10249324687500001 0.8023896546874999 0.101116303125 0.6149209609375 0.0853331625
0 0.6883557296875 0.16016750468750002 0.7116946421875 0.0665602296875 0.706351746875 0.06502817968749999 0.51251654375 0.063002040625 0.5043620171875001 0.0957080640625 0.49089515156249997 0.154284665625 0.6883557296875 0.16016750468750002
0 1 0.1723928421875 0.8926129250000001 0.164888959375 0.8874928593750001 0.1889769796875 0.874094953125 0.2608877734375 1 0.2728442328125 1 0.1723928421875
0 0.16584745625 0.8012140390625 0.1580528484375 0.8252033750000001 0.144976871875 0.870804728125 0.25737324687499996 0.873806859375 0.2764335078125 0.8085299156250001 0.2704935046875 0.8065998921875 0.16584745625 0.8012140390625
0 0.4616224625 0.93610319375 0.4866378765625 0.8742780281250001 0.4796370625 0.87159066875 0.391718234375 0.8590618484375 0.379611959375 0.8905997734375 0.3659298484375 0.9279247500000001 0.4616224625 0.93610319375
0 0.196627484375 0.7738631984375 0.0893552078125 0.788303903125 0.079099371875 0.8612779640625 0.19050377031250001 0.8338334796875 0.201180078125 0.7751686328125 0.196627484375 0.7738631984375
0 0.2540087671875 0.796277921875 0.2515593703125 0.802658825 0.24413389843750002 0.8967082359375 0.31369063750000004 0.9254077671875001 0.32173457499999997 0.8185396109375 0.2540087671875 0.796277921875
0 0.3079100265625 0.88293161875 0.3048860125 0.9261770281249999 0.4004877171875 0.906049759375 0.40785645156249994 0.8344321296875 0.4025452546875 0.83290916875 0.40181210156249997 0.8328579015625 0.3104512890625 0.8549615703125 0.3079100265625 0.88293161875
0 0 0.8117850984375 0.05729838281250001 0.7986850296875 0.068988528125 0.7323869125 0.0629243078125 0.730648025 0 0.745443846875 0 0.8117850984375
1 0.12700405312500002 0.8198292359374999 0.1329121703125 0.74619126875 0.13288166875000001 0.7461875234375 0.04441353125 0.7726762859375 0.0211102984375 0.7800883562500001 0.013358492187500001 0.84322175 0.0137292703125 0.84332806875 0.015083360937500002 0.8434943296874999 0.12700405312500002 0.8198292359374999