0 0 0.470524734375 0.047927814062500004 0.467190003125 0.0797508296875 0.3545985125 0.0796508546875 0.3542715125 0.008909465625 0.35973309531250003 0 0.3946673203125 0 0.470524734375
0 0.1656734078125 0.4371906671875 0.1658397484375 0.4371398109375 0.1553133046875 0.3698633390625 0.0382502421875 0.3509746921875 0.0487052515625 0.4177517421875 0.1656734078125 0.4371906671875
0 0.27735905625 0.28118444062500003 0.28956616562500004 0.3567781609375 0.40664084999999994 0.36842120624999997 0.40685494375 0.3683557515625 0.40597129687500005 0.3638097703125 0.390230778125 0.292945203125 0.27854871718749996 0.2809531953125 0.27735905625 0.28118444062500003
0 0.2178538890625 0.3857792203125 0.3216751484375 0.391130040625 0.3299963734375 0.3885859875 0.3122232015625 0.31770736093749996 0.1953716921875 0.310014965625 0.201748334375 0.33559028125 0.2178538890625 0.3857792203125
0 0.1298379375 0.43291847031249997 0.1310717890625 0.43695422031250003 0.20942998125 0.4300987671875 0.23524282031250002 0.3114199390625 0.156566546875 0.31787859687500003 0.1298379375 0.43291847031249997
0 0.367294984375 0.34597838593749997 0.4853214265625 0.33975983906249996 0.47689550468749997 0.3121998890625 0.46239645156250003 0.26757639218749996 0.3465508984375 0.27008377499999997 0.34533080156249996 0.270480209375 0.367294984375 0.34597838593749997
0 0.568282546875 0.3138759640625 0.5393609140625 0.2374015515625 0.42058430625 0.25287071562499996 0.44913242656249996 0.330019815625 0.567062928125 0.3143687234375 0.568282546875 0.3138759640625
1 0.7842473203125 0.2774837234375 0.8053335859375 0.2710370046875 0.8607214640624999 0.2508774671875 0.8374503203125 0.1136176234375 0.7590332703125 0.141575628125 0.7842473203125 0.2774837234375
0 0.7521285 0.1361638703125 0.749264175 0.1374995265625 0.67380749375 0.1743244828125 0.7091553140625 0.30650806406250003 0.7106804515625 0.3097787328125 0.7161307984375 0.30811239375 0.7189741625 0.3067865125 0.787359978125 0.27420964375 0.7526490984375 0.1372802953125 0.7521285 0.1361638703125
1 0.5082784359375 0.3041026203125 0.6494982859375 0.3154128515625 0.65396626875 0.3140468515625 0.642318659375 0.23667312968749998 0.4969019015625 0.22678300624999997 0.5005623546875 0.25538518906249996 0.5082784359375 0.3041026203125
1 0.601660609375 0.31473858906249996 0.6020896953125 0.3208748015625 0.6026971953125 0.3228618484375 0.6747961250000001 0.3163111828125 0.6984358875 0.1768549703125 0.6160866171875 0.180769203125 0.601660609375 0.31473858906249996
0 0.16363429062499998 0.4990733703125 0.0057217171875 0.5132770265625 0.00861481875 0.522739934375 0.038869409375000004 0.590692859375 0.1902410171875 0.5717781796875 0.19361965625 0.5702739140624999 0.16363429062499998 0.4990733703125
0 0 0.5663903859375 0.12022296875 0.5981366640625 0.1258610078125 0.5964129421875 0.11822428125 0.5138752265625001 0 0.5184973640625 0 0.5663903859375
0 0.4557945375 0.515148859375 0.45544510312500003 0.36495594531250003 0.45531995312499995 0.364546603125 0.3844516078125 0.3833746046875 0.3734159515625 0.38674854375 0.38206733437499996 0.536453359375 0.3822218703125 0.5369588265624999 0.42685963281249995 0.523995146875 0.4557945375 0.515148859375
0 0.13734470625 0.46615408281250004 0.16387860625 0.6158337703125001 0.168554434375 0.614404225 0.23659644218749998 0.576687925 0.20955029218750001 0.43453775781250004 0.20901909531250001 0.433579453125 0.13734470625 0.46615408281250004
0 0.312916534375 0.4059242140625 0.2928401 0.549225015625 0.295534134375 0.558036809375 0.3739217921875 0.5381472281249999 0.38850306562500003 0.39183273281250003 0.3884501 0.3916594875 0.312916534375 0.4059242140625
1 0.2342388390625 0.5898211703125 0.234742271875 0.5909007859375001 0.24566715 0.587560715625 0.3083835375 0.5583155843750001 0.2888617890625 0.40808159687499995 0.21915256562500002 0.438982075 0.2342388390625 0.5898211703125
0 0.416361475 0.38410474843750003 0.4205967390625 0.4120114984375 0.42937580625000005 0.46180006718750005 0.5772613093750001 0.47311106093750005 0.5812956484375 0.4718776390625 0.5716377171875 0.39225060625 0.4378195546875 0.3837396125 0.41841142187499997 0.38374328750000003 0.416361475 0.38410474843750003
0 0.8539159234374999 0.25703771249999996 0.8903907546875001 0.3897982 0.8918630046875 0.393266603125 0.905586715625 0.38907084375 0.9116372234375 0.3865873453125 0.9726835765624999 0.36067470468749996 0.9294127765625 0.22240002812499998 0.8539159234374999 0.25703771249999996
1 0.7982135984375 0.41699642031249995 0.8369923953124999 0.40514055156250006 0.8778139796875 0.3901151484375 0.8584131968750001 0.25990290781250003 0.7754451140625 0.2846590015625 0.7982135984375 0.41699642031249995
1 0.7402508546875 0.42328015625 0.7171443546875 0.3464370546875 0.5851271328125 0.3530659140625 0.5849985671875 0.35310522031249997 0.6042969984375001 0.42429060781250005 0.6080724140625 0.4366394359375 0.7284222328125 0.426896528125 0.7402508546875 0.42328015625
1 0.681435540625 0.40144054687499997 0.8106234453125 0.41483624218750004 0.8160720890625001 0.413170425 0.8099386281250001 0.33283810625 0.67412474375 0.3159240015625 0.6763091296875 0.347162171875 0.681435540625 0.40144054687499997
1 0.5211738703125001 0.4463633609375 0.6475412140625 0.463061590625 0.6521848125 0.46164189999999994 0.6410125359375 0.38070968125000004 0.5116607265625001 0.36757885468749996 0.5195627203125001 0.43324159218749997 0.5211738703125001 0.4463633609375
0 0.227917290625 0.7739237265625001 0.22544490781249998 0.768621684375 0.06813964375 0.797600234375 0.08428653750000001 0.8504143421875 0.0910541546875 0.86492754375 0.2565927875 0.8452966343749999 0.25912181093750003 0.84411733125 0.227917290625 0.7739237265625001
0 0.80892878125 0.5236345546875001 0.8238295234375 0.7037954421875 0.8241381125 0.705132090625 0.8254921124999999 0.709560825 0.865412165625 0.700344553125 0.9114612296875 0.68796436875 0.90165340625 0.5011972421875 0.80892878125 0.5236345546875001
0 0.16818054531249998 0.7272487828124999 0.217701628125 0.9048767828125 0.22004375937499998 0.9091020999999999 0.22668302968749998 0.9070722703125 0.2670762265625 0.88468195625 0.2838816546875 0.8748527109375 0.2390047640625 0.691433175 0.16818054531249998 0.7272487828124999
0 0.5892001812500001 0.695389203125 0.7755914140625 0.7147457359375 0.7808994078125 0.71312291875 0.7708783703125001 0.6224666812499999 0.58348118125 0.6074204109375 0.5873045078125 0.6773530828125 0.5892001812500001 0.695389203125
1 1 0.562678909375 0.9706544953125 0.4708277734375 0.886750771875 0.5074533546875 0.9356514859375 0.6767231265625 0.9394171531250001 0.68479863125 1 0.6602260078125 1 0.562678909375
1 0.24313258906250002 0.8135507296875 0.42888009374999997 0.8142098203125 0.42889127499999996 0.8142070328125 0.43332695 0.8128509109375001 0.414296121875 0.7324793484375001 0.221291521875 0.7294499046875 0.22457660625 0.74262565625 0.24313258906250002 0.8135507296875
0 0.49523173125 0.6647804046875 0.514024746875 0.733513921875 0.6879195296875 0.733380253125 0.69485830625 0.7312588578125 0.6792020046875 0.6559123765625 0.676475925 0.6441044234375 0.49153353749999995 0.6487617625000001 0.49523173125 0.6647804046875
1 0.7250471140625 0.739013171875 0.814614665625 0.7167947359375 0.8188975812500001 0.53342315 0.8188402921875 0.5330982515625 0.7234824171875001 0.549403153125 0.7249796749999999 0.738630703125 0.7250471140625 0.739013171875
0 0.371169434375 0.660772534375 0.3692220765625 0.846460840625 0.37016322968750004 0.8502356015625001 0.3703468734375 0.85083626875 0.4315696421875 0.8373173140624999 0.459897303125 0.8302544359375 0.46448053125 0.6411175375 0.371169434375 0.660772534375
1 0.6151995578125 0.7438725765624999 0.5721355453125 0.6605507625 0.5523032375 0.6641286187500001 0.396267178125 0.6951276703125 0.39792346093750003 0.7005451234375 0.4171654484375 0.7448685015625001 0.4298457625 0.77334895625 0.611269134375 0.7456225125 0.6151995578125 0.7438725765624999
0 0.7434575578125 0 0.7410613359375 0.025055948437499996 0.7411994234375 0.027690806249999998 0.7425922234375 0.032246449999999996 0.8158713421874999 0.028406054687499998 0.8194808625000001 0 0.7434575578125 0
0 0.6622461765625001 0 0.66635280625 0.0390719640625 0.7594221671875 0.047740271875000004 0.7615092531250001 0.047520909374999996 0.7640171421875 0.046754170312499996 0.759574815625 0 0.6622461765625001 0
0 0.2238968890625 1 0.205232690625 0.9039810218750001 0.20490476562499998 0.902908428125 0.16877821875000001 0.9106743249999999 0.1607269046875 1 0.2238968890625 1
1 0.5926327437500001 0 0.6074318203125 0.0929932140625 0.6153029515624999 0.09058676875 0.677010371875 0.066953290625 0.6690241593749999 0 0.5926327437500001 0
0 0.57125261875 0 0.5300093453125 0.006933815625000001 0.5223359890625 0.10276598125 0.5245318359375 0.10994827031250001 0.5263126796875001 0.10969798906249999 0.594152978125 0.0975942296875 0.6043966359375 0 0.57125261875 0
0 0.5449372609375 0.1219030796875 0.5338821046875 0.044426209375 0.438838471875 0.0285309453125 0.4379008296875 0.028817610937499998 0.443284121875 0.10580226718750001 0.54095004375 0.12288104062500001 0.5419723046875 0.1228095578125 0.5449372609375 0.1219030796875
0 0.37902452656249996 1 0.44155974843749995 0.9914056562500001 0.44258689375 0.990926690625 0.44096579062499996 0.9856242999999999 0.40326450625000004 0.906421271875 0.2220018171875 0.9374534640625001 0.223609715625 0.9427126640625 0.2503232390625 1 0.37902452656249996 1
0 0.46650762968750004 1 0.46269497499999995 0.8313329078124999 0.38672382031249997 0.8532412109375 0.372957071875 0.8574501281250001 0.3777860171875 1 0.46650762968750004 1
0 0.33974311562500004 1 0.3337133109375 0.9615907140625 0.1371994421875 0.933619440625 0.1437216515625 1 0.33974311562500004 1
0 0.54341488125 1 0.576121221875 0.977961778125 0.5228051921875 0.7970121156250001 0.44088211250000003 0.8508377453125 0.4931772890625 1 0.54341488125 1
0 1 0.8086764078125 0.9635337609375 0.734983671875 0.7763027359375 0.7838154953124999 0.778737528125 0.791779340625 0.8184331703125001 0.8731674734375 1 0.816178996875 1 0.8086764078125
0 0.9004509234375 0.87590734375 0.9021691625000001 0.8753820250000001 0.8952672109375 0.8422597656249999 0.8826525765625 0.7829125828125 0.690222478125 0.7816929734375 0.689317821875 0.7819695546875 0.6932391703125 0.8011329625 0.709512475 0.8776928546875 0.8999046984374999 0.8760234468749999 0.9004509234375 0.87590734375
0 0.6678597093749999 0.96346731875 0.6700669234375 0.9692173078125 0.6883043046874999 0.9636415812499999 0.7589210015625001 0.934973359375 0.732752515625 0.7442464656250001 0.6393127015625 0.78011465 0.6678597093749999 0.96346731875
0 0.722545575 0.9200799343750001 0.6894380375 0.8291177265625 0.49432115000000004 0.855521028125 0.49983116250000004 0.8735434671875 0.513190109375 0.9124566312500001 0.524718675 0.9441311078125001 0.717850503125 0.9217888015625 0.722545575 0.9200799343750001
0 1 0.7245551328125 0.8830374359375 0.7184195671875 0.8861773140625001 0.7543085453125 0.8949253453124999 0.820995965625 1 0.8238854999999999 1 0.7245551328125
0 0.139117628125 0.13200605781250002 0.148282125 0.1661596734375 0.1533122359375 0.1837017546875 0.158993984375 0.202285915625 0.260795475 0.200604475 0.269211171875 0.1980315375 0.2526463109375 0.13293732187500001 0.139117628125 0.13200605781250002
0 0.3791161625 0.06893399375 0.396943965625 0.1616435328125 0.3972102203125 0.1621660875 0.4031727421875 0.1603431625 0.41608947343749997 0.1540065734375 0.462971271875 0.130119103125 0.439509096875 0.0367832578125 0.3791161625 0.06893399375
0 0.102261525 0.2509852609375 0.1037018890625 0.2551683765625 0.12358371406249999 0.2490898921875 0.1600392640625 0.234866003125 0.1658160078125 0.11838741718750001 0.096019003125 0.1437973796875 0.102261525 0.2509852609375
0 0.24737927656249997 0.0990449453125 0.2334579203125 0.1923542453125 0.234059734375 0.1966363734375 0.23480874062499998 0.1990862625 0.305406940625 0.1926664671875 0.3215279671875 0.0872594625 0.32137720625 0.08676635 0.24737927656249997 0.0990449453125
0 0.4146371703125 0.14779836875000002 0.3815728375 0.08255302656249999 0.2855820828125 0.09794715937500001 0.2865522328125 0.10112038125 0.3034289171875 0.13731254843750001 0.3158249609375 0.162514128125 0.4090388734375 0.15040889531249999 0.4146371703125 0.14779836875000002
0 0 0.264332990625 0.059799479687500004 0.27839405 0.064354396875 0.27700147343750003 0.052535260937499995 0.2099718234375 0 0.19796074218749998 0 0.264332990625
0 0.0591177734375 0.1580321265625 0.0502677859375 0.1597523890625 0.0441773984375 0.1848420828125 0.0247985234375 0.2710536609375 0.0259054859375 0.274674371875 0.0910926890625 0.264830715625 0.09701329375 0.263679865625 0.11305674218749999 0.1486371421875 0.0591177734375 0.1580321265625