0 0.45859375 0.2203125 0.1734375 0.165625
0 0.35546875 0.34609375 0.1421875 0.1359375
0 0.4046875 0.2890625 0.15625 0.15625
0 0.303125 0.41328125 0.165625 0.1625
0 0.15 0.6 0.171875 0.1671875
0 0.61796875 0.05859375 0.1578125 0.1171875
0 0.5203125 0.1609375 0.178125 0.1703125
1 0.26171875 0.47109375 0.1640625 0.1640625
0 0.571875 0.103125 0.171875 0.1640625
1 0.2125 0.5390625 0.16875 0.16875
1 0.1046875 0.67578125 0.1515625 0.146875
0 0.48671875 0.40234375 0.1703125 0.1703125
0 0.4296875 0.47421875 0.1578125 0.1515625
1 0.32421875 0.60390625 0.1546875 0.15
0 0.5453125 0.34140625 0.16875 0.1609375
0 0.65390625 0.2140625 0.165625 0.1578125
1 0.271875 0.67109375 0.1578125 0.1515625
1 0.3796875 0.54296875 0.15625 0.15625
0 0.7125 0.146875 0.184375 0.184375
1 0.6015625 0.284375 0.171875 0.171875
0 0.1671875 0.80625 0.1578125 0.153125
1 0.22421875 0.740625 0.159375 0.1546875
0 0.14609375 0.253125 0.153125 0.14375
0 0.09765625 0.3125 0.1625 0.1546875
0 0.8796875 0.3796875 0.1765625 0.1765625
0 0.9234375 0.3140625 0.153125 0.18125
0 0.8234375 0.46015625 0.1796875 0.1703125
1 0.0421875 0.4296875 0.084375 0.16875
0 0.196875 0.19765625 0.1578125 0.1578125
0 0.3390625 0.05546875 0.165625 0.1109375
0 0.06796875 0.37421875 0.1359375 0.1640625
0 0.76796875 0.5328125 0.1859375 0.178125
1 0.415625 0.9328125 0.2 0.134375
1 0.7203125 0.60703125 0.1890625 0.1890625
1 0.5421875 0.82109375 0.1890625 0.1875
0 0.48359375 0.89765625 0.2 0.19375
0 0.60390625 0.75546875 0.2 0.19375
0 0.671875 0.6828125 0.1890625 0.1796875
0 0.24765625 0.14296875 0.1640625 0.15625
0 0.29609375 0.08671875 0.1640625 0.15625
1 0.38828125 0.02890625 0.1609375 0.0578125
0 0.95234375 0.53046875 0.0953125 0.1953125
0 0.821875 0.7546875 0.20625 0.1984375
0 0.92265625 0.6046875 0.1546875 0.20625
0 0.69296875 0.90234375 0.2109375 0.1953125
0 0.76015625 0.83046875 0.2 0.190625
0 0.8890625 0.678125 0.2078125 0.2
0 0.6328125 0.9453125 0.19375 0.109375