0 0.6875 0.2890625 0.078125 0.146875
0 0.525 0.290625 0.071875 0.121875
0 0.6 0.29140625 0.075 0.1265625
0 0.43984375 0.29375 0.0890625 0.128125
0 0.19921875 0.296875 0.0890625 0.1375
0 0.928125 0.29765625 0.075 0.1453125
0 0.7734375 0.29765625 0.078125 0.1484375
1 0.36875 0.3 0.078125 0.134375
0 0.85 0.3 0.075 0.14375
1 0.2859375 0.3046875 0.078125 0.14375
1 0.11171875 0.31015625 0.0859375 0.1234375
0 0.56640625 0.42734375 0.0765625 0.1484375
0 0.47578125 0.4296875 0.0859375 0.134375
1 0.30703125 0.43203125 0.0796875 0.1203125
0 0.6515625 0.4328125 0.084375 0.146875
0 0.81875 0.434375 0.08125 0.15
1 0.221875 0.43515625 0.084375 0.1328125
1 0.390625 0.43515625 0.08125 0.1265625
0 0.9078125 0.43671875 0.084375 0.1578125
1 0.73046875 0.43984375 0.0921875 0.1328125
0 0.05234375 0.4421875 0.0828125 0.128125
1 0.1390625 0.44375 0.0875 0.128125
0 0.1515625 0.065625 0.071875 0.13125
0 0.07421875 0.06796875 0.0671875 0.1359375
0 0.89453125 0.06796875 0.0734375 0.1359375
0 0.46328125 0.0703125 0.0703125 0.140625
0 0.3859375 0.07109375 0.071875 0.1390625
0 0.83671875 0.71328125 0.0828125 0.1640625
0 0.9265625 0.71953125 0.0875 0.1515625
0 0.7390625 0.721875 0.0875 0.15625
1 0.2328125 0.07265625 0.078125 0.1453125
0 0.5375 0.0734375 0.06875 0.14375
0 0.75859375 0.07421875 0.0671875 0.1453125
0 0.3078125 0.07421875 0.075 0.1484375
0 0.64765625 0.72734375 0.0953125 0.1609375
1 0.0890625 0.73515625 0.1 0.1734375
1 0.56015625 0.73828125 0.0984375 0.1484375
1 0.28125 0.7390625 0.09375 0.159375
0 0.1859375 0.74375 0.1 0.15625
0 0.371875 0.74375 0.103125 0.1625
0 0.47109375 0.75 0.0859375 0.165625
0 0.6109375 0.078125 0.075 0.140625
0 0.68671875 0.078125 0.0703125 0.1375
1 0.8265625 0.08125 0.075 0.128125
0 0.80390625 0.91015625 0.0859375 0.1796875
0 0.89765625 0.91015625 0.0984375 0.1796875
0 0.5125 0.91171875 0.09375 0.1765625
0 0.709375 0.91171875 0.09375 0.1765625
0 0.309375 0.9125 0.1 0.175
0 0.41484375 0.9125 0.0984375 0.175
0 0.61484375 0.91484375 0.0984375 0.1703125
0 0.21328125 0.915625 0.0921875 0.16875
0 0.11171875 0.915625 0.1046875 0.16875