0 0.75290889375 0.1167086015625 0.75325390625 0.11765651875000001 0.830734140625 0.2043667625 0.8907161453124999 0.18010825 0.887829115625 0.1721762046875 0.8186975890625 0.090680615625 0.75290889375 0.1167086015625
0 0.819641921875 0.21628304375 0.7542083921875 0.117182453125 0.688952084375 0.134792 0.7538215593750001 0.234051725 0.819641921875 0.21628304375
1 0.5827935156249999 0.30912315156250003 0.5375765718750001 0.2081752296875 0.46531627656249996 0.2151034609375 0.4606302890625 0.215678828125 0.5079748984375 0.32363843281250004 0.5831425421875001 0.311965746875 0.5827935156249999 0.30912315156250003
0 0.5267057234375 0.2052495265625 0.59777269375 0.2931656078125 0.648238084375 0.2765649921875 0.669896378125 0.2678144734375 0.6673991765625 0.2609534671875 0.59737509375 0.17680759375 0.5267057234375 0.2052495265625
0 0.6457438375 0.2840013609375 0.6515222656249999 0.281898184375 0.7402561359375001 0.2072298484375 0.7106691078125 0.133999384375 0.710387990625 0.1341017015625 0.6159253437500001 0.2113381515625 0.6457438375 0.2840013609375
0 0.39027554375 0.30122485781249997 0.4310959109375 0.36711515 0.43412202187500004 0.366013734375 0.5121748828125 0.2830118703125 0.4742402015625 0.217307071875 0.39027554375 0.30122485781249997
0 0.41706225625000004 0.25629435312500004 0.310893409375 0.3117502203125 0.3310661140625 0.39098316093749996 0.332347803125 0.3906872609375 0.4379279125 0.3358657265625 0.41706225625000004 0.25629435312500004
1 0 0.456973403125 0.0156179875 0.513761859375 0.0204102390625 0.5124777796875 0.14235882500000002 0.4546309375 0.1255842203125 0.38955841874999997 0.12082915624999999 0.3764939875 0 0.4315330890625 0 0.456973403125
1 0.098373475 0.49238602187499997 0.10419267031249999 0.4904952515625 0.22342585312500002 0.4250127609375 0.2107193234375 0.385906084375 0.195726375 0.3447133 0.073190309375 0.40994530781250005 0.098373475 0.49238602187499997
1 0.365450303125 0.41806570625 0.318375428125 0.28795770625 0.27636167968750003 0.293116346875 0.2389257984375 0.298004428125 0.2908021421875 0.4361728171875 0.30166613125 0.43483888750000005 0.3662945109375 0.4249412296875 0.365450303125 0.41806570625
1 0.168279625 0.32576001875 0.2080710828125 0.4632064390625 0.288755059375 0.4529011265625 0.28827687812499997 0.448351528125 0.24235204375000002 0.319528846875 0.168279625 0.32576001875
0 0.7676266296875001 0.2879480046875 0.7830299296875001 0.37044996406249997 0.78565625 0.369939459375 0.9216531218749999 0.291863175 0.9117607062499999 0.2409711078125 0.907738715625 0.22230893593749998 0.9051517515624999 0.2152013109375 0.7676266296875001 0.2879480046875
0 0.861545053125 0.3451294734375 0.9565526515625 0.2924659015625 0.9454391359375001 0.261931765625 0.9248928578125 0.2248653 0.837494653125 0.31790883281250004 0.8508314484374999 0.34902890625 0.861545053125 0.3451294734375
0 0.5200050109375 0.336761175 0.5023497875 0.3449939390625 0.4507258390625 0.3699562328125 0.54471051875 0.48729943750000004 0.5588942718750001 0.4806854453125 0.6182520171875 0.450282309375 0.6158649078125 0.44372378125 0.5200050109375 0.336761175
0 0.692272575 0.3411405609375 0.7250894453125001 0.409760253125 0.7334599046875 0.4067136546875 0.84008275 0.3196692484375 0.8375173218749999 0.312620790625 0.8103553218749999 0.242378234375 0.810066534375 0.24248334531250001 0.692272575 0.3411405609375
0 0.6520326984375 0.3042528375 0.646844753125 0.2948935328125 0.5419131375 0.40732141093749996 0.5767768531249999 0.4720555109375 0.5841495890624999 0.46937205468750004 0.6830615718749999 0.3715207640625 0.6520326984375 0.3042528375
0 0.6424888796875 0.44024195625000007 0.6451843453125 0.43931383281249997 0.7630701421875 0.3462515921875 0.7591549718749999 0.334881115625 0.7371331750000001 0.274376725 0.6157549390625 0.364508125 0.6424888796875 0.44024195625000007
0 0.522434271875 0.3788998828125 0.5206517093749999 0.3740023296875 0.5194571140625001 0.374191534375 0.5011051656250001 0.3805067296875 0.377348515625 0.43212096562499996 0.3942550625 0.511087871875 0.3982425265625 0.51045631875 0.5345028859375 0.4515653234375 0.5265940859375 0.4016311234375 0.522434271875 0.3788998828125
0 0.087536528125 0.5185844265624999 0.00022660156249999997 0.527274109375 0.0314719734375 0.6666292359375 0.10959179687500001 0.6620502984375001 0.1132910734375 0.660703871875 0.11250226562500001 0.6516877578125 0.087536528125 0.5185844265624999
1 0.0693738109375 0.5591931046874999 0.0937589390625 0.6399982578125 0.2148279140625 0.577675965625 0.20920548593750002 0.561347253125 0.1850416125 0.496323575 0.0693738109375 0.5591931046874999
0 0.3720424484375 0.559759834375 0.3163692234375 0.44104765312499994 0.23523102968749998 0.45720782968749996 0.23545839375000002 0.45827749687499997 0.2875285234375 0.5787676046875 0.3659092359375 0.5621072687499999 0.3720651625 0.5598666953125 0.3720424484375 0.559759834375
1 0.153746459375 0.5192516031250001 0.1648704046875 0.6025705421875001 0.1652287953125 0.6035552125 0.169549459375 0.6028708875000001 0.2940962796875 0.5572956875 0.2820896109375 0.48148856249999994 0.2800740625 0.4759508890625 0.153746459375 0.5192516031250001
0 0.37112431875 0.414028859375 0.300963696875 0.45983632500000005 0.4002207078125 0.5475666921875 0.463462346875 0.5046878421875001 0.4615684 0.49948426718750005 0.460626121875 0.49808728281250003 0.37112431875 0.414028859375
0 1 0.5091743015625 0.9694902390625 0.4531272125 0.9646892796875 0.45432422656250004 0.8887506437500001 0.4747180875 0.9888135203124999 0.6333879828125 1 0.6311378265625 1 0.5091743015625
0 0.32591401875 0.7141707125 0.3163658078125 0.7000149062500001 0.181949434375 0.8297918671875 0.2286736203125 0.9047058359375001 0.23307697656249998 0.9031031453124999 0.3690095828125 0.7795356124999999 0.32591401875 0.7141707125
0 0.9960818343750001 0.62035676875 0.99336984375 0.6160166765625 0.8587118515625001 0.4915472796875 0.795012146875 0.5293352234375 0.7951605046875 0.529742834375 0.931199578125 0.6637925453125 0.94709781875 0.6538582234375 0.9961530265625 0.6205523656249999 0.9960818343750001 0.62035676875
0 0.5501864078125001 0.71856931875 0.5049499375 0.6369605671875 0.3590374375 0.7634826140625 0.404052440625 0.8358848328124999 0.4104004984375 0.833574328125 0.41258920625 0.8323611078125 0.5501864078125001 0.71856931875
1 0.2526177234375 0.7699207343750001 0.23284012812500002 0.73877763125 0.0945454734375 0.8479250421875 0.1045482796875 0.8754075265625 0.1396281234375 0.933790190625 0.1421417828125 0.9328752937499999 0.2808683953125 0.8169377484375 0.2526177234375 0.7699207343750001
0 0.69386316875 0.573720384375 0.8358995765625 0.70070085625 0.843628928125 0.6956161921875 0.9052530234375 0.6540502140625 0.9031284859375001 0.6482130953125 0.762947625 0.5259223203125 0.69386316875 0.573720384375
0 0.6314245359374999 0.76058016875 0.5271579953125001 0.614713440625 0.50779959375 0.6233323562499999 0.44455028125 0.653178203125 0.4448096078125 0.6537606578124999 0.5533999109375001 0.7980955578125 0.6242231453125 0.7699000765624999 0.6333394140624999 0.7658412515624999 0.6314245359374999 0.76058016875
1 0.2825850203125 0.6944476609375 0.2826536125 0.6947703609375 0.3553168671875 0.8631851265625 0.4394932015625 0.851252671875 0.4461943984375 0.8488136359375 0.3771072265625 0.6738436109375 0.2825850203125 0.6944476609375
0 0.80517338125 0.6257446390625 0.79660705625 0.5655931578125 0.6196877359374999 0.6348848328125001 0.6317503624999999 0.7259200921875 0.63581739375 0.7254926296875001 0.8088222640625 0.6604614359375 0.80517338125 0.6257446390625
1 0.53628606875 0.6131640609375 0.536546665625 0.613966090625 0.6394255375 0.7705194546875 0.7199347203124999 0.7435298546875 0.719562409375 0.7423839984375 0.6384872984375 0.606182484375 0.627875759375 0.58905015 0.537655478125 0.6126656374999999 0.53628606875 0.6131640609375
0 0 0.271565265625 0.015928865625 0.29707415312499996 0.018872715625 0.296002678125 0.08992401562499999 0.2314088359375 0.048223398437499995 0.1646738953125 0 0.21015082187499998 0 0.271565265625
1 0.054569471875 0.1878848078125 0.0649078265625 0.26104261875 0.0675751484375 0.2606201578125 0.1606707921875 0.2268139421875 0.1539537046875 0.173740690625 0.1517791453125 0.16001105468750002 0.14804202500000002 0.149743403125 0.054569471875 0.1878848078125
0 0.22421783125 0.1260440453125 0.12713921875 0.16057009375 0.13427459375 0.23526569375 0.1344076609375 0.23563129218749998 0.13676315156250002 0.23534207343750002 0.23131204843750003 0.19906344375 0.22624208124999998 0.13972999375 0.22473669687500003 0.12746961875 0.22421783125 0.1260440453125
0 0.263142740625 0.0998683171875 0.1885299546875 0.12126318750000001 0.23663965625 0.2063162625 0.30450908593750003 0.1920395421875 0.3132870546875 0.1888446234375 0.3122357359375 0.1851782453125 0.263142740625 0.0998683171875
0 1 0.7453329484375 0.9730506046875 0.6712900937499999 0.8241945140625001 0.7841746359374999 0.8531826140625001 0.8652970390625001 0.857144053125 0.8638551921875001 1 0.762763165625 1 0.7453329484375
0 0.8770999156249999 0.70132226875 0.8769451593750001 0.7010037484375 0.7350281828125 0.8230934640625 0.7767987609375 0.9014123765625 0.7812815328125 0.8997807812499999 0.9165878296875001 0.7860043734375 0.8770999156249999 0.70132226875
0 1 0.6411779640625 0.9995035703124999 0.640244403125 0.9141693796875 0.66055565625 0.91421791875 0.660805365625 1 0.828431640625 1 0.6411779640625
0 0.6435874328125 0.84570523125 0.6786394812500001 0.9338138765625 0.6876641546875 0.9305291640625001 0.8272841765625 0.8191412890624999 0.795550915625 0.736589959375 0.6435874328125 0.84570523125
0 0.4282535875 1 0.3789050890625 0.8739628328125001 0.290709521875 0.8889938234375 0.3280121609375 1 0.4282535875 1
0 0.5492133703125 1 0.5656084828125 0.990912040625 0.5639175453124999 0.9862662312499999 0.4418590359375 0.8433421031250001 0.3936506375 0.8700644546875 0.35649772031250004 0.8910292906249999 0.35717373124999996 0.8922488468750001 0.4520459984375 1 0.5492133703125 1
0 0.571729665625 1 0.6112335171875001 0.991603196875 0.64068210625 0.9808847875 0.5609762640625 0.8114058359375 0.4657866859375 0.82974395625 0.542125740625 1 0.571729665625 1
0 0.5353848859375 0.8327737359375 0.6806430078125 0.9663402078125 0.6907447015625 0.9626634921875 0.7590375296875 0.91475088125 0.758676309375 0.9137584343749999 0.6166225859375001 0.7779782156249999 0.5353848859375 0.8327737359375
0 0.3776008890625 1 0.3784489078125 0.9993934328125 0.3484102203125 0.93921521875 0.3309444359375 0.9077061109375 0.208478946875 1 0.3776008890625 1
0 0.5789344203125 0 0.4776611625 0.0439717890625 0.4879739296875 0.1111880078125 0.4941730625 0.11042684843749999 0.59129075 0.0710827578125 0.5867099078125 0.0337747890625 0.582753215625 0.0055483796875 0.5807337703125001 0 0.5789344203125 0
0 0.3654845890625 0.10863511562499999 0.3367617484375 0.06605175468749999 0.2710832203125 0.1362120859375 0.31164882656250004 0.194429221875 0.3161049 0.19280734375 0.3746450890625 0.12275670000000001 0.3654845890625 0.10863511562499999
0 0.596334778125 0 0.5531345125 0.04448474375 0.5752674328125 0.100142675 0.5798619015625001 0.098470425 0.6630403578124999 0.0294954421875 0.6499081421875 0 0.596334778125 0
0 0.4094266765625 0.0782934625 0.43521175 0.146158371875 0.43745412968749997 0.14542977968749998 0.5190107937499999 0.08940740781249999 0.5142746484375 0.0734986875 0.499649896875 0.02848833125 0.4959700671875 0.0183780796875 0.4094266765625 0.0782934625
0 0.3293359515625 0.0813110734375 0.388546528125 0.1602037 0.423047846875 0.148239340625 0.45701400468750003 0.135200953125 0.4551688234375 0.13013135781250001 0.39679711093750003 0.0570121828125 0.3293359515625 0.0813110734375
0 0.707655846875 0 0.72769879375 0.037329890625 0.758786565625 0.036141849999999996 0.7907770078125 0.0333430484375 0.7972139828125 0.031000181249999998 0.780815378125 0 0.707655846875 0
0 0.6177034531250001 0 0.6664756046875 0.047647071875 0.68521789375 0.0653433234375 0.6953943921875 0.061231749999999995 0.7406496421875 0.041910584375 0.7373688265625 0.03289661875 0.7088336015625 0 0.6177034531250001 0