0 0.68828125 0.28671875 0.0921875 0.1609375
0 0.5171875 0.30078125 0.084375 0.1328125
0 0.596875 0.296875 0.0875 0.140625
0 0.428125 0.309375 0.103125 0.140625
0 0.17421875 0.33125 0.1046875 0.15
0 0.94140625 0.2765625 0.0890625 0.159375
0 0.7796875 0.28984375 0.09375 0.1609375
1 0.35390625 0.32109375 0.0921875 0.1484375
0 0.86171875 0.28671875 0.0890625 0.1578125
1 0.26640625 0.3328125 0.0921875 0.15625
1 0.0828125 0.35078125 0.1 0.1359375
0 0.571875 0.44140625 0.090625 0.1609375
0 0.4765625 0.4515625 0.1 0.146875
1 0.2984375 0.46640625 0.09375 0.1328125
0 0.6609375 0.44140625 0.1 0.1609375
0 0.8375 0.43046875 0.096875 0.1640625
1 0.20859375 0.475 0.0984375 0.146875
1 0.38515625 0.4640625 0.0953125 0.140625
0 0.93125 0.42578125 0.1 0.1734375
1 0.7453125 0.44140625 0.10625 0.1484375
0 0.03828125 0.49375 0.0765625 0.140625
1 0.12109375 0.49140625 0.1015625 0.1421875
0 0.10703125 0.09375 0.0828125 0.1375
0 0.03203125 0.09921875 0.0640625 0.1390625
0 0.88828125 0.0546875 0.0859375 0.109375
0 0.434375 0.07421875 0.084375 0.1453125
0 0.35234375 0.08046875 0.0859375 0.1453125
0 0.8765625 0.72421875 0.1 0.1796875
0 0.959375 0.72265625 0.08125 0.1671875
0 0.775 0.73984375 0.103125 0.1703125
1 0.19296875 0.09453125 0.0921875 0.1515625
0 0.51328125 0.0734375 0.0828125 0.146875
0 0.746875 0.06484375 0.08125 0.1296875
0 0.27421875 0.08984375 0.0890625 0.1546875
0 0.678125 0.75234375 0.1125 0.1765625
1 0.09140625 0.80234375 0.1171875 0.1890625
1 0.5859375 0.76953125 0.115625 0.1640625
1 0.29375 0.7921875 0.109375 0.175
0 0.19375 0.803125 0.115625 0.171875
0 0.38984375 0.79140625 0.1203125 0.1796875
0 0.49453125 0.7890625 0.1015625 0.18125
0 0.59140625 0.071875 0.0890625 0.14375
0 0.6703125 0.06953125 0.084375 0.1390625
1 0.81796875 0.06328125 0.0890625 0.1265625
0 0.853125 0.90703125 0.1 0.1453125
0 0.946875 0.89921875 0.10625 0.1453125
0 0.546875 0.92890625 0.10625 0.1421875
0 0.753125 0.91640625 0.10625 0.1421875
0 0.33359375 0.93828125 0.1140625 0.1234375
0 0.4453125 0.934375 0.1125 0.13125
0 0.6546875 0.92578125 0.1125 0.1359375
0 0.23125 0.94453125 0.10625 0.1109375
0 0.1234375 0.9484375 0.11875 0.103125