0 0 0.603066515625 0.024226695312499998 0.688781828125 0.09151789375 0.69346383125 0.09165913125 0.6927372296875001 0.0632450421875 0.5813249218750001 0.029563592187499998 0.5787245484375 0 0.5771751859375 0 0.603066515625
0 0.06759415937499999 0.58725389375 0.09502516250000001 0.7020794296874999 0.162368853125 0.7078508390625 0.1353603109375 0.5923905421875 0.0677211671875 0.5866004890625 0.06759415937499999 0.58725389375
1 0.3829971890625 0.7620674359375 0.3873102 0.7639877125 0.40233125625 0.6470639921875 0.33188813125 0.6183552390625 0.33072326093750004 0.6209715796874999 0.3174897234375 0.7307892859375 0.3829971890625 0.7620674359375
0 0.270698303125 0.61205485625 0.2505430796875 0.604317990625 0.2469789171875 0.6036251874999999 0.24632442187499998 0.605330209375 0.23986275781250002 0.719701275 0.30825021406249997 0.7460581984375 0.31098035468749996 0.746588884375 0.3189279453125 0.63433125 0.270698303125 0.61205485625
0 0.23588563593749998 0.609410121875 0.175051509375 0.589643915625 0.1606336109375 0.5868413609375 0.1591131046875 0.70630776875 0.2360399265625 0.7308411375 0.236055440625 0.73079339375 0.23588563593749998 0.609410121875
0 0.3941044 0.6361810046875 0.39353506718750003 0.6386470625 0.401049146875 0.752981771875 0.4749739828125 0.770048665625 0.4708641578125 0.6514090125 0.3941044 0.6361810046875
0 0.5386318390625 0.658818103125 0.4670925671875 0.65291643125 0.46660682343750004 0.6554153625 0.483884890625 0.7718568859375 0.56591429375 0.778033925 0.5480775640625 0.6598108890625001 0.5386318390625 0.658818103125
1 0.9180874812500001 0.737644021875 0.7840150578125 0.7220780234374999 0.7630527828125 0.7883809828125 0.7609677234375 0.7952009109375 0.7601028750000001 0.7996501671875 0.8992759421875001 0.8179977968750001 0.922832 0.7390945671875 0.9180874812500001 0.737644021875
1 0.8358662562499999 0.7053593328125001 0.8326473999999999 0.70473365 0.8298250921875001 0.7043871140625 0.6941085578124999 0.71334299375 0.6940559828125 0.7136134734375 0.6837058296875 0.7979087 0.8238808984375 0.7904923171875 0.8358662562499999 0.7053593328125001
1 0.6630509203125 0.662216965625 0.5268318 0.6959046390625 0.5282302671875 0.7760227546875 0.6699949734375 0.7391512453125 0.666388040625 0.6628656359375 0.6630509203125 0.662216965625
1 0.6954552015625 0.66505773125 0.622609765625 0.663542715625 0.6226075390625 0.6635541671875 0.6226075390625 0.6717281703125 0.6463436375 0.80436490625 0.728765353125 0.8025252093749999 0.6954552015625 0.66505773125
0 0.0608938734375 0.416238159375 0.04871905625 0.4141269125 0.04787718125 0.4184579796875 0.063449390625 0.5697279109375 0.146612190625 0.5865334953125 0.1248174625 0.428663646875 0.0608938734375 0.416238159375
0 0 0.5603725203125001 0.077155628125 0.56887175625 0.0372631265625 0.406360396875 0.014559140625 0.40243792031250003 0.009672225 0.4020961953125 0 0.4518554734375 0 0.5603725203125001
0 0.4084918078125 0.6314146953125 0.48181841875 0.631259071875 0.48183335781250003 0.6308312843749999 0.4432980984375 0.48566563125 0.41305953906250004 0.4846096765625 0.3678763671875 0.483667696875 0.3671929484375 0.487183584375 0.39695894374999996 0.631011959375 0.4084918078125 0.6314146953125
0 0.2640342328125 0.46587139375 0.25801160312500004 0.464369784375 0.11783901249999999 0.4747308109375 0.097988146875 0.5551908078125 0.25139014375 0.5419113921875 0.2640342328125 0.46587139375
0 0.2825031640625 0.4991848484375 0.2553120328125 0.5632431359375001 0.25400049375 0.5699904234375001 0.39662051875 0.588282890625 0.434809565625 0.5140942093749999 0.43029935 0.5121797359375 0.2825031640625 0.4991848484375
1 0.305248384375 0.46424459999999995 0.2448418765625 0.43607658125000004 0.23581441875000003 0.43432182187499996 0.23518358125 0.43567465624999996 0.21602738281249997 0.583095453125 0.2899817203125 0.6168873375 0.305248384375 0.46424459999999995
0 0.469034815625 0.49357517656249994 0.46744608750000005 0.63892048125 0.5440799546874999 0.657502121875 0.545958984375 0.6360714625 0.549120353125 0.502990803125 0.5319958109375 0.498402296875 0.471180034375 0.485569103125 0.469034815625 0.49357517656249994
0 0.9198857453124999 0.569908796875 0.906988671875 0.566376625 0.8996564843750001 0.5649513921875 0.8984063390625 0.56931116875 0.8783828203124999 0.70552724375 0.9566952546874999 0.7304378546875 0.9575566421874999 0.7306052921874999 0.9836350250000001 0.5881886093750001 0.9198857453124999 0.569908796875
1 0.879107778125 0.7049768484375 0.8904076046875 0.5693346234375001 0.87133803125 0.564932065625 0.807642990625 0.551841015625 0.8062992265625001 0.5515798140625 0.8053885171875 0.55552453125 0.7976589734374999 0.6828364031249999 0.879107778125 0.7049768484375
0 0.749970721875 0.5555127421875 0.7416251359375 0.5534319546875001 0.61673895 0.547699134375 0.5970061890625 0.6320396734375 0.72931184375 0.6340592609375 0.749970721875 0.5555127421875
1 0.6827432531250001 0.6489801609375 0.8160039703124999 0.6514925171875 0.8339814953125 0.5696946609375 0.822810028125 0.5675231468749999 0.698535153125 0.567737878125 0.6827432531250001 0.6489801609375
0 0.637565409375 0.526300209375 0.5687281796875 0.4958502109375 0.5662339171874999 0.4953653765625 0.5635945 0.5012936046875 0.53973764375 0.6217396171875 0.6157640437499999 0.6569649421875 0.637565409375 0.526300209375
0 0.22241208281249997 0.1836700828125 0.0557924296875 0.1785415171875 0.050071624999999995 0.1942592984375 0.039685571875 0.247690909375 0.19806539375 0.2627679765625 0.2000662640625 0.25727063125 0.225034265625 0.1846244796875 0.22241208281249997 0.1836700828125
0 0.9444477234375 0.38670873437500003 0.940514190625 0.29274623437499997 0.9372969250000001 0.2921208609375 0.7582219953125 0.33344365468750004 0.7592353015625 0.3944248078125 0.760749721875 0.42332168281250004 0.9444477234375 0.38670873437500003
0 0.2074480296875 0.1375229765625 0.156750621875 0.12858365624999998 0.15452066250000002 0.140055796875 0.165195553125 0.3185762515625 0.2438215875 0.3293824640625 0.2265379625 0.1413453984375 0.2074480296875 0.1375229765625
0 0.7211746734375 0.417791425 0.6912558125 0.2273610390625 0.669045284375 0.22619703593749999 0.6045637859374999 0.22605148281249998 0.6041439468750001 0.2340625109375 0.6279092140625 0.41240102968750003 0.7211746734375 0.417791425
1 1 0.32351059375 0.8541984171875001 0.33341560000000003 0.8494177828125 0.3880584921875 0.8471127390625 0.4248787703125 1 0.41878669999999996 1 0.32351059375
0 0.40786419374999994 0.2254495078125 0.2254036359375 0.19065419687500001 0.1936554359375 0.256735528125 0.1886473671875 0.26747536250000004 0.188328509375 0.269115746875 0.3779532625 0.30289560937500004 0.41207004375 0.22741072812500002 0.40786419374999994 0.2254495078125
0 0.63536559375 0.3926995734375 0.601469475 0.21083030468750003 0.5694125546875 0.21027074843750002 0.5116976015625 0.210534175 0.5109585828125 0.21433609374999998 0.5477075250000001 0.38788211875 0.629760609375 0.3926017375 0.63536559375 0.3926995734375
1 0.6825947328125 0.2803539421875 0.6475798046875 0.363117834375 0.6471190203125 0.3654883671875 0.833669221875 0.3965500140625 0.8644353125 0.3056710078125 0.8603647171875 0.3042693890625 0.6825947328125 0.2803539421875
1 0.46286622031249997 0.3547718328125 0.41518858124999997 0.17174572500000002 0.3833159953125 0.17174572500000002 0.3214186921875 0.17402095312500002 0.3209165875 0.1766040640625 0.3209165875 0.178901040625 0.3700109359375 0.3572811890625 0.46286622031249997 0.3547718328125
1 0.5444573671875 0.3750486609375 0.5445086 0.37407105625 0.5045666062499999 0.191047409375 0.42068324375 0.1874334171875 0.42003946406250003 0.190745371875 0.446549425 0.3448054234375 0.4503164703125 0.36460266875 0.5444573671875 0.3750486609375
0 0.8805474359375 1 0.8674688749999999 0.93550285625 0.790400096875 0.939541859375 0.79021120625 0.93955365 0.7896102140625 0.9426454906249999 0.8031066328125 1 0.8805474359375 1
0 0.802868625 1 0.8233545718749999 0.9419164546875001 0.818968196875 0.9403199453125 0.726566340625 0.9262152484374999 0.7047479390625 0.986160815625 0.7022902156249999 0.9988047109375 0.7092642265625 1 0.802868625 1
0 0.09259291562500001 0 0.08442845156249999 0.0175087484375 0.066908821875 0.107639428125 0.1303874109375 0.1324019453125 0.15100169218749998 0 0.09259291562500001 0
1 0.6420443890625 0.9163483828125001 0.64113833125 0.9203406546874999 0.6269930640625 0.9931117390624999 0.72843246875 0.9892185937500001 0.7434710109375 0.9182025171875001 0.7342827140625 0.9164164937500001 0.6420443890625 0.9163483828125001
0 0.6666302625 0.9035619734375 0.5688473125 0.8994259578125 0.5545194015625 0.947662225 0.5491924671875 0.9675426171874999 0.5482614781249999 0.9723321421875 0.651014815625 0.9741402000000001 0.6722827015624999 0.9050765390625 0.6666302625 0.9035619734375
0 0.5877200578124999 0.8783771296875 0.4893931453125 0.8903090468749999 0.48931496562500004 0.8907112421875001 0.4799168546875 0.967252703125 0.48024883125000006 0.9673172328125 0.5766255609375001 0.9563460703125 0.591795984375 0.879169409375 0.5877200578124999 0.8783771296875
0 0.2447552390625 0 0.2380902828125 0.1350548 0.319948884375 0.16539414218749998 0.33358995 0 0.2447552390625 0
0 0.308814025 0 0.3581522703125 0.16440006406250002 0.3603064875 0.1643624609375 0.4483923296875 0.158090471875 0.40288193281250007 0 0.308814025 0
0 0.1378481421875 0 0.1635099390625 0.1307882 0.238765859375 0.138594271875 0.2548118015625 0.1399981109375 0.2551448859375 0.1382845375 0.22574600937499997 0 0.1378481421875 0
0 0.5524978421875 0.0183553921875 0.3796061125 0.0731421640625 0.37964791249999996 0.161582653125 0.5606214625 0.1141736125 0.5594771875 0.0197120390625 0.5524978421875 0.0183553921875
0 0.8033647296875 0.06938055 0.8174801265625 0.253570628125 0.9062166015625 0.264982309375 0.9008984765625 0.071501040625 0.8052357203125 0.05975513125 0.8033647296875 0.06938055
0 0.8577284578125 0.12000488281249999 0.861715821875 0.086420003125 0.8593856703125 0.0859670671875 0.66959238125 0.1008962203125 0.6600536328125 0.178583090625 0.65781891875 0.19800221875 0.658847625 0.1982021796875 0.850334275 0.180225671875 0.8577284578125 0.12000488281249999
0 0.77408728125 0.09881658125000001 0.58993943125 0.0603044 0.5569050296875 0.1277489640625 0.5506498703125 0.1411631953125 0.5493537484375 0.14783116875 0.7362665765624999 0.1904668734375 0.7781256875 0.1006997203125 0.77408728125 0.09881658125000001
0 0.6553516078125 0.028797670312500002 0.46769085625000006 0.0801130390625 0.4728180078125 0.17794495 0.663688375 0.12176470937499999 0.6571261859375 0.0291426140625 0.6553516078125 0.028797670312500002
0 1 0.1412988953125 0.9896419359375 0.085818403125 0.9718337421875001 0.08235684062500001 0.9455040484375001 0.08305855625 0.8874630437500001 0.0871171796875 0.886909559375 0.089964609375 0.8870924 0.0925793671875 0.9266960359375 0.2788543953125 1 0.2718656609375 1 0.1412988953125
0 0.1861446328125 0.8756149140625 0.18489791093750002 0.9109547375 0.295307371875 0.88450894375 0.29681139375 0.8170549796875 0.293060659375 0.8163259109375 0.2905861265625 0.816196225 0.18811184375 0.8380782828125 0.1861446328125 0.8756149140625
0 0.4145645703125 0.9152306937500001 0.417246775 0.954893771875 0.5079928015624999 0.9234434578125 0.5057291 0.8576644671875 0.5021739328125 0.8569734125 0.49821035 0.8571811359374999 0.41279657187499996 0.8814952984375 0.4145645703125 0.9152306937500001
0 0.19793447656250002 0.8034441390625 0.1492391421875 0.780411115625 0.14316377656249998 0.779230184375 0.1414219046875 0.7833337765625 0.12771754062500001 0.8898250953125 0.1955720140625 0.9200419562500001 0.19793447656250002 0.8034441390625
0 0.37168883125 0.8371049140625001 0.272837525 0.84139613125 0.2684236640625 0.857397265625 0.2600547234375 0.8909632578125001 0.25561555468749997 0.9138007968749999 0.3598806328125 0.9088920265624999 0.3739765734375 0.8376753125 0.37168883125 0.8371049140625001
0 0.3415124546875 0.8931254843750001 0.3377341640625 0.9363115296875 0.43367257812500004 0.9178558062500001 0.4424131375 0.8453570906250001 0.44127377812499996 0.845135621875 0.4362741359375 0.8446982109375 0.344541475 0.865204046875 0.3415124546875 0.8931254843750001
0 0 0.8286768640625001 0.0032096234374999998 0.8637279234375 0.07001826718750001 0.889121446875 0.060141537499999995 0.7733954125 0.0056014671875 0.75567426875 0 0.7545854546874999 0 0.8286768640625001
0 0.0882970265625 0.8853935156249999 0.0972783484375 0.8861792796874999 0.15190387656249998 0.8898846390624999 0.123923078125 0.777149128125 0.1179146109375 0.7766234562500001 0.0520555671875 0.773647640625 0.051333135937499996 0.777364228125 0.079617415625 0.8610778859374999 0.0882970265625 0.8853935156249999
0 0 0.86092768125 0.0085471765625 0.8643809656249999 0.0397386140625 0.7878799734374999 0.03989106875 0.7870956578125 0.03633679375 0.7856596375 0 0.7856645140625 0 0.86092768125