0 0.3734375 0.753125 0.15 0.15
0 0.53046875 0.709375 0.1046875 0.1375
0 0.45703125 0.72734375 0.1140625 0.1484375
0 0.61171875 0.68359375 0.1453125 0.146875
0 0.84375 0.61875 0.1390625 0.165625
0 0.13984375 0.80703125 0.1140625 0.1625
0 0.2890625 0.76640625 0.146875 0.146875
1 0.67890625 0.66015625 0.121875 0.159375
0 0.2140625 0.78359375 0.1109375 0.159375
1 0.7578125 0.6328125 0.1203125 0.1640625
1 0.925 0.5828125 0.1203125 0.146875
0 0.4546875 0.5875 0.1484375 0.1484375
0 0.5421875 0.56171875 0.1390625 0.1390625
1 0.70390625 0.515625 0.1171875 0.14375
0 0.371875 0.60390625 0.146875 0.146875
0 0.21015625 0.64609375 0.1265625 0.171875
1 0.78515625 0.490625 0.1453125 0.1453125
1 0.6234375 0.534375 0.121875 0.15
0 0.1234375 0.6671875 0.1359375 0.184375
1 0.29296875 0.61875 0.1265625 0.15625
0 0.940625 0.44140625 0.11875 0.1359375
1 0.8640625 0.4609375 0.1453125 0.1453125
0 0.940625 0.8296875 0.11875 0.134375
0 0.9796875 0.80625 0.040625 0.128125
0 0.23125 0.975 0.1375 0.05
0 0.64765625 0.9046875 0.1171875 0.159375
0 0.721875 0.884375 0.134375 0.134375
0 0.1203125 0.38125 0.165625 0.165625
0 0.0515625 0.3984375 0.103125 0.18125
0 0.2125 0.34765625 0.128125 0.1765625
1 0.8703125 0.8421875 0.128125 0.165625
0 0.575 0.921875 0.1328125 0.1328125
0 0.359375 0.9546875 0.1375 0.090625
0 0.79609375 0.86171875 0.146875 0.1453125
0 0.29921875 0.31953125 0.1515625 0.1921875
1 0.8359375 0.1671875 0.1484375 0.196875
1 0.38125 0.2859375 0.1671875 0.1671875
1 0.64921875 0.2125 0.1703125 0.171875
0 0.74140625 0.18359375 0.153125 0.1875
0 0.56171875 0.23125 0.140625 0.1828125
0 0.4640625 0.2515625 0.1546875 0.1546875
0 0.50234375 0.93515625 0.1328125 0.1296875
0 0.4296875 0.9421875 0.140625 0.115625
1 0.29375 0.95859375 0.109375 0.0828125
0 0.10078125 0.18203125 0.1796875 0.1796875
0 0.0453125 0.20859375 0.090625 0.2078125
0 0.3828125 0.10703125 0.146875 0.2
0 0.19296875 0.1578125 0.146875 0.2
0 0.5765625 0.07265625 0.1875 0.1453125
0 0.47578125 0.0859375 0.1859375 0.171875
0 0.2828125 0.12890625 0.165625 0.165625
0 0.6703125 0.05234375 0.1625 0.1046875
0 0.7671875 0.04140625 0.171875 0.0828125