0 0.139481121875 0.8430163921875 0.1437626265625 0.8446599078125001 0.15048565 0.8314652312499999 0.16796463749999999 0.7834938953125 0.077777515625 0.708399503125 0.053927678125 0.775432265625 0.139481121875 0.8430163921875
0 0.2054475859375 0.7154551687499999 0.1097189 0.6454797421875 0.08871823437500001 0.7097250046875 0.184258484375 0.780255384375 0.2054475859375 0.7154551687499999
0 0.1866069 0.4974596921875 0.24276637499999998 0.549512909375 0.3418815484375 0.486804946875 0.34214966874999997 0.48627873125 0.3388239609375 0.4833877375 0.282791678125 0.43723652812499997 0.187401996875 0.49654503749999995 0.1866069 0.4974596921875
0 0.168138190625 0.553169425 0.23988140468750002 0.6410299765625 0.243040265625 0.642639496875 0.25635765 0.6221325265625001 0.2822825140625 0.575761875 0.20954191562500002 0.48922542656249995 0.168138190625 0.553169425
0 0.19148940781249998 0.7215911078125 0.1935340984375 0.7226329296875 0.24677345156250002 0.6635046375 0.18471300156249998 0.5591041234375 0.1315776109375 0.6174847765625 0.19148940781249998 0.7215911078125
0 0.316129790625 0.49750245625 0.32182276249999997 0.5004031703125 0.36225596718749997 0.4351378203125 0.2782913109375 0.3512200359375 0.2403566296875 0.4169248328125 0.316129790625 0.49750245625
0 0.2636500421875 0.381037303125 0.309977271875 0.40493221874999996 0.330256921875 0.41526521718750004 0.3367981890625 0.4184556046875 0.414531090625 0.3276980421875 0.3416928796875 0.2894675078125 0.2636500421875 0.381037303125
1 0.4423259953125 0 0.42352596875000004 0.079052925 0.550842734375 0.13176276250000002 0.5538054359375 0.1259481328125 0.5705775609375 0.053300078125000004 0.447275684375 0 0.4423259953125 0
0 0.4046008796875 0.0723549515625 0.4039437875 0.07544632031250001 0.387942540625 0.1578705171875 0.514781890625 0.2091905578125 0.518051709375 0.20988557812500003 0.519909490625 0.2062394796875 0.5209134 0.2015164515625 0.53605196875 0.1272958609375 0.4058057984375 0.0726110640625 0.4046008796875 0.0723549515625
1 0.42606095625 0.3651941203125 0.4293938078125 0.366678 0.44117173281250005 0.34356251875 0.46274016875 0.29511901875 0.3468882921875 0.20816397812499998 0.3131282578125 0.27829009843749997 0.42606095625 0.3651941203125
1 0.4665947109375 0.287242875 0.4739167328125 0.2896219453125 0.4751651734375 0.287171740625 0.4954498421875 0.220021909375 0.3750039046875 0.1458622859375 0.3477845375 0.22368149843750001 0.4665947109375 0.287242875
0 0.3464119625 0.7911083890625 0.28352078125 0.7468057906250001 0.157117303125 0.84254179375 0.15657266718750001 0.843610703125 0.22626509375 0.8906188374999999 0.34461224375 0.794363546875 0.34518924218749997 0.7935081140625 0.3464119625 0.7911083890625
0 0.1408777671875 0.857996746875 0.1686382515625 0.8802857218750001 0.2129425828125 0.914900059375 0.2731823890625 0.9455937734375001 0.28527048593750004 0.9263967093750001 0.1912664671875 0.788115634375 0.1911577953125 0.7880602624999999 0.1408777671875 0.857996746875
0 0.42326715937500003 0.449913628125 0.3226393015625 0.5621964328125 0.36612070937499996 0.5843513171875 0.399114396875 0.5997365265625 0.49094024999999997 0.48508869375 0.49187339531249996 0.48308755468750003 0.42326715937500003 0.449913628125
0 0.31012350781250003 0.66930234375 0.21203206093750002 0.7864207890625 0.2219942421875 0.7914967734375 0.2885528375 0.817234225 0.3774397875 0.7083544015625 0.379664178125 0.7025596640625 0.31012350781250003 0.66930234375
0 0.3572311578125 0.5026619359375 0.30691369218750003 0.5599260484374999 0.3808012 0.687775271875 0.3820958203125 0.688940953125 0.38634528125 0.6911061625 0.3866790578125 0.690735465625 0.43639110781249996 0.6265606171875 0.35842273750000003 0.5032690765625001 0.3572311578125 0.5026619359375
0 0.34121799375 0.59720068125 0.2571513875 0.725235765625 0.26152898593749996 0.7274662640625 0.33556828906249997 0.7459263359375 0.4130033671875 0.620039390625 0.41381598437499995 0.6167801546875 0.34121799375 0.59720068125
0 0.3682526203125 0.4502197234375 0.48350876249999997 0.518488434375 0.4910930015625 0.522350990625 0.5033897046875 0.52611046875 0.5258513406249999 0.458471528125 0.5274180671875001 0.453346996875 0.396222853125 0.373347603125 0.3689529625 0.44792900625 0.3682526203125 0.4502197234375
0 0.5894395890624999 0.13173745312500001 0.66563609375 0.1493288015625 0.70190223125 0.04171120625 0.6635249046875 0.02215698125 0.623940759375 0.013018262499999999 0.5803257453125 0.12882384687499998 0.5829366171875 0.13015415156250001 0.5894395890624999 0.13173745312500001
1 0.6248838671875 0.225147590625 0.6807428390625 0.101075346875 0.6803537609375 0.1008771015625 0.5988138562499999 0.08086014531249999 0.542084071875 0.1996597671875 0.6082832765624999 0.2203874484375 0.6248838671875 0.225147590625
0 0.46468712187500005 0.31774379218750004 0.5812676453125001 0.3749202859375 0.5855080781249999 0.36659796718750004 0.6028894359375 0.291311028125 0.4833264296875 0.23714598593749997 0.48226089375000003 0.2368999890625 0.46468712187500005 0.31774379218750004
1 0.6498284875 0.1891881734375 0.5738748515625 0.1575190265625 0.4981686984375 0.269340753125 0.5210323859375 0.280990384375 0.525971165625 0.283086771875 0.5766608921875 0.303160971875 0.64864620625 0.1919734546875 0.6498284875 0.1891881734375
0 0.5037033656250001 0.459799725 0.5110108359375001 0.4635230671875 0.5598032765625 0.405657915625 0.482928690625 0.2977743234375 0.43003837968749997 0.3627624140625 0.5037033656250001 0.459799725
0 0.5102641609375 1 0.590241875 0.9423967046874999 0.5919287343749999 0.9390860546875001 0.5312974484375 0.893343171875 0.5265645734375 0.8899045359375 0.3968982296875 0.9965574703125 0.40163646562500005 1 0.5102641609375 1
0 0.7355149296875 0.2792678421875 0.8558387203125 0.414183234375 0.8575778390625001 0.41564252812499997 0.8609808125 0.41737642968750005 0.8869712984375001 0.3864021734375 0.9162971343749999 0.3488018984375 0.796064996875 0.20554553593749997 0.7355149296875 0.2792678421875
0 0.5720182734375 0.9926401765625 0.5828683171875 0.9981685499999999 0.6091899453125 0.9465094453124999 0.614831203125 0.934775865625 0.47505967031249996 0.8078090171874999 0.43637156718750003 0.8771059031249999 0.5720182734375 0.9926401765625
0 0.64466754375 0.4664982703125 0.7870656171875 0.576121846875 0.794397353125 0.579857553125 0.8242110468750001 0.5279484734375 0.8364077296874999 0.5040111375 0.6866320531250001 0.38303281562499997 0.64466754375 0.4664982703125
1 0.7799531484375 0.193234421875 0.8981078015625 0.3239364234375 0.9043629531249999 0.3290017453125 0.905156271875 0.3294059609375 0.95755708125 0.2710501078125 0.9680167859375001 0.2581334484375 0.839309715625 0.1235345984375 0.7799531484375 0.193234421875
0 0.6520571562499999 0.893353125 0.66981605 0.816430909375 0.500253428125 0.72665495 0.500032559375 0.727088428125 0.4815638546875 0.8115213140625 0.6437841843750001 0.8949030625000001 0.650479796875 0.8964488656249999 0.6520571562499999 0.893353125
0 0.675095715625 0.45808827812499997 0.6289721734375 0.5106607890625 0.6153512421875 0.526893584375 0.7279687406249999 0.6687649171875 0.7314316078124999 0.6705293359375 0.7377714281250001 0.6629738281249999 0.7843961937499999 0.60266589375 0.675584128125 0.45849810468749996 0.675095715625 0.45808827812499997
1 0.6955707203125 0.3932195328125 0.843870965625 0.4907753875 0.8490915109375001 0.49288462343750006 0.851864321875 0.4874426734375 0.8724050625 0.4373517890625 0.8856611687499999 0.40454177968750005 0.7242125296874999 0.305424990625 0.6955707203125 0.3932195328125
0 0.673256446875 0.8318698781249999 0.70031005 0.775272909375 0.7121846765625001 0.7486020640625 0.56596448125 0.62854613125 0.5240047828125001 0.7141771015625 0.669130253125 0.8300327781249999 0.673256446875 0.8318698781249999
1 0.6284319453125 0.54180189375 0.5777542078125 0.6102064421875 0.6934048421875 0.75461818125 0.6962467343750001 0.7560661984375 0.74677269375 0.6772680328125 0.733758025 0.661881678125 0.62862273125 0.54194050625 0.6284319453125 0.54180189375
0 0.2502861203125 0 0.2325271046875 0.039293325000000004 0.23432158281249998 0.04020765625 0.3089979765625 0.0574480609375 0.3337086703125 0 0.2502861203125 0
1 0.3155055875 0.037732104687500004 0.31544401718750004 0.0377007328125 0.23975278906250003 0.0199291859375 0.19587785625 0.11005497187499999 0.2002341859375 0.11227463281250001 0.2254275984375 0.11902518749999999 0.2673780578125 0.12951847656249998 0.314423084375 0.04177206875 0.3155055875 0.037732104687500004
0 0.290156871875 0.127132278125 0.229691328125 0.0895192359375 0.1532338734375 0.15838135625 0.153134771875 0.1585758546875 0.174236428125 0.172809103125 0.2166956796875 0.199813521875 0.2870484390625 0.1332329203125 0.290156871875 0.127132278125
0 0.253659875 0.19876166875 0.2567504375 0.1926960953125 0.18665040625 0.1586886453125 0.1196486859375 0.2293076 0.1868717140625 0.268118834375 0.253659875 0.19876166875
0 0.789434259375 1 0.8046555109375 0.9603472843749999 0.65766171875 0.8447794562500001 0.62473845625 0.9326255187499999 0.7165075812499999 1 0.789434259375 1
0 0.6619746765625 0.9114884359375001 0.7198290375 0.9397969046875 0.7436600046875 0.9499125515625 0.85983320625 0.8049309984375 0.7744481000000001 0.7670691390625 0.6626878515625 0.9098083015625 0.6619746765625 0.9114884359375001
0 0.7865902078125 1 0.7269389375 0.9455529968749999 0.64309080625 1 0.7865902078125 1
0 0.9108370328125 0.7537311328125 0.914393246875 0.74675166875 0.839827925 0.6891334546875 0.69305278125 0.8051338828124999 0.7636593406250001 0.8583920812500001 0.9108370328125 0.7537311328125
0 1 0.358302925 0.876380278125 0.4643241265625 0.9544249046875001 0.525299271875 1 0.48216255468749997 1 0.358302925
0 1 0.5003363125 0.890093303125 0.41292000156249997 0.8887715406250001 0.41224652968750003 0.8534665875 0.4808563484375 0.8454576843750001 0.4965747078125 0.99400185625 0.6184302765624999 0.9952380406250001 0.6190601453125 1 0.6097142734375 1 0.5003363125
0 0.8045533671875 0.567447890625 0.920952134375 0.7119624546875001 0.923515715625 0.7140384 0.9274863765625 0.7160615531250001 0.9333366406250001 0.7088370765625001 0.98556655 0.6417553171875 0.8675405296875001 0.48966522343749996 0.8045533671875 0.567447890625
0 0.9567733625000001 0.6317261546874999 0.8683421984375 0.5923540625 0.7517955656249999 0.75105068125 0.7685873984375 0.759606546875 0.805859090625 0.77702828125 0.8366522156249999 0.7907382640625 0.9547411468749999 0.636290584375 0.9567733625000001 0.6317261546874999
0 0 0.48007011562499996 0.0752622359375 0.5456186140625 0.0808097203125 0.548324303125 0.108623903125 0.4937358953125 0.111704834375 0.48741905 0.0288465421875 0.4115732375 0 0.468237746875 0 0.48007011562499996
0 0.2169978046875 0.258019609375 0.1510532046875 0.2274528921875 0.09389934062500001 0.3036031875 0.10870746406250001 0.311148303125 0.1402878171875 0.3252087828125 0.1557855671875 0.3317779265625 0.21595433281249998 0.26036328124999997 0.2169978046875 0.258019609375
0 0 0.579233075 0.0238245203125 0.616871596875 0.029290520312500002 0.6196566640625 0.06654349375 0.5747624859375 0.0151260078125 0.47008739843749997 0 0.48749051718749997 0 0.579233075
0 0.08671065 0.47801602499999996 0.088744746875 0.47984753593749996 0.092574909375 0.48179910000000004 0.1420274890625 0.4320072625 0.0863431609375 0.3404389109375 0.037396967187500005 0.397588478125 0.08671065 0.47801602499999996
0 0.1857438203125 0.3134941203125 0.11481038437499999 0.29564329375 0.0637658953125 0.3776848015625 0.068583503125 0.3801394953125 0.10487089375 0.3905447375 0.1320233046875 0.39772305 0.1840411984375 0.31943186875 0.1857438203125 0.3134941203125
0 0 0.643922709375 0.0671503171875 0.5888992 0.0671642671875 0.5888718203125001 0.0028118484375 0.5525920421875 0 0.5553131984374999 0 0.643922709375