0 0.6328125 0.26171875 0.115625 0.1703125
0 0.465625 0.30078125 0.103125 0.1421875
0 0.54296875 0.284375 0.1078125 0.15
0 0.3796875 0.325 0.121875 0.153125
0 0.13125 0.384375 0.125 0.1625
0 0.88203125 0.21328125 0.1109375 0.1671875
0 0.7234375 0.25078125 0.115625 0.1703125
1 0.3078125 0.34765625 0.1125 0.1578125
0 0.80234375 0.234375 0.1109375 0.165625
1 0.22265625 0.3734375 0.1140625 0.165625
1 0.0515625 0.41953125 0.103125 0.1484375
0 0.54140625 0.43359375 0.1140625 0.1703125
0 0.4484375 0.45703125 0.11875 0.1578125
1 0.27578125 0.49921875 0.1109375 0.1421875
0 0.6296875 0.41875 0.121875 0.171875
0 0.8015625 0.37890625 0.11875 0.1734375
1 0.1890625 0.52265625 0.11875 0.1578125
1 0.36171875 0.4828125 0.1140625 0.15
0 0.89453125 0.36171875 0.1234375 0.1828125
1 0.71328125 0.40625 0.1265625 0.159375
0 0.0359375 0.565625 0.071875 0.14375
1 0.10546875 0.5515625 0.1203125 0.153125
0 0.0390625 0.1625 0.078125 0.14375
0 0.79140625 0.0296875 0.1046875 0.059375
0 0.34921875 0.09296875 0.1046875 0.1515625
0 0.26953125 0.11171875 0.1046875 0.1515625
0 0.8875 0.66484375 0.125 0.1890625
0 0.959375 0.64765625 0.08125 0.1765625
0 0.78984375 0.6953125 0.1265625 0.18125
1 0.1140625 0.15 0.1125 0.159375
0 0.4265625 0.07734375 0.103125 0.1546875
0 0.65546875 0.0515625 0.1015625 0.103125
0 0.1921875 0.13359375 0.109375 0.1609375
0 0.69609375 0.72265625 0.1359375 0.1890625
1 0.12265625 0.8625 0.1390625 0.2
1 0.6078125 0.75390625 0.1375 0.1765625
1 0.32265625 0.82265625 0.1328125 0.1859375
0 0.22421875 0.8484375 0.1390625 0.184375
0 0.415625 0.80546875 0.14375 0.1921875
0 0.51796875 0.7875 0.1265625 0.190625
0 0.5015625 0.06953125 0.109375 0.1390625
0 0.58046875 0.06171875 0.1046875 0.1234375
1 0.725 0.04375 0.109375 0.0875
0 0.89453125 0.85 0.1203125 0.159375
0 0.96015625 0.8265625 0.0796875 0.1625
0 0.59375 0.92109375 0.125 0.1578125
0 0.7953125 0.87421875 0.125 0.1578125
0 0.38515625 0.94609375 0.1328125 0.1078125
0 0.4953125 0.93359375 0.13125 0.1328125
0 0.7 0.89921875 0.13125 0.1515625
0 0.2859375 0.9609375 0.125 0.078125
0 0.18125 0.971875 0.1375 0.05625