0 0.1316625 0.6690828125 0.0368453125 0.6763015625000001 0.054478125 0.8310375000000001 0.15212187500000002 0.8194687500000001 0.1316625 0.6690828125
0 0.22453125 0.663075 0.12236406250000001 0.6707359375 0.15305156250000002 0.8178171875 0.252553125 0.81120625 0.22453125 0.663075
0 0.31939687499999997 0.6749796875 0.2227953125 0.6740406250000001 0.25441250000000004 0.8178171875 0.3483359375 0.812859375 0.31939687499999997 0.6749796875
0 0.41203124999999996 0.663075 0.3157890625 0.6740406250000001 0.34647656250000003 0.8194687500000001 0.442259375 0.8260796875 0.41203124999999996 0.663075
0 0.5024328125 0.6591078125000001 0.4097109375 0.6641250000000001 0.43946874999999996 0.8260796875 0.5352515624999999 0.81120625 0.5024328125 0.6591078125000001
0 0.5906015625000001 0.6710125 0.50084375 0.665778125 0.529671875 0.7979859375 0.6189453125 0.7880703125 0.5906015625000001 0.6710125
0 0.6843515625000001 0.6591078125000001 0.587328125 0.6674296875 0.6208046875 0.7781546875 0.7110078125 0.769890625 0.6843515625000001 0.6591078125000001
0 0.7781015625000001 0.6571234375 0.68125 0.6591671875 0.7193765625 0.7880703125 0.8030703125 0.7748484375 0.7781015625000001 0.6571234375
0 0.8673875000000001 0.647203125 0.7742421875 0.6558625 0.8123703125 0.77154375 0.89699375 0.769890625 0.8673875000000001 0.647203125
0 0.9410484374999999 0.647203125 0.8681656249999999 0.6476 0.9100125 0.7979859375 0.9834765624999999 0.7665859375 0.9410484374999999 0.647203125
0 0.0548875 0.837678125 0.0795875 0.996296875 0.1790890625 0.98638125 0.15212187500000002 0.82773125 0.0548875 0.837678125
0 0.252553125 0.8376468750000001 0.151190625 0.8343421875000001 0.1772296875 0.9814234374999999 0.28138125 0.9814234374999999 0.252553125 0.8376468750000001
0 0.35064687499999997 0.8337109375 0.248834375 0.8376468750000001 0.27952187500000003 0.976465625 0.37809375 0.9748125 0.35064687499999997 0.8337109375
0 0.4455125 0.8317265624999999 0.3483359375 0.8343421875000001 0.3808828125 0.9814234374999999 0.48131562499999997 0.9781171875 0.4455125 0.8317265624999999
0 0.54548125 0.8194687500000001 0.44411875 0.8260796875 0.47945625 0.9797703125 0.5798875 0.9814234374999999 0.54548125 0.8194687500000001
0 0.6330125 0.8099015625 0.5333921875 0.8161640625000001 0.578028125 0.9797703125 0.6756703125 0.9814234374999999 0.6330125 0.8099015625
0 0.72960625 0.8178171875 0.7286765625 0.8260796875 0.7278796875 0.815853125 0.631034375 0.8178171875 0.6775296875000001 0.98638125 0.7723828125 0.9715078125 0.72960625 0.8178171875
0 0.8227453125 0.8337109375 0.7286765625 0.82773125 0.7695937500000001 0.9748125 0.86630625 0.964896875 0.8227453125 0.8337109375
0 0.9220750000000001 0.819821875 0.8263187500000001 0.812859375 0.86630625 0.9748125 0.96301875 0.96655 0.9220750000000001 0.819821875
0 0.99835625 0.812859375 0.9100125 0.8161640625000001 0.96301875 0.9781171875 1 0.9533296874999999 0.99835625 0.812859375
0 0 0.351784375 0.007656250000000001 0.5076453125 0.0995015625 0.5120859375 0.08369375 0.3683109375 0 0.351784375
0 0.2367453125 0.239409375 0.1519859375 0.24640937499999999 0.17165 0.371615625 0.25348281250000004 0.3765734375 0.2367453125 0.239409375
0 0.4218 0.36004843750000004 0.3394859375 0.363471875 0.365075 0.48895 0.45155781250000004 0.48895 0.4218 0.36004843750000004
0 0.506896875 0.3773609375 0.42645 0.36996406249999997 0.45341718750000004 0.490603125 0.5371109374999999 0.48895 0.506896875 0.3773609375
0 0.5872546875 0.3753765625 0.5082828125 0.37492187499999996 0.53618125 0.48729843749999996 0.6217343750000001 0.490603125 0.5872546875 0.3753765625
0 0.6676109375 0.37339375 0.5817484375 0.37326875 0.6217343750000001 0.490603125 0.705428125 0.49225624999999995 0.6676109375 0.37339375
0 0.756896875 0.37339375 0.6691609374999999 0.3765734375 0.705428125 0.490603125 0.7900515625 0.4939078125 0.756896875 0.37339375
0 0.8450671875 0.3773609375 0.7528546875 0.3782265625 0.792840625 0.5054765625 0.876534375 0.48895 0.8450671875 0.3773609375
0 0.9176109374999999 0.367440625 0.837478125 0.3782265625 0.8774656249999999 0.50051875 0.9546484375000001 0.4939078125 0.9176109374999999 0.367440625
0 0.9935046875 0.369425 0.9239609375000001 0.371615625 0.9509296875000001 0.498865625 1 0.48895 0.9935046875 0.369425
0 0.4738765625 0.24767187499999999 0.38970937499999997 0.25434531250000003 0.41808125 0.3583953125 0.50084375 0.355090625 0.4738765625 0.24767187499999999
0 0.5593515625000001 0.25434531250000003 0.4757359375 0.2526296875 0.5036343750000001 0.36500625000000003 0.5817484375 0.3583953125 0.5593515625000001 0.25434531250000003
0 0.6296640625000001 0.23847187500000003 0.5529203125000001 0.24601875 0.5789578125 0.355090625 0.6542828125 0.34847968749999997 0.6296640625000001 0.23847187500000003
0 0.710021875 0.24244062500000002 0.62824375 0.2410609375 0.65893125 0.3501328125 0.73890625 0.351784375 0.710021875 0.24244062500000002
0 0.79563125 0.22288281250000003 0.7026390625000001 0.23114531249999998 0.7556437500000001 0.37492187499999996 0.8337578125 0.3567421875 0.79563125 0.22288281250000003
0 0.8718859374999999 0.239409375 0.8718515625000001 0.24045624999999998 0.7965609375 0.23775624999999997 0.8337578125 0.3617 0.9016437500000001 0.3418703125 0.8718859374999999 0.239409375
0 0.9481390624999999 0.23445156250000002 0.8681656249999999 0.2410609375 0.8988531249999999 0.3402171875 0.9695281250000001 0.335259375 0.9481390624999999 0.23445156250000002
0 1 0.23445156250000002 0.94906875 0.23445156250000002 0.9788265624999999 0.3369125 1 0.34352187500000003 1 0.23445156250000002
0 0 0.12868437500000002 0.0433203125 0.1270328125 0.03145 0.0360921875 0 0.011351562499999999 0 0.12868437500000002
0 0.12329375000000001 0.1386 0.108459375 0.038075 0.025651562500000002 0.0477078125 0.042389062500000005 0.1253796875 0.12329375000000001 0.1386
0 0.1837390625 0.0394453125 0.1062265625 0.040059375 0.120503125 0.122075 0.2014078125 0.1303375 0.1837390625 0.0394453125
0 0.336246875 0.0394453125 0.2599921875 0.044403125 0.28045156250000003 0.1237265625 0.3594953125 0.1253796875 0.336246875 0.0394453125
0 0.4142625 0.0460125 0.3325265625 0.046054687500000004 0.3567046875 0.13694843750000002 0.43202968750000004 0.1336421875 0.4142625 0.0460125
0 0.48680781250000005 0.0460125 0.4115703125 0.0477078125 0.43388906250000003 0.131990625 0.5129328125 0.1352953125 0.48680781250000005 0.0460125
0 0.5571203125 0.0519640625 0.4841046875 0.0510125 0.5082828125 0.140253125 0.5836078125 0.1336421875 0.5571203125 0.0519640625
0 0.6330125 0.047996875 0.555709375 0.0493609375 0.5836078125 0.14190624999999998 0.657071875 0.14190624999999998 0.6330125 0.047996875
0 0.7044421875 0.0519640625 0.63289375 0.0477078125 0.6598625 0.1435578125 0.731465625 0.1386 0.7044421875 0.0519640625
0 0.780753125 0.06258125 0.7026390625000001 0.0510125 0.7379749999999999 0.1468640625 0.8086499999999999 0.15016875000000002 0.780753125 0.06258125
0 0.850646875 0.049979687499999995 0.7751734375 0.05266562500000001 0.8030703125 0.1336421875 0.8802546875000001 0.140253125 0.850646875 0.049979687499999995
0 0.92303125 0.046054687500000004 0.8495671874999999 0.042749999999999996 0.8839750000000001 0.1468640625 0.9527890625 0.1435578125 0.92303125 0.046054687500000004
0 0.9946359375 0.041096875 0.9935046875 0.042043750000000005 0.9221015625 0.0394453125 0.95371875 0.1386 1 0.1253796875 0.9946359375 0.041096875
1 0.2627828125 0.041096875 0.1821203125 0.040059375 0.1967578125 0.1303375 0.278590625 0.1336421875 0.2627828125 0.041096875
1 0.06828125 0.24839375000000002 0 0.24767187499999999 0.0020046875 0.3501578125 0.0805171875 0.34847968749999997 0.06828125 0.24839375000000002
1 0.1456109375 0.255934375 0.06381718750000001 0.25434531250000003 0.0842359375 0.36996406249999997 0.16514062499999999 0.35343749999999996 0.1456109375 0.255934375
1 0.3111390625 0.259240625 0.2368078125 0.2583140625 0.248834375 0.3683109375 0.3371765625 0.3683109375 0.3111390625 0.259240625
1 0.39018281250000003 0.2625453125 0.3129984375 0.2641984375 0.3371765625 0.371615625 0.41436093749999997 0.34847968749999997 0.39018281250000003 0.2625453125
1 0.3353171875 0.36996406249999997 0.2535484375 0.3773609375 0.28045156250000003 0.4972140625 0.3641453125 0.490603125 0.3353171875 0.36996406249999997
1 0.2562734375 0.3798796875 0.16984375000000002 0.3833140625 0.1902484375 0.498865625 0.2758015625 0.4972140625 0.2562734375 0.3798796875
1 0.1046953125 0.4972140625 0.1874578125 0.4939078125 0.16885937499999998 0.3782265625 0.08390625 0.37934531250000003 0.08609687499999999 0.38648906250000004 0.0823765625 0.3897953125 0.1046953125 0.4972140625