0 0.031350245312500004 0.26148780625 0.057524964062499996 0.3276473859375 0.1450363890625 0.24945125468749998 0.12244395625 0.19358882500000002 0.11947836249999999 0.1888428828125 0.1144929203125 0.190959078125 0.031350245312500004 0.26148780625
0 0.15988839531250001 0.369247590625 0.2070825171875 0.32019315000000004 0.20698323593749998 0.3200342671875 0.10002784843750001 0.268871840625 0.053161864062499994 0.3175756515625 0.15988839531250001 0.369247590625
1 0.298590884375 0.45562845625000004 0.20529183906249998 0.52768451875 0.2351417546875 0.5986014859375001 0.324486584375 0.5284738203125 0.3002828046875 0.46003605625 0.298590884375 0.45562845625000004
0 0.27812112187500004 0.453252771875 0.2565188828125 0.4052049984375 0.24291505781249997 0.383434328125 0.242352940625 0.3837332109375 0.1624420921875 0.4658109171875 0.197282871875 0.5315497406249999 0.1982069390625 0.5330285578125 0.27812112187500004 0.453252771875
0 0.17356755 0.4689550203125 0.1736054375 0.4689220859375 0.23597689531250002 0.364788859375 0.1850475140625 0.306201309375 0.18235741249999998 0.307882271875 0.12026401406250001 0.4083055765625 0.17356755 0.4689550203125
1 0.368662928125 0.57767980625 0.32323645 0.5146458796875 0.3198890921875 0.516737540625 0.24833100468749997 0.604351696875 0.29075661406250003 0.66725025 0.368662928125 0.57767980625
0 0.3628662453125 0.723217665625 0.4299160140625 0.6768012890625 0.4285443 0.6746060890625001 0.3428857359375 0.596333421875 0.32025606406249996 0.6104740109375 0.274245575 0.64184145 0.3628662453125 0.723217665625
1 0.5615188203125 1 0.61913314375 0.9589720578125001 0.6168443140625001 0.9553091671875 0.6166390296875 0.9550266171875 0.519484328125 0.859519025 0.4524558359375 0.9088957859375 0.548049578125 1 0.5615188203125 1
1 0.492785434375 0.9366057328125 0.5706310015625 0.9035841515625 0.572036540625 0.9027058734375 0.5696534843750001 0.8973534437499999 0.49206645312499997 0.78561821875 0.41689872031249997 0.81908505 0.4144602703125 0.8206087625 0.492785434375 0.9366057328125
1 0.4363483890625 0.7896621406250001 0.4928994390625 0.739264528125 0.4898668171875 0.73441131875 0.3798618109375 0.651187490625 0.318478425 0.702694265625 0.4363483890625 0.7896621406250001
1 0.40353573593750003 0.7337598625 0.364745478125 0.7632872953125001 0.4724953125 0.8549216046874999 0.5332491 0.8126831703124999 0.5325261046875001 0.8115261374999999 0.430895471875 0.71388185 0.40353573593750003 0.7337598625
1 0.25981548125 0.1157780375 0.1496241734375 0.2217342140625 0.1875813234375 0.29761394375 0.29875070937500003 0.18305503750000002 0.2748341078125 0.136116065625 0.2660383515625 0.11968597031249999 0.26268332031249997 0.1143167984375 0.25981548125 0.1157780375
0 0.275857825 0.1988979046875 0.2511853359375 0.15783598593749998 0.2106919390625 0.0930330046875 0.14923055937500002 0.1314383375 0.24360002656250002 0.21407589531250001 0.275857825 0.1988979046875
0 0.41903707656250005 0.558825940625 0.48875927187499996 0.528066546875 0.4878965328125 0.5260340609374999 0.40012776875 0.4082513921875 0.35677063124999997 0.4266554046875 0.325867084375 0.4411458921875 0.3225095765625 0.443243896875 0.41903707656250005 0.558825940625
0 0.2723231390625 0.3682782859375 0.27312446874999996 0.367531034375 0.342773703125 0.24069591250000003 0.28638991406250003 0.180231696875 0.28598284375 0.18048606250000002 0.2142228578125 0.3151493703125 0.2723231390625 0.3682782859375
0 0.2922324703125 0.43627457031250005 0.32871605000000004 0.50401639375 0.4333809046875 0.400473921875 0.40531003437499996 0.339618690625 0.3968971375 0.32615524375 0.392986065625 0.3283231859375 0.2922324703125 0.43627457031250005
0 0.41520758750000003 0.3554580859375 0.41322698906250005 0.3522884671875 0.2860337671875 0.277653725 0.22557304375 0.3320928046875 0.22569772187499998 0.33229233125 0.3608446265625 0.4063183046875 0.41520758750000003 0.3554580859375
0 0.5456674171875 0.5642374578125 0.5445477359375 0.5624455921875 0.5411714515625 0.559185153125 0.5289808390624999 0.5509591234375 0.4150727015625 0.48423427500000005 0.38872251874999997 0.5115206890625 0.3598551765625 0.5448277265625 0.3604383765625 0.5453909171875 0.4934088390625 0.6210092796875 0.5456674171875 0.5642374578125
0 0.6686494484375001 0.8368080296875 0.610137821875 0.8777783109374999 0.602318525 0.8833936843749999 0.6854660203125 0.9736971703125 0.71234659375 0.9569003234375 0.7542648890625 0.9275488171875 0.7513106859375001 0.9228211046875 0.6744295250000001 0.8331962374999999 0.6686494484375001 0.8368080296875
1 0.61854643125 0.918114815625 0.7124042687500001 0.8257983781249999 0.6833322640625 0.7806746625 0.6667177 0.7569466046875 0.6599749984375001 0.7611599124999999 0.5671837625 0.8484122812500001 0.61854643125 0.918114815625
0 0.5118403359375 0.766040040625 0.512824953125 0.7656422296875001 0.6197697546875001 0.6904091078125 0.5908764375 0.618895640625 0.5879577796875 0.6142248109375 0.478326115625 0.6864359578125 0.5118403359375 0.766040040625
1 0.5526300390625 0.8370426875 0.6689002281249999 0.7674014609375 0.6583080156250001 0.73766264375 0.6416362375 0.694231175 0.6376697796874999 0.687883515625 0.5234442375 0.7595342875 0.5526300390625 0.8370426875
0 0.5839719031249999 0.65209645625 0.582401109375 0.648727878125 0.5050541359375 0.5489997625 0.43927348593750004 0.5784803953125001 0.42961908437499996 0.5845131343750001 0.512902384375 0.6854452015625 0.5839719031249999 0.65209645625
0 0.42672348125 0 0.3642866 0.056687796874999995 0.390690003125 0.12415402187499999 0.5376321890625 0.007010760937500001 0.534510796875 0 0.42672348125 0
0 0.8147656578125 0.766751453125 0.9351563546874999 0.6218845546875 0.9132684484375 0.597055115625 0.8730999890625 0.552443521875 0.867845128125 0.5557271234375001 0.7569109828125 0.6976854593749999 0.8147656578125 0.766751453125
0 0.5205359015625 0 0.41107385625 0.1413805796875 0.45438209687500003 0.2017008609375 0.5763459531249999 0.054156523437500007 0.5650638109375 0.0391846140625 0.5331347562500001 0 0.5205359015625 0
0 0.7173061656249999 0.40545951875 0.6523098328125 0.4315492328125 0.7451438593749999 0.5950299359375 0.8325645906249999 0.5654529187499999 0.8308213078125 0.5603900562499999 0.7344535859375 0.3995551890625 0.7173061656249999 0.40545951875
1 0.9158256078125 0.6409908171875001 0.801333134375 0.7740153234375 0.8695001296875 0.84236734375 0.9851912031250001 0.7000784906249999 0.9381969515625 0.6478860859375 0.9251821484375 0.634131884375 0.9194996156249999 0.637682725 0.9158256078125 0.6409908171875001
0 0.456568571875 0.2042058046875 0.49377329375 0.2827765015625 0.63889145625 0.15707451249999999 0.6040701765625001 0.0856803109375 0.6025337453125 0.08322150625 0.5958743921874999 0.0864694921875 0.456568571875 0.2042058046875
0 0.7368307078125 0.40329974531249996 0.737903840625 0.4029302375 0.7390304624999999 0.4022262453125 0.7386529046875 0.4011297328125 0.6335781640625 0.2471587 0.607098675 0.25627631875 0.5532375625 0.27538448125000003 0.5533809765625 0.2758009890625 0.63723245625 0.4112317109375 0.6481413796875 0.42817623749999995 0.7368307078125 0.40329974531249996
0 0.72048455 0.3124793734375 0.609635121875 0.4572414484375 0.6235372828125 0.473234053125 0.6705713156249999 0.5249935890625 0.6710525015625 0.5245753015625 0.7773319187500001 0.3785304375 0.7296617375000001 0.3190454015625 0.7227327671875 0.31107453125 0.72048455 0.3124793734375
1 0.8916751156249999 0.63231115 0.8898556843750001 0.6284093640624999 0.783569609375 0.48391927187499995 0.7032680765625 0.5148539109375 0.6980719625 0.5181008031250001 0.8049303078125 0.6733097375 0.8916751156249999 0.63231115
1 0.658072415625 0.166425034375 0.5035938015625 0.2682390328125 0.5346742015625 0.3557742203125 0.6940091734375 0.253871915625 0.6841600015625 0.2235592828125 0.6626961015624999 0.1649227078125 0.658072415625 0.166425034375
0 0.3777054875 1 0.33018440312499997 0.9561811499999999 0.327057865625 0.958134828125 0.269435396875 1 0.3777054875 1
1 0.2913710765625 1 0.359001828125 0.9709950468749999 0.3572272734375 0.967189503125 0.29565996562499997 0.88894544375 0.2561689671875 0.9065639375 0.23330098437500002 0.9172274515625001 0.22843598125 0.92026744375 0.2862751671875 1 0.2913710765625 1
0 0.190032075 0.8521415546875 0.2515159046875 0.9337572875 0.31853448281249996 0.9081868406250001 0.31899196406249997 0.9079009750000001 0.3167461359375 0.9026101343749999 0.25980416562499997 0.8230097328125 0.21297232500000002 0.8414163953125 0.19496035312499999 0.8490620249999999 0.190032075 0.8521415546875
0 0.16265934843750002 0.8089869468750001 0.192470465625 0.8832219328124999 0.2720151140625 0.8166675 0.24491120156249999 0.7610962453125001 0.23688623749999999 0.7482536171875 0.2355713796875 0.7488949171875 0.16265934843750002 0.8089869468750001
0 0.653642403125 0 0.59575910625 0.0801826515625 0.6475997437500001 0.14982416875 0.6487350671875001 0.1491147390625 0.761384678125 0.0034412828125000004 0.7587914859375 0 0.653642403125 0
0 0.7477850671875 0.0116803125 0.7443037921875 0.014601448437500001 0.643379425 0.15905715 0.6526328515625 0.170084953125 0.7044155062499999 0.22983565781249998 0.8097638296874999 0.07537141875 0.8069851703124999 0.072059940625 0.7495220203125 0.0105949453125 0.7477850671875 0.0116803125
0 0.540318271875 0 0.578934725 0.05928713906250001 0.5880504656250001 0.0728017796875 0.5893430093750001 0.0719941078125 0.647638078125 0 0.540318271875 0
0 0.827884878125 0.27455918281249997 0.8910409515625 0.217639128125 0.8868423921874999 0.2109200296875 0.737254275 0.11258316718750001 0.6652085078125001 0.17905118281250001 0.827884878125 0.27455918281249997
0 1 0.453874375 0.8907491500000001 0.5542458578125 0.94725205625 0.6353513703125 1 0.5818947890625 1 0.453874375
0 1 0.4303250203125 0.8963104562499999 0.3563575140625 0.8390671953125001 0.4097377203125 0.8247504609374999 0.42329314374999993 0.8251652703125 0.42373797187499995 0.98377479375 0.53330605 1 0.5181758000000001 1 0.4303250203125
0 0.9577337390625 0.28898714999999997 0.941126846875 0.262410565625 0.79192319375 0.3756113 0.8296516078125 0.46490804687500004 0.9853992406250001 0.3511248828125 0.9577337390625 0.28898714999999997
0 0.79710645625 0.3891321953125 0.930203303125 0.2449292421875 0.9201421921874999 0.22882809843750002 0.8758876921875001 0.1656261234375 0.869794275 0.1694337125 0.7419786640625 0.3134015453125 0.79710645625 0.3891321953125
0 0 0.5436317015625 0.0597276921875 0.617247975 0.124631925 0.587010828125 0.1229986546875 0.5833424453125 0.052813884374999995 0.5010794 0.016622548437500002 0.5171928203125 0 0.5252008218750001 0 0.5436317015625
0 0.1428631984375 0.715039753125 0.11148088593750001 0.7394427140625 0.1882989125 0.7970877875 0.24145285625000001 0.7585102984375001 0.236865053125 0.7511682765625001 0.16984245781250001 0.6947094234375 0.1428631984375 0.715039753125
0 0 0.56691120625 0.0012466984375 0.5690981671875 0.0767990671875 0.48616346562499996 0.037914318749999995 0.4239348609375 0.0374994 0.42419413281249996 0 0.4755042828125 0 0.56691120625
0 0.09873688281250001 0.67672835625 0.16463780156250002 0.6462720765625 0.1637545640625 0.6440859828125001 0.102179553125 0.5666359109375 0.08663996406249999 0.5724702546875 0.035390346875 0.59317644375 0.0330043 0.5946674109375001 0.09873688281250001 0.67672835625
0 0.160466315625 0.620059053125 0.086965703125 0.683702584375 0.11374466093749999 0.7464075921875 0.1165653609375 0.7524566 0.11711492812499999 0.752200334375 0.1904813828125 0.6847347921875 0.16594457499999998 0.6291248921875 0.1653955046875 0.6279474046875 0.160466315625 0.620059053125
0 0 0.47668442187500004 0.040822115625 0.4139700015625 0.037108803125 0.40921717968750004 0 0.3656343265625 0 0.47668442187500004