0 0.7614052140625 0.8662838328125 0.6973836046875 0.8503450421875 0.6960831875 0.855977765625 0.7043199484375 0.9653327624999999 0.729601728125 0.9718309625 0.7653886703125 0.980093028125 0.7729038140625 0.97983059375 0.7614052140625 0.8662838328125
0 0.7906521453125 0.7939297265625 0.67514846875 0.8215227359374999 0.6693770578125 0.888866425 0.78483735625 0.86185788125 0.7906521453125 0.7939297265625
0 0.756838334375 0.5271767359374999 0.658603115625 0.584187525 0.6730466515625 0.6553277734375 0.6740441015624999 0.6596482015625 0.6746358031249999 0.6596275390625 0.7765280171875 0.6015578484375 0.756838334375 0.5271767359374999
0 0.7329495390625 0.6220735671875001 0.65620931875 0.6304219359375 0.6563964296875 0.63578011875 0.7081967578125 0.7341680921875 0.783216653125 0.7209400593749999 0.7329495390625 0.6220735671875001
0 0.762286509375 0.6871027125 0.76223801875 0.68711570625 0.660529921875 0.75336818125 0.6806003703125 0.8282721125 0.6835410984375 0.8281694203125 0.7836084453125001 0.764980803125 0.762286509375 0.6871027125
0 0.6500971812499999 0.5089322078125 0.6710674125 0.58314298125 0.6748687 0.5830102375 0.7722945250000001 0.5250247703124999 0.7539400656249999 0.4514090515625 0.6500971812499999 0.5089322078125
0 0.7140210812500001 0.371005203125 0.63709371875 0.3964227109375 0.6371683734375 0.39856055156250003 0.6988257984375 0.49941246875 0.776747825 0.4730470234375 0.7140210812500001 0.371005203125
1 0.6973145109375001 0.033417946875 0.620320815625 0.050423867187500006 0.6205589875 0.0572442078125 0.671875990625 0.1811966890625 0.75286908125 0.161935259375 0.6973145109375001 0.033417946875
0 0.6378587015625 0.2622314578125 0.7612687703125001 0.1999588984375 0.740688184375 0.12588992968749999 0.7385028765625 0.1182688546875 0.73574776875 0.1190588703125 0.6113873484375 0.1797903125 0.6329637124999999 0.2603912546875 0.6335346796875 0.26238245625 0.6378587015625 0.2622314578125
1 0.7717551953124999 0.3127379515625 0.6247628921875 0.3219318828125 0.6228622140625 0.33271117031249997 0.61343188125 0.39740939218750004 0.6202538 0.39861228125000003 0.7584400609374999 0.39163424999999996 0.765790459375 0.3499480625 0.77180718125 0.31422667031249996 0.7717551953124999 0.3127379515625
1 0.6930973546875 0.34668248749999997 0.7418351249999999 0.3455946328125 0.7085249734375 0.20812715625 0.634339275 0.206584265625 0.6343392734375 0.20732068125 0.6592788625 0.34668248749999997 0.6930973546875 0.34668248749999997
0 0.6126089718750001 0.8178851249999999 0.5287565453124999 0.8143347359374999 0.528663171875 0.817008584375 0.5741457249999999 0.9670832062500001 0.625958740625 0.9688925578124999 0.6347374718750001 0.9690209453125 0.652593921875 0.968397384375 0.6126089718750001 0.8178851249999999
0 0.54592786875 0.8759681203125 0.5823856671875001 0.9967832921875001 0.59469115 0.9969980843749999 0.629792228125 0.995772328125 0.6302945296875 0.8753125578125 0.546246559375 0.870486709375 0.5460234109375001 0.8704945015625001 0.54592786875 0.8759681203125
0 0.5917612109375 0.48578985937499997 0.510801165625 0.49590496406250006 0.5111299171875 0.5053192 0.5631710703125 0.634993378125 0.6399690046875001 0.6282744296875 0.5917612109375 0.48578985937499997
0 0.583513003125 0.8808920078125 0.6631188390625 0.8578533640625 0.5749175296875 0.73164304375 0.5027801578125 0.7586989734375 0.502785878125 0.758862771875 0.5044537953125 0.764679496875 0.583513003125 0.8808920078125
0 0.52839763125 0.5603491 0.5275468046875 0.5651743828125 0.5481318843749999 0.7121057765625001 0.616665034375 0.72419001875 0.623534421875 0.7239501359375 0.6092755296875 0.5808705421875 0.52839763125 0.5603491
0 0.6437063625 0.6560172625 0.6432486859375001 0.6560332437499999 0.503821203125 0.714060853125 0.5107758421875 0.793552753125 0.5149803859375 0.7934059265625 0.6517825390625 0.7316703875 0.6437063625 0.6560172625
0 0.49410856093750005 0.5345025875 0.5069651625 0.5342781734375001 0.515320265625 0.5326557484375 0.6449289874999999 0.49880055 0.64488718125 0.49640552812500005 0.6392311015625001 0.4171966828125 0.49106734531249996 0.45793473437500004 0.4911608671875 0.46329259843750004 0.49410856093750005 0.5345025875
0 0.53282355625 0 0.48759461249999997 0.0104419234375 0.4878763859375 0.018510878124999998 0.5249429812499999 0.1285037859375 0.6011394859375 0.11091243749999999 0.61049296875 0.1086351140625 0.5695785171875001 0 0.53282355625 0
1 0.60740508125 0.079682053125 0.47940673437500003 0.11047232343749999 0.48108587187499996 0.1641240859375 0.48307646249999997 0.19259085781250002 0.4941837828125 0.19220298125 0.615532021875 0.1658825140625 0.60740508125 0.079682053125
1 0.6068338609375 0.375777609375 0.5790393890625001 0.2464086328125 0.4978587765625 0.2439483625 0.4977086671875 0.2525481265625 0.520216059375 0.3755230921875 0.6068338609375 0.375777609375
1 0.4783647875 0.20344015781250002 0.486905628125 0.28470083281249997 0.491149821875 0.28455262187499997 0.6159868140625 0.24894490781249998 0.609083284375 0.1632283953125 0.4783647875 0.20344015781250002
0 0.48817368125 0.375255259375 0.492369953125 0.451799421875 0.5033672 0.45141539062499997 0.6176236937499999 0.419091853125 0.6144944234375 0.33535987343749996 0.48817368125 0.375255259375
0 0.2779390734375 1 0.4028674671875 0.9319940499999999 0.40167045156250003 0.9271930921875 0.38127659375 0.8512544562500001 0.222606696875 0.9513173328125 0.2323991984375 1 0.2779390734375 1
0 0.22602067187500002 0.094362278125 0.24879362343750003 0.2799951 0.309546634375 0.2853616125 0.3191926875 0.285867140625 0.3382888828125 0.2852002859375 0.3212328 0.10035725468750001 0.22602067187500002 0.094362278125
0 0.32861365 0.762542165625 0.2498453703125 0.76003155 0.24970153125 0.7620885390625001 0.28613295 0.9452141578125 0.3349931234375 0.94976633125 0.35006045937499997 0.9508199421875 0.3598007015625 0.9504798046875 0.32861365 0.762542165625
0 0.1954738328125 0.429425375 0.3753793015625 0.4275712484375 0.3920957171875 0.3356579 0.1994385796875 0.342146125 0.19557646875 0.3640492421875 0.187573684375 0.428032365625 0.1954738328125 0.429425375
1 0.313852040625 0.009334828125 0.277905378125 0.007450942187499999 0.22235706562500002 0.0093907328125 0.235635096875 0.1867343890625 0.24476656718749998 0.1872129484375 0.33220352656249996 0.187331453125 0.313852040625 0.009334828125
0 0.3307419078125 0.66151930625 0.248777325 0.649530603125 0.24805136874999997 0.6541141109375 0.26489691249999997 0.8390973453124999 0.33716935625 0.851401190625 0.3442639203125 0.852524859375 0.35045555625 0.8523086421875 0.3307419078125 0.66151930625
0 0.34630446406250004 0.5663418109375 0.322167053125 0.3844096984375 0.31007802500000003 0.3835643515625 0.231634165625 0.37981221718749997 0.23145645468749998 0.3823536140625 0.25927129843749996 0.5588475609375 0.3300984671875 0.5666569109374999 0.332490746875 0.5668241968750001 0.34630446406250004 0.5663418109375
1 0.3491281859375 0.3778454515625 0.35083173749999996 0.377756171875 0.30966325625 0.19277019687500002 0.2142955265625 0.1982641125 0.214501040625 0.20414928125 0.258521634375 0.3763718390625 0.3491281859375 0.3778454515625
0 0.22588023281249997 0.74553141875 0.39015505781250004 0.6604225796875001 0.3683948390625 0.57011813125 0.19928102812499998 0.6548071671875 0.2059077109375 0.6859832625 0.22094490625000002 0.7458261328125 0.22519136093749997 0.74567784375 0.22588023281249997 0.74553141875
1 0.270062834375 0.6372706499999999 0.2781867421875 0.65571309375 0.3664349796875 0.6453958203125 0.372377384375 0.6443480140625 0.2920050109375 0.4744024171875 0.2103972953125 0.4895761671875 0.21060690312500002 0.495578546875 0.270062834375 0.6372706499999999
0 0.939504690625 0.1024617171875 0.95237378125 0.024957904687499997 0.8546996359374999 0.025369928125000003 0.8436453984375 0.088061628125 0.8440333484375 0.0991711015625 0.8489077249999999 0.1000305859375 0.939504690625 0.1024617171875
0 0.92342000625 0.08679413281250001 0.847007671875 0.09480174375 0.8470103984374999 0.0948797859375 0.8747379953125 0.189857903125 0.8763868546875001 0.1898003234375 0.9530320859374999 0.18174458437500002 0.92342000625 0.08679413281250001
0 0.17290227656249998 1 0.10149899062500001 0.8770722265625001 0.06785213125 0.8847586765625 0.0680803859375 0.8912950500000001 0.09518357656250001 1 0.17290227656249998 1
1 0.950080134375 0.247563009375 0.9525375234375 0.16879174218749998 0.8513749546874999 0.1925152546875 0.8501328625 0.2669142125 0.950080134375 0.247563009375
0 0.9359026968749999 0.25134138125 0.8658206125 0.23371715312500002 0.8646039468750001 0.2394411125 0.8655911625 0.3373065171875 0.9145111890625 0.34909029999999996 0.9351379140624999 0.35347464687499996 0.939449615625 0.353324078125 0.9359026968749999 0.25134138125
0 0.8592965093749999 0.3145035359375 0.859082346875 0.31654115781250003 0.871552628125 0.41133419218749995 0.947832528125 0.4249501515625 0.9502319109374999 0.4248663640625 0.9360019625 0.3225656046875 0.8592965093749999 0.3145035359375
0 0.1122533703125 0.7196340921875 0.0283482625 0.7384871171875 0.02844715625 0.7413190484375 0.1151210015625 0.9023899171875 0.2062760359375 0.88134511875 0.1122533703125 0.7196340921875
0 0.20459538125 0.7234303828125 0.204295528125 0.7212968078124999 0.18733532343749998 0.6346319078125 0.019146915625 0.7062309828125 0.0221553640625 0.7276372 0.0329039703125 0.796169334375 0.0394520625 0.7959406703125 0.20459538125 0.7234303828125
0 0.1699709546875 1 0.193021171875 0.9986352374999999 0.1346527296875 0.8089164500000001 0.043770878125 0.8090402640625 0.043866490625 0.8145178890624999 0.10414121406250001 1 0.1699709546875 1
0 0.09917519375 0.7167593265625001 0.195164028125 0.6968914296875 0.10491342031249999 0.53124056875 0.020124592187500002 0.547763440625 0.0202446546875 0.5512015765625 0.020867946875 0.553901346875 0.09917519375 0.7167593265625001
0 0 0.26170744375 0.010418121875 0.3107208578125 0.0134631140625 0.3106145234375 0.191674996875 0.2437197109375 0.169669075 0.147353628125 0 0.220713746875 0 0.26170744375
0 0 0.3744132765625 0.0008449156249999999 0.398608496875 0.0022314734375 0.39856007656250003 0.1883566015625 0.3508989046875 0.18774093593750002 0.333268525 0.18473954374999998 0.25616639375 0.183257 0.256218165625 0 0.300206259375 0 0.3744132765625
0 0.1601012984375 0.52437714375 0.1327648796875 0.3335054953125 0.0387321484375 0.3269300859375 0.033923978125 0.327097990625 0.03364823125 0.331041353125 0.0636867015625 0.5167597125000001 0.138490096875 0.5234300109375 0.1547213859375 0.5245650140625 0.1601012984375 0.52437714375
0 0.0005448015625000001 0.5243285984375 0.000962275 0.536283478125 0.022416290624999998 0.6160580546875 0.199525459375 0.528550165625 0.17581944375 0.433470528125 0.0005448015625000001 0.5243285984375
0 0 0.2000795453125 0.014521065625 0.1995724578125 0.18325070000000002 0.15882968125000002 0.17712281093749999 0.081427475 0.1739891703125 0.055906025000000005 0 0.10253553124999999 0 0.2000795453125
0 0.8719689671875 0.7276908078125001 0.969781509375 0.6789872421875 0.9556263406250001 0.6107705609375 0.8548624484375 0.657872646875 0.8611033109375 0.6932663390625 0.8678277953125001 0.7279268421875 0.8713224531250001 0.72780480625 0.8719689671875 0.7276908078125001
0 0.9314365828125 0.400459721875 0.8587524265625 0.400293184375 0.858707653125 0.4028582625 0.8830579406249999 0.4930103296875 0.8998799125 0.4936062953125 0.9344436484375 0.4942096078125 0.95105306875 0.49362959375 0.9314365828125 0.400459721875
0 0.9690742140624999 0.7641026015625 0.96778345 0.6898353687500001 0.8611115203124999 0.736970615625 0.8609676875 0.7631927796875 0.8620908390625001 0.795355634375 0.8720408265625 0.7950081734375 0.9690742140624999 0.7641026015625
0 0.9654083328124999 0.5496129437499999 0.8597686156250001 0.5676616921875001 0.8545525484375001 0.6387613437499999 0.8613364734375001 0.63959430625 0.9543886 0.624046596875 0.9654083328124999 0.5496129437499999
0 0.9471489765625 0.4640101890625 0.8562754625 0.502376103125 0.8595378046875 0.538747028125 0.8639698609375 0.574843228125 0.8684830765625 0.5746856218749999 0.9544057546875001 0.5353458984375 0.9471489765625 0.4640101890625
0 0.85720609375 0.8345604921875 0.9050311203125 0.9376937484375001 0.9756500328125 0.9352276828124999 0.9276096234375 0.8332843515624999 0.8571266671875 0.8322860515625001 0.85720609375 0.8345604921875
0 0.8745558109375 0.88091023125 0.8764762171875 0.88084316875 0.8800448765625 0.8798198734374999 0.970504584375 0.816622578125 0.969093996875 0.811703275 0.9473504343749999 0.74638871875 0.876239709375 0.8053600375000001 0.8566812968749999 0.8221498921875 0.8597066109375 0.83270041875 0.8745558109375 0.88091023125
0 0.8675039625000001 0.9874712515624999 0.905106275 0.98615815 0.9738738421875001 0.977714553125 0.9639289390625001 0.8945364171874999 0.865081384375 0.9493458562500001 0.8675039625000001 0.9874712515624999