0 0.513760471875 1 0.47863836875 0.9046308765625 0.4755808 0.9008550921875 0.42267892500000004 0.9459016218749999 0.44419912500000003 1 0.513760471875 1
0 0.46936987500000005 0.8384081328124999 0.4683633859375 0.8361475203125 0.40688638125 0.8621143078125 0.41633647187499995 0.9804915421875 0.47914311718749997 0.95397039375 0.46936987500000005 0.8384081328124999
1 0.3075885359375 0.7463452625 0.3818306796875 0.727596178125 0.3832210796875 0.6103408031249999 0.3829767375 0.609792 0.3786901546875 0.6110211578125 0.309467125 0.632878034375 0.3072544828125 0.7451802828125 0.3075885359375 0.7463452625
0 0.4167097609375 0.6893991640625 0.41448649687500005 0.6844056328125 0.34268203750000004 0.713112803125 0.3447138171875 0.824005715625 0.4171626375 0.8004656671875001 0.4167097609375 0.6893991640625
0 0.4854907625 0.8673478265625001 0.487600175 0.86640865625 0.461577396875 0.79083301875 0.3401791453125 0.7944979390625 0.36547946875 0.8692747015625001 0.4854907625 0.8673478265625001
1 0.2765154671875 0.655466740625 0.3916252015625 0.633058321875 0.375410625 0.5966397875 0.3597799640625 0.5645921828125 0.2445981484375 0.583329946875 0.24416027499999998 0.5835435125 0.2765154671875 0.655466740625
0 0.25259724375000003 0.5881335984375 0.3641033484375 0.5443892734375 0.3177391734375 0.476438246875 0.20584202343750002 0.5206506828124999 0.25259724375000003 0.5881335984375
1 0.1987399171875 0.15373225468750001 0.1967046234375 0.14916090937499998 0.11918674062500001 0.1664098328125 0.12315096406249999 0.30636445 0.20469586562500003 0.289592075 0.1987399171875 0.15373225468750001
1 0.24250818281250003 0.3644939203125 0.23792942187500002 0.2314728859375 0.237423353125 0.22909201875 0.235054671875 0.2237718734375 0.15433531250000002 0.241625059375 0.157360884375 0.3831679796875 0.2115084765625 0.37165855312499996 0.24250818281250003 0.3644939203125
1 0.21303315937499998 0.3995655453125 0.246761684375 0.54091345625 0.26652594375 0.532113840625 0.318428684375 0.5056680734375 0.28388113125 0.368221659375 0.28300433125 0.36650084375 0.21303315937499998 0.3995655453125
1 0.27238243125 0.44643953437499995 0.27518725625 0.30622803125 0.2743301453125 0.304302925 0.20206779218749998 0.3172938375 0.1906723953125 0.45827971874999995 0.23898029843750002 0.45172991093750003 0.27238243125 0.44643953437499995
1 0.640188075 0.9506005484375001 0.60989101875 0.7967397546874999 0.6085532796875001 0.7944227234375 0.5361827890625 0.8369238625 0.571748034375 0.989485065625 0.5952893359375 0.9765228468749999 0.640188075 0.9506005484375001
0 0.567402821875 1 0.5861134 0.9962819984375001 0.640679390625 0.9846836390625 0.7029510812499999 0.956958496875 0.696406221875 0.93657609375 0.5299244468750001 0.919689034375 0.550374840625 1 0.567402821875 1
0 0.49093285625 0.6554764140625 0.50570148125 0.5117463718749999 0.50478889375 0.50705151875 0.42232418593750004 0.519933296875 0.4152579515625 0.6701861250000001 0.49093285625 0.6554764140625
0 0.4685897546875 0.780802334375 0.5020690546875 0.856498571875 0.6463380703125 0.841913959375 0.648046340625 0.8411533890625 0.6267960109375 0.7809469499999999 0.6207004125 0.7672560125000001 0.46886444843749997 0.780680034375 0.4685897546875 0.780802334375
0 0.538606321875 0.5828696671875 0.536061859375 0.5771547109374999 0.4579352859375 0.6013948250000001 0.451114446875 0.7465073640625 0.525863459375 0.7292501953125 0.538606321875 0.5828696671875
0 0.6150494796875 0.7720364484375 0.6187494828125 0.7703890999999999 0.5930331390625 0.6997340234375 0.439640675 0.7016389046875 0.466858425 0.7782569796875001 0.6150494796875 0.7720364484375
0 0.4250327078125 0.6021555359375 0.4620331609375 0.5782045734375 0.49272126250000003 0.5559083625000001 0.4424987234375 0.43382246718750006 0.43604935312500004 0.42060565 0.4320926625 0.41515973281249996 0.368179625 0.4592991859375 0.42455616406249996 0.60149963125 0.4250327078125 0.6021555359375
0 0.24139364687499998 0.0678208265625 0.209641653125 0.08195772500000001 0.23326399531250003 0.1993583078125 0.3119678890625 0.1728019421875 0.2921028546875 0.0523174671875 0.24139364687499998 0.0678208265625
1 0.2579787734375 0.25667205000000004 0.3831065171875 0.20672052343749997 0.3805522984375 0.2009836515625 0.36845638125 0.1800329109375 0.3398467671875 0.1346146234375 0.21651362500000002 0.1806641 0.2579787734375 0.25667205000000004
0 0.336137209375 0.41274571250000003 0.4539381921875 0.3581279640625 0.4501391265625 0.3495951234375 0.40256862812499994 0.28870766406250004 0.285231046875 0.3475384078125 0.28436930625 0.3482116734375 0.336137209375 0.41274571250000003
1 0.295385359375 0.2135201625 0.29324545468749996 0.34678740625 0.293826015625 0.3480913671875 0.37493791249999997 0.3352445046875 0.37978135625 0.203093640625 0.37770025 0.1984193984375 0.295385359375 0.2135201625
0 0.3583074765625 0.38039548125 0.38220594375 0.5096860624999999 0.4090828703125 0.49771968437499997 0.45778599218749993 0.474113025 0.431107496875 0.350757809375 0.429536703125 0.34738923125 0.3583074765625 0.38039548125
0 0.776228578125 0.8423589234375 0.777341621875 0.8471800406250001 0.9395804296874999 0.8516043234374999 0.96310965625 0.8411284359375 0.9467277296875001 0.7825605343750001 0.7603863796875 0.7654808421875 0.7599722796874999 0.7656652125 0.776228578125 0.8423589234375
0 0.48809743125000005 0.19305196875 0.663116178125 0.150296190625 0.66914539375 0.1476118109375 0.6537958890625 0.1096204515625 0.6343644640625 0.06607501875 0.451431034375 0.10497890624999999 0.48809743125000005 0.19305196875
0 0.7647966375 0.8005185046875001 0.9362752109375 0.7327015218749999 0.9408364984375 0.7295076734375 0.9393311703125 0.72612665 0.9110299625 0.6857083359375 0.8994979171875 0.67002240625 0.721774084375 0.7338260203125 0.7647966375 0.8005185046875001
0 0.527300371875 0.27746968125000004 0.5627595390625 0.36389454374999997 0.7391191359375 0.328303703125 0.7449335968749999 0.3259545078125 0.746536928125 0.3252406578125 0.7254262812500001 0.264377534375 0.717094653125 0.24375602968750001 0.5273180953125001 0.277461790625 0.527300371875 0.27746968125000004
1 0.45628808281250005 0 0.5154515359375 0.14853419375000002 0.5481509890625 0.1314522734375 0.5961252953125 0.1048596828125 0.5577238921875 0 0.45628808281250005 0
0 0.798921140625 0.5242656984375 0.7984086953125 0.524493853125 0.7257307578125001 0.56931331875 0.7806700265625001 0.7513188734375 0.7839344859375 0.74986544375 0.82262895 0.7272347734375 0.8531823125000001 0.708876459375 0.8007944984375 0.5273834890625 0.798921140625 0.5242656984375
0 0.5784358015625 0.33581663906250003 0.5890610406250001 0.40494227968749996 0.592740715625 0.42581076093750003 0.774613275 0.4307557375 0.777437040625 0.429498515625 0.7756744109375 0.41950215156250004 0.7594456734375 0.345020315625 0.5790636921875 0.33570592499999996 0.5784358015625 0.33581663906250003
1 0.648500978125 0.29333740937499997 0.6464329765625 0.1143651640625 0.644482596875 0.1099845375 0.5515823625 0.1292282671875 0.5596945578125 0.318566184375 0.56136316875 0.3182115109375 0.648500978125 0.29333740937499997
1 0.8278753609375 0.613318234375 0.7604401015625 0.441236196875 0.75803639375 0.437927775 0.6823125390625 0.489877978125 0.749200921875 0.6677198343749999 0.799634175 0.6338366578125 0.8278753609375 0.613318234375
0 0.7205446484375 0.35611700625 0.6511198874999999 0.4037724359375 0.7139024234375 0.5792221625 0.7209601578125 0.57607985625 0.7890968875000001 0.5222074531249999 0.78180058125 0.50342220625 0.723025990625 0.35966072968749996 0.7205446484375 0.35611700625
0 0 0.3956418359375 0.0259986859375 0.38719435 0.012680296875 0.28901900625 0.0126544421875 0.2889609359375 0 0.293076896875 0 0.3956418359375
1 0 0.46413578125 0.0773373140625 0.4504402359375 0.0806467625 0.44896677343749997 0.0531588765625 0.380782753125 0 0.3880666203125 0 0.46413578125
0 0 0.5125361640625 0.0265094953125 0.5435273171875 0.1127348765625 0.5006833 0.11726030312499999 0.49701868125 0.115098703125 0.4921636484375 0.0711842234375 0.441851928125 0 0.47505789375 0 0.5125361640625
0 0.1325820875 0.600301334375 0.1381161171875 0.597837425 0.12383573125 0.5243712109375 0.02025509375 0.5190896406250001 0.04112260625 0.596317115625 0.1325820875 0.600301334375
0 1 0.5717031687499999 0.8786729828125001 0.55857694375 0.8973037937499999 0.6505213015625 1 0.6582162796875 1 0.5717031687499999
0 1 0.47362866875 0.8387170796874999 0.48756943281250004 0.8644288171875001 0.57205233125 0.8651657140625 0.5740769390625 1 0.5639507015625 1 0.47362866875
0 1 0.6559400359375 0.904805715625 0.675999028125 0.904581109375 0.676118453125 0.942498846875 0.7552178625 1 0.744043078125 1 0.6559400359375
0 0.8450181328124999 0.3706458921875 0.8949323609375 0.5516438859374999 0.9002967296875 0.549255515625 0.9780180250000001 0.500110809375 0.9212168843749999 0.3285637984375 0.9180388828125 0.32327471406249997 0.8450181328124999 0.3706458921875
0 0.6747346546874999 0.14703425781249999 0.8556246078124999 0.10050366875000001 0.8615957828124999 0.0978451296875 0.8300910140625 0.023624543749999997 0.826930384375 0.01652565625 0.6374875375 0.055473703124999996 0.6747346546874999 0.14703425781249999
0 0.698687453125 0.19187821875 0.7017508015625 0.20925133749999997 0.8932632921874999 0.2171546421875 0.8949880578125 0.21638672812499998 0.8780936859375 0.12057397968750001 0.687295590625 0.1155856546875 0.6856738874999999 0.1163076828125 0.698687453125 0.19187821875
0 0.8491207234375 0.14102750625 0.842401084375 0.1440192828125 0.7606943484375 0.18565094375 0.81014888125 0.3721750359375 0.817417809375 0.36893870156249997 0.82963368125 0.362714403125 0.8958842765625 0.3273463453125 0.8509688890625 0.14465472968749998 0.8491207234375 0.14102750625
0 0.9867636546874999 0.36399240312500003 0.966030946875 0.317425975 0.9468871515625 0.27976877031249997 0.7531605015625 0.3302267578125 0.79916419375 0.41674712031250005 0.9867636546874999 0.36399240312500003
0 0.66432188125 0 0.6777761875 0.09576682343750001 0.712406665625 0.08583669375 0.7761996484375 0.064524828125 0.765488965625 0 0.66432188125 0
0 0.16007483125 0.8726066671874999 0.262970428125 0.86550848125 0.270777915625 0.8620323640625 0.26237099375 0.83500315625 0.24977958125000002 0.7984350375 0.137558834375 0.8033936078125 0.16007483125 0.8726066671874999
0 0.1267154140625 0.5642135640625 0.07144227656249999 0.60153650625 0.0989717390625 0.6922322390625 0.10682143125000002 0.68873733125 0.133002278125 0.6722941921875 0.161333990625 0.6538953640625 0.13079960156249998 0.5705026609375 0.1267154140625 0.5642135640625
0 0.2641510171875 0.8307821796875 0.195865621875 0.8570003703125 0.20437218906250001 0.9692669296875 0.2046196890625 0.9698228249999999 0.21421484531249999 0.966330471875 0.261465496875 0.946937815625 0.26512522656250004 0.8329702875 0.2641510171875 0.8307821796875
0 0.214665796875 0.7042703453125 0.142454815625 0.7201751546875 0.132866365625 0.820016228125 0.132925240625 0.8203191140625 0.133233490625 0.8210114546874999 0.18365697187500002 0.8137490406250001 0.2054135734375 0.8095199859375001 0.2156827046875 0.7065543578125 0.214665796875 0.7042703453125
0 0.2043002546875 0.7078798234375 0.19294404375000002 0.6855920015625 0.17531028437500001 0.6536148609375 0.0790897546875 0.6725117671875 0.08218505781249999 0.6794639328125001 0.11239306093749998 0.7358218203125 0.20800743437500002 0.7199941453125 0.20938205937499998 0.7192937406250001 0.2043002546875 0.7078798234375
0 0.3271668640625 1 0.32797116875 0.9625999296875 0.3253449734375 0.956701396875 0.26259481406249996 0.9820541078125 0.2623197484375 1 0.3271668640625 1
0 0.2694127703125 1 0.33968361874999997 0.9743388312500001 0.34371630625 0.9710732234374999 0.34307420781250003 0.9696310468749999 0.312751171875 0.9306520921875 0.305843934375 0.9221223640625 0.280872246875 0.9285134156250001 0.1917783328125 0.9529393515625 0.22671225156250002 1 0.2694127703125 1