0 0.9025737093749999 0.183182825 0.830055875 0.101769253125 0.8284696468750001 0.10081615156249998 0.824101365625 0.09931203125 0.7916691140625 0.1554413609375 0.8671253609375 0.244676434375 0.86757376875 0.244830834375 0.9025737093749999 0.183182825
0 0.7859572375 0.1721096359375 0.7849928734375 0.171777578125 0.7616780921874999 0.23546310468749998 0.8549063546875001 0.3087367890625 0.87813635625 0.24526357187499997 0.7859572375 0.1721096359375
1 0.675216178125 0.5239377515625 0.7513587953124999 0.5317081375 0.792657040625 0.422296409375 0.789373828125 0.421165909375 0.7882786734375 0.42108932968749996 0.7157548125 0.41795240468749995 0.6753086953125 0.5226146890625001 0.675216178125 0.5239377515625
0 0.718152478125 0.3463694328125 0.7028804140625 0.3996294484375 0.79979078125 0.4644229578125 0.80079909375 0.46149460312499996 0.8169722500000001 0.386745384375 0.7265816703125 0.32815636875 0.7246176546875 0.327593196875 0.718152478125 0.3463694328125
0 0.8497136 0.31332528593750003 0.7510314859375 0.246082559375 0.7337816359375 0.2961797625 0.7263047796875 0.32063545625 0.8256387406249999 0.390397134375 0.8256867453125001 0.3904118125 0.8497136 0.31332528593750003
1 0.7694362078125 0.551720659375 0.686500740625 0.4716755453125 0.6833028421875 0.47057442031249996 0.6472375765625 0.53563788125 0.7286522296875 0.6192417609375 0.7290783249999999 0.61947795 0.7694362078125 0.551720659375
0 0.602548428125 0.6443492765625 0.60197058125 0.645391740625 0.6019295921875 0.6455107828125 0.672513946875 0.6867305609375001 0.7550856484375 0.5999602234375 0.684348090625 0.5579700234375 0.602548428125 0.6443492765625
1 0.5594408796875 1 0.6411193984375 0.8930820453124999 0.5671919109375 0.8547987625 0.48808257499999996 0.9617486218750001 0.4855146421875 0.9692064390624999 0.5473981390625 1 0.5594408796875 1
1 0.5813050921875 0.7746071234375 0.5182828984375 0.8836391203125 0.5133391421875 0.8979968312500001 0.5909693500000001 0.9255303296875 0.6634098390625 0.8038918171875 0.611391009375 0.7849585125 0.5813050921875 0.7746071234375
1 0.6971196265625 0.743276071875 0.7163367125 0.7055604203125 0.61105696875 0.6175615328124999 0.6033342187499999 0.6149023765625 0.5725986328125 0.6710257000000001 0.5676294453125 0.6807782796875 0.6797225078125 0.7767824703125 0.6971196265625 0.743276071875
1 0.602229625 0.6938696328125 0.5465796515625 0.8240494187499999 0.54641399375 0.824766959375 0.6190453921875 0.839951765625 0.6824252609375 0.7135007250000001 0.635181353125 0.7014771390625001 0.602229625 0.6938696328125
1 0.702470778125 0.2284606515625 0.7767369937499999 0.08796076875 0.7720787671875 0.0863568125 0.69358403125 0.0739244671875 0.62700433125 0.21117705468749998 0.626425778125 0.2148299015625 0.702470778125 0.2284606515625
0 0.8056475031250001 0.087778475 0.7735845890624999 0.0723055125 0.7169103609375 0.0458778859375 0.6597790078125 0.026205984375 0.65714535 0.0318538828125 0.6495689140625001 0.053612892187500004 0.772364284375 0.167290728125 0.8056475031250001 0.087778475
0 0.581651853125 0.538801921875 0.668018684375 0.41484449375 0.633487903125 0.402193259375 0.6306555921875 0.40121801718750005 0.587365765625 0.3871523 0.510196425 0.512136321875 0.5095141125 0.5142362671875 0.581651853125 0.538801921875
0 0.585307571875 0.2714460296875 0.583224328125 0.2774962078125 0.65826526875 0.3065136859375 0.75117915 0.192701175 0.6798359406250001 0.158581803125 0.585307571875 0.2714460296875
0 0.53015313125 0.4172282515625 0.528000275 0.42348059843749997 0.6035637109375 0.4551865140625 0.7020653203125 0.3484082125 0.6337115578125 0.31358023125 0.53015313125 0.4172282515625
0 0.55192474375 0.340454784375 0.55101799375 0.34223438281249996 0.5507370890625001 0.343050190625 0.621906665625 0.38000872812500003 0.7288811953125001 0.271516159375 0.660487840625 0.2366680046875 0.55192474375 0.340454784375
0 0.5982109828125 0.476430409375 0.5627978703125 0.4628365890625 0.4877611796875 0.571449496875 0.4820240375 0.5810017984375 0.478680203125 0.5907130015625001 0.549604834375 0.619903121875 0.6381593 0.495173865625 0.6384498437499999 0.49441697187500006 0.5982109828125 0.476430409375
0 0.43582548125000004 1 0.4801997421875 0.8881374484375 0.469833884375 0.884568196875 0.39532228125 0.86599036875 0.35506346093749996 0.9789046875 0.39995205 0.99436106875 0.4225685671875 1 0.43582548125000004 1
1 0.36447521875 0.898391846875 0.44158975 0.9349852656250001 0.5133329484375 0.8212259812499999 0.5136423109375 0.8203275281250001 0.48725834375000004 0.8085806296875001 0.43607879218749995 0.7881179359375 0.3660508953125 0.8938157500000001 0.36447521875 0.898391846875
0 0.4213065859375 0.7381408734375 0.49970959531250003 0.7679729421875 0.5693376875 0.65377710625 0.5693442828124999 0.6537579515624999 0.5661866125 0.6526086546875 0.49106376875 0.6263538125 0.4248668890625 0.7278010015625 0.4213065859375 0.7381408734375
1 0.5377057703125 0.78446108125 0.4371702453125 0.6998053109375 0.4325886296875 0.698227734375 0.4071984203125 0.7440328828125 0.392570446875 0.77200813125 0.49801691718749996 0.8571532984375001 0.5377057703125 0.78446108125
0 0.5931472234374999 0.5750390015625 0.514248128125 0.5478718640625 0.44883960156249997 0.6533798875 0.447073028125 0.6585103906249999 0.5208725390625 0.68412045 0.5931472234374999 0.5750390015625
0 0.41714516718750005 0 0.3480859703125 0.06771735625 0.3458875953125 0.07410189843750001 0.406852228125 0.107028584375 0.5310079890625 0 0.41714516718750005 0
0 0.29578838125 0.729090853125 0.13204822031250002 0.6492508390625 0.1298837828125 0.648630196875 0.1182175015625 0.6825115359375 0.1111417828125 0.7071875000000001 0.10235357187500001 0.739099078125 0.2740654828125 0.8165287765624999 0.29578838125 0.729090853125
0 0.3269892875 0.0824318609375 0.3227721609375 0.10069824218750001 0.4941455203125 0.185850784375 0.49430510781250003 0.18538730781249999 0.5092329531249999 0.1131591625 0.3477044734375 0.0263608015625 0.342521115625 0.025164129687499998 0.3269892875 0.0824318609375
0 0.2309049125 0.6430817171875 0.3672455359375 0.5064020765625 0.36726950468749997 0.506332465625 0.2890426765625 0.4555313703125 0.165929784375 0.5848556781250001 0.160961715625 0.5925058359375 0.2309049125 0.6430817171875
1 0.090907490625 0.7482252359375 0.0733267375 0.8248494953125001 0.07044059531249999 0.841217625 0.2482651515625 0.8965420078124999 0.26638843125 0.8068045328125001 0.0996824546875 0.7497724984375 0.090907490625 0.7482252359375
0 0.2946784796875 0.13163722656250001 0.2877979171875 0.2102824015625 0.468204765625 0.275586109375 0.46836315624999997 0.2751261125 0.4749013390625 0.188944575 0.30265522968749997 0.1289509984375 0.29580964375 0.1283520875 0.2946784796875 0.13163722656250001
0 0.362613065625 0.4806961671875 0.3644131859375 0.47781537187499995 0.40822091406250005 0.397693678125 0.39416465 0.3832526625 0.2833804109375 0.2733789203125 0.27985589375000003 0.2721653328125 0.24728464374999998 0.3232269875 0.2350863296875 0.3427483734375 0.3619505765625 0.4802821984375 0.362613065625 0.4806961671875
0 0.2070637546875 0.429282584375 0.196625453125 0.4595976140625 0.3559335078125 0.5536525 0.3577585890625 0.548352075 0.38138740625 0.4696331921875 0.23155958281250003 0.3761704375 0.2272214 0.37467668125000003 0.2070637546875 0.429282584375
1 0.3207719609375 0.65044929375 0.1797635328125 0.5467243109375 0.1716328875 0.54392470625 0.1464896671875 0.597122725 0.1315345859375 0.6291939984375 0.28757459375 0.7366245203124999 0.3207719609375 0.65044929375
1 0.350874303125 0.192633046875 0.259579828125 0.3533348203125 0.2585214046875 0.3572849109375 0.346548859375 0.383440078125 0.44266371718749997 0.21953853437499998 0.38459286718749996 0.201667909375 0.350874303125 0.192633046875
0 0.7938125984375 1 0.842005884375 0.945093396875 0.7761068984375 0.9054972906250001 0.713467521875 0.97428623125 0.7117674593750001 0.9792235703125 0.7455755984375 1 0.7938125984375 1
0 0.21857746875 0 0.2136603484375 0.0069832890625 0.21103028125 0.0146215578125 0.28959699687499996 0.0474700046875 0.2925001171875 0.048469628125000004 0.3091895484375 0 0.21857746875 0
1 0.7844085468750001 0.821021578125 0.7805233953124999 0.8196838140624999 0.74409018125 0.8875940359375001 0.8209714546875 0.9543263015625 0.857095253125 0.8892738703124999 0.7844085468750001 0.821021578125
0 0.8205775234375 0.7600391390625 0.763471890625 0.8386616015625 0.761381828125 0.844731584375 0.8307973328125 0.8706251765624999 0.8894711671875 0.785502546875 0.8765770328125001 0.7802929765625 0.8205775234375 0.7600391390625
0 0.8336496 0.6766736921875001 0.83057681875 0.674970421875 0.8290373375 0.6744403359375 0.7960479281249999 0.74557723125 0.8680987703125 0.8115866640625 0.9057295171874999 0.743698996875 0.8336496 0.6766736921875001
0 0.1154976703125 0.12409282656250001 0.114747028125 0.1262728515625 0.19186177499999998 0.17740146875 0.33185287343750003 0.0569269359375 0.259556196875 0.0081622125 0.1154976703125 0.12409282656250001
0 0.2776241015625 0.211387265625 0.28393479374999997 0.1984484296875 0.1510613125 0.08269949531250001 0.14893770312500001 0.08166374062500001 0.1449152484375 0.08027869843749999 0.10414230937499999 0.153615221875 0.10224730625 0.157500553125 0.24183461718750002 0.281890478125 0.2776241015625 0.211387265625
0 0.1898518921875 0 0.1467383375 0.042961946875000004 0.14506308750000002 0.0478272234375 0.218016959375 0.0923382296875 0.313643396875 0 0.1898518921875 0
0 0.161041815625 0.35930073125 0.24532264062500003 0.1908682234375 0.24365131875 0.19029274062499998 0.148832571875 0.1740952484375 0.076256690625 0.3395869046875 0.07507931875 0.3456439578125 0.161041815625 0.35930073125
0 0 0.67714515625 0.09667519375 0.732007334375 0.1282585296875 0.6483002171875001 0 0.5669604703125 0 0.67714515625
0 0 0.6252920093750001 0.057539940624999994 0.6451046 0.15505534062499998 0.4795406375 0.155262734375 0.47893832343750004 0.12369591718749999 0.4679275203125 0.0654710796875 0.44787910000000003 0 0.555293309375 0 0.6252920093750001
0 0 0.510908746875 0.074319784375 0.550425278125 0.1974187796875 0.40450130156249997 0.198219046875 0.40217715781249996 0.1798197046875 0.3923940546875 0.11284810781250001 0.3584110296875 0 0.48737281718750003 0 0.510908746875
0 0.14345460625 0.2610133796875 0.020047465625 0.4112457296875 0.0196413578125 0.412078375 0.0183063484375 0.41595552343750003 0.104860421875 0.458170765625 0.2272791171875 0.303125771875 0.173750503125 0.275789675 0.14345460625 0.2610133796875
0 0 0.8172689625 0.089955353125 0.6675749328125 0.05679318437500001 0.6534984265625 0 0.632234228125 0 0.8172689625
0 1 0.44097842343749993 0.901968671875 0.4032421890625 0.895652609375 0.40257834375 0.8916719125 0.43193266250000006 0.8876292546875 0.47039599374999996 0.991431375 0.5133285390625 1 0.44333620468749996 1 0.44097842343749993
0 0.9210349421874999 0.649151915625 0.8363840796875 0.616844321875 0.8318084671875001 0.6162012625 0.8310329078124999 0.6184536515625 0.8221751703125 0.6814797328125 0.8220556984374999 0.68245683125 0.9097153375 0.721696503125 0.9210349421874999 0.649151915625
0 1 0.3448585875 0.9838216140625 0.3370774203125 0.8957034140625 0.41143965156249995 0.89530356875 0.412600890625 0.960879953125 0.446007525 1 0.40502337656250004 1 0.3448585875
0 0.8489760546875 0.538880634375 0.9071046656249999 0.5823729421875 0.9887605859375 0.5155275859375 0.9888007921874999 0.515410815625 0.9406137156250001 0.482908221875 0.9266267312500001 0.4739705109375 0.8502945078125 0.5369259484375 0.8489760546875 0.538880634375
0 0.9078633734375 0.6685316718750001 0.9112808343750001 0.663062590625 0.9455020046874999 0.6040885109375 0.8800899937500001 0.5317235421875 0.879289834375 0.531448025 0.873763175 0.5402925296875 0.8426321203124999 0.5924976359375 0.9071238781250001 0.6682770421875001 0.9078633734375 0.6685316718750001
0 1 0.1810138203125 0.9988469312499999 0.17931214374999999 0.9970685234375001 0.1786997890625 0.9762348203125001 0.21078087656250002 0.9605910171875 0.23767199843750003 1 0.2966115734375 1 0.1810138203125
0 1 0.2816669984375 0.9719638968750001 0.24832695 0.9696158265625 0.2469160859375 0.9668702265625001 0.2459707 0.94012323125 0.288576915625 0.9344703234375 0.2979849328125 0.9490167671874999 0.319264778125 1 0.3911871921875 1 0.2816669984375
0 1 0.16215975 0.9709294312500001 0.2217632515625 0.9685666812499999 0.22862517656249998 1 0.24173266875000002 1 0.16215975