0 0.8569886234374999 0.75950511875 0.9664129593749999 0.7957095625 0.9668852156250001 0.7866984 0.966905553125 0.7280776343750001 0.861343434375 0.6901093734375 0.85648565 0.6900245796875 0.8569886234374999 0.75950511875
0 0.89408304375 0.7206977578125 0.7814160578125 0.6837289609375 0.781296115625 0.7513193984375001 0.8939553796874999 0.7888742171875001 0.89408304375 0.7206977578125
0 0.6387542046875 0.65876424375 0.5628873171875 0.6642997671875001 0.5410417734374999 0.7801425937500001 0.5457370906250001 0.779649096875 0.6177038718750001 0.7701447296875 0.6390535671875 0.6616124953125 0.6387542046875 0.65876424375
0 0.6815010390625 0.781910165625 0.7360856250000001 0.6824830078125 0.7362722609375 0.678921759375 0.712394921875 0.674280475 0.6596891765625 0.6676141125 0.6067030875 0.76747514375 0.6815010390625 0.781910165625
0 0.7847199218750001 0.780686371875 0.8039294531250001 0.66300483125 0.793376646875 0.6624517812499999 0.7259398375 0.6719294078125 0.7046946296875001 0.791439109375 0.704701615625 0.7914888203125 0.7847199218750001 0.780686371875
0 0.48012176562500003 0.6444701453125 0.477624290625 0.6443392578125 0.4526152875 0.717890859375 0.55330533125 0.7807699 0.5754873859375 0.7082156656249999 0.48012176562500003 0.6444701453125
0 0.49434721875000004 0.6897794328125 0.386461740625 0.6426909203125 0.384711134375 0.6425991734375 0.36956421875 0.7228110859375 0.479950365625 0.7706714078125 0.49242106249999995 0.7019406984375001 0.49434721875000004 0.6897794328125
1 0.037602075 0.6272332625 0.0333226515625 0.6273079593750001 0.033071203125 0.6321058875000001 0.035112040625 0.7077803546875 0.17325170781250002 0.730593565625 0.17234698906249998 0.6473465546875 0.037602075 0.6272332625
0 0.1478364984375 0.7556784015625 0.2242216734375 0.7470136640625 0.23586005625 0.6077000796875 0.2357474515625 0.606628721875 0.2263222875 0.6061347687499999 0.14937511718750002 0.615601315625 0.1396521390625 0.7536566859375 0.13995173125 0.756507125 0.1478364984375 0.7556784015625
1 0.2993689328125 0.619350846875 0.2968129015625 0.6192168921875 0.2773114796875 0.69351469375 0.40831226875000004 0.7590550109375 0.42633766875 0.680978428125 0.2993689328125 0.619350846875
1 0.3157618796875 0.6089525140625 0.2349814828125 0.6184725328125 0.2296233 0.7614626328125 0.3030029078125 0.749588971875 0.31639855 0.6134826531249999 0.3157618796875 0.6089525140625
0 0.8135278171874999 0.5987155937499999 0.9528810312499999 0.672375696875 0.954972503125 0.67248530625 0.9680640015625 0.5898288484374999 0.8316122796875 0.523637640625 0.8270282890624999 0.5233974031249999 0.8135278171874999 0.5987155937499999
0 0.991701615625 0.641580365625 0.9942025390625 0.5938599046874999 0.8821727140625001 0.551321709375 0.8719303296875 0.550784928125 0.8708980531250001 0.6336390093750001 0.991701615625 0.641580365625
0 0.63540608125 0.5659860203125 0.50533755625 0.50340901875 0.5005816750000001 0.5031597734375 0.48398994375 0.5761551109374999 0.6162961124999999 0.6490917375 0.6256131328125 0.61205821875 0.63540608125 0.5659860203125
0 0.74321413125 0.5190048890625001 0.73682410625 0.518670003125 0.729614803125 0.5988022843749999 0.864628946875 0.656745859375 0.8777617375 0.5787617921875 0.74321413125 0.5190048890625001
0 0.7043648140625 0.5125339578125 0.7045374578125 0.507590065625 0.6878410890625 0.5067150453125 0.6217391640625001 0.5092976421875 0.5769989953125 0.6495620093750001 0.6539206015625 0.6513149703125001 0.7043648140625 0.5125339578125
0 0.6494785640625 0.5905916921875 0.7883064890625 0.65123355625 0.7891332828125 0.6512768859375 0.7971249140625 0.5752416015625 0.662518696875 0.5116465328124999 0.6584179015625 0.51143161875 0.6494785640625 0.5905916921875
0 0.5478265906249999 0.62664193125 0.550965928125 0.5826780031250001 0.55162794375 0.5447512031249999 0.423901134375 0.5113875796875 0.4094643890625 0.508584196875 0.4027338875 0.508466715625 0.399521396875 0.586073721875 0.5470159703124999 0.6266277796875 0.5478265906249999 0.62664193125
0 0 0.5692403781250001 0.1099780140625 0.6020750406250001 0.1234793765625 0.5201161671875 0.011053171875 0.4821986046875 0.0075919703125 0.48201720937500003 0 0.521074509375 0 0.5692403781250001
1 0.210543671875 0.5291360890625 0.092196340625 0.47080469375 0.087940090625 0.47058163437499995 0.06543429218749999 0.550154659375 0.1821817015625 0.6109959328125 0.20520707656249998 0.5455604390625 0.210543671875 0.5291360890625
0 0.321116828125 0.6169339390624999 0.37789685781250004 0.5011617921875 0.378063540625 0.49798129218750004 0.294684065625 0.4787316234375 0.240519025 0.59829463125 0.24027302499999997 0.599360165625 0.321116828125 0.6169339390624999
1 0.2859513609375 0.602865271875 0.291250059375 0.542300875 0.2924068171875 0.52022860625 0.17395715625 0.4860421078125 0.1610254765625 0.48536438593750003 0.155807946875 0.5681883 0.2859513609375 0.602865271875
0 0.3218372421875 0.5064461046875001 0.3360474171875 0.5882061296875001 0.46519993125000003 0.5967762390625 0.4653440203125 0.5940268515625 0.45558991249999997 0.5314676828125 0.45352180000000003 0.5184101375 0.32489216875000004 0.505962253125 0.3218372421875 0.5064461046875001
0 1 0.3088033453125 0.8616123468750001 0.2435739046875 0.857290121875 0.2433473859375 0.8466679687499999 0.3186181828125 0.8459550140625 0.3244247328125 1 0.3852975515625 1 0.3088033453125
0 0.1030276421875 0.302099665625 0.2846057234375 0.34067524531250004 0.2871694921875 0.2917556265625 0.288295403125 0.2455926125 0.1029824703125 0.2120092765625 0.10295213437499999 0.21200821718750001 0.1030276421875 0.302099665625
0 0.9523020531249999 0.3230123140625 0.7917299484375 0.224914 0.7893487 0.224140284375 0.7879819312499999 0.2240686546875 0.7670373265625 0.2939814203125 0.9249500296875001 0.3975200109375 0.9521209671875001 0.3235696375 0.9523020531249999 0.3230123140625
0 0.43149688125 0.185809153125 0.4310825453125 0.18345933125 0.42639234843749996 0.183213528125 0.33973003749999997 0.1984944328125 0.3377973265625 0.386024959375 0.4251219328125 0.37510270156250003 0.43149688125 0.185809153125
1 0.0274150390625 0.20142012031249998 0.0192893171875 0.2009942703125 0.011778034375 0.26216876093749997 0.0100016171875 0.2960648203125 0.18387307656250002 0.340325440625 0.18927377031249998 0.3038305265625 0.19595849999999998 0.24938776406250002 0.0274150390625 0.20142012031249998
0 0.7587039437499999 0.3987631328125 0.8302392046874999 0.22940929687499997 0.8306667171875001 0.22125187968749999 0.75683091875 0.2108749359375 0.7476548546874999 0.2096931953125 0.675657953125 0.38608715 0.7587039437499999 0.3987631328125
0 0.40504693437499995 0.37227575625 0.4745671890625 0.379903596875 0.49567696406249995 0.3817504625 0.546438071875 0.21101263750000002 0.5467909140625 0.2042800078125 0.5369300406249999 0.20341729375 0.4607858046875 0.1998157328125 0.405102503125 0.3716406046875 0.40504693437499995 0.37227575625
1 0.20197866874999998 0.3204657421875 0.389885659375 0.3321122296875 0.39019593750000003 0.32619177499999996 0.375319559375 0.2412321328125 0.1967260015625 0.2245450859375 0.192444440625 0.2249950953125 0.20197866874999998 0.3204657421875
0 0.7538854890625 0.2703185265625 0.573513696875 0.22999783593749998 0.5694267546875 0.23014055625 0.57015118125 0.321968659375 0.7549922718750001 0.36596358125 0.7551037625 0.3052052890625 0.7538854890625 0.2703185265625
1 0.624262834375 0.19228161562499999 0.5316057359374999 0.210849665625 0.52957846875 0.23089989531250002 0.516333121875 0.389846034375 0.5163659421875 0.39007956250000003 0.600775771875 0.37901628593750003 0.624508653125 0.19403070312499998 0.624262834375 0.19228161562499999
0 0 0.9236344593749999 0.07304541718749999 0.9453718796875 0.1105754265625 0.8628781296874999 0.11198369687500001 0.8579669078125001 0.11209926562500001 0.8557617109375 0.040931865625 0.8353547859375 0 0.918386746875 0 0.9236344593749999
0 0.09671531718750001 0.839123075 0.09303392031249999 0.8385399984375 0.0920884484375 0.8384904484375 0.079195196875 0.9149442062500001 0.17234321875 0.9475175765625 0.18436989374999999 0.8715841375 0.09671531718750001 0.839123075
0 1 0.1137155671875 0.8805279703125001 0.102947028125 0.8773590515624999 0.10356300468749999 0.8883706296874999 0.1893984328125 0.8889564906249999 0.1924124203125 1 0.17082774843749998 1 0.1137155671875
1 0.27278169375 0.8648430687499999 0.27292665 0.8620771546875 0.198552275 0.8404508890625 0.1492627859375 0.929526540625 0.2204042265625 0.9513357859375 0.27278169375 0.8648430687499999
0 0.3346916984375 0.8496401015625 0.2657883125 0.84857694375 0.2354961828125 0.9477080078125001 0.24184452968749998 0.9480407109375 0.311454621875 0.9498108500000001 0.3354194734375 0.8638506984375001 0.33616018593749997 0.8497170625000001 0.3346916984375 0.8496401015625
0 0.41968731718749996 0.8681047953125001 0.42001873749999996 0.861780925 0.3461667796875 0.847425559375 0.302467803125 0.9414853437499999 0.3818889765625 0.9510672437500001 0.41968731718749996 0.8681047953125001
0 0.8918709609375 0.0386266453125 0.8054860156249999 0.0340994015625 0.7414679953125 0.2083322375 0.8351884140625 0.21249819531249997 0.8917258265625 0.0413959890625 0.8918709609375 0.0386266453125
0 0.8167433828125 0.175127253125 0.81233205625 0.11086967343750001 0.8091769781249999 0.08517362656250001 0.62553266875 0.057055460937500004 0.6354358906249999 0.149932059375 0.81493175625 0.17534969375 0.8167433828125 0.175127253125
0 0.829690125 0.21003115781249998 0.9163659359375 0.22281243593750003 0.9952192984374999 0.037065534375 0.9953150203125001 0.0352390625 0.9308842671875001 0.028467117187500002 0.9041957999999999 0.026095537499999998 0.8297177265625001 0.20950449531249998 0.829690125 0.21003115781249998
0 0.6513688453124999 0.197146746875 0.6951826546875 0.01580149375 0.681406159375 0.0150794984375 0.6606652703125 0.015803785937500002 0.5978103531250001 0.0194345515625 0.563140875 0.203274346875 0.6513688453124999 0.197146746875
0 0.2097426203125 0 0.164246109375 0.174983465625 0.25327534375 0.183825628125 0.3082956484375 0.0080652953125 0.3087183328125 0 0.2097426203125 0
0 0.2368917125 0.027049959374999998 0.23679031718750002 0.028984685937499997 0.2375920953125 0.0468852 0.2416634421875 0.1245711078125 0.4317015859375 0.1529644609375 0.43213311093750006 0.1529418453125 0.4322397640625 0.150906790625 0.43072163437500005 0.11953815937500001 0.427498796875 0.05804276093750001 0.238898196875 0.0269448046875 0.2368917125 0.027049959374999998
0 0.4284225109375 0 0.3901406015625 0.005380171875 0.3761806765625 0.197757546875 0.4719016265625 0.1824329890625 0.4884644296875 0 0.4284225109375 0
0 0.44244778125 0.142283309375 0.640535475 0.147128325 0.6406967109374999 0.1440517703125 0.6209866015625 0.051322995312499994 0.426409990625 0.050326185937500004 0.42472976874999996 0.050683328125 0.44244778125 0.142283309375
0 0.05502288749999999 0 0.050275859374999995 0.020561640625 0.036090803125 0.0968992921875 0.21597931250000002 0.160867078125 0.2342275015625 0.0900315671875 0.239767184375 0.066036571875 0.0677615375 0 0.05502288749999999 0
0 0.714262590625 0.8672030375 0.7143995453125 0.86328116875 0.668704821875 0.8608864109375001 0.6427431296874999 0.8599798078124999 0.6101230625 0.9663184156250001 0.67964588125 0.9708419015624999 0.714262590625 0.8672030375
0 0.46763618281249997 0.9454507187500001 0.47932975781250003 0.8517696125 0.47920072343750003 0.8509549218749999 0.47531536250000006 0.8507512984375 0.458761346875 0.8531165062499999 0.40679247343749997 0.8613475671874999 0.40026396562500005 0.9573654421875 0.46763618281249997 0.9454507187500001
0 0.68614719375 0.93270525625 0.7965421078125 0.9619537749999999 0.796690734375 0.959117828125 0.78807495 0.8889479 0.6804724281250001 0.8725459875 0.6763630984375 0.87305055 0.68614719375 0.93270525625
0 0.539242490625 0.8556662218750001 0.5371849640625 0.9303229953125 0.631740675 0.96378036875 0.6327778937499999 0.963834728125 0.6347237671875 0.9446917218750001 0.63757430625 0.8903002125 0.5410920484374999 0.855763153125 0.539242490625 0.8556662218750001
0 0.45889029375 0.8622401249999999 0.4689432796875 0.9320768640624999 0.5640431046875001 0.9498754953124999 0.5645475046875 0.940250975 0.558609546875 0.8918901859374999 0.5561825671875 0.876346546875 0.4628661796875 0.861751946875 0.45889029375 0.8622401249999999
0 0.843899571875 0.8544215359375 0.8405903390624999 0.85424810625 0.8247753046874999 0.9217366015625 0.9122894390624999 0.9931927625 0.931767040625 0.9252662921875 0.843899571875 0.8544215359375
0 0.861659078125 0.91495195625 0.840620459375 0.90248776875 0.7624870406250001 0.85797810625 0.7601875625 0.857857596875 0.749539621875 0.9298533671874999 0.85326830625 0.9780886046875 0.855003975 0.97827103125 0.861659078125 0.91495195625
0 0.8952697687500001 0.9784680765625 0.9757714703125 0.975400846875 0.977699284375 0.93861596875 0.975272771875 0.869129734375 0.970165434375 0.8688620703125001 0.9339412484375 0.8722634140625001 0.8952697687500001 0.9784680765625