0 0.741070815625 0.9457878031250001 0.8339585359375 0.897829559375 0.823337340625 0.8274776156250001 0.7204785234375 0.8839837953125 0.7305245796875 0.9472699796875 0.741070815625 0.9457878031250001
0 0.6987465828125 0.780225809375 0.7674530734375 0.8742185484375 0.8322532890625001 0.853029446875 0.7617229078125 0.757489196875 0.6984575921875 0.7781695359375 0.6987465828125 0.780225809375
1 0.732718071875 0.51057410625 0.6588635546875 0.5301243906249999 0.659057678125 0.53150565625 0.7153477484375 0.6284990078125 0.786487996875 0.6140554703125 0.7910881734374999 0.6129934359375 0.732718071875 0.51057410625
0 0.6838834296875 0.62663845625 0.6762814015624999 0.6989669187499999 0.6766414796875 0.701529009375 0.679084565625 0.7017857875 0.7848410828125 0.68132390625 0.798394746875 0.60278591875 0.6838834296875 0.62663845625
0 0.6854824625 0.78688991875 0.6857406390625 0.7869170546875 0.80400791875 0.7616056 0.811622790625 0.6852196921875 0.8113326000000001 0.6831548828125 0.692727434375 0.7067917031250001 0.684810959375 0.7821119296875 0.6854824625 0.78688991875
0 0.738687271875 0.440090021875 0.6674796828125 0.4338601640625 0.6632779203125 0.43445068437499995 0.6836878890625 0.5503906546875 0.7621919203124999 0.5548085031250001 0.7623037312500001 0.5535304984375 0.738687271875 0.440090021875
0 0.6465982984374999 0.47354674531249996 0.7601352421875001 0.4353820984375 0.7525746359375 0.3536335109375 0.6384372390624999 0.391690921875 0.6465982984374999 0.47354674531249996
1 0.5819589484375001 0.039054823437500004 0.6258433203125 0.1630504625 0.707733478125 0.14805428125 0.6589811203125 0.01680559375 0.58066505 0.029848246875 0.5819589484375001 0.039054823437500004
1 0.583476665625 0.1284431171875 0.6437480156250001 0.2478872359375 0.7256470109375 0.22440307812500002 0.66404943125 0.098269059375 0.582311128125 0.1201498875 0.583476665625 0.1284431171875
1 0.6040740421875 0.2862280953125 0.669934621875 0.41066526875 0.747334565625 0.389926015625 0.6772623140625 0.261292353125 0.6036737453125001 0.2833798375 0.6040740421875 0.2862280953125
1 0.6182436703125 0.324018521875 0.735728328125 0.2599080078125 0.7179863953125001 0.1877223140625 0.588456921875 0.24852522968750002 0.6108073734375 0.32506362499999997 0.6182436703125 0.324018521875
0 0.5493514375 0.82869966875 0.638678675 0.9569365968750001 0.6885149015625001 0.9426462890625 0.7141492656249999 0.934729696875 0.714134921875 0.9346276296875 0.6291546546875 0.80315499375 0.548905134375 0.8255240625000001 0.5493514375 0.82869966875
0 0.558786 0.9744192578125 0.5611972171875 0.99157595625 0.682067784375 0.9788719484374999 0.70271099375 0.9764246140624999 0.7174005625000001 0.9743601296875 0.7127025359375 0.9019816296875 0.7108896859375 0.8890825234375 0.5587229390624999 0.956170615625 0.558786 0.9744192578125
0 0.512099515625 0.6177123250000001 0.6549613812499999 0.5721396796875 0.6541563984375001 0.5606278953125 0.646336909375 0.48771924218749996 0.6459099046875 0.4877491 0.5055675140625 0.5412472015625001 0.507678134375 0.5714304875 0.5112108109375 0.61345014375 0.511812640625 0.6177323859375 0.512099515625 0.6177123250000001
0 0.5453162609375 0.726913253125 0.5456707828125 0.731983165625 0.6036108062500001 0.8688295406250001 0.6818121968749999 0.8570597609374999 0.6262337687499999 0.721054925 0.5453162609375 0.726913253125
0 0.5168020546875 0.617307428125 0.514227021875 0.691046728125 0.514384728125 0.692168865625 0.520563915625 0.692384646875 0.655799715625 0.659439871875 0.66504286875 0.5748694140625 0.5168020546875 0.617307428125
0 0.5248785953125 0.665793371875 0.5984899265625 0.7902814921875 0.677881478125 0.7719525078125 0.5954367015625001 0.6414798890625 0.523982753125 0.6594191328125001 0.5248785953125 0.665793371875
0 0.48947460937500004 0.4237945609375 0.49637639218749996 0.4367808609375 0.565625890625 0.5491720359375 0.601701915625 0.537450225 0.642826975 0.5215942515624999 0.642576440625 0.5208231875 0.5606711609375 0.3916302859375 0.4883433859375 0.4170588796875 0.48914932499999997 0.422793440625 0.48947460937500004 0.4237945609375
0 0.46817570000000003 0 0.444458221875 0.0037564796875 0.4445902796875 0.0046961171874999996 0.479278553125 0.1207779578125 0.5616586890625 0.1101451453125 0.5329201078125 0 0.46817570000000003 0
1 0.582273575 0.090203953125 0.44619325937500004 0.09314449999999999 0.4438081328125 0.1125698015625 0.437381759375 0.17794535312499998 0.43748319999999996 0.1786671328125 0.441345734375 0.1791413921875 0.568768134375 0.173520878125 0.582273575 0.090203953125
0 0.46047419375 0.30229708125 0.492336865625 0.381159959375 0.49614576093749996 0.380624653125 0.601110003125 0.3067848078125 0.5711058375 0.22968547031250003 0.570091903125 0.23009512656250003 0.46047419375 0.30229708125
1 0.47793082656249997 0.29324682812499997 0.5908113296875 0.22828539062500003 0.563376165625 0.1467851390625 0.44626867031249995 0.21742610624999997 0.47406300625000003 0.2937904140625 0.47793082656249997 0.29324682812499997
0 0.4796216140625 0.3612855265625 0.4771222953125 0.4382599046875 0.47785675781250003 0.4434858734375 0.4829580765625 0.4435749171875 0.6056984062499999 0.4140453125 0.6068922734375 0.3347056859375 0.4796216140625 0.3612855265625
0 0.3432719265625 1 0.4432103703125 0.9417480328125001 0.431524209375 0.8709525734374999 0.42945779531249995 0.8712429890625 0.2633243625 0.9542989328125 0.2730384234375 1 0.3432719265625 1
0 0.33932683125 0.1481479703125 0.1578530125 0.1933741265625 0.159477225 0.2410306796875 0.16143495937500002 0.269027578125 0.1632804234375 0.28215873125 0.1683347125 0.2818053015625 0.34497998281250003 0.2433810078125 0.33932683125 0.1481479703125
0 0.2533297671875 0.8106228453125001 0.2533980734375 0.811108871875 0.25396715468750003 0.812591378125 0.3643774640625 0.9631629703125 0.4105836515625 0.9466394375 0.433716778125 0.9377594625000001 0.433637346875 0.9371942750000001 0.3256775328125 0.7796528 0.2533297671875 0.8106228453125001
0 0.374507575 0.34613111875 0.184077190625 0.3760499828125 0.1829131859375 0.3982605078125 0.1827676328125 0.46274200624999995 0.1907786625 0.463161846875 0.3691171796875 0.43939657812500005 0.374507575 0.34613111875
1 0.3087381703125 0.042976604687499996 0.1385694703125 0.1113370953125 0.154368190625 0.17976886406249998 0.159355565625 0.1991683703125 0.16014323125000002 0.1990576703125 0.170591715625 0.1966454484375 0.33522065 0.13580664375 0.3087381703125 0.042976604687499996
0 0.27443795937500004 0.67055196875 0.2727860484375 0.6707841296875 0.2723885390625 0.6740215734375 0.29834973124999997 0.8611316953125 0.333728615625 0.865475678125 0.3788179171875 0.8704706812499999 0.3818102296875 0.8700501390625 0.35801707656250004 0.681795203125 0.27443795937500004 0.67055196875
0 0.37814398437499996 0.4851310609375 0.36448608125000004 0.4165401609375 0.363858190625 0.41665087500000003 0.1975402828125 0.48709780937499997 0.20776454531250002 0.5626383953125 0.2094834078125 0.57238655625 0.216159665625 0.57144826875 0.3818236609375 0.505999540625 0.37814398437499996 0.4851310609375
1 0.3225353109375 0.21568134218749999 0.3222765546875 0.21579117656250002 0.1708208453125 0.3192544546875 0.2009218578125 0.40633711093749997 0.20140905 0.406268640625 0.3608414203125 0.3045164 0.3225854171875 0.2156743 0.3225353109375 0.21568134218749999
0 0.41071240624999994 0.619355203125 0.22324010312499998 0.6443721874999999 0.2193558125 0.676007203125 0.214027825 0.7382210234375 0.21885321875 0.7388135078125 0.4018868453125 0.7118241703125 0.41071240624999994 0.619355203125
1 0.3896224703125 0.6046238140625 0.3873449328125 0.51952253125 0.3871091453125 0.5195266468749999 0.23219192500000002 0.5574735765625001 0.21270568124999997 0.5626124328125 0.20903918593749998 0.6526573515625 0.209652265625 0.6570196375 0.21062700625000003 0.6570026234374999 0.3896224703125 0.6046238140625
0 0.7939728609375 0 0.8381118843750001 0.0788427109375 0.909580678125 0.05423403125 0.88139289375 0 0.7939728609375 0
0 0.8295422968749999 0.15704900156249998 0.9154489078125 0.1146389421875 0.8930401328125 0.0393375359375 0.80576060625 0.08442651718750001 0.8266993390625 0.157448553125 0.8295422968749999 0.15704900156249998
0 0.2307151109375 1 0.1936229671875 0.8980901703124999 0.190737734375 0.899140309375 0.11149102968749999 0.933910059375 0.11259515 0.936943603125 0.15866168593750002 1 0.2307151109375 1
1 0.8465027015625 0.2297441203125 0.8918591156250001 0.2256058671875 0.9244149921875 0.2210304375 0.8891110046874999 0.12506604062499999 0.8156369546875 0.1328449265625 0.815966071875 0.1355253671875 0.8465027015625 0.2297441203125
0 0.835090734375 0.2987756328125 0.8370860765625 0.3090407828125 0.8447562906250001 0.3079628046875 0.9313186765625 0.2676129546875 0.91995515625 0.1949141015625 0.8247144499999999 0.23648010312499998 0.835090734375 0.2987756328125
0 0.860249121875 0.3729820875 0.937534409375 0.3785500375 0.9399118890624999 0.378215903125 0.9150665531250001 0.27796299375 0.837938584375 0.27796299375 0.8379385859375 0.2800118390625 0.860249121875 0.3729820875
0 0.06912140156249999 0.9257445015625001 0.24185101250000002 0.865305746875 0.23605004218749998 0.7716723078125 0.061690418749999996 0.8392135484375001 0.0663745328125 0.9061995156249999 0.06912140156249999 0.9257445015625001
0 0.13187705624999999 0.662823728125 0.0471031765625 0.6904875109375 0.04756026875 0.69373989375 0.13687518125 0.848065528125 0.22712777812499998 0.82388241875 0.2274683328125 0.8237853218750001 0.13187705624999999 0.662823728125
0 0.263425003125 1 0.1435153703125 0.847078615625 0.05946290625 0.879474784375 0.0599244328125 0.8827587187500001 0.060766490625 0.8848428859374999 0.15402625781249998 1 0.263425003125 1
0 0.0326749765625 0.5990525625 0.12771169843750002 0.7536375953125 0.2135150140625 0.7322013453125 0.12373275937499999 0.56807276875 0.03171241875 0.5922036015625001 0.0326749765625 0.5990525625
0 0 0.2554124078125 0.0713459484375 0.3723771 0.155416753125 0.341777828125 0.0628647390625 0.17184526875 0 0.19580491875 0 0.2554124078125
0 0.04647399375 0.27521684999999996 0.0124999 0.274166534375 0.012417965625000001 0.2765128171875 0.043835184375 0.46430244218750005 0.1220577890625 0.46703403593750004 0.13668904531249998 0.4674336796875 0.1417435 0.466723321875 0.1071100671875 0.277334309375 0.04647399375 0.27521684999999996
0 0 0.49771322968750004 0.0107431625 0.5529820078125 0.0192251109375 0.5517899484375001 0.186141671875 0.47681818593749997 0.16946763125 0.3813230640625 0 0.4537834328125 0 0.49771322968750004
0 0.0180463609375 0.494964553125 0.09592718125000001 0.6675034609375 0.19175255625 0.64713515 0.10640528281249999 0.46740323906250003 0.0170831890625 0.488111228125 0.0180463609375 0.494964553125
0 0 0.193419890625 0.04217619375 0.277734840625 0.10631260000000001 0.257479928125 0.1401660296875 0.24515828750000002 0.0476932515625 0.071263096875 0 0.089998128125 0 0.193419890625
0 0.9342159890625 0.5686487828125 0.87002418125 0.5843239875 0.8715141796875001 0.594925878125 0.9171116578125 0.6842088515625 0.9538784109374999 0.6763938390625001 0.9883367359375 0.6684514578125 0.9342159890625 0.5686487828125
0 0.8486930875 0.3633078609375 0.8777282 0.4520619828125 0.8945583062500001 0.4517767375 0.9306944140625 0.4505148359375 0.9454804187500001 0.44843679999999997 0.921196815625 0.3571062703125 0.8486035546874999 0.3607439546875 0.8486930875 0.3633078609375
0 0.8839925734375 0.6762252109375 0.8774661734375 0.7383197484374999 0.8783850875000001 0.744858159375 0.9876520203125001 0.7138578671875 0.9965634796874999 0.6528783984375 0.8845160562500001 0.671964425 0.8839925734375 0.6762252109375
0 0.8678285046875001 0.5241482953125 0.860132475 0.5925300265625 0.8607843468749999 0.5971683359375 0.865772559375 0.597604746875 0.9643586515625 0.5771966609375 0.967166684375 0.5039635359375 0.8678285046875001 0.5241482953125
0 0.9169244437499999 0.42758850156249995 0.8480910500000001 0.4394886765625 0.848851021875 0.4448961640625 0.8908801875 0.5277796109375 0.90641304375 0.52528455625 0.9640799015624999 0.514075253125 0.9169244437499999 0.42758850156249995
0 1 0.7755234468750001 0.9007853125 0.8325240468749999 0.9050204374999999 0.8670163656250001 0.9099726374999999 0.9022531078125 0.9101253046875 0.9022343625 1 0.8498588625 1 0.7755234468750001
0 0.9566823203125001 0.8241069046874999 0.9960571203124999 0.8238231640624999 0.9619464875 0.73796970625 0.951932225 0.713964359375 0.8889469109375 0.7129963 0.8888757093749999 0.715035225 0.92172365 0.8228861203125 0.9566823203125001 0.8241069046874999
0 1 0.8458892140625001 0.9556646421874999 0.8550103921875 0.9002547921874999 0.8667881187500001 0.901675921875 0.8768999859375001 0.916221715625 0.9464176390624999 0.9241768609375001 0.945299615625 1 0.894141453125 1 0.8458892140625001