0 0.3387305296875 1 0.37309198125 0.9136207546874999 0.3207575234375 0.8690573859375 0.317519475 0.8718721796875 0.3171325375 0.8723500062499999 0.278363890625 0.9776208093750001 0.305053171875 1 0.3387305296875 1
0 0.3037287140625 0.9077334015625 0.41807620625 0.9374425375 0.4547880078125 0.8806911 0.34016287031250003 0.8503329031250001 0.30333333906250004 0.9072785765625 0.3037287140625 0.9077334015625
1 0.5405145625000001 0.671534465625 0.48770738125 0.7240235046875 0.49251007343750003 0.7295483703125 0.5844338718750001 0.7823455859374999 0.6388213656249999 0.73426699375 0.6422742203125 0.73104715625 0.5405145625000001 0.671534465625
0 0.552691403125 0.75126430625 0.4974073109375 0.703076071875 0.49254846093750004 0.7072998046875 0.449196159375 0.804444003125 0.4866030640625 0.841579459375 0.5064959015625 0.8588720390625 0.552691403125 0.75126430625
0 0.37664338750000004 0.8458649296875 0.4142956328125 0.9110805281250001 0.41667829687499996 0.9138214703124999 0.4991924375 0.8244931062499999 0.4592817 0.7562257125 0.45481011093749996 0.7588073843750001 0.37664338750000004 0.8458649296875
1 0.6691969531249999 0.639899615625 0.6080234703125 0.59863758125 0.6049879812500001 0.601276290625 0.567618603125 0.70970649375 0.6341379578125 0.751629940625 0.6348553406249999 0.7505663796875 0.6691969531249999 0.639899615625
0 0.6019044484375 0.6307533640625 0.7126301265625 0.676437075 0.7605559656249999 0.609780428125 0.6494474718750001 0.5636218515625 0.6019044484375 0.6307533640625
1 0.98854778125 0.36031827031249997 0.924592840625 0.3110260296875 0.9194837703125 0.3154672765625 0.857693153125 0.433549003125 0.9120800906250001 0.4768798296875 0.9213143484374999 0.4840944203125 0.98854778125 0.36031827031249997
1 0.7831329593749999 0.46185018749999995 0.8242881359374999 0.5277122359375 0.8291576812500001 0.5333140078125 0.9325510109374999 0.4401248046875 0.88817168125 0.3662252921875 0.882982759375 0.36946769062499996 0.7831329593749999 0.46185018749999995
1 0.6613573203125 0.5793731078125 0.699407228125 0.6317443125 0.7093366359375 0.6431667890625 0.8034349609375001 0.5326836296875 0.7561012515625001 0.4714565171875 0.7545387828125001 0.472591715625 0.6613573203125 0.5793731078125
1 0.8791965484375 0.5075195484374999 0.8791500796875 0.50746609375 0.7514192703125 0.44687233125 0.704740575 0.5021258359375 0.70674965625 0.50443701875 0.7107586546875 0.5076834421875 0.8287743703125001 0.57270803125 0.8791965484375 0.5075195484374999
1 0.22629945624999998 0.7436175406250001 0.1651823296875 0.7848415609375 0.1573484140625 0.79165148125 0.1576122875 0.7920426875000001 0.28354148437500004 0.8874194781250001 0.3476129515625 0.8422854484375 0.22629945624999998 0.7436175406250001
0 0.2708243921875 0.880878075 0.19893804375 0.7647612421875001 0.163993865625 0.7839035703125 0.132772778125 0.8026630906250001 0.126558259375 0.808065290625 0.12773242812500002 0.8100194328124999 0.2492311171875 0.916413540625 0.281206003125 0.901368665625 0.28247405312499996 0.9002663671875 0.2708243921875 0.880878075
0 0.5307698078125 0.6634429374999999 0.5892373859375 0.6191895953125 0.58899186875 0.618838959375 0.470853371875 0.526095609375 0.4460682953125 0.5434503078125 0.4132820953125 0.5671013921875 0.4086913015625 0.571092109375 0.5213168796875001 0.67006195 0.5307698078125 0.6634429374999999
0 0.26444141875 0.699186090625 0.21868142656249998 0.767028071875 0.2198987234375 0.7684284124999999 0.3659042890625 0.807693803125 0.4046017953125 0.739131221875 0.40369343593749996 0.738518525 0.26444141875 0.699186090625
0 0.3662632703125 0.6733486921875 0.40156780156250005 0.7321052984375 0.40675222031249997 0.738069290625 0.5054216 0.633396328125 0.467848653125 0.5588937265625 0.463648771875 0.56141726875 0.3662632703125 0.6733486921875
0 0.3029771625 0.7253273421875 0.3410424984375 0.7839428203125001 0.3483603125 0.7923610015625 0.44176066562500005 0.6715651031250001 0.399612315625 0.6092968078125 0.39679521093750003 0.61112625625 0.3029771625 0.7253273421875
0 0.48482481875000005 0.5270972875 0.5868978796875 0.6138479921875 0.5888357890625 0.61244001875 0.65047568125 0.562374503125 0.532121784375 0.464372246875 0.5277865234375 0.46752199843750003 0.47114544062499997 0.510780978125 0.4787035140625 0.521183771875 0.48482481875000005 0.5270972875
0 0.8592159203125 0.1794526140625 0.80617916875 0.2214205125 0.79529518125 0.23088181875 0.801409871875 0.23816902343750002 0.8982055421874999 0.3328811296875 0.9647414484375 0.2756840421875 0.8592159203125 0.1794526140625
1 0.8058116234374999 0.22381034687499998 0.745398515625 0.34360484062499996 0.75954493125 0.35351026874999997 0.8172798828125 0.3918897625 0.8173562796875 0.3918233515625 0.8739373109375 0.2730620140625 0.8073298093749999 0.22249060781250002 0.8058116234374999 0.22381034687499998
0 0.6586250031249999 0.35443432812500003 0.6385411984375 0.37128664218749996 0.596021265625 0.40824865624999995 0.6985547999999999 0.49018299374999996 0.7639063187499999 0.43371006406249996 0.763223715625 0.432896565625 0.6586250031249999 0.35443432812500003
1 0.72990595 0.447717696875 0.813929203125 0.34425358125 0.7605396828125001 0.2797273078125 0.7519506640625 0.287193628125 0.675608621875 0.3852557671875 0.72990595 0.447717696875
0 0.641657584375 0.3968911734375 0.5479597328125 0.48589254843749996 0.5543690671875 0.49745529218750006 0.5851979953125 0.55275781875 0.58700423125 0.5548356562500001 0.6835015140625 0.4685680890625 0.6443627875 0.3953916546875 0.641657584375 0.3968911734375
0 0 0.686942340625 0.0207857578125 0.7108536187500001 0.12570120468749998 0.5877435625 0.12234569375 0.5829513953125 0.07715850937499999 0.5208306859375 0.074872690625 0.5224312328125 0 0.62265044375 0 0.686942340625
0 0.678738946875 0.07813363906250001 0.608271396875 0.024939875 0.6047348625 0.0280141375 0.5221134859375 0.19208825624999998 0.5857713453125 0.237667578125 0.5997583546875 0.2474613890625 0.678738946875 0.07813363906250001
0 0.0351024375 0.6393244390625 0.102041825 0.6808700296875 0.1627340125 0.5020597375 0.1031868421875 0.4598625140625 0.1021539140625 0.460760425 0.1007538109375 0.4628361640625 0.03461661875 0.63899675 0.0351024375 0.6393244390625
0 0.34928823124999997 0.2431806265625 0.355058790625 0.248753190625 0.5052439984375 0.34781791093750003 0.57047800625 0.2809883453125 0.5704092265625 0.2809092234375 0.40715165156250005 0.1786124703125 0.39170175 0.1946113140625 0.34928823124999997 0.2431806265625
1 0.6555075953125 0 0.59084844375 0.12845900625 0.5984291640625 0.13357226718749998 0.6733162328125 0.1787072078125 0.74684525625 0.021836440625000002 0.7325905140625 0.0054382359375 0.7245279984375 0 0.6555075953125 0
0 0.07575357499999999 0.48828940625 0.22781159374999999 0.5825572343750001 0.29103987343750004 0.5228937593749999 0.1266462015625 0.4237222375 0.06846609218750001 0.47990611562499996 0.07575357499999999 0.48828940625
0 0.20904062968749998 0.35581511875 0.3623178453125 0.46190626874999996 0.3695085765625 0.4558725296875 0.4270949203125 0.4066317171875 0.4269433359375 0.4064510640625 0.2999604703125 0.3099385515625 0.2837037390625 0.29802888125 0.2235186734375 0.3428376515625 0.2088504859375 0.3555885140625 0.20904062968749998 0.35581511875
0 0.36681470156249996 0.42736225625 0.3679164296875 0.42633487812500004 0.46853761718750003 0.277404896875 0.4122097828125 0.2119362984375 0.40758333750000003 0.21595800625 0.3039487265625 0.3615569328125 0.332001865625 0.391640240625 0.36681470156249996 0.42736225625
1 0.44068629687499994 0.225516621875 0.4866384765625 0.29886098125 0.49034915 0.30312962187500003 0.6225213140625 0.168410975 0.56572429375 0.0910828125 0.562241359375 0.0936133140625 0.44068629687499994 0.225516621875
1 0.29243666875 0.5256507187499999 0.36091030156250004 0.4592832484375 0.2018630796875 0.35752190625 0.186158528125 0.371173665625 0.1798497796875 0.3768540875 0.134426721875 0.42003135 0.1366993875 0.42264575156250006 0.13740513906250001 0.42342956718749997 0.29243666875 0.5256507187499999
1 1 0.607752196875 0.9574482515625 0.5790049421875 0.9007163 0.6323043 0.9027908109375 0.634690753125 0.9883187109374999 0.6877246859375 1 0.6764270296875 1 0.607752196875
0 0.8507654718750001 0.67473053125 0.84320158125 0.6828418109375 0.8463656078125 0.6864816078125 0.9325379734375 0.7342636109375 0.9846732734374999 0.6823390140625001 0.8950645859374999 0.629719546875 0.8507654718750001 0.67473053125
0 0.80278439375 0.7348063625 0.842301209375 0.8008883250000001 0.8441912625000001 0.8030625828125 0.912061465625 0.725209459375 0.8678226812500001 0.6620299281250001 0.8661443640625001 0.6632050953124999 0.80278439375 0.7348063625
0 0 0.493289003125 0.026801854687499998 0.51136708125 0.080946509375 0.3323166015625 0.01018874375 0.28398326093750004 0.0078681546875 0.28600051875 0 0.3092261421875 0 0.493289003125
0 0.15898797343749999 0.274854378125 0.085334259375 0.2234207734375 0.0839443765625 0.22519974375000001 0.014055239062499999 0.3903273578125 0.0876840984375 0.44785252656249996 0.08796659375 0.4480660703125 0.15898797343749999 0.274854378125
0 0.272153875 0.27123605156249997 0.10205747968750001 0.19436206875 0.0630312328125 0.24376728124999997 0.04233895 0.2712268671875 0.042951228125000004 0.2719312125 0.2169109015625 0.34016614375 0.2724240390625 0.271546840625 0.272153875 0.27123605156249997
0 0.36979255625 0 0.49044008281249996 0.10347212812499999 0.5612555234375 0.0487952421875 0.5097020453125001 0 0.36979255625 0
0 0.3598906140625 0 0.30054009531250003 0.1356100453125 0.35035919375 0.17180573906250002 0.37686560625 0.19090220156249998 0.37845871875000003 0.18951733125 0.4575486515625 0.015989335937499998 0.4355412171875 0 0.3598906140625 0
0 0.210179384375 0.17404465156249999 0.2630046703125 0.241657934375 0.272264228125 0.252309834375 0.391860271875 0.103628409375 0.33455551093749997 0.0273177046875 0.3290582796875 0.0316126125 0.210179384375 0.17404465156249999
0 0.1695956984375 0.12470958125 0.12962803437499998 0.1594529421875 0.24707266093750002 0.302975340625 0.334382721875 0.25848864374999997 0.20463265156250002 0.1060388390625 0.1695956984375 0.12470958125
0 0.5706268296875 0.9442968281249999 0.5865007328125 0.9638994640625 0.6176235578125 0.999702178125 0.6813568109375 0.907073725 0.6369919203125 0.8555360734375 0.632138109375 0.8594666109375 0.5706268296875 0.9442968281249999
0 0.7837317171875 0.729532325 0.765655990625 0.7452453140624999 0.74454036875 0.7649359515625 0.7300182656249999 0.77889561875 0.7317243906249999 0.780858290625 0.8118368265625 0.8287760343749999 0.862704234375 0.7830214390625 0.7837317171875 0.729532325
0 0.6312936515625001 1 0.644499046875 0.992163659375 0.5591526921875001 0.9170976812499999 0.555512 0.9193722578125 0.5096479203125 0.9491567406250001 0.498972315625 0.9584369015625 0.5579775406249999 1 0.6312936515625001 1
0 0.7530584124999999 0.8744679937500001 0.6651634953125 0.824710471875 0.614170146875 0.8715662203125 0.6117689875 0.8738849921874999 0.6166335484375 0.8794810312499999 0.7032128625 0.9280760578124999 0.753293246875 0.874738140625 0.7530584124999999 0.8744679937500001
0 0.7122124328125 0.86692210625 0.743917353125 0.8964874234375 0.7884396312499999 0.80952444375 0.7366910890625 0.7580021234375 0.735815109375 0.7587636015625 0.7323923359375 0.762434075 0.692074890625 0.8473450515625001 0.7122124328125 0.86692210625
0 0.54946754375 1 0.554026821875 0.9772978515625 0.503502359375 0.9420769984374999 0.500651421875 0.9445552796875001 0.48363576875 1 0.54946754375 1