0 0.753125 0.3265625 0.11875 0.178125
0 0.5765625 0.29140625 0.10625 0.1484375
0 0.65859375 0.309375 0.1109375 0.15625
0 0.48359375 0.275 0.1265625 0.159375
0 0.2203125 0.221875 0.128125 0.16875
0 0.97734375 0.38515625 0.0453125 0.1703125
0 0.84375 0.35625 0.11875 0.178125
1 0.40546875 0.2640625 0.1171875 0.165625
0 0.92734375 0.37578125 0.1140625 0.1734375
1 0.31328125 0.25078125 0.1171875 0.1734375
1 0.121875 0.215625 0.121875 0.153125
0 0.58984375 0.45 0.1171875 0.178125
0 0.48984375 0.43125 0.1234375 0.165625
1 0.30703125 0.39453125 0.1140625 0.1484375
0 0.68125 0.475 0.125 0.178125
0 0.86171875 0.515625 0.1234375 0.18125
1 0.2140625 0.37734375 0.121875 0.1640625
1 0.39609375 0.4171875 0.1171875 0.15625
0 0.94609375 0.534375 0.1078125 0.190625
1 0.765625 0.50078125 0.13125 0.1671875
0 0.046875 0.35 0.078125 0.15
1 0.1203125 0.36875 0.125 0.159375
0 0.2171875 0.01875 0.096875 0.0375
0 0.9859375 0.153125 0.028125 0.11875
0 0.553125 0.059375 0.1 0.11875
0 0.46953125 0.05078125 0.1015625 0.1015625
0 0.8171875 0.821875 0.128125 0.196875
0 0.9 0.8453125 0.10625 0.18125
0 0.70859375 0.81015625 0.1296875 0.1890625
1 0.303125 0.03671875 0.109375 0.0734375
0 0.634375 0.078125 0.1 0.13125
0 0.87578125 0.12890625 0.0984375 0.1296875
0 0.3859375 0.04609375 0.10625 0.0921875
0 0.609375 0.79375 0.140625 0.196875
1 0.0359375 0.671875 0.071875 0.209375
1 0.51171875 0.784375 0.1421875 0.184375
1 0.2078125 0.721875 0.1375 0.19375
0 0.103125 0.70390625 0.14375 0.1921875
0 0.30546875 0.7484375 0.1484375 0.2
0 0.4109375 0.778125 0.13125 0.2
0 0.7140625 0.0953125 0.10625 0.13125
0 0.79765625 0.1125 0.1015625 0.13125
1 0.94765625 0.14375 0.1046875 0.13125
0 0.74140625 0.959375 0.1203125 0.08125
0 0.84375 0.96953125 0.134375 0.0609375
0 0.42578125 0.92734375 0.1265625 0.1453125
0 0.63828125 0.95 0.1265625 0.1
0 0.20625 0.884375 0.134375 0.146875
0 0.31953125 0.9078125 0.1328125 0.146875
0 0.53515625 0.94140625 0.1328125 0.1171875
0 0.0984375 0.86484375 0.125 0.1390625
0 0.02890625 0.83984375 0.0578125 0.1421875