0 0.026646065625 0.41835619843750005 0.054577346875 0.40650007343750005 0.0853381765625 0.3925367875 0.0739192328125 0.2779828171875 0.071631475 0.2783451625 0.0119204984375 0.304905384375 0.0201274484375 0.41619708437499997 0.02139684375 0.41918759375 0.026646065625 0.41835619843750005
0 0.06486207499999999 0.3895342171875 0.065245421875 0.391954575 0.13190400625 0.3967412484375 0.17664200000000002 0.2869275234375 0.1092245734375 0.2820930046875 0.06486207499999999 0.3895342171875
0 0.3232053625 0.3687422796875 0.39830109999999996 0.3566155859375 0.409967146875 0.2393096125 0.405332709375 0.2402104546875 0.33446814375 0.255950975 0.3226588984375 0.36593095937500003 0.3232053625 0.3687422796875
0 0.2291909890625 0.368316084375 0.2298301296875 0.3723514578125 0.304059790625 0.3736471421875 0.34168995468749996 0.262896265625 0.2620856015625 0.26677753125 0.2291909890625 0.368316084375
0 0.17099542031249998 0.2788596890625 0.1579520640625 0.397559371875 0.21028358125 0.3892708734375 0.2353868484375 0.3843912921875 0.2503482859375 0.2639334875 0.2503387078125 0.263884209375 0.17099542031249998 0.2788596890625
0 0.3976852453125 0.25222351875000004 0.4140006703125 0.36807909375 0.4207528171875 0.36700965937499996 0.484077534375 0.3401299109375 0.4713936 0.22412529062500003 0.47120324374999994 0.2236768390625 0.3976852453125 0.25222351875000004
0 0.46376108125000004 0.30803258906250003 0.578130471875 0.3420834875 0.578293778125 0.342057621875 0.5835884203124999 0.2600399265625 0.46819237031250005 0.2259890375 0.46419079375 0.29572723437500004 0.46376108125000004 0.30803258906250003
1 0.9146146156249999 0.2964819171875 0.9158521125 0.2965035171875 0.919279490625 0.295960675 0.9199141859375001 0.21607079375 0.782654840625 0.188450475 0.7806537296875 0.2716783484375 0.9146146156249999 0.2964819171875
0 0.802432028125 0.18075225 0.72683734375 0.1947242421875 0.7249453375 0.3345103171875 0.725240675 0.3361852640625 0.7538471484375 0.33165444375 0.8106684390625001 0.32059544375 0.810737478125 0.182198128125 0.8102397796874999 0.17937553281250002 0.802432028125 0.18075225
1 0.6679448796874999 0.24324528281250002 0.5224090703125001 0.2519451875 0.5231581453125 0.25667465625 0.545152546875 0.32861510156249996 0.686509959375 0.318459721875 0.6883568875 0.317895059375 0.6679448796874999 0.24324528281250002
1 0.61265813125 0.2865284828125 0.7457133421875 0.33136073593750004 0.7467540203125 0.3311959078125 0.75571555625 0.24974522187499998 0.618253290625 0.21253661875000002 0.615453109375 0.2445428421875 0.61265813125 0.2865284828125
0 0.1915336671875 0.5190597640625 0.1608770265625 0.4409316296875 0.00517310625 0.4521540671875 0.0056088078125 0.4549049703125 0.0137504359375 0.47747238437500006 0.032329878125 0.5258734875 0.1890358921875 0.5200185687500001 0.1915336671875 0.5190597640625
0 0 0.498974284375 0.109700684375 0.5428336171875 0.1169117328125 0.5416915 0.11937063750000002 0.4595103546875 0 0.44956816406250005 0 0.498974284375
0 0.48590894531249995 0.3902220875 0.3384833171875 0.40912715781250003 0.3397889765625 0.41737076406250007 0.364338803125 0.48132525312499996 0.5084498078124999 0.4709110484375 0.512914865625 0.46919707343750006 0.48590894531249995 0.3902220875
0 0.23689534218750002 0.396983040625 0.1551133125 0.40972993437499994 0.131861396875 0.552857878125 0.13215391875 0.5547047890625 0.1958088625 0.5497611203125 0.21061095000000002 0.5474167 0.2369423796875 0.397280028125 0.23689534218750002 0.396983040625
0 0.40114195625000004 0.37524528749999997 0.32532794374999996 0.381471028125 0.2900875765625 0.5230732234375 0.2913449 0.5310116421875 0.2918384890625 0.530977128125 0.372177940625 0.5193464953125 0.4015125046875 0.377584834375 0.40114195625000004 0.37524528749999997
0 0.201664778125 0.5341215109374999 0.2025191890625 0.5395160437500001 0.2767073703125 0.5395160437500001 0.3273806796875 0.39472277031249997 0.246074221875 0.39409416406250003 0.201664778125 0.5341215109374999
0 0.4674553046875 0.36099182343749997 0.4706366046875 0.49491147968750004 0.47138000625 0.5033901234375 0.4747080453125 0.5158105390625 0.543971975 0.499015909375 0.5491480609375 0.49762897968750003 0.5474685265625 0.343975909375 0.4697690703125 0.36037185156249996 0.4674553046875 0.36099182343749997
0 0.983592059375 0.4091687515625 0.9916443109375 0.4078934 0.9787163968750001 0.3262697625 0.854325134375 0.3292283296875 0.8557175140625001 0.33875382656249997 0.8679508125 0.41599183125000005 0.983592059375 0.4091687515625
1 0.788674221875 0.43176099843750004 0.9244040124999999 0.42283602656249997 0.9241578234375 0.42128164999999995 0.9038333453125 0.34100369218750004 0.7723064875000001 0.3466873109375 0.7850836734375 0.4148687953125 0.788674221875 0.43176099843750004
0 0.6301973000000001 0.3579969140625 0.63851283125 0.48913555937500003 0.6463882546875 0.48788821562500007 0.7184933046875 0.46856772500000005 0.714216159375 0.3378813859375 0.713941309375 0.3368556265625 0.6301973000000001 0.3579969140625
1 0.80525126875 0.326218434375 0.7233113359375001 0.3382687734375 0.716318396875 0.4674314609375 0.7173841624999999 0.4741604453125 0.7678866625 0.46706278125 0.773794590625 0.4661270578125 0.8007105859375001 0.46167336875 0.80525126875 0.326218434375
0 0.528838775 0.4509538578125 0.6505268453124999 0.48248679687499996 0.657001840625 0.4814612578125 0.6557853515625001 0.40039420937500003 0.5289979578125 0.3715972375 0.5288387765625 0.437733546875 0.528838775 0.4509538578125
0 0.21657571406249998 0.79806499375 0.1872872015625 0.7341721453125001 0.0324694265625 0.744354746875 0.04005586875 0.7922536578125 0.051930078125 0.8216433562500001 0.2115910265625 0.80079955625 0.216682984375 0.798742271875 0.21657571406249998 0.79806499375
0 0.928656965625 0.609584209375 0.7425148578125 0.6128529875 0.7454053546875 0.631102871875 0.7608489281249999 0.70631916875 0.9489003953124999 0.6973585953125 0.9486879968749999 0.6960175609375 0.928656965625 0.609584209375
0 0.1750339578125 0.6656267015624999 0.1259966265625 0.8433888609375 0.12593793749999999 0.8450694999999999 0.1266698609375 0.84969068125 0.1787200234375 0.8515083125 0.1981875203125 0.851738440625 0.2541885625 0.6714039015625 0.1750339578125 0.6656267015624999
0 0.577005778125 0.74146391875 0.7621564109375 0.7119032187500001 0.76715535 0.70998430625 0.7336196968750001 0.624004396875 0.5487136515625 0.657972778125 0.5705066078125001 0.7245330015625 0.577005778125 0.74146391875
1 1 0.557769178125 0.9111219625 0.545400996875 0.8737871578125 0.7168949 0.872907075 0.7269542765625 0.8731368156249999 0.7284047984375001 0.8927573765625001 0.730611771875 0.9627219296874999 0.736732878125 1 0.5859458015625 1 0.557769178125
0 0.201478596875 0.7731846703125 0.384836134375 0.802892959375 0.38628927812499997 0.802765825 0.3894423359375 0.8022664296875 0.38321718125 0.719887290625 0.1930626953125 0.686702571875 0.19424619375000002 0.7002300078125 0.201478596875 0.7731846703125
0 0.6706277953125 0.7391040890625 0.6447197609375 0.6558819078125 0.46509886875 0.6622926484375 0.46405196562500006 0.662573165625 0.4648520328125 0.6676245859375001 0.47548976875 0.711135284375 0.4861359625 0.7508674203125 0.6708031484375 0.739758521875 0.6706277953125 0.7391040890625
1 0.8345827171875 0.6222018234375 0.6456133765625001 0.630298228125 0.6462300078125 0.6341914875 0.6704735765625001 0.7191204390625 0.84983305 0.7170479640625 0.8540441171875001 0.7161528734375 0.8345827171875 0.6222018234375
0 0.35864824375 0.639630853125 0.3162177296875 0.817899215625 0.3172595046875 0.824476725 0.3784202921875 0.8245889546875 0.4102734640625 0.8234766171875 0.4515345375 0.638898078125 0.35864824375 0.639630853125
1 0.38300864843750004 0.7150362703125 0.3862674015625 0.746041225 0.5622581015625 0.7748951015625 0.571357153125 0.7734539546875 0.5564495843749999 0.682733728125 0.5364823203125 0.680007953125 0.3778556515625 0.6611951171875 0.38300864843750004 0.7150362703125
0 0.7941542953125 0 0.7941586015625 0.000027192187499999996 0.8184787359374999 0.073018628125 0.9126569234374999 0.055500584374999995 0.9159243390625 0.0543755234375 0.899294075 0.005467803125 0.8974113593749999 0 0.7941542953125 0
0 0.726269175 0 0.7322984953125 0.0689154234375 0.7328752296875 0.07255677968749999 0.8255184484375 0.0828191734375 0.8281580828124999 0.082588234375 0.8301576640624999 0.08227153125 0.8241753562499999 0.005011753125 0.769887225 0 0.726269175 0
0 0.10182430625000001 1 0.182003625 0.9901552171875 0.21082417812499998 0.9855904890625 0.2058938328125 0.9510857749999999 0.062658490625 0.9280139390625 0.066453465625 0.9589215234375 0.07295965625 1 0.10182430625000001 1
1 0.7573413828125 0.09222252187499999 0.7459338078125 0.019842009375 0.6437609140625 0.0105473640625 0.6432785640625001 0.0106237609375 0.6467568515625 0.0353730625 0.6558503859375 0.0880911515625 0.7520455296875 0.0930613015625 0.7573413828125 0.09222252187499999
0 0.6045638656250001 0.01506505 0.5741005421875001 0.108866509375 0.5748564265625 0.1136389703125 0.5853607046875 0.1143735015625 0.648456446875 0.11708052656250001 0.6781056999999999 0.017484109375 0.6045638656250001 0.01506505
0 0.5123435421875 0.13582006093750001 0.51268525 0.137300153125 0.5343039765625 0.13387608281250002 0.5879475171874999 0.1214914953125 0.5896109578125001 0.0177896328125 0.51315879375 0.041339631249999995 0.5123435421875 0.13582006093750001
0 0.293595353125 1 0.336164940625 0.8430444843749999 0.24243806874999999 0.847062653125 0.2063270984375 1 0.293595353125 1
0 0.2687704734375 0.8641247921874999 0.266963003125 0.8643788156250001 0.2724951078125 0.9285496203125 0.276032884375 0.9537222109375 0.27610663281250003 0.9541878359375 0.4555621109375 0.97846734375 0.46003899062500003 0.9777582765625 0.44868259843749997 0.8864059187500001 0.2687704734375 0.8641247921874999
0 0.275846184375 1 0.26958643125 0.9273102671875 0.07550243749999999 0.885699015625 0.07742774062499999 0.9541306640625 0.0787922875 0.9736445859374999 0.1929299875 1 0.275846184375 1
0 0.5406995578125 0.9792206890624999 0.5463877828125 0.9783197625 0.545878196875 0.8828966609375 0.364104809375 0.8386532640625 0.365606515625 0.9270810109375001 0.5406995578125 0.9792206890624999
0 0.925374075 0.7957780109375 0.73285211875 0.8215264828125 0.733370453125 0.8247991109375 0.7645146734375 0.9152484953125001 0.9546712609375 0.880260621875 0.9549699531250001 0.8801577734375 0.925374075 0.7957780109375
0 0.7017191234375 0.7832125171875 0.68548038125 0.7901054546874999 0.719540890625 0.9714607015625001 0.755532171875 0.9657602421875 0.811553459375 0.9419806156250001 0.7734454578125 0.7547134546875001 0.772865828125 0.753347934375 0.7017191234375 0.7832125171875
0 0.5577265812500001 0.9115395921875 0.7401824578125 0.9476257015625 0.746691571875 0.9465947578125 0.743279959375 0.8488989734375 0.5529120296875 0.8148164453125 0.553670946875 0.836548975 0.5577265812500001 0.9115395921875
0 0.5253607921875 1 0.586015884375 0.9926089859375 0.5890983875 0.9921207640624999 0.6079310359375001 0.792933534375 0.5108943 0.806571159375 0.49637230781249997 1 0.5253607921875 1
0 1 0.92178506875 0.9886488015625 0.73210805625 0.8920403984374999 0.746639259375 0.8986771671874999 0.936962109375 0.899456665625 0.9413828656250001 0.9523190125 0.9330102921875 0.9576570328124999 0.9320690562499999 1 0.9227024937499999 1 0.92178506875
0 0.20514211875 0.158458565625 0.3130785578125 0.165003478125 0.3169911859375 0.1641001765625 0.30207930312500003 0.0940681828125 0.19028838125 0.090059375 0.19623037968749998 0.1198575796875 0.20514211875 0.158458565625
0 0.43343180468750003 0.05894586875 0.44621449999999996 0.148646215625 0.44763582812499997 0.1523489 0.45290418125 0.1515144734375 0.50963451875 0.1297377375 0.5105470296875 0.129368521875 0.502368584375 0.03367590625 0.43343180468750003 0.05894586875
0 0.1293674359375 0.151156525 0.23789818437500002 0.190314009375 0.2390359078125 0.19013381093749998 0.23517450625 0.1165595328125 0.125161396875 0.0898085265625 0.1255251765625 0.10022582499999999 0.1293674359375 0.151156525
0 0.391507296875 0.14878309218750002 0.36883729062500004 0.0798150796875 0.2638473984375 0.08771764062500001 0.26411035156249996 0.08937785781249999 0.2843376625 0.14207180625 0.29066866875 0.15741575624999998 0.3893061203125 0.1496280453125 0.391507296875 0.14878309218750002
0 0.45675945 0.059836662500000005 0.4500942546875 0.05948735468750001 0.3819236078125 0.058148045312499994 0.350996734375 0.14853468281249999 0.3514386734375 0.15132498125 0.3609060625 0.1518211453125 0.42165831249999997 0.153739440625 0.45672771562500003 0.0604422109375 0.45675945 0.059836662500000005
0 0 0.2141394765625 0.0219557265625 0.2156747703125 0.0530594984375 0.216320075 0.10489842499999999 0.1155907625 0.10497105625 0.114552084375 0.034915571875 0.1096533296875 0 0.17854083125 0 0.2141394765625
0 0.10810533281250001 0.1002194734375 0.09913909062500001 0.10116186406250001 0.0908851671875 0.12562527031249998 0.064605525 0.20812667812500002 0.0654542859375 0.21348555 0.130650465625 0.209398459375 0.13664884375 0.20876800625 0.1626578734375 0.09556133125 0.10810533281250001 0.1002194734375
0 0 0.2153024265625 0.047350262500000004 0.20349667968750002 0.034888646875 0.1636443125 0 0.1587362578125 0 0.2153024265625