0 0.8874627890625 0.14086135625 0.7974320578125 0.2031842484375 0.7950402703125 0.20881894843749998 0.846412234375 0.2475584515625 0.943610753125 0.18391108437499998 0.9084231781250001 0.15641953749999998 0.8874627890625 0.14086135625
0 0.7634985421875 0.28312660312500004 0.7633334171875 0.28351561406250003 0.820417878125 0.319326953125 0.9119664828125 0.2436875 0.85421721875 0.2074512140625 0.7634985421875 0.28312660312500004
1 0.7557260390625 0.56310710625 0.7936299203125 0.5011971203125001 0.7227260656250001 0.41631060625 0.7200258734375 0.41516444375 0.6768757609375 0.47718719218750005 0.7526939296874999 0.5665236953125 0.7533315234375 0.5667943375 0.7557260390625 0.56310710625
0 0.7203631203125 0.35675489374999997 0.7105923359374999 0.42627764062500006 0.8153650562499999 0.476850921875 0.816074915625 0.4751785984375 0.821780721875 0.3976404515625 0.7241158015625 0.35220155625 0.722398353125 0.351960184375 0.7203631203125 0.35675489374999997
0 0.719654609375 0.35042621406249996 0.7584385390625 0.3799791640625 0.7808836953125 0.39689280312499997 0.8805321734374999 0.3273257296875 0.8811694609374999 0.325824371875 0.8700173843749999 0.3173252078125 0.817355640625 0.2776417375 0.7211844890625 0.3468220421875 0.719654609375 0.35042621406249996
0 0.659193684375 0.495726 0.6432187140625001 0.5723337859375001 0.750821253125 0.6224731046875001 0.7639958296875 0.5477563671875 0.6616861578125001 0.496165490625 0.659193684375 0.495726
0 0.7334159875 0.64647829375 0.656223903125 0.5562887671875 0.6556426015625 0.5558817359375 0.6548381171875 0.555540253125 0.6121873078125 0.6136362265625 0.60673961875 0.6214163296875 0.684261728125 0.712439171875 0.7334159875 0.64647829375
1 0.538542296875 1 0.6065672328125 0.8884589109375 0.529043034375 0.858112871875 0.45991798125 0.975511609375 0.45832569218749997 0.979659665625 0.46283725468750003 0.9815747109374999 0.512235684375 1 0.538542296875 1
1 0.49717551406249993 0.9044887796875001 0.5662817671875 0.9309972828124999 0.640400165625 0.8125146093750001 0.6084410796874999 0.7989487828125 0.561730921875 0.780076653125 0.4880906578125 0.8944515624999999 0.48595898281250005 0.8997276453125 0.49717551406249993 0.9044887796875001
1 0.6032821 0.623620240625 0.595793590625 0.6204415578125 0.55396698125 0.6848488875000001 0.6547897640625 0.7888565953125 0.6991043 0.7248750765625 0.6032821 0.623620240625
1 0.6213344000000001 0.7086621828124999 0.5128059734375 0.797741928125 0.5123942796875001 0.7987118171875001 0.5767194890625 0.84947391875 0.6811180765625 0.7526168609375 0.6554591296875001 0.733281459375 0.6213344000000001 0.7086621828124999
0 0.733940340625 0.090164096875 0.6420762234375 0.21725477031249998 0.6412939890625 0.21981334375 0.7217339109375 0.2437560625 0.8090546734374999 0.1136987984375 0.7835195765625 0.105321990625 0.733940340625 0.090164096875
0 0.79244258125 0.082480325 0.7559639859375 0.06547007656250001 0.7244413187500001 0.052089498437500006 0.682521 0.1419879140625 0.6728727046875 0.164717871875 0.7057222875 0.1761560203125 0.79244258125 0.082480325
0 0.651328921875 0.540312228125 0.6654730640625 0.46836252968750003 0.6672783015625 0.45696470937500006 0.5291969296875 0.3992250359375 0.527813009375 0.4024853484375 0.520493703125 0.44483462031250004 0.5157604671875 0.4747190984375 0.6509061453125 0.54024526875 0.651328921875 0.540312228125
0 0.6051966484375 0.2681678796875 0.6013027703125 0.277341284375 0.666203153125 0.3156607890625 0.774980678125 0.206683884375 0.7005848546875 0.170171840625 0.6051966484375 0.2681678796875
0 0.6040361828125 0.46193625312500003 0.7129486515625 0.36622445937500003 0.7130559 0.3659717984375 0.6488207640625 0.3242570125 0.5356706578125 0.41596519687500005 0.532763396875 0.422814275 0.6040361828125 0.46193625312500003
0 0.725386571875 0.335600365625 0.617844521875 0.23429854687499999 0.611937834375 0.23179130625000002 0.5800830859375 0.30333824531250003 0.57976444375 0.30408891875 0.6930488921875 0.4046546203125 0.725386571875 0.335600365625
0 0.542463915625 0.6233032609375 0.6374248421875001 0.5033795249999999 0.637754603125 0.5026388734375 0.5985122328125 0.482571021875 0.59054296875 0.4790228765625 0.5635373421875001 0.46755966875 0.48324087968749996 0.57167939375 0.4784224375 0.5788259453125 0.47343710312500004 0.5905706578125 0.542463915625 0.6233032609375
0 0.43103293281250005 1 0.4644645984375 0.9388946796875001 0.3554293890625 0.866387815625 0.34194806093749996 0.8606653312500001 0.306282465625 0.9326566578125 0.40021665781250004 1 0.43103293281250005 1
1 0.48807304843750005 0.8520250781250001 0.37801329687499996 0.7826150203125 0.3732077265625 0.7805751765625 0.361133575 0.8076941703125 0.3412057171875 0.857536034375 0.450953928125 0.9302474390625 0.48807304843750005 0.8520250781250001
0 0.513033465625 0.7751045234375 0.54964310625 0.7009136078125 0.45247537343750005 0.6190169156249999 0.44790155 0.61707544375 0.411451321875 0.6886130453125 0.40943867031250003 0.6933545546875 0.5120590921875 0.7746080562500001 0.513033465625 0.7751045234375
1 0.45635528125 0.70193314375 0.3659459796875 0.7958169109375001 0.36391464375 0.8006024390625001 0.431300340625 0.8454308375 0.5282442125 0.7488214 0.50228335625 0.73131058125 0.45635528125 0.70193314375
0 0.49378194375 0.54149398125 0.4862675171875 0.538304296875 0.44570992968749995 0.6028637171875 0.5368508750000001 0.6989985187500001 0.5801818640625 0.6272819796875 0.49378194375 0.54149398125
0 0.44447645312499995 0 0.3878344734375 0.0822236 0.38619013281250003 0.0867413875 0.39434034218749997 0.090200946875 0.4536107234375 0.1087447796875 0.5392981578125 0 0.44447645312499995 0
0 0.282889521875 0.7248663890625 0.139033346875 0.615388634375 0.13583949687500002 0.6136182546875 0.133673728125 0.612698940625 0.1137736375 0.6485996562499999 0.092161071875 0.6911047406249999 0.23751880781249998 0.8087877062500001 0.282889521875 0.7248663890625
0 0.45669292656250005 0.00468844375 0.3585946109375 0.16526055 0.357409846875 0.1689068828125 0.42766203281250004 0.1899531703125 0.5312006234375 0.0320404671875 0.45725024999999997 0.004869528125 0.45669292656250005 0.00468844375
0 0.1973790421875 0.4411399859375 0.1617122421875 0.5251657 0.317804946875 0.6288360515625 0.3562051625 0.549650784375 0.20616666874999998 0.4448701125 0.1973790421875 0.4411399859375
1 0.09266958125 0.705699384375 0.054649365625 0.7745094375 0.0509893234375 0.7820136390625 0.0477311578125 0.7896893953124999 0.2030498296875 0.891644265625 0.24520604375000002 0.8103785203125 0.10067813437499999 0.709605415625 0.09266958125 0.705699384375
0 0.31905959687499996 0.27097842031249997 0.40332560781250004 0.2878752421875 0.487081659375 0.117685234375 0.48289504375 0.1159081203125 0.44016092812499996 0.1062943921875 0.40529527343750005 0.0988834703125 0.3198313859375 0.26734742968749997 0.31905959687499996 0.27097842031249997
0 0.326430803125 0.5546084687499999 0.3697397015625 0.4996940875 0.382492409375 0.4827706734375 0.26207214843750004 0.3463850390625 0.2592268734375 0.345177290625 0.253118103125 0.3532839 0.2097135109375 0.4159493375 0.3259216125 0.554224765625 0.326430803125 0.5546084687499999
1 0.31933556875 0.6343233765625 0.16761578906250002 0.5218653296875 0.166919140625 0.5215696203125 0.13080595 0.606366059375 0.27450238125 0.720005425 0.27500687031250004 0.7202195671875 0.31933556875 0.6343233765625
1 0.458168828125 0.2997081625 0.3193633578125 0.17738574375 0.316360225 0.1759210171875 0.31495611874999996 0.175325009375 0.28557810156249996 0.230333275 0.2716060796875 0.25898016875 0.41520835624999997 0.3820659078125 0.458168828125 0.2997081625
1 0.2498746375 0.28216979375 0.235811734375 0.365909878125 0.4065314671875 0.44303179843749996 0.4074983625 0.44318494062499997 0.4168536328125 0.3489294046875 0.3982722171875 0.3411286 0.2510646265625 0.28235826875000003 0.2498746375 0.28216979375
0 0.7896776515624999 1 0.8016505671875 0.9764840375 0.730785546875 0.9204758890625 0.7225066828125 0.9169617203125 0.6884139921875 0.983872390625 0.6879484484375 0.9849691453125 0.7076975203125 1 0.7896776515624999 1
1 0.7456039890625 0.8420651593749999 0.7176773515625 0.911035084375 0.801528471875 0.97240005625 0.8300448203125 0.89893054375 0.7456039890625 0.8420651593749999
0 0.7975827 0.779836796875 0.7409026578125 0.8562179296875 0.7375753734375 0.8640565203125 0.8039368859374999 0.8907121374999999 0.8674124437499999 0.8094435140625 0.8440861671875 0.7990579859375 0.7975827 0.779836796875
0 0.8094444359375 0.7026437703124999 0.8051647015625001 0.7008271296874999 0.799658028125 0.7138000375 0.7788086859375001 0.7747678640625 0.857364690625 0.8328843265625 0.8876930984375001 0.761435071875 0.8094444359375 0.7026437703124999
0 0.19103800312500002 0 0.16728431562499999 0.046619240625 0.30139273125 0.1769190140625 0.34331805000000004 0.09299559843750001 0.2410639515625 0 0.19103800312500002 0
0 0.19908149375 0.2505428421875 0.3129849828125 0.1031959125 0.26357693437499996 0.082223440625 0.226617659375 0.067290925 0.1185575203125 0.210380496875 0.117711828125 0.2124736578125 0.19908149375 0.2505428421875
0 0.2284443734375 0 0.1979281734375 0.0548247265625 0.1968299609375 0.059581614062499996 0.280129640625 0.082508065625 0.32776995000000003 0 0.2284443734375 0
0 0.26169113906249997 0.2772192 0.1387760796875 0.1378846578125 0.1369666984375 0.1371166203125 0.11847589218750001 0.16558996406249998 0.08539794218749999 0.21916021875 0.216105090625 0.3530059671875 0.26169113906249997 0.2772192
0 0 0.6454545109375001 0.075975421875 0.70563366875 0.12217288906249998 0.6182467328125 0 0.530861865625 0 0.6454545109375001
0 0 0.5947211515624999 0.050874967187499995 0.613238125 0.15406414375 0.4504065 0.1542197546875 0.4499789640625 0.15106716874999998 0.44864077187499996 0.135797021875 0.442951115625 0.0622470125 0.4161811015625 0 0.5177684296875 0 0.5947211515624999
0 0.188612146875 0.4509580890625 0.057457021875 0.318941403125 0.052308165625 0.31675584375 0.0004268453125 0.399783309375 0.1374918953125 0.5328426281249999 0.1391703421875 0.5335550875 0.188612146875 0.4509580890625
0 0.02992451875 0.3757630640625 0.027719928124999998 0.3809567546875 0.106338790625 0.42829398281250003 0.243049084375 0.2837325375 0.158207890625 0.234749453125 0.02992451875 0.3757630640625
0 0 0.77286896875 0.0358338078125 0.7966545671875 0.082369059375 0.7107545671875 0 0.6530730421875 0 0.77286896875
0 1 0.4580197375 0.9869045703125 0.4498433015625 0.95468524375 0.43048397656250004 0.8792413031249999 0.503202715625 0.877965075 0.505326715625 0.8764721171875 0.50884390625 0.9332350265624999 0.54531679375 1 0.48407358437500003 1 0.4580197375
0 0.798252875 0.72307315625 0.8613245078125 0.744754740625 0.91790543125 0.6672057031249999 0.9168223609374999 0.666745965625 0.8807863734374999 0.6530076984375001 0.8490419671874999 0.641453678125 0.8008176468749999 0.71602650625 0.798252875 0.72307315625
0 1 0.39552514375 0.9648136046875001 0.3510243 0.958598409375 0.3483861046875 0.9263064156249999 0.39683205 0.98838375625 0.4955591265625 1 0.4789667625 1 0.39552514375
0 0.9783718640625001 0.5270703125 0.9302804828125 0.5097524250000001 0.9090851234375 0.5032723531250001 0.8513296609375001 0.5898878171875 0.8507881609375 0.5916589859375 0.9227295484375 0.6117165046874999 0.9780681937500001 0.528063571875 0.9783718640625001 0.5270703125
0 0.9010076953124999 0.6956759765625 0.9044452359375 0.6899549484375 0.9376319546874999 0.63039260625 0.8733466703125 0.5617222890625 0.8694670734375001 0.5600754968749999 0.8647906593749999 0.567858359375 0.83457545 0.620598828125 0.9004879265625 0.69536366875 0.9010076953124999 0.6956759765625
0 1 0.270410828125 0.9549916453125 0.307867834375 0.9524733703124999 0.3138005171875 1 0.3380165453125 1 0.270410828125
0 1 0.30618814843750003 0.9810783656250001 0.28663588125 0.972438659375 0.28296854374999997 0.9493606453125001 0.32615451875 0.944377778125 0.335933946875 0.96037319375 0.35614724375 1 0.4045075296875 1 0.30618814843750003