0 0.778125 0.4484375 0.16875 0.16875
0 0.69296875 0.58671875 0.14375 0.1453125
0 0.73046875 0.521875 0.1421875 0.1421875
0 0.64609375 0.6578125 0.15 0.1484375
0 0.51953125 0.86328125 0.16875 0.16875
0 0.89453125 0.23828125 0.1640625 0.1640625
0 0.8140625 0.3703125 0.1796875 0.159375
1 0.6046875 0.715625 0.1609375 0.1421875
0 0.8515625 0.303125 0.1625 0.1625
1 0.55703125 0.784375 0.1546875 0.15625
1 0.4625 0.92734375 0.1625 0.1453125
0 0.59609375 0.48046875 0.1765625 0.153125
0 0.54765625 0.5578125 0.171875 0.15625
1 0.45859375 0.70078125 0.1578125 0.146875
0 0.63515625 0.40546875 0.1765625 0.1765625
0 0.7203125 0.26171875 0.16875 0.146875
1 0.4125 0.771875 0.1484375 0.15
1 0.49921875 0.628125 0.1546875 0.140625
0 0.76484375 0.184375 0.1671875 0.1671875
1 0.67109375 0.33359375 0.1671875 0.153125
0 0.3203125 0.9140625 0.1484375 0.1453125
1 0.36171875 0.8390625 0.15625 0.1421875
0 0.69140625 0.978125 0.1515625 0.04375
0 0.84921875 0.753125 0.14375 0.1453125
0 0.80859375 0.81953125 0.1453125 0.1453125
0 0.48984375 0.10234375 0.18125 0.18125
0 0.53125 0.05390625 0.171875 0.1078125
0 0.4328125 0.18125 0.18125 0.18125
1 0.72734375 0.934375 0.1609375 0.13125
0 0.884375 0.68828125 0.159375 0.159375
0 0.95859375 0.496875 0.0828125 0.1375
0 0.76484375 0.884375 0.171875 0.1484375
0 0.38125 0.25703125 0.1875 0.1640625
1 0.09453125 0.73125 0.1890625 0.18125
1 0.32734375 0.3265625 0.1734375 0.1734375
1 0.18203125 0.5640625 0.18125 0.18125
0 0.1296875 0.64453125 0.1890625 0.1703125
0 0.225 0.48515625 0.203125 0.1828125
0 0.27109375 0.396875 0.1921875 0.1671875
0 0.91875 0.62265625 0.1625 0.1609375
0 0.93828125 0.5578125 0.1234375 0.140625
1 0.97421875 0.4359375 0.0515625 0.140625
0 0.30390625 0.05625 0.1984375 0.1125
0 0.35390625 0.0234375 0.2171875 0.046875
0 0.1546875 0.27890625 0.209375 0.184375
0 0.2546875 0.11015625 0.203125 0.175
0 0.071875 0.45078125 0.14375 0.1921875
0 0.10546875 0.3609375 0.2109375 0.190625
0 0.2046875 0.190625 0.209375 0.1875
0 0.05 0.534375 0.1 0.184375
0 0.0234375 0.62109375 0.046875 0.1859375