0 0.681585084375 1 0.6835600046875 0.9070747390625 0.621958053125 0.8834524828125 0.619980871875 0.8888847406249999 0.614829215625 0.9984284296875 0.6188363515625 1 0.681585084375 1
0 0.69403630625 0.9483741968749999 0.6916252468749999 0.8299068421875001 0.626390446875 0.8100960609375001 0.6293659171875 0.9288126171875 0.6934536296875 0.9482819093750001 0.69403630625 0.9483741968749999
0 0.763365846875 0.5969354640625 0.6497991015625 0.595208371875 0.6255396906249999 0.6636264374999999 0.6240807671875 0.6681165453125 0.7419340937500001 0.6708334578125 0.763365846875 0.5969354640625
0 0.743427621875 0.666695265625 0.629960409375 0.6882712890625 0.6280122359375 0.700571578125 0.6203848671875 0.7626915109375 0.6241190890625 0.7632829531249999 0.7294999375 0.744795621875 0.744358078125 0.666842634375 0.743427621875 0.666695265625
0 0.61674260625 0.7627911515625 0.6010945453125001 0.8305703484375 0.59963073125 0.839812509375 0.7199626953125 0.8308263531250001 0.737698090625 0.7520540375 0.7376491796875 0.7520427453125 0.61674260625 0.7627911515625
0 0.64869954375 0.5327052 0.6434244234375 0.6081429421875 0.644115134375 0.6082523390625 0.7599432484374999 0.5857711921875 0.7629995468749999 0.50696466875 0.762513553125 0.506930684375 0.64869954375 0.5327052
0 0.787436103125 0.442977290625 0.6684097 0.4316834515625 0.665161278125 0.44060842187500004 0.6419770203125 0.5090405421875001 0.64344334375 0.509574240625 0.7615978375 0.521075709375 0.787436103125 0.442977290625
1 0.6955576156250001 0.2019221171875 0.8267884765625 0.1799855671875 0.8262401968749999 0.0967354453125 0.6892989359375 0.121813353125 0.6892989359375 0.20093084062500002 0.6955576156250001 0.2019221171875
0 0.8128796125 0.18587045 0.8130179796875 0.177943459375 0.8101522765625001 0.1778934375 0.6734696609374999 0.1996117375 0.6705378046875 0.282999121875 0.67050353125 0.2849626625 0.67639188125 0.2858952859375 0.8109052531250001 0.2627201375 0.8128796125 0.18587045
1 0.6492163234375 0.366063325 0.6341830546875 0.4296934421875 0.640874175 0.43148632343750004 0.7791427703125 0.43657857343749995 0.790098390625 0.39569164375 0.7984735421875 0.36344865 0.7991559921875 0.3591398265625 0.652049246875 0.355490709375 0.6492163234375 0.366063325
1 0.7635995859375 0.2499124296875 0.6830416640625 0.24325915468749998 0.6821814828125 0.2486901171875 0.7001954953125 0.3833229078125 0.741943046875 0.38859051875 0.773895525 0.391948859375 0.7635995859375 0.2499124296875
0 0.42968118125 0.9539637609374999 0.431614175 0.9542699171875 0.586847709375 0.9272881937499999 0.59753540625 0.8496479515625 0.44281254062500003 0.87105561875 0.42968118125 0.9539637609374999
1 0.57485516875 0.9827846328125001 0.5915391140625 0.9497589046874999 0.569993084375 0.941488159375 0.44185720625 0.8942445015624999 0.4261060125 0.930842646875 0.41149474843749995 0.9689062890625 0.4108932390625 0.972704075 0.413610140625 0.9737469984375 0.57485516875 0.9827846328125001
0 0.57395948125 0.49943427187499995 0.49930304999999997 0.5044003640625 0.49862751406249994 0.5086655390625 0.5402288859375 0.6473954281250001 0.5872658125 0.6449303265624999 0.6253008906249999 0.6415213328125 0.57395948125 0.49943427187499995
0 0.5968359265625 0.7548901406249999 0.450057521875 0.7968327703125 0.449416840625 0.8090576828125 0.4512147265625 0.8751115468749999 0.4536715328125 0.8755006671875 0.5930076921875 0.8375723109375001 0.5971362046875 0.7549058765625001 0.5968359265625 0.7548901406249999
0 0.49958969687500004 0.5727059453125001 0.49883570781250003 0.5769820343750001 0.5194207859375 0.7239134265625 0.5550495359375 0.7301957359375 0.5948980015625 0.7365071125 0.580564434375 0.5926781937500001 0.505607209375 0.573659025 0.49958969687500004 0.5727059453125001
1 0.4658784890625 0.7983352218750001 0.6059058359375 0.753925778125 0.6052772296875 0.6726193203124999 0.46048395624999994 0.7232926296875 0.46048395624999994 0.7974808109375 0.4658784890625 0.7983352218750001
0 0.5555951218749999 0.5654526359375 0.5972907671875001 0.579740934375 0.597594478125 0.578989225 0.617894990625 0.42737402187500007 0.54520214375 0.4000076625 0.5426804703125 0.40624902343749997 0.5396201109375001 0.42063348749999996 0.5204246484375 0.5512428421875 0.5555951218749999 0.5654526359375
0 0.55112058125 0.0869888703125 0.68388106875 0.1234637 0.7185187515625 0.047966846875000003 0.5917666374999999 0.0083018453125 0.5795357890624999 0.006364668749999999 0.5543314359375 0.0657424 0.54952214375 0.07745919999999999 0.5482085671875 0.08575279375 0.55112058125 0.0869888703125
1 0.544247803125 0.15688953125 0.5379864953125 0.180257046875 0.53700411875 0.18645951875 0.6707966453124999 0.2023235453125 0.6911765984375 0.118173534375 0.56012745 0.10561412187500001 0.544247803125 0.15688953125
1 0.53089759375 0.2798041484375 0.518374146875 0.334049159375 0.51356225 0.36443027968749997 0.6435256515625001 0.364145665625 0.6631700406250001 0.283779903125 0.6621045046875 0.2835339046875 0.53089759375 0.2798041484375
1 0.536444146875 0.216774321875 0.520532890625 0.26049013906249996 0.519361975 0.26788300781249996 0.652576221875 0.288746184375 0.681399503125 0.2111022421875 0.5479605234375 0.1873810359375 0.536444146875 0.216774321875
1 0.5343434109375 0.3335837015625 0.533277646875 0.4628098453125 0.5460474875 0.4662315125 0.604542634375 0.48175443749999997 0.6099936671874999 0.48261779687499995 0.6149707078125 0.3532746671875 0.535143940625 0.33059608749999997 0.5343434109375 0.3335837015625
0 0.307825196875 0.9413651046875 0.338507109375 0.8689689265625 0.151868665625 0.850132609375 0.121820190625 0.9100681312500001 0.12118520937499999 0.9140772437500001 0.125190890625 0.9158606875 0.305812690625 0.9458852656250001 0.307825196875 0.9413651046875
0 0.3845112359375 0.0683516265625 0.2968942578125 0.054399175 0.2957075515625 0.061891740625000004 0.299717615625 0.242498784375 0.3773223625 0.25285738125 0.39427007812500003 0.25493829843750004 0.3845112359375 0.0683516265625
0 0.138032459375 0.84532333125 0.143170896875 0.846700171875 0.32654144218750003 0.8458947953125 0.34726999687500004 0.7751129296875 0.347346678125 0.77462878125 0.1560562859375 0.7693590953125 0.15120424062499999 0.7874671734375001 0.138032459375 0.84532333125
0 0.42448612187499996 0.31424811875 0.23318593124999998 0.290518246875 0.2259449671875 0.3115475328125 0.20803154375 0.3734910078125 0.21561651406250001 0.376102721875 0.393597096875 0.4024148375 0.42448612187499996 0.31424811875
1 0.4596605796875 0.0191224890625 0.2738205671875 0.0070456265625 0.2706492015625 0.02336089375 0.2596025703125 0.10119618281250001 0.26834919375 0.102896353125 0.44442108437499994 0.10939444062499999 0.4596605796875 0.0191224890625
1 0.20935380937499998 0.6072864859375 0.2189084890625 0.7959472640625 0.2537741421875 0.8033581890624999 0.2760676484375 0.8078215562500001 0.3012628 0.8118120765624999 0.2939789875 0.6224935546875 0.21012559999999997 0.6036554953125 0.20935380937499998 0.6072864859375
0 0.380411771875 0.47267493125 0.40517685156249994 0.4072689625 0.40458570156249996 0.407030121875 0.2262089296875 0.3786374484375 0.194849184375 0.44811753281250005 0.192472178125 0.45400082812500003 0.19168012031249998 0.459001684375 0.3724737046875 0.4923223359375 0.380411771875 0.47267493125
1 0.432976575 0.21079669218750002 0.2441024953125 0.19608673125 0.23554166875 0.2304223296875 0.2227167953125 0.28302025 0.2217613484375 0.289052696875 0.2272246359375 0.2904148484375 0.40454394687499995 0.2986592015625 0.432976575 0.21079669218750002
0 0.175629778125 0.6102805953125 0.1675585484375 0.671987146875 0.172175384375 0.6727183812499999 0.356826315625 0.6546104265625 0.3682739203125 0.5599413609375 0.18026893906250002 0.5809900890625 0.175629778125 0.6102805953125
1 0.19410351875 0.4953312921875 0.1830687078125 0.5795239265625 0.18426180625 0.57969160625 0.3422199078125 0.56652859375 0.36227013750000003 0.5645013265625 0.38087887187499997 0.47164120625 0.38018096562500003 0.47153066875 0.3799118796875 0.4714928515625 0.19410351875 0.4953312921875
0 1 0.106927859375 0.9313640453125 0.10508604375 0.929248871875 0.1170817828125 0.9189093749999999 0.1823628015625 0.9200234843749999 0.1825592484375 1 0.182221878125 1 0.106927859375
0 1 0.1746452453125 0.9128913890625 0.193671553125 0.9142198015625 0.2697763171875 0.9163606296875001 0.2701153921875 1 0.2534413609375 1 0.1746452453125
0 0.01991066875 0.7937294234375 0.027453224999999998 0.930766234375 0.036038210937499995 0.9327482343750001 0.0780613046875 0.9394040390624999 0.109027409375 0.8052751031250001 0.10603570312499999 0.8045844140625 0.0206368625 0.79058393125 0.01991066875 0.7937294234375
1 1 0.263704596875 0.9063083015625001 0.2603635421875 0.8871501234375 0.3329417796875 0.886611665625 0.336341471875 0.8875514062500001 0.3365584265625 0.990100621875 0.3362042625 1 0.2963711046875 1 0.263704596875
0 0.8856264984375001 0.4146392953125 0.8863610296875001 0.4251435734375 0.8911334906249999 0.4258994578125 0.9849349500000001 0.395436134375 0.982515890625 0.32189429999999997 0.8829194734374999 0.351543553125 0.8856264984375001 0.4146392953125
0 0.8900592265625 0.40721584218749995 0.8583456015625 0.47485354687500003 0.8577084968750001 0.47887606250000003 0.8614459421875 0.4803107328125 0.9591223828125001 0.49244411875000005 0.9869387734374999 0.41997994375000003 0.8900592265625 0.40721584218749995
0 0 0.7909420484374999 0.1519701359375 0.7606164109375 0.159256878125 0.6670868671875 0 0.704366178125 0 0.7909420484374999
0 0 0.7006980781250001 0.1673902703125 0.6629594796875 0.1675030296875 0.6608078890625 0.167390875 0.57249910625 0 0.608261840625 0 0.7006980781250001
0 0 0.8868218156250001 0.1441826359375 0.8424629187500001 0.14407956093750002 0.7668033015625 0.1437947421875 0.7504861203125001 0.1427527375 0.7503210828125 0 0.796710365625 0 0.8868218156250001
0 0.024039650000000003 0.4586918890625 0.060447840625000006 0.634814403125 0.1583918765625 0.6387584671875 0.11089666718749999 0.4561945484375 0.025140578125 0.45174090156249996 0.024039650000000003 0.4586918890625
0 0.04838050625 0.15518664843750002 0.0437978328125 0.184120515625 0.229643646875 0.215613059375 0.26218365 0.132273171875 0.0731630296875 0.0906259703125 0.04838050625 0.15518664843750002
0 0.11315882968749999 0.1487500140625 0.0940413015625 0.14342503281250002 0.0934356953125 0.145537028125 0.08131070781250001 0.33629932500000004 0.140505003125 0.3532730171875 0.162916684375 0.35960252656249997 0.1728985328125 0.3611834953125 0.1879377984375 0.1701925390625 0.11315882968749999 0.1487500140625
0 0.0314352640625 0.3012461484375 0.013361275 0.3862775828125 0.011462064062500001 0.39826873125 0.0150929421875 0.3990405 0.20235343125 0.3951585890625 0.2243178125 0.3007397984375 0.0314352640625 0.3012461484375
0 0.050344798437500005 0.535186778125 0.132782321875 0.555740759375 0.1454129296875 0.5577412515625 0.1474806171875 0.3599311875 0.0565547859375 0.33902717656250003 0.056139221875 0.3406939109375 0.050344798437500005 0.535186778125
0 0.0836239828125 0 0.0735556578125 0.0211339578125 0.0672652109375 0.035953323437500004 0.060474428125 0.07882863125 0.2394723671875 0.12678146875000001 0.2753633015625 0.0359179421875 0.15351913749999999 0 0.0836239828125 0
0 0.821532284375 0.7180559703125 0.8203118625 0.7249773312500001 0.8107277484375001 0.785489046875 0.8168061203124999 0.7865608281250001 0.921735621875 0.7772815078125 0.9331471 0.7053982999999999 0.821532284375 0.7180559703125
0 0.8830591015625 0.46417001874999997 0.8812312390624999 0.4638805140625 0.878590190625 0.47041734062499996 0.8645288828125001 0.5581041203125 0.8958507234375 0.570758965625 0.9298578718750001 0.583902565625 0.933002328125 0.5844005984375 0.9427784921875 0.4895550953125 0.8830591015625 0.46417001874999997
0 0.8380602015624999 0.8671360343750001 0.8824865421875 0.8801392218749999 0.8971481906250001 0.8824613984375 0.8938996921875001 0.7708342218750001 0.822563115625 0.7517139046875 0.8223090624999999 0.752732853125 0.8380602015624999 0.8671360343750001
0 0.9035085859375 0.6203066374999999 0.831586184375 0.623829440625 0.8311346265624999 0.6266804609375 0.859075240625 0.7210929296875 0.87566888125 0.7215046515625 0.933860740625 0.7215046515625 0.9035085859375 0.6203066374999999
0 0.8457195453124999 0.607482540625 0.8437732015625 0.6446210015625 0.8461214140625 0.644992921875 0.9397368359374999 0.6206067265625 0.9449776218749999 0.5490946437499999 0.8488225093749999 0.5710976718749999 0.8457195453124999 0.607482540625
0 0.8104363859375001 1 0.8888880578125 0.9716347531249999 0.8925634328125 0.90150444375 0.89152364375 0.9014499499999999 0.785227578125 0.9406266625 0.782077475 0.9715772359375 0.7805879 1 0.8104363859375001 1
1 0.83701401875 0.9430244968749999 0.8736279890624999 0.957511478125 0.8741624296875001 0.8651314687499999 0.87386993125 0.8391226921875001 0.81583360625 0.8146304078125001 0.8150037953125 0.81649419375 0.8050582171875 0.9287968578125 0.83701401875 0.9430244968749999
0 0.875119628125 1 0.874206484375 0.9680252375 0.8246860453125 0.9720316015625 0.7693415734375 0.976873615625 0.7681810828125 0.984200665625 0.7695127890625 1 0.875119628125 1