0 0.282971625 0.03006884375 0.22941279374999998 0.0263423171875 0.2157195125 0.0268204984375 0.2439532796875 0.1375257515625 0.31322947968750003 0.14287421718749999 0.31348375625 0.1380223515625 0.282971625 0.03006884375
0 0.327183665625 0.20741526718749997 0.2792302203125 0.1005440921875 0.21144058281250003 0.10779743906249999 0.2605657703125 0.2159139953125 0.327231584375 0.2087875046875 0.327183665625 0.20741526718749997
0 0.22692015 0.456642196875 0.22692015156249998 0.461363375 0.33984489687499997 0.42752863124999996 0.337419846875 0.3514987328125 0.3345559078125 0.3514987328125 0.228849875 0.38407617968749996 0.22692015 0.456642196875
0 0.32945287031250003 0.2845958125 0.3252290109375 0.26064110937499996 0.321665046875 0.260765565625 0.2213004 0.31360659375 0.2344278203125 0.3886450796875 0.3351983765625 0.33740987499999997 0.32945287031250003 0.2845958125
0 0.3385860546875 0.25300625781249997 0.32641689218750003 0.176173196875 0.32337830312500004 0.17627930625 0.21739561875 0.2285920421875 0.2304602734375 0.3082722578125 0.23050985625 0.30826440625 0.3385860546875 0.25300625781249997
0 0.2920638859375 0.4208173765625 0.21971279843749997 0.4429373265625 0.219727128125 0.44334768281250003 0.28238869375000003 0.5436894750000001 0.3567034796875 0.518420975 0.3561961515625 0.5167615796875 0.2920638859375 0.4208173765625
0 0.35221602343749997 0.6108482921875 0.31439154999999996 0.5036799046875 0.232690621875 0.513268303125 0.2728309484375 0.6261218890625 0.35244324531250004 0.61735506875 0.35221602343749997 0.6108482921875
1 0.26618983906250004 0.828491253125 0.25453559531250003 0.8297161624999999 0.2921540484375 0.9654575421875 0.37366184062499996 0.9563476171874999 0.37349717656250003 0.9516322671875 0.373470340625 0.9513769312499999 0.3354126484375 0.821880496875 0.26618983906250004 0.828491253125
0 0.23388417499999997 0.8487524593750001 0.236291478125 0.8492641453124999 0.3746068953125 0.854025146875 0.3933959484375 0.7727292484375 0.393767409375 0.7709816609375 0.39370897656250003 0.769308359375 0.391504984375 0.7688398875 0.25173803281249996 0.7658522765625 0.2351363359375 0.8409132953125 0.2338257421875 0.8470791546875001 0.23388417499999997 0.8487524593750001
1 0.3626650171875 0.57827810625 0.23365926250000002 0.6372844171875001 0.2507790859375 0.713207565625 0.3832223140625 0.654542178125 0.3683594265625 0.5780792531250001 0.3626650171875 0.57827810625
1 0.3665430046875 0.6656960187500001 0.2410821609375 0.7104223703125 0.24731333125 0.7844947875 0.384759753125 0.74470333125 0.3746325109375 0.665413528125 0.3665430046875 0.6656960187500001
0 0.3475640328125 0.18572855625 0.48600361875000003 0.106249903125 0.47595164062500006 0.054536956250000004 0.4707545125 0.0304220984375 0.46899018281249993 0.030483710937500002 0.4671207296875 0.0308470953125 0.33199256718750003 0.1023258671875 0.3475640328125 0.18572855625
0 0.49749300781250005 0.070037790625 0.49748701874999995 0.0698662640625 0.4901112078125 0.030882401562500002 0.483047753125 0.0002872140625 0.45474825 0.001275453125 0.3377469796875 0.071000015625 0.3423831140625 0.10770912968749999 0.364870525 0.102517503125 0.49749300781250005 0.070037790625
0 0.45698772187500003 0.37092766875 0.385508890625 0.357033590625 0.3813579921875 0.35717854375 0.388379053125 0.506470784375 0.470843759375 0.5193525625000001 0.4717563453125 0.514657709375 0.45698772187500003 0.37092766875
0 0.4509725265625 0.126629921875 0.37448119062499996 0.1119566578125 0.36973815781249997 0.1121222875 0.3908735390625 0.26351398593750003 0.46747106718750003 0.2721611203125 0.46865541874999994 0.26606815625 0.4509725265625 0.126629921875
0 0.4893741734375 0.4195732484375 0.4344277109375 0.28340649687499997 0.4307012484375 0.28353662812499997 0.3581611609375 0.288609125 0.35819585 0.2896025140625 0.4067977734375 0.4254086015625 0.489589928125 0.4257516484375 0.4893741734375 0.4195732484375
1 0.488069115625 0.337429840625 0.4326266203125 0.2021698671875 0.41722709687500004 0.20270762968749997 0.3558641 0.20592352812499998 0.40946229375 0.3485468828125 0.48829171406249994 0.34380423125 0.488069115625 0.337429840625
0 0.41427689531249995 0.4484250203125 0.3704493109375 0.45309676562499995 0.37049174375 0.45390639843749997 0.4161685828125 0.5998958046875 0.4923409796875 0.594074284375 0.491895696875 0.5813230671875 0.4899583890625 0.572924409375 0.45230835625 0.44694459374999995 0.4229883859375 0.4479684703125 0.41427689531249995 0.4484250203125
0 0.49237361249999995 1 0.4910988984375 0.8854415109374999 0.41305130781250005 0.8735745375 0.408960915625 0.8737173765625 0.4059999046875 0.99692941875 0.43100777968750004 1 0.49237361249999995 1
1 0.516312434375 0.830273065625 0.5117293671875001 0.8013367171875 0.5070809953125 0.8014990421875 0.382224634375 0.8402390796875 0.3978335140625 0.9254032140625 0.5226612421875 0.8835743171875 0.516312434375 0.830273065625
1 0.47725984062500004 0.6257674468750001 0.40288957343750004 0.6222135546875001 0.3945172140625 0.6225059234375 0.4161921125 0.7538356328125 0.5010318421875 0.7555658968750001 0.5012962453124999 0.7479943546875 0.47725984062500004 0.6257674468750001
1 0.5192670171875 0.8036804078124999 0.5189558843750001 0.774196984375 0.5170035546875 0.7182895609375 0.5155731109375 0.7183395124999999 0.38429697812499997 0.7488860109375 0.386658428125 0.8316736109375 0.5192670171875 0.8036804078124999
1 0.4912251328125 0.542519640625 0.3793582484375 0.5935651171874999 0.3933250296875 0.6716748515625001 0.5131856953125 0.6212989703125 0.5004585921875 0.5421972 0.4912251328125 0.542519640625
0 0.6513629984375 0 0.670201328125 0.14835046406250002 0.7385087968749999 0.164909534375 0.7391941 0.164885603125 0.7402419953125 0.15949465000000002 0.7303134171875 0 0.6513629984375 0
0 0.63312970625 0.8808728546875001 0.811987865625 0.826211075 0.8078717296875 0.7787048375000001 0.8028753140625 0.7380122953125 0.7994923125 0.73813043125 0.796892403125 0.738449659375 0.6225001921875 0.7860661953125 0.63312970625 0.8808728546875001
0 0.784787065625 0.1038934390625 0.7833065859375 0.0836090890625 0.773315125 0.0839579984375 0.6027755109374999 0.1369173265625 0.6036532515624999 0.211169396875 0.786769228125 0.16065516562499998 0.784787065625 0.1038934390625
0 0.663282978125 0.7040478921875 0.7534504640625 0.7237204453125 0.7545637453125 0.7184828671875 0.7547965640625 0.5309874328124999 0.7370574015625 0.5272168578125 0.667907475 0.516104521875 0.663282978125 0.7040478921875
1 0.67414358125 0.9846877671875 0.7157298562500001 0.9927713203125 0.76516669375 0.991044946875 0.776288571875 0.8199003390625 0.7673125703125 0.8181555812499999 0.6807430328125 0.805869359375 0.67414358125 0.9846877671875
1 0.7502434265625 0.34677564375 0.73662885 0.16152658749999999 0.6645821468750001 0.1479632875 0.6534080062500001 0.1459929859375 0.651249028125 0.1460683796875 0.66769471875 0.337928428125 0.7494375875 0.3513457828125 0.7502434265625 0.34677564375
0 0.6282301546875 0.6008759343750001 0.8036120546875001 0.5419983796875 0.799704703125 0.510175559375 0.7915278140625001 0.45386021875000004 0.784060540625 0.45412098125 0.6208010796875 0.5134004875 0.6275469734375 0.59531188125 0.6282301546875 0.6008759343750001
1 0.81155565625 0.7429987015624999 0.8113159890625001 0.7292681578125 0.8084580984375 0.6474289125 0.8034445031249999 0.6475164265625 0.6300334046875 0.68544660625 0.6253100875000001 0.7776741781250001 0.81155565625 0.7429987015624999
0 0.67383734375 0.43238330156250004 0.7678609609375 0.4371378828125 0.7682493265625 0.43269883125 0.734980684375 0.25122065625 0.701792571875 0.248317071875 0.6420929046875 0.2447158890625 0.67383734375 0.43238330156250004
1 0.6738521125 0.5153332421875 0.7664033781249999 0.53054169375 0.7668530984374999 0.5262628796875 0.737159609375 0.3451510578125 0.706154653125 0.3418923078125 0.6645355609375 0.33790905000000004 0.6525020671874999 0.33832926875 0.6711263375 0.495365978125 0.6738521125 0.5153332421875
0 0.1569035703125 0.9724301859375 0.12066565781250001 0.8838162734375 0.0467305375 0.8995316687500001 0.08126461406249999 0.9920800796875 0.15699993125 0.9751895875000001 0.1569035703125 0.9724301859375
0 0.14660808593750002 0.811920328125 0.1429186359375 0.8119847265625 0.049888828125 0.8323043468750001 0.050917860937500004 0.892310221875 0.05150361875 0.9090841578125 0.1484468265625 0.889757925 0.1475679546875 0.839407378125 0.14660808593750002 0.811920328125
0 0.8136192093749999 0 0.8449342265625001 0.1356402375 0.8479259328125 0.1349495484375 0.9304090578125 0.1102197109375 0.9303308843749999 0.1079811015625 0.9300931171875 0.10695121875 0.8704415421875 0 0.8136192093749999 0
1 0.155066846875 0.7407476203125001 0.054529084375 0.7459421421875 0.0411327703125 0.823604809375 0.14461250625 0.8141912828125 0.1552701390625 0.7465691296875 0.155066846875 0.7407476203125001
0 0.042543831250000004 0.7438686140625 0.041989778125 0.7502014828125 0.14437195625000002 0.73400053125 0.1525450328125 0.6685323296875 0.15233625 0.662553553125 0.145920921875 0.661992284375 0.050478771874999995 0.6746896062500001 0.042543831250000004 0.7438686140625
0 0.1463545953125 0.5808042203125 0.1440017984375 0.5807631515625 0.051755492187499995 0.6012041734375 0.04496273125 0.6770062140625 0.045094240625 0.6807721625 0.1457052953125 0.657694075 0.1468165203125 0.5940320265625 0.1463545953125 0.5808042203125
0 0.810584415625 0.104544859375 0.8650998765625 0.279733884375 0.958129325 0.277224425 0.9580448828125 0.2748063375 0.8977788609375 0.1014999625 0.810584415625 0.104544859375
0 0.879907846875 0.3763162859375 0.967301378125 0.36079198125 0.9671348906249999 0.356024421875 0.9007390421875 0.192181640625 0.8079991375000001 0.2035686703125 0.807648384375 0.20361742500000002 0.879907846875 0.3763162859375
0 0.9730025953125001 0.13407824375 0.9794491375 0.1080716890625 0.98567640625 0.081098421875 0.9844155265625 0.0449915203125 0.7909653234375 0.0585263953125 0.774812034375 0.1447443890625 0.7750598984375 0.1448016125 0.9730025953125001 0.13407824375
0 0.98985360625 0.3594717421875 0.9944809859375001 0.333228565625 0.9942053359375 0.325335015625 0.8089816484375 0.3434396328125 0.7906347234375 0.42995617656249996 0.9775104609374999 0.421209653125 0.98985360625 0.3594717421875
0 1 0.7254611328125 0.8218819328125001 0.7179162515625 0.8044852609375001 0.815220096875 0.9980244203125 0.8139287312500001 1 0.8037652546875 1 0.7254611328125
0 0.9647951109375 0.761601009375 0.9843478265625001 0.759395590625 0.9842691203125 0.7571417109375 0.924066965625 0.5757777984375 0.8628245140624999 0.582214640625 0.8297585890624999 0.5858238328125001 0.8297969140625 0.5869213484375 0.887428746875 0.769732540625 0.9647951109375 0.761601009375
0 0.93311689375 0.48214264843750004 0.85842096875 0.47810294999999997 0.8366684687499999 0.4788625640625 0.8704762734375 0.6676960249999999 0.9694630328124999 0.6711527187499999 0.9696185406250001 0.6666995453125 0.93311689375 0.48214264843750004
0 0.88313440625 0.5744642171875001 0.979159959375 0.5660630703125 0.9789678234375 0.5605610265625 0.91775851875 0.37657102187499997 0.8841795109374999 0.379508803125 0.8244098624999999 0.38584630937500003 0.88313440625 0.5744642171875001
0 1 0.8130315687499999 0.99341678125 0.7892061796875 0.986464896875 0.78944894375 0.9792181890625 0.7912557515625 0.8138508484375 0.85333165625 0.82936601875 0.9294101171875001 0.8355865828125 0.954359440625 1 0.887922621875 1 0.8130315687499999
0 0.0260936203125 0.369852534375 0.13704469531250002 0.3619894984375 0.14390231250000002 0.3267101140625 0.14898462031249998 0.29794693906249997 0.1487488046875 0.291194053125 0.146094975 0.2906782015625 0.037325303125 0.30109401562500004 0.0260936203125 0.369852534375
0 0.1364454734375 0.6017212875 0.12165203437500001 0.5095177843750001 0.10498451093750001 0.5071667093750001 0.05778549375000001 0.5013713984375 0.0540638828125 0.5015013609375 0.06386424375000001 0.5965044453125 0.1361328203125 0.6042676359375 0.1364454734375 0.6017212875
0 0.14244099999999998 0.26876659062499997 0.1365615796875 0.20156451875 0.13209080625 0.20172064218750002 0.03350541875 0.2516045078125 0.036393118749999995 0.313163996875 0.14274013125 0.2730489796875 0.14244099999999998 0.26876659062499997
0 0.031941740625 0.3680440203125 0.032139921875 0.36906357968750003 0.0784313015625 0.458042715625 0.1510206125 0.44579295625000004 0.15089597187499998 0.442223709375 0.1033364828125 0.3516188640625 0.0815798828125 0.35584791875 0.031941740625 0.3680440203125
0 0.144158828125 0.47716045625000003 0.15099317968749998 0.4450073671875 0.150827015625 0.4402490765625 0.1498050171875 0.4400318453125 0.053352121875000005 0.44949030624999997 0.037775012499999996 0.515948278125 0.0378899921875 0.5192408625 0.1354022203125 0.51261195625 0.144158828125 0.47716045625000003
0 0.13697541093750001 0.12271150625 0.12967754375 0.053276935937500006 0.12798263906250001 0.05333612343750001 0.0312962609375 0.10744315625 0.035255998437500005 0.178523496875 0.03581638125 0.178503928125 0.13697541093750001 0.12271150625
0 0.057472190624999996 0.1647874640625 0.0333117453125 0.1738901203125 0.0326828453125 0.1828837875 0.029931396875 0.2375656640625 0.14216140625 0.207621621875 0.1425821359375 0.20160489531249998 0.14443009375 0.134910121875 0.14161226093749998 0.1347130796875 0.057472190624999996 0.1647874640625
0 0.1239513203125 0.11125159531249999 0.12402092812500001 0.10726384687499999 0.088463584375 0.0146709421875 0.0769211125 0.01446946875 0.0424466578125 0.0156733421875 0.0415698375 0.0522122515625 0.0406397359375 0.1054976375 0.04078074375 0.10953556718749999 0.1239513203125 0.11125159531249999