0 0.903353125 0.1463 0.8740578125 0.0658125 0.8510765625 0.0371109375 0.7815562500000001 0.061068750000000005 0.8578921875000001 0.1615796875 0.903353125 0.1463
0 0.7055578125 0.0917609375 0.78703125 0.1921359375 0.8560203124999999 0.1654953125 0.7739578125000001 0.06535625 0.7055578125 0.0917609375
0 0.6062109375 0.2603359375 0.5316156249999999 0.161478125 0.45692656249999997 0.1864234375 0.4521140625 0.188175 0.5287359375 0.29138281250000003 0.6062109375 0.2603359375
0 0.5359812500000001 0.15810625 0.6099234375 0.25673124999999997 0.6929515625 0.23262968750000002 0.6136703125 0.1299484375 0.5359812500000001 0.15810625
0 0.6172593749999999 0.12727968750000002 0.69818125 0.23397031250000003 0.7803375 0.2035578125 0.6975671875 0.0975578125 0.6172593749999999 0.12727968750000002
0 0.375796875 0.217715625 0.44986875 0.3238828125 0.5294531250000001 0.29206875 0.4531328125 0.18956718749999998 0.375796875 0.217715625
0 0.29089375 0.2512765625 0.36488125 0.358925 0.4478578125 0.32658906249999997 0.3738015625 0.21827812500000002 0.29089375 0.2512765625
1 0 0.4450765625 0.032840625 0.503271875 0.1174953125 0.4718234375 0.0404015625 0.33999999999999997 0 0.35426875 0 0.4450765625
0 0.0411328125 0.34063125 0.1205640625 0.47432187499999995 0.20779375 0.44338749999999993 0.13075468750000002 0.30980625 0.0411328125 0.34063125
1 0.20887812499999997 0.2804734375 0.2950359375 0.4140578125 0.3763609375 0.38374687500000004 0.28731249999999997 0.24923437499999998 0.20887812499999997 0.2804734375
1 0.130909375 0.3088515625 0.20915625000000002 0.44389218750000003 0.2924859375 0.4114265625 0.20724062499999998 0.28286406249999996 0.130909375 0.3088515625
0 0.9644171874999999 0.314075 0.953115625 0.283021875 0.8652921875 0.173640625 0.7860140624999999 0.204340625 0.8883046875 0.3411375 0.9644171874999999 0.314075
0 0.9514578124999999 0.2784671875 0.9079078125000001 0.158815625 0.8686671875 0.1713390625 0.9514578124999999 0.2784671875
0 0.5333484375 0.3026375 0.45553437499999994 0.3322125 0.5466656249999999 0.469284375 0.631975 0.43458593749999996 0.5333484375 0.3026375
0 0.7852109375 0.21373437499999998 0.7008140625 0.2446890625 0.8061140625000001 0.37543125 0.8841234375000001 0.339740625 0.7852109375 0.21373437499999998
0 0.6163531250000001 0.2753453125 0.53758125 0.30293281250000004 0.6310546875 0.43346093750000003 0.71988125 0.40842812500000003 0.6163531250000001 0.2753453125
1 0.62085625 0.276125 0.722278125 0.4082859375 0.8049203125 0.3774765625 0.6980234375000001 0.24634999999999999 0.62085625 0.276125
0 0.38384375 0.38456875 0.4646921875 0.50641875 0.5462890625 0.47161093750000005 0.45178593749999996 0.333053125 0.372134375 0.364234375 0.38384375 0.38456875
0 0 0.5881640625 0.0285265625 0.6665375 0.1039125 0.6380703125 0.031751562500000004 0.500009375 0 0.5105375000000001 0 0.5881640625
1 0.1243125 0.47748749999999995 0.0371265625 0.5054453125 0.1075140625 0.636759375 0.19496249999999998 0.6025 0.1243125 0.47748749999999995
1 0.296146875 0.41597343750000004 0.2112 0.4456546875 0.2870421875 0.5703484375000001 0.37485625 0.5369265624999999 0.296146875 0.41597343750000004
1 0.20975156250000002 0.445175 0.1251328125 0.4753578125 0.1987453125 0.6035546875 0.28715625 0.57380625 0.20975156250000002 0.445175
1 0.3791328125 0.387228125 0.29832187499999996 0.41686249999999997 0.37498125 0.5361515625 0.4608515625 0.50635625 0.3791328125 0.387228125
0 1 0.44751874999999997 0.994584375 0.440621875 0.9195734375000001 0.46406875000000003 1 0.5811625 1 0.44751874999999997
0 0.25628281249999996 0.7082921875 0.1633015625 0.7383968750000001 0.260475 0.9194281249999999 0.3580890625 0.8850640625 0.25628281249999996 0.7082921875
0 1 0.5863171875 0.91588125 0.4669359375 0.83956875 0.492721875 0.9547703125 0.6677734375 1 0.649328125 1 0.5863171875
0 0.3568078125 0.6721609374999999 0.460978125 0.84878125 0.5563906249999999 0.8146359375 0.44475625 0.6350328125 0.3568078125 0.6721609374999999
1 0.068784375 0.776975 0.16219375 0.9584125 0.2586296875 0.9175984375 0.161228125 0.7406984375000001 0.068784375 0.776975
0 0.730615625 0.5356390625 0.8471796875000001 0.7076328125 0.9361625 0.6764109375 0.8158703125000001 0.5034546875 0.730615625 0.5356390625
0 0.44997968750000006 0.639540625 0.555928125 0.8124734374999999 0.648103125 0.77659375 0.5407625 0.6105765625 0.44997968750000006 0.639540625
1 0.259934375 0.706021875 0.36176718750000003 0.88605625 0.4602578125 0.8496265624999999 0.3562078125 0.67833125 0.259934375 0.706021875
0 0.6324687499999999 0.576021875 0.7522125 0.7451109375 0.8459265625000001 0.7080890625 0.7282968750000001 0.5370765625 0.6324687499999999 0.576021875
1 0.543246875 0.6094265625 0.6373484375 0.7560390625 0.6495421875 0.7743234375 0.7482656249999999 0.7448 0.6297796875 0.5770125 0.543246875 0.6094265625
0 0 0.24488906250000003 0.066603125 0.21988593750000002 0.019753125 0.14270624999999998 0 0.14989687499999998 0 0.24488906250000003
1 0.14889531250000002 0.19419999999999998 0.09695781249999999 0.11460624999999999 0.0206859375 0.1423671875 0.06768437499999999 0.22090468749999997 0.14889531250000002 0.19419999999999998
0 0.2273703125 0.1680140625 0.1728796875 0.0869734375 0.0981765625 0.11416249999999999 0.1491296875 0.19411406250000002 0.2273703125 0.1680140625
0 0.3065578125 0.1387171875 0.2531359375 0.05776250000000001 0.1733234375 0.08681093749999999 0.2274390625 0.1675140625 0.3065578125 0.1387171875
0 1 0.758871875 0.9386703125 0.6777328125000001 0.84949375 0.7095953125000001 0.95911875 0.8649828125000001 1 0.8501031250000001 1 0.758871875
0 0.756221875 0.749765625 0.8616531249999999 0.9004578125 0.957103125 0.8657171874999999 0.8464625 0.7112937500000001 0.756221875 0.749765625
0 0.6597359375 0.78004375 0.7603609375 0.9373250000000001 0.8587671875 0.9015078125 0.75096875 0.7503734375 0.6597359375 0.78004375
0 0.4233828125 1 0.356271875 0.8897078125 0.2648859375 0.9223750000000001 0.30707968750000003 1 0.4233828125 1
0 0.548971875 1 0.457146875 0.8547218750000001 0.3603640625 0.8903890625 0.42736093750000004 1 0.548971875 1
0 0.5881640625 1 0.6588890625 0.9742578125 0.5585375 0.8204125 0.4590515625 0.8544703124999999 0.550284375 1 0.5881640625 1
0 0.5606921875 0.8181671875 0.6590499999999999 0.9742000000000001 0.7583578125 0.9380546875 0.6555140625 0.7816578125 0.5606921875 0.8181671875
0 0.30377187499999997 1 0.2632109375 0.9235796875 0.16457968750000002 0.9623406250000001 0.1833859375 1 0.30377187499999997 1
0 0.4981546875 0 0.5413296875 0.061721875 0.61504375 0.033446875 0.5904015625000001 0 0.4981546875 0
0 0.380765625 0.1099390625 0.3240453125 0.031953125 0.25415625 0.057390624999999994 0.30634843749999996 0.1383171875 0.380765625 0.1099390625
0 0.5914625 0 0.616103125 0.0344390625 0.6922921875 0.0082203125 0.6849609375 0 0.5914625 0
0 0.41183593749999997 0 0.40091406249999995 0.003975 0.4612453125 0.0858140625 0.5386171875 0.05981875 0.49418125 0 0.41183593749999997 0
0 0.4600234375 0.0857125 0.3980796875 0.0050078125 0.3252078125 0.0315296875 0.38256875 0.11105156249999999 0.4600234375 0.0857125