0 0.0860026203125 0.681361665625 0.0453891734375 0.7352186484375001 0.10646713906250001 0.82849333125 0.110516278125 0.8308311015625 0.13195177656249998 0.8033949140625 0.15208626875 0.7762692015625 0.08664365156250001 0.681731765625 0.0860026203125 0.681361665625
1 0.212908878125 0.6910064078125 0.2130127375 0.69082651875 0.1653882625 0.6430327203124999 0.0591708671875 0.69613958125 0.1072886328125 0.7444378921875 0.212908878125 0.6910064078125
1 0.25766581093749996 0.540557884375 0.3387689328125 0.455627128125 0.3326989125 0.45212260156250006 0.269340078125 0.4219335953125 0.191131903125 0.5025572421875 0.19058170000000002 0.5036370781249999 0.25766581093749996 0.540557884375
0 0.2576117484375 0.6198287671875 0.26499567812499997 0.5995415875 0.2798249625 0.5485275859375001 0.1898889625 0.48087807343750005 0.1884983421875 0.48328669687500003 0.16352395625 0.5521910640625001 0.25408012812499997 0.6223485546874999 0.2557963125 0.6229731953125001 0.2576117484375 0.6198287671875
0 0.262633709375 0.6080054765625 0.2217881390625 0.580135178125 0.1984885515625 0.5644194078125 0.10175743125 0.6397763609375 0.1014855828125 0.6402472171875 0.11364126249999999 0.64854285625 0.168307709375 0.6854158406249999 0.26073915468750003 0.611286940625 0.262633709375 0.6080054765625
0 0.3426600546875 0.4841912921875 0.3665552078125 0.40967300937499995 0.2647831109375 0.3485608328125 0.24387068125 0.42149114374999996 0.34022717187499996 0.4834936734375 0.3426600546875 0.4841912921875
0 0.3469360859375 0.4103096046875 0.42145424218749994 0.3168944890625 0.34732617499999996 0.2812292609375 0.27252661875 0.375466928125 0.33568773125 0.405301515625 0.3469360859375 0.4103096046875
1 0.5196237328125 0 0.44288024843749996 0.10417785156249999 0.5174646125 0.14116509375 0.5965585984375 0.030237740625 0.5984348609375 0.026390832812499997 0.5942740296875 0.0239885765625 0.543879528125 0 0.5196237328125 0
1 0.464359721875 0.0536272515625 0.46218495 0.052371646875 0.45736910000000003 0.058110953124999996 0.40844123750000005 0.11740544374999999 0.4968446328125 0.22570395 0.4969865234375 0.22582301093749998 0.499161296875 0.22707861718750003 0.5010736859375 0.2247995203125 0.5535680328125 0.159942790625 0.46466083906250005 0.053879920312499996 0.464359721875 0.0536272515625
1 0.44800896718749994 0.35616482656250004 0.47005645156250003 0.29461241562499996 0.473438821875 0.2842025546875 0.3479686125 0.2070760890625 0.3472237984375 0.2083661421875 0.3357660703125 0.242730940625 0.3226856078125 0.2829884640625 0.4414208484375 0.35402421875 0.44800896718749994 0.35616482656250004
1 0.452674728125 0.294059003125 0.45846616874999996 0.29740269218750004 0.51104555 0.2375078625 0.419348403125 0.1276601859375 0.37276175624999996 0.1855845765625 0.452674728125 0.294059003125
0 0.28768238749999997 0.886859896875 0.2890367984375 0.8872739828125 0.2897493875 0.8860397437499999 0.313909403125 0.8070158890625001 0.18408418124999998 0.71985091875 0.1596549765625 0.7943186828125001 0.28768238749999997 0.886859896875
0 0.2789163078125 0.801761534375 0.20750213281250002 0.77039236875 0.15357056875 0.8773391437500001 0.1848959515625 0.8954248625 0.19504268125 0.9003737515625 0.282375759375 0.8092781421874999 0.284476221875 0.8049715515625 0.2789163078125 0.801761534375
0 0.4020483671875 0.5951256921875 0.487748171875 0.4758291859375 0.48857530625 0.47378195312500004 0.4183269046875 0.44424406406249994 0.323523625 0.561874890625 0.3583766359375 0.5774811671875 0.4020483671875 0.5951256921875
0 0.3154285265625 0.8228121703125 0.356890575 0.7509977953125 0.260676834375 0.6432849625 0.2597279484375 0.642737121875 0.21506818125 0.70757406875 0.3154285265625 0.8228121703125
0 0.376794628125 0.67965386875 0.3832412125 0.68337580625 0.431277409375 0.6281164859375 0.35180359375000003 0.49597929531249996 0.3008866984375 0.564134028125 0.376794628125 0.67965386875
0 0.3560406640625 0.7524698828124999 0.3940130546875 0.686699775 0.2949970140625 0.571629659375 0.25379939687499997 0.6417288140624999 0.3536973015625 0.7511169421874999 0.3560406640625 0.7524698828124999
0 0.419032978125 0.3595259796875 0.3756591640625 0.42537990312499996 0.47344240156249995 0.5279682343750001 0.4837326734375 0.533909325 0.5187010140625 0.48412559374999997 0.52809575625 0.4690908625 0.4350228859375 0.373917878125 0.419032978125 0.3595259796875
0 0.6695623109375 0.155910365625 0.7310788640625 0.056063175 0.691377909375 0.03314181875 0.654038753125 0.0165173546875 0.5935899171875 0.12282568125 0.6046770046875001 0.1292268140625 0.6695623109375 0.155910365625
1 0.6181872734375 0.2319052375 0.7083250546875 0.136045421875 0.710582621875 0.1321352015625 0.6405129921875 0.0869912125 0.5481965546875001 0.18084905 0.604040859375 0.22199981093750001 0.6181872734375 0.2319052375
0 0.6223397140625 0.3043391875 0.626147928125 0.300255378125 0.6276916171875 0.2975816296875 0.568100140625 0.2434257390625 0.45823922812499995 0.317178328125 0.5207236640625 0.3771650265625 0.6223397140625 0.3043391875
1 0.5778290671875 0.1625028578125 0.5156257765625 0.2798856578125 0.5231689078125 0.2842406875 0.593449215625 0.30707614375 0.6579467250000001 0.1911922328125 0.6593680546875 0.186817828125 0.5778290671875 0.1625028578125
0 0.422744884375 0.40848702968749995 0.491543421875 0.4482078828125 0.5800430750000001 0.35823632656250004 0.582287896875 0.3543481828125 0.5101230421875 0.314115253125 0.422744884375 0.40848702968749995
0 0.5327280484375 1 0.41615505312499995 0.873949484375 0.37680172968750003 0.9420222562499999 0.374402925 0.9463498156249999 0.43081588281250005 1 0.5327280484375 1
0 0.7433606921875 0.3016166359375 0.8678922984374999 0.42733602187499997 0.8764184359374999 0.43225859062499994 0.9002164734375 0.400677528125 0.927534271875 0.3615939890625 0.7999694500000001 0.22482641874999998 0.7433606921875 0.3016166359375
0 0.49077935000000006 0.9985731234375 0.59442179375 0.8415224171875 0.5957330921875 0.8379196515625 0.52625820625 0.81443441875 0.417271615625 0.96863748125 0.49022868906249994 0.9983726984375 0.49077935000000006 0.9985731234375
0 0.8389276609375 0.459599096875 0.8407192 0.45673203593749995 0.8435964828125 0.45174843437499995 0.7729462453125 0.4025158984375 0.638961121875 0.5416067765625 0.7180905390625 0.5910523234375 0.8389276609375 0.459599096875
1 0.9829595140625 0.21661458281249998 0.9861981046875 0.21100517812500003 0.9349297515625 0.1737565390625 0.906709159375 0.1574633734375 0.7844211578125 0.28731465156249997 0.81372201875 0.3097312890625 0.8580979109375001 0.3419722609375 0.9829595140625 0.21661458281249998
0 0.6550384874999999 0.7543325703125 0.574986771875 0.7230598109375 0.4632497921875 0.8757105671875 0.47214152968749995 0.8808442140625001 0.507179878125 0.8954856515625 0.54022895 0.9088383453125 0.6536479078124999 0.7577743781249999 0.6550384874999999 0.7543325703125
0 0.6348781812500001 0.6409971109375 0.6685729640625 0.6645904515625001 0.7995397546875 0.540556925 0.8017996078125 0.536642746875 0.7289996921874999 0.489891628125 0.5955228499999999 0.6102606234375 0.5946588 0.6114946140625 0.6348781812500001 0.6409971109375
1 0.7100951671875 0.3732706875 0.8084881562499999 0.521016846875 0.8087762640625 0.5213049546875 0.8139152781250001 0.524271965625 0.8556281921875 0.48298932499999997 0.8806503921875001 0.457967125 0.7707641515625 0.30364663125 0.7100951671875 0.3732706875
0 0.6538140984374999 0.8413226843749999 0.6847498062499999 0.786750746875 0.69845596875 0.760973203125 0.5609666390625 0.631009915625 0.5131358359375 0.7135053328125001 0.6498261046875 0.8392022296875 0.6538140984374999 0.8413226843749999
1 0.5732869734375 0.61770581875 0.584033621875 0.6347537265625001 0.6699999015625 0.7659419109375001 0.672529171875 0.7674021859375 0.731327415625 0.7076375968749999 0.6357173140625 0.5465422015625 0.63501311875 0.5458621671875 0.5732869734375 0.61770581875
0 0.27008648125 0 0.325622125 0.060129604687500005 0.3261338859375 0.06042506875 0.371667440625 0 0.27008648125 0
1 0.2522323796875 0 0.222200278125 0.0642764890625 0.301673103125 0.1290880390625 0.3025399546875 0.12951083125 0.3042609890625 0.1265299125 0.33504725468749996 0.05806939531250001 0.2578680578125 0 0.2522323796875 0
0 0.23378047343750002 0.185538590625 0.30432156718750003 0.12329998906249999 0.3090931453125 0.11503537187499999 0.2506174203125 0.0757650328125 0.1716322578125 0.14206043125 0.192289528125 0.157068815625 0.23378047343750002 0.185538590625
0 0.202891684375 0.261708309375 0.20813785 0.264737184375 0.25917946718749996 0.21000175312499997 0.2025691765625 0.12309882812499999 0.1523564515625 0.1853741703125 0.202891684375 0.261708309375
0 0.7182442124999999 1 0.7849530515625001 0.8857734953125 0.7004964765625 0.8636738656249999 0.614731225 1 0.7182442124999999 1
0 0.70479975625 0.958123603125 0.8479210453125001 0.850508071875 0.8491903046875 0.8483096515625 0.78178029375 0.78956055 0.6308953546875 0.900375990625 0.6311708984375 0.9005984343750001 0.70479975625 0.958123603125
0 0.749140403125 1 0.7527061046875 0.9966751875 0.7574945921875 0.9883812843750001 0.6791683765625 0.944824753125 0.6218309765625001 1 0.749140403125 1
0 0.7012198374999999 0.761492225 0.8196770953125 0.9010720078125001 0.822244725 0.9025544296874999 0.838439171875 0.8810636703125001 0.8730336031249999 0.8317073687500001 0.758412240625 0.6818830625000001 0.7012198374999999 0.761492225
0 1 0.38988450625 0.9630282265625001 0.34157207343749996 0.9012486375 0.4062842890625 1 0.5493379375 1 0.38988450625
0 1 0.52712559375 0.8941161078125001 0.4334552484375 0.8928314046875 0.43271352343749997 0.853984075 0.499381596875 0.8451635124999999 0.5146592609375 0.98712668125 0.64412203125 0.9883282078125 0.6448157328125 1 0.6245995953125 1 0.52712559375
0 1 0.5918843296875 0.9290816109375 0.532376734375 0.7779608984374999 0.649807603125 0.7769623718750001 0.6515371015625 0.793030578125 0.66501993125 0.8514732171875 0.7121845234374999 1 0.6010220359375 1 0.5918843296875
0 0.8811567203124999 0.822868 0.928458325 0.7578884109375 0.9353034499999999 0.7460323078125 0.8036305499999999 0.5977197375000001 0.803306390625 0.597532584375 0.747171090625 0.6777021000000001 0.8811567203124999 0.822868
0 1 0.2841165609375 0.9785612203125 0.2701925421875 0.967694390625 0.293496534375 0.937947821875 0.3652167859375 1 0.40335456562500005 1 0.2841165609375
0 0 0.441697134375 0.062804978125 0.525205003125 0.0639335234375 0.52608671875 0.068253371875 0.5285807859375 0.086740759375 0.5063305546875 0.1105515890625 0.47585408124999995 0.04527318125 0.384438475 0 0.440387009375 0 0.441697134375
0 0.22811740625 0.238165396875 0.16114621406250002 0.20991873593750002 0.1070149875 0.28754375468750004 0.11592923125000001 0.2926903953125 0.15379901875 0.30799078125 0.16951658593750002 0.3140150609375 0.2271563640625 0.24054405937499998 0.22811740625 0.238165396875
0 0 0.5432150890624999 0.024800907812500002 0.5937044734375 0.027215065625 0.5950982875 0.072589421875 0.5447049609375 0.075405525 0.5414649140625001 0.0146148453125 0.4454264078125 0 0.46303900000000003 0 0.5432150890624999
0 0.026705968749999996 0.40563604375000006 0.026171028125000002 0.40652633437499996 0.0686443109375 0.434964165625 0.069618778125 0.435549684375 0.0879272890625 0.4461201078125 0.1625775453125 0.378182834375 0.164826315625 0.37428785000000003 0.10063829375 0.3378555921875 0.026705968749999996 0.40563604375000006
0 0.08166315625000001 0.32144096875 0.143535346875 0.39162289375000003 0.1482075109375 0.39432036875 0.16694597656250001 0.363134325 0.1847196625 0.3312347484375 0.11730739999999999 0.259224153125 0.08166315625000001 0.32144096875
0 0 0.6178008796875 0.0639376203125 0.586532196875 0.065559078125 0.58372375 0.022731334375000002 0.5391888796875 0 0.5476225718750001 0 0.6178008796875