0 0.3329423484375 0 0.32328893281250004 0.0079335703125 0.36120058125 0.10830335625000001 0.36669312187499997 0.11419338593749999 0.4168856390625 0.0735771109375 0.3912381625 0 0.3329423484375 0
0 0.4079595875 0.019670045312500002 0.4075929703125 0.020011921874999998 0.366776540625 0.073966646875 0.434508021875 0.171295925 0.47528075156250005 0.117387984375 0.4079595875 0.019670045312500002
0 0.510331090625 0.2880733359375 0.5678912859375 0.3378051203125 0.6652516671875001 0.271339003125 0.6615826203124999 0.26836786875 0.60397381875 0.22420027187499997 0.5121334265625 0.2858476359375 0.510331090625 0.2880733359375
0 0.45689433749999997 0.20691061249999998 0.45374572031250004 0.20984674375 0.498533871875 0.269282628125 0.6089741953125001 0.2307505546875 0.5569063843750001 0.1704110140625 0.45689433749999997 0.20691061249999998
0 0.514007228125 0.11278051874999999 0.3965016609375 0.13717719374999998 0.3955378296875 0.13807598125 0.4335387546875 0.20663146562499998 0.5527242734375 0.183637128125 0.5527681796875 0.18361279218749998 0.514007228125 0.11278051874999999
0 0.6665873906249999 0.283013153125 0.5606421828125 0.3302184453125 0.5587123578125001 0.332018034375 0.6058992859375001 0.3902890375 0.7125125421875 0.34669428125 0.7139455953125 0.3453579375 0.6665873906249999 0.283013153125
0 0.61379548125 0.418621746875 0.6741959453125 0.458273340625 0.6822504984375 0.4633063828125 0.7690914 0.38112674687500003 0.7006483828125 0.335491978125 0.61462238125 0.41729842968749997 0.61379548125 0.418621746875
1 0.8268346703124999 0.6717844984375 0.8278284390625 0.672850184375 0.8930976734374999 0.7185521953125 0.9921865734375 0.620760578125 0.924306546875 0.5725611453125 0.8268346703124999 0.6717844984375
0 0.93753960625 0.567116334375 0.9350834890625 0.5651274078124999 0.86890740625 0.513450390625 0.7655970546875001 0.6031662703125 0.7633259734375 0.6059708203125 0.7672129437499999 0.6101390859375 0.7696510859375 0.6121134546875 0.8289093515625 0.6592974593750001 0.9367643859375001 0.5680736515625 0.93753960625 0.567116334375
1 0.6519647328125 0.476626353125 0.649430440625 0.479250690625 0.6671235984375 0.49822428125 0.705268759375 0.535060634375 0.8266034453125 0.45593585625 0.772253059375 0.4002272546875 0.6519647328125 0.476626353125
1 0.860123403125 0.5563778 0.7829884875 0.43693518750000004 0.751733240625 0.46608117499999996 0.7291982140625 0.48798898749999997 0.79599845625 0.60664185 0.799517821875 0.61041590625 0.860123403125 0.5563778
0 0.34900173125 0.20398785468749997 0.281675171875 0.0605199984375 0.22835874375 0.110238371875 0.22023547031250001 0.11808292812500001 0.28978159375 0.253856509375 0.29235070625000004 0.2565169015625 0.34900173125 0.20398785468749997
0 0.3295586890625 0.08811794843750001 0.32469458125 0.08290183125 0.2672006734375 0.033425153125 0.2311203515625 0.06707059843749999 0.1572942296875 0.146239421875 0.1658780265625 0.15544441874999998 0.18422453125 0.1693691625 0.3295586890625 0.08811794843750001
0 0.602249646875 0.4037024859375 0.5562246578125001 0.3466190703125 0.5486538046875 0.3379098015625 0.4184411484375 0.40513892656249995 0.4156195921875 0.4077700703125 0.44501029843750006 0.44255625624999995 0.4648606703125 0.46539149531249996 0.6019265953125 0.40398331093750006 0.602249646875 0.4037024859375
0 0.38375275625 0.1660895203125 0.2463694625 0.230305609375 0.299505615625 0.28728715625 0.3026735015625 0.2905675984375 0.43297996093749996 0.22765185312499997 0.433768128125 0.22689072812500002 0.38375275625 0.1660895203125
0 0.3643762546875 0.3252318578125 0.35928278593749996 0.32998159375 0.40372919218750003 0.3978061453125 0.5470021109375 0.363914465625 0.5088871390625 0.297076940625 0.3643762546875 0.3252318578125
0 0.30444563125 0.2721591609375 0.30105575625 0.2753202703125 0.3453208109375 0.34094590937499997 0.49065129531249996 0.2981627328125 0.44922632656249994 0.2341456453125 0.30444563125 0.2721591609375
0 0.5519516109375 0.37588489062499997 0.51967231875 0.405897046875 0.49332213437499994 0.433183459375 0.563981675 0.54469354375 0.5726281390625 0.5565896453125 0.57747039375 0.56126575625 0.6327477125 0.5066984984375 0.5525348125 0.3764480796875 0.5519516109375 0.37588489062499997
0 0.765044503125 0.7762720453124999 0.7747641359374999 0.794311103125 0.8069159046875001 0.85231443125 0.8971601484375 0.8133058999999999 0.9317485734375 0.781051671875 0.8975705625 0.7233643843750001 0.7693500078125 0.77351665 0.766019671875 0.7753626859375 0.765044503125 0.7762720453124999
1 0.794198921875 0.8063254734375 0.8587203296875 0.750996390625 0.7848870515625 0.6405475515625 0.7831354921875 0.638669234375 0.7618190375 0.6578626562500001 0.7223088390625 0.696294575 0.7883347640625 0.800036934375 0.794198921875 0.8063254734375
1 0.70789415 0.5388159671875 0.587561153125 0.5871273859375 0.585764425 0.5888028640625 0.6350621234375 0.6592072734375 0.7538683328125 0.607232265625 0.7558150578125 0.6054169125 0.70789415 0.5388159671875
1 0.6453818296875 0.6464405390625 0.643816209375 0.6479005046874999 0.6847657468749999 0.7188271828125 0.8141551124999999 0.674524778125 0.7693572828125 0.6011208703124999 0.6453818296875 0.6464405390625
0 0.587335671875 0.6001173484375 0.6965132703125 0.5251587234375 0.6963048609375 0.5249352296875001 0.63248935 0.4711208421875 0.5334105328125001 0.5436451828125 0.5287821140625 0.5489695703125 0.587335671875 0.6001173484375
0 0 0.29675458906249996 0.058801415625 0.4323902796875 0.06323408593749999 0.4371437375 0.116491478125 0.39145349218750003 0.060145946875 0.2346301765625 0.006430434375 0.2765973359375 0 0.2825938125 0 0.29675458906249996
0 0.6034137171875 0.7864711140625 0.45987502812500003 0.8986402359375001 0.457544296875 0.9012287718750001 0.46258229999999995 0.9066313687499999 0.502783375 0.9428285796875 0.5276128124999999 0.9647164874999999 0.6724797125 0.844325790625 0.6034137171875 0.7864711140625
0 0.0125682125 0.4322777359375 0.06165925 0.46560791874999996 0.0775574890625 0.4755422421875 0.2139105265625 0.341183159375 0.15004521875000001 0.303296978125 0.015387225 0.42776637187500005 0.0125682125 0.4322777359375
0 0.3286901109375 0.768147396875 0.3781793625 0.8094838046874999 0.39594182187500004 0.822868778125 0.541267290625 0.6962221140625 0.46635692500000003 0.6404015140625 0.333517884375 0.7617407265625 0.3286901109375 0.768147396875
1 0.6279322406250001 1 0.7372148765625 0.9324578265625 0.6813790875 0.8599069328125 0.5289675015624999 0.94830515 0.5220428734375 0.9539126046874999 0.5556228562500001 1 0.6279322406250001 1
0 0.20563590625 0.5753605984375 0.2624019859375 0.5108325046875 0.1573055859375 0.3538217953125 0.14236540312499998 0.367753740625 0.1235660203125 0.38814175781250004 0.09971514375 0.41463083593750005 0.2028772703125 0.5728767140625 0.20563590625 0.5753605984375
0 0.2652062984375 0.7005319515624999 0.3111211828125 0.7367432875000001 0.3367268765625 0.7560385625 0.47519776875 0.6337771484375 0.47412230937500005 0.632623859375 0.47093026250000003 0.63021848125 0.4033658625 0.5834206671875 0.26726236718749996 0.6978034546874999 0.2652062984375 0.7005319515624999
1 0.5840642421875 0.8317143937499999 0.46102536250000004 0.69820095 0.4600472015625 0.697490275 0.45660697812500006 0.700698334375 0.4026191578125 0.77500619375 0.5348306218750001 0.9097648953125 0.5356313765625 0.909018178125 0.5840642421875 0.8317143937499999
0 0.1328427484375 0.567020065625 0.1832378015625 0.604375828125 0.20715284218750002 0.62112131875 0.3529031375 0.5004953546875 0.27685173750000003 0.4429674140625 0.13543341250000002 0.563320215625 0.1328427484375 0.567020065625
1 0.3563249421875 0.52776793125 0.3378057765625 0.5357153875 0.19640669375 0.5993707109375 0.19304582812499999 0.60250476875 0.2427774015625 0.669794203125 0.416846159375 0.600562090625 0.41762798281249996 0.599972946875 0.3563249421875 0.52776793125
1 1 0.376319028125 0.9754912125 0.34715435625 0.9680750187499999 0.35407006875 0.9550188796875 0.370193059375 0.92836999375 0.40424870625000003 0.9893953906249999 0.48291615468750004 0.9923206546875001 0.48528498750000004 0.99419065 0.4835411890625 1 0.47589129999999996 1 0.376319028125
0 0.9408504125 0.4307322046875 0.9412449437499999 0.4303642984375 0.9832897828125 0.3722474421875 0.9203682234375 0.2917349171875 0.91611809375 0.2956982265625 0.9040711421875001 0.31111762187499997 0.8741707 0.3515897109375 0.936321115625 0.4271935296875 0.9408504125 0.4307322046875
0 0.931350065625 0.3257159703125 0.88270329375 0.234535975 0.8823978374999999 0.23420841406249998 0.8270325921874999 0.2917830421875 0.8715901046875001 0.37382858125 0.874477159375 0.3769245671875 0.931350065625 0.3257159703125
0 0 0.6648803796875 0.001131690625 0.6660939703125 0.07730212187499999 0.61383185625 0.0181376234375 0.43918704999999997 0.0179384375 0.4389734484375 0 0.451073078125 0 0.6648803796875
0 0 0.676675978125 0.0273993359375 0.70140953125 0.030758803125 0.7041299750000001 0.183360934375 0.596101921875 0.122715596875 0.5453699484375 0.111527978125 0.53631039375 0 0.617162440625 0 0.676675978125
0 0.0222113140625 0.704736528125 0.059286814062500005 0.7444951343749999 0.089883 0.774766271875 0.2497010015625 0.67751788125 0.186111275 0.6160518875000001 0.0222113140625 0.704736528125
0 0.45207644062499996 1 0.5114642546875 0.9475955421875 0.5094986203125 0.9454876562500001 0.44287916093749996 0.8902343359374999 0.3054652046875 1 0.45207644062499996 1
0 0.374658428125 1 0.4163935828125 0.9637201828125 0.3242101796875 0.794902415625 0.32350899375000003 0.7941504859374999 0.3086282375 0.8068889 0.249556903125 0.8582388265625 0.329769259375 1 0.374658428125 1
0 0.1567391734375 0.839323940625 0.1508009828125 0.8448613953124999 0.2122286 0.9207181859375 0.38431808749999996 0.8336025046875 0.3218824453125 0.759446365625 0.1567391734375 0.839323940625
0 0.09606010937500001 0.7999670937500001 0.1321771578125 0.8386978859375 0.16507054999999998 0.86092870625 0.3100451796875 0.7228766125 0.2278635375 0.66950723125 0.09606010937500001 0.7999670937500001
0 0.7018680140625 0.0380621296875 0.6051221046874999 0.0750953296875 0.5991671046875 0.08064845781249999 0.6150359078125 0.10393105 0.63776861875 0.1352199421875 0.7436361078125 0.097667865625 0.7018680140625 0.0380621296875
0 0.8265592921874999 0.1980416109375 0.7615036671875 0.26110756875 0.7591596703125 0.26471700781249996 0.7613341890624999 0.2670488921875 0.8140782984375001 0.30130131875 0.8149133609374999 0.3018225359375 0.88752314375 0.238959325 0.8265592921874999 0.1980416109375
0 0.5779405875 0 0.5624661718749999 0.022099756249999998 0.6314554078125 0.10628889374999999 0.634846853125 0.108663609375 0.66749264375 0.057784685937500004 0.62973591875 0 0.5779405875 0
0 0.7056278203125 0.1974824515625 0.7940379234375 0.1371629453125 0.79347005625 0.13655398125 0.7345234953124999 0.09119398281249999 0.6567870515625 0.144649334375 0.6524857265625 0.14996102656250002 0.7056278203125 0.1974824515625
0 0.72689678125 0.1754422328125 0.759300840625 0.2625773328125 0.7641817046875 0.26781141875 0.8195985390624999 0.2215176625 0.7828250062500001 0.13100523125000002 0.7486639453125 0.157694778125 0.72689678125 0.1754422328125
0 0.5362795640625 0 0.5670182171875 0.0628538234375 0.5684608328125 0.0642964375 0.6138651609375 0.0206325625 0.606210146875 0 0.5362795640625 0