0 0.7375 0.3171875 0.10625 0.1625
0 0.57421875 0.28671875 0.0953125 0.1359375
0 0.65 0.30390625 0.1 0.1421875
0 0.48828125 0.275 0.1140625 0.146875
0 0.24453125 0.22890625 0.1171875 0.1546875
0 0.96171875 0.37109375 0.0765625 0.1609375
0 0.821875 0.34375 0.10625 0.1625
1 0.41640625 0.26640625 0.1046875 0.1515625
0 0.8984375 0.3609375 0.103125 0.159375
1 0.33046875 0.25546875 0.1046875 0.1578125
1 0.15546875 0.2265625 0.1109375 0.140625
0 0.58828125 0.4328125 0.1046875 0.1625
0 0.49765625 0.4171875 0.1109375 0.15
1 0.32890625 0.38671875 0.1046875 0.1359375
0 0.67265625 0.45546875 0.1140625 0.1640625
0 0.84140625 0.4890625 0.1109375 0.165625
1 0.24140625 0.3734375 0.1109375 0.15
1 0.4109375 0.4078125 0.10625 0.14375
0 0.9296875 0.509375 0.115625 0.175
1 0.7515625 0.47734375 0.11875 0.1515625
0 0.06953125 0.34765625 0.1078125 0.1453125
1 0.15625 0.36640625 0.1125 0.1453125
0 0.23984375 0.03046875 0.0921875 0.0609375
0 0.1625 0.0234375 0.0875 0.046875
0 0.96796875 0.14375 0.0640625 0.128125
0 0.5515625 0.0640625 0.09375 0.128125
0 0.47421875 0.05703125 0.0953125 0.1140625
0 0.803125 0.77265625 0.115625 0.1796875
0 0.89296875 0.796875 0.1171875 0.16875
0 0.70390625 0.76328125 0.1171875 0.1734375
1 0.31875 0.0453125 0.103125 0.090625
0 0.625 0.08046875 0.09375 0.1390625
0 0.84921875 0.12421875 0.0921875 0.1390625
0 0.396875 0.05390625 0.1 0.1078125
0 0.61171875 0.74921875 0.1265625 0.1796875
1 0.0578125 0.64765625 0.115625 0.1921875
1 0.521875 0.74375 0.128125 0.16875
1 0.24140625 0.690625 0.1234375 0.178125
0 0.14609375 0.67578125 0.1296875 0.1765625
0 0.33125 0.71328125 0.134375 0.1828125
0 0.42890625 0.73828125 0.1171875 0.1828125
0 0.7 0.0953125 0.1 0.140625
0 0.77578125 0.11015625 0.0953125 0.1390625
1 0.915625 0.1375 0.1 0.140625
0 0.73203125 0.93125 0.1203125 0.1375
0 0.82578125 0.93984375 0.1328125 0.1203125
0 0.43984375 0.9046875 0.1265625 0.190625
0 0.63515625 0.9234375 0.1265625 0.153125
0 0.2375 0.86796875 0.134375 0.1921875
0 0.34296875 0.88984375 0.1328125 0.1921875
0 0.540625 0.9171875 0.13125 0.165625
0 0.1375 0.85234375 0.125 0.1859375
0 0.05234375 0.83125 0.1046875 0.1875