0 0.9441841515625 0.41641576875 0.9958718624999999 0.373075175 0.9573415593749999 0.2684515640625 0.953922084375 0.2652628515625 0.9268641765625001 0.2871739140625 0.901143771875 0.3090751203125 0.9436428046875 0.41591095468750006 0.9441841515625 0.41641576875
0 0.8828053109375 0.44939263125 0.9711547203125 0.37030455624999997 0.9126796562499999 0.336405465625 0.8238265984375 0.4151938390625 0.8828053109375 0.44939263125
0 0.7802915015624999 0.5954820875 0.7239788890625001 0.4952187765625 0.7219541234375 0.493330653125 0.7192842171875 0.49609542187500005 0.6702637546875 0.5496355453125 0.72510504375 0.649098209375 0.7802915015624999 0.5954820875
0 0.7919525796875 0.4368276671875 0.7888298625 0.43391568593749996 0.7310927078125 0.48067031250000003 0.7734556203125 0.58969860625 0.8319412625 0.53555669375 0.7919525796875 0.4368276671875
0 0.9190497609375001 0.4463888 0.8612085468749999 0.39245099375 0.7592927828125 0.4487575953125 0.755531434375 0.452791146875 0.8129877437499999 0.5069571421875 0.9190497609375001 0.4463888
0 0.7474144015624999 0.6107430890625001 0.68362506875 0.564772215625 0.594054628125 0.6426785296874999 0.6569531796875 0.6851041390625 0.746697021875 0.6118066484375 0.7474144015624999 0.6107430890625001
0 0.6768346796875 0.6988539546875 0.6007740734375 0.6063230859375001 0.5504761234375 0.671416059375 0.6271027703125001 0.7641741796875 0.6768346796875 0.6988539546875
1 0.3921136078125 1 0.44671754375 0.9549162093750001 0.38007917812500003 0.8328067812500001 0.3153214625 0.8852465453124999 0.3802727546875 1 0.3921136078125 1
0 0.35765990468750003 0.8906957578125001 0.4302679625 0.9309204328125 0.51996594375 0.8241307734375001 0.5170566562500001 0.82141781875 0.4467654953125 0.780835196875 0.357923984375 0.8838482734375 0.3552617328125 0.8884594265624999 0.35765990468750003 0.8906957578125001
1 0.621457665625 0.7602702265625 0.5341786953125001 0.6529086093750001 0.528720021875 0.648643825 0.48694999687499996 0.6989434875 0.48021122656250004 0.707568721875 0.5719263578125 0.8231974078125001 0.5953971671875 0.7936261421874999 0.621457665625 0.7602702265625
1 0.46937172812499994 0.7149755156250001 0.46321529687499996 0.71127635625 0.4602178484375 0.714490728125 0.426134725 0.7739826187500001 0.52681135625 0.873335978125 0.5708386062499999 0.8036342921875 0.46937172812499994 0.7149755156250001
0 0.8834291921874999 0.3153294 0.8409844812499999 0.1684926296875 0.8382101078125 0.165905484375 0.8178032828124999 0.1785769421875 0.7736214140625 0.20726898437500002 0.8126174703125001 0.36206459999999996 0.8834291921874999 0.3153294
0 0.777323665625 0.2461369421875 0.8055102171874999 0.26753014531249997 0.9155710609375 0.2059990015625 0.8616456203125 0.155712715625 0.777323665625 0.2461369421875
0 0.668300075 0.5240798859375 0.567621065625 0.416617215625 0.56465695625 0.4149058859375 0.5283129 0.4727947859375 0.5204878796875 0.4863481171875 0.6291932546875 0.5902022921875 0.6585598828125 0.54095039375 0.668300075 0.5240798859375
0 0.7673979421875 0.41945022343750005 0.8260685578125001 0.3610675015625 0.7616428281250001 0.2333745359375 0.7588547609375 0.23077462031249998 0.7087970265625 0.2734387140625 0.7001408453125 0.282094896875 0.767185321875 0.41923760468750004 0.7673979421875 0.41945022343750005
0 0.6331258562500001 0.5100737609375 0.7411785656250001 0.41511752343749997 0.735399140625 0.409728121875 0.6779104375 0.372394521875 0.5626484953124999 0.46581434843749997 0.5599799156249999 0.4699236 0.6331258562500001 0.5100737609375
0 0.6144944875 0.38409287812500004 0.6109364453125 0.387908409375 0.6665800625 0.444419128125 0.8018449343749999 0.37429351093749996 0.7475676609375 0.3200162375 0.6144944875 0.38409287812500004
0 0.602885546875 0.5241016671875001 0.57850295625 0.4950436265625 0.46021780312500005 0.5536601078125 0.44748306875 0.5610157250000001 0.44698540937500003 0.561433309375 0.44279411875 0.5659279203125 0.4908167 0.6260210015625 0.628738125 0.5598623921875 0.629359190625 0.55934125625 0.602885546875 0.5241016671875001
0 0.24910955625 0.7965029484375 0.1803872046875 0.885619978125 0.21123775 0.9143885765625 0.2499775390625 0.9367550031249999 0.32115266249999996 0.8374241609374999 0.3159558375 0.8325780437500001 0.24910955625 0.7965029484375
1 0.2758868046875 0.8757345796875 0.38137609375000003 0.7910338593749999 0.35704103125 0.768341046875 0.3184914171875 0.7350746 0.2237246640625 0.8077243328125 0.215458875 0.8165883046875001 0.2758868046875 0.8757345796875
1 0.44158033437500005 0.6122471828125 0.341661084375 0.674379821875 0.33188086875 0.6848678171875 0.38956528437500004 0.7442515875 0.500948215625 0.6701696734375 0.49856897812499995 0.6677904359375 0.44158033437500005 0.6122471828125
1 0.3274498296875 0.806133 0.4413168984375 0.7347595140625 0.4415171921875 0.7345447265625 0.386209028125 0.6731187859375 0.2735507171875 0.7405460640625 0.26952208125 0.7448662484375 0.3274498296875 0.806133
0 0.44824376250000003 0.5378331000000001 0.443677528125 0.5351967828124999 0.4415902 0.5374351671875 0.40300168437500006 0.6066504703125 0.49840430468749997 0.6949830734375 0.5382438890625 0.6263608546875 0.44824376250000003 0.5378331000000001
0 0.5679438625000001 0 0.6587189796875 0.1544880875 0.6605780796875 0.1562217265625 0.7088943265625 0.10325905937499999 0.656818065625 0 0.5679438625000001 0
0 0.22431646875000003 0.6136865031250001 0.088926215625 0.49180645 0.086207734375 0.49010775625 0.082914153125 0.4936396890625 0.0528601484375 0.54173615 0.035616353125 0.5699891671875 0.17933391875 0.6917495890625001 0.22431646875000003 0.6136865031250001
0 0.64146993125 0.027598928124999998 0.4779714828125 0.1203959171875 0.47524282187500005 0.12332204843750001 0.5262608156249999 0.1755606515625 0.6933753078125 0.08764359375 0.641869584375 0.028027503125 0.64146993125 0.027598928124999998
0 0.37155621875 0.42757058125 0.32460715156250003 0.37917250468749997 0.3094180296875 0.3650084203125 0.1617121765625 0.46870674531249995 0.1534684515625 0.47754705781249995 0.22025452343750002 0.5391586359375 0.37155621875 0.42757058125
1 0 0.7174061875 0.0104018015625 0.727106025 0.0408063421875 0.7491962171875 0.16708503125000002 0.6224158234375 0.09905917343750001 0.567482053125 0.091661521875 0.5621073453125 0 0.6594379531250001 0 0.7174061875
0 0.57633579375 0.10768431406250001 0.40430615000000003 0.1810638234375 0.40050158593749996 0.18514372031249998 0.4533453734375 0.251194334375 0.627669146875 0.174320390625 0.5982807859375 0.13577262031249998 0.57633579375 0.10768431406250001
0 0.370286746875 0.4815666 0.4055315609375 0.42115920781250005 0.4158048734375 0.40262565937500006 0.2754917265625 0.2825434015625 0.274611265625 0.28348758125 0.26966855624999997 0.2924044640625 0.23540771562499999 0.360500796875 0.36972910937500003 0.48125749687499997 0.370286746875 0.4815666
1 0.250395590625 0.4352811890625 0.08662019531250001 0.5240313624999999 0.084756896875 0.52602950625 0.145871128125 0.5940665 0.308126596875 0.5125952296875 0.30978663906250004 0.5112982640625 0.250395590625 0.4352811890625
0 0.522354090625 0.308568703125 0.45762736718749997 0.1345158640625 0.4558 0.1319061109375 0.4547992484375 0.130972896875 0.402697646875 0.16539545 0.3787826078125 0.18214094218750002 0.44228439843749995 0.360357928125 0.522354090625 0.308568703125
1 0.367543321875 0.201294915625 0.3079923296875 0.26182462812499996 0.40360242968750004 0.4229200234375 0.403797896875 0.42310878281250003 0.4043146765625 0.42359068750000006 0.46603276875 0.3517564046875 0.4552861234375 0.3347084984375 0.3684100015625 0.20213185625 0.367543321875 0.201294915625
1 0.6506546828124999 1 0.6884238296875 0.9800848 0.671946540625 0.9611298484375 0.63560773125 0.92186943125 0.5539395078125 0.9691010421874999 0.5489415281250001 0.97446071875 0.571902084375 1 0.6506546828124999 1
0 0.662894634375 0.851460853125 0.66091605 0.8498006234375 0.6500202765624999 0.8614849093749999 0.613259090625 0.9077718421875 0.6764068937500001 0.9902998984375 0.72159075625 0.9322251921875001 0.662894634375 0.851460853125
0 0.65431034375 0.8591754359375001 0.649490296875 0.864344303125 0.7030027140625 0.917856721875 0.7919145921874999 0.8642618140625 0.731429584375 0.8119063000000001 0.65431034375 0.8591754359375001
0 0.366254046875 0 0.3073501328125 0.052712915625 0.3063465359375 0.05438318125 0.3866209890625 0.1017537390625 0.49304491562499997 0 0.366254046875 0
0 0.3730908421875 0 0.2427121375 0.1228408875 0.3219969296875 0.1722175859375 0.45253498593749997 0.046421571875 0.45347505000000005 0.04485704375 0.4001235 0.0087723 0.38552394218749997 0 0.3730908421875 0
0 0.1756271875 0.1444914578125 0.16979616718749999 0.1507444609375 0.2267820171875 0.2255329078125 0.39857903906250003 0.1514732984375 0.3441625765625 0.08175550781249999 0.1756271875 0.1444914578125
0 0 0.48809615156249997 0.128465975 0.43457434062500006 0.0730834796875 0.3524664140625 0 0.3872089265625 0 0.48809615156249997
0 0 0.42227932656249995 0.0455773671875 0.45539321875 0.18921905156250002 0.32769678125 0.1817052890625 0.320690084375 0.1741471453125 0.3151105296875 0.11082515468750001 0.2691044109375 0 0.37066539062500004 0 0.42227932656249995
0 0.2620019359375 0.26951741875 0.18882026875 0.201274409375 0.04285299375 0.30291177812500003 0.0332553125 0.3132040296875 0.1031390890625 0.3759167359375 0.2620019359375 0.26951741875
0 0.097352128125 0.2101026921875 0.0961192171875 0.21142482812500002 0.145252196875 0.290214834375 0.332691484375 0.2234748171875 0.27933528281250003 0.1413134734375 0.097352128125 0.2101026921875
0 0.91486300625 0.569097590625 0.894765265625 0.5908600078124999 0.8693920531250001 0.62004855 0.9297966765625001 0.7147552828125 0.9784789453125 0.660649328125 0.91965605625 0.573264125 0.91486300625 0.569097590625
0 0.750084465625 0.8514631140625 0.835745415625 0.8080331062500001 0.8090774 0.7785514015625 0.7865484328125001 0.7543920421875 0.785991175 0.753872390625 0.709214803125 0.798396528125 0.70642633125 0.800996821875 0.7039094171875 0.80369588125 0.750084465625 0.8514631140625
0 1 0.5620189765625 0.9788110890624999 0.5192087328125 0.9726371671875 0.51345145625 0.9307830453125 0.5543155453125 0.970865521875 0.6634872609375 0.9710847109375 0.6636916578125 1 0.6367236578125001 1 0.5620189765625
0 0.9200677515625 0.719189171875 0.8824273390625 0.6326812015625001 0.8809264000000001 0.630892453125 0.8775906609374999 0.6277818265625 0.8212456578125 0.6705435953125 0.8633780609375 0.7683527015625 0.8638479171875 0.7687908484375 0.9200677515625 0.719189171875
0 0.8111149140625 0.8211741343750001 0.816227759375 0.8168839484375001 0.8669980171875 0.7713711875 0.8278866453125 0.683981640625 0.8260002343749999 0.6822225343749999 0.8184843781250001 0.6885290875 0.772744721875 0.728559071875 0.810725140625 0.8207096203124999 0.8111149140625 0.8211741343750001
0 1 0.508773046875 0.9415678906249999 0.5457572234375 0.9415507062499999 0.5457827 1 0.588895509375 1 0.508773046875