0 0.5809885 0 0.5606832046875 0.0698116390625 0.6129326265625 0.107745378125 0.61810938125 0.1015759625 0.650511834375 0 0.5809885 0
0 0.556742146875 0.16935797187499999 0.6079871734375 0.0622299125 0.5592833625 0.015363928125 0.5076114234375 0.12209045781250001 0.556742146875 0.16935797187499999
1 0.40273300624999997 0.363179546875 0.4036708375 0.3622417140625 0.4561254265625 0.26305200625 0.409933575 0.2143363109375 0.40233991874999997 0.2079644765625 0.34691456875000004 0.31081181562500004 0.40273300624999997 0.363179546875
0 0.4630440046875 0.160886296875 0.44145257656250003 0.1457678140625 0.40675821093750003 0.25761480468750003 0.466345071875 0.2994573515625 0.4718818546875 0.2928588703125 0.504127703125 0.193908234375 0.4630440046875 0.160886296875
0 0.4261198609375 0.16295745781249998 0.4261565734375 0.1629916953125 0.536238940625 0.2141365875 0.5735578546875 0.1741169515625 0.58899869375 0.155715275 0.480865321875 0.10360632968750001 0.4261198609375 0.16295745781249998
0 0.43312560468749994 0.3508740515625 0.3340558109375 0.2864980453125 0.2771136828125 0.34106363125 0.2774396703125 0.3414256765625 0.3772150984375 0.401946896875 0.43173899374999997 0.3528533609375 0.43326755156249996 0.35103169843750004 0.43312560468749994 0.3508740515625
0 0.3077068046875 0.3304885078125 0.2417349765625 0.43046298125 0.29779131406250003 0.4899817515625 0.2987688484375 0.489101575 0.364533284375 0.389967328125 0.3077068046875 0.3304885078125
1 0.12856371718749998 0.73524728125 0.1803237828125 0.6816481640625 0.1845550640625 0.676605521875 0.070071834375 0.5978934312499999 0.012635840625 0.658159425 0.12856371718749998 0.73524728125
1 0.24253027343750003 0.5899120812499999 0.239115059375 0.587046375 0.239078715625 0.5870270515625 0.10892625 0.5448097203125 0.0682026640625 0.618235721875 0.0667189296875 0.62102621875 0.06780657968750001 0.6216045328125 0.20273164375000002 0.6634341703125 0.23884290468749997 0.5968470171875 0.24253027343750003 0.5899120812499999
1 0.25771627812500003 0.5686676890625 0.2589833359375 0.5672101046875 0.3257559765625 0.442204246875 0.3023919953125 0.4218942484375 0.2648759234375 0.3904145265625 0.197822625 0.5196575906249999 0.25771627812500003 0.5686676890625
1 0.245764528125 0.47922383281250003 0.204750765625 0.4528718890625 0.15549529374999999 0.5854643937499999 0.21539090156250001 0.6277027078125 0.2177550109375 0.6248852734375 0.273801328125 0.4981348921875 0.245764528125 0.47922383281250003
0 0.626359559375 0.1837409734375 0.6820544109375 0.24652567187500002 0.6840426796875 0.244735428125 0.7604024921875 0.10776742343750001 0.7257116859375 0.0692393796875 0.70813874375 0.050501282812500006 0.7072543140625001 0.049759157812499996 0.626359559375 0.1837409734375
0 0.7871522828125 0.17794534374999998 0.8072462625 0.1435395828125 0.8213769453124999 0.1169636328125 0.7984398984375 0.0977171640625 0.6659359953124999 0.07385680156249999 0.6453515859375 0.10460309999999999 0.665729065625 0.115437996875 0.7871522828125 0.17794534374999998
0 0.5035562015624999 0.495609478125 0.542334365625 0.353932496875 0.501138484375 0.33109724687500003 0.46707641874999994 0.31383271874999996 0.43532173125 0.46153618124999995 0.5021945984375 0.49738457968749994 0.5033072921875 0.49605852187500005 0.5035562015624999 0.495609478125
0 0.5924093640625 0.27191135 0.6590589375 0.308010121875 0.663872103125 0.3022740140625 0.6994098484375 0.16750813125 0.6297962359375 0.12254355624999999 0.5924093640625 0.27191135
0 0.445345178125 0.3582733125 0.44640741874999995 0.3591646375 0.5951818734375001 0.39357968906249996 0.6332069015624999 0.33029541406249996 0.6281525421875 0.3260543046875 0.49403799375 0.2893424203125 0.445345178125 0.3582733125
0 0.56258205 0.21236376250000003 0.4988986953125 0.26291636406249996 0.62797345 0.345817415625 0.6794179375 0.30562457656249997 0.6861802953125 0.29756551249999996 0.6852382125 0.2963597015625 0.56258205 0.21236376250000003
0 0.52542780625 0.46014549687499995 0.5191962875 0.45640122187500004 0.3799193265625 0.4148114453125 0.34093435156249996 0.4833548515625 0.3610168921875 0.4910681796875 0.488070840625 0.5307890828125 0.49720175937500005 0.51559268125 0.526224625 0.46081410624999997 0.52542780625 0.46014549687499995
0 0.2422685375 0.7903857765625 0.1189169125 0.734491578125 0.0813408328125 0.8014068921874999 0.1089405484375 0.824565803125 0.2080308140625 0.8653319859374999 0.25047237187500004 0.7964667828125 0.2453356984375 0.792156603125 0.2422685375 0.7903857765625
1 0.23107873906249998 0.6677175562500001 0.20492319375 0.6549606421874999 0.1636023765625 0.7839530609375001 0.24037932187500002 0.8191271499999999 0.24377808281250002 0.8150766640624999 0.2796516546875 0.6937702 0.23107873906249998 0.6677175562500001
0 0.24978967343749997 0.602314975 0.250553571875 0.6030526640625 0.36278081875 0.670151534375 0.4137644515625 0.6173564359375 0.419707134375 0.6102742218749999 0.3088801625 0.5393203140625 0.24978967343749997 0.602314975
1 0.19512923437500002 0.6871329546875 0.3232145453125 0.73143656875 0.33918725781250003 0.7042067203125 0.3648629671875 0.6578865171875 0.3624878078125 0.6558935234375001 0.235743840625 0.61495389375 0.19512923437500002 0.6871329546875
0 0.323674728125 0.5597508921875 0.373778909375 0.625903759375 0.3762162296875 0.6239995140625 0.454837621875 0.5214363203125 0.44669838593750005 0.511018575 0.40759779218750003 0.4612196203125 0.40548874843749994 0.4594499234375 0.323674728125 0.5597508921875
0 0.9990552421875 0.267465053125 0.9760287015625 0.24673186406249997 0.9369568359375 0.213946675 0.8705643265624999 0.3647422265625 0.921062721875 0.41458692499999994 0.9248612171874999 0.41036826875 0.9990552421875 0.267465053125
0 0.45451168124999997 0.77251601875 0.43903648593750005 0.7652998171875 0.39065924375 0.9457699359375 0.46951487812500003 0.986032171875 0.4720059359375 0.9830634453125 0.5251172000000001 0.8063488171875001 0.45451168124999997 0.77251601875
0 0.895240353125 0.2585581890625 0.8132090640625 0.42863914062499997 0.8674318046874999 0.47801737656250004 0.8699471234375 0.475123834375 0.9570599140624999 0.3083364171875 0.9566392078125 0.30797070312499997 0.9565987046875 0.30793671875 0.895240353125 0.2585581890625
0 0.681921928125 0.7181990234375 0.51330124375 0.6554576453125 0.464756328125 0.7352755203125 0.6469424328125 0.7982603859374999 0.6583973984375 0.7791961203125 0.6882961734374999 0.7232696140625 0.683088971875 0.7189002531249999 0.681921928125 0.7181990234375
1 0.473332915625 1 0.500041065625 0.9693597578125001 0.493631509375 0.9631701218750001 0.3495043109375 0.8618247406249999 0.2875577640625 0.9292331484374999 0.382436028125 1 0.473332915625 1
0 0.8464139562499999 0.35697944375 0.8037434203125 0.3339831015625 0.7550861703125 0.51818639375 0.8288665249999999 0.5602043734375 0.8317415921875 0.556778003125 0.8775894031249999 0.37426027500000003 0.8464139562499999 0.35697944375
0 0.7448280406250001 0.664641140625 0.5858239078125 0.586938290625 0.5315878734374999 0.648691315625 0.5280600046874999 0.6530478703125 0.691836140625 0.7380957390625 0.7083982671875 0.7183577640625 0.712420625 0.7133905656249999 0.74805506875 0.6673489390625 0.7448280406250001 0.664641140625
1 0.40637577968749994 0.814293759375 0.40666432500000005 0.814453703125 0.581439946875 0.8701040765625001 0.631039446875 0.7935280515625001 0.62867814375 0.7915466828125 0.45283785312499997 0.7294394734375 0.40637577968749994 0.814293759375
0 0.7752041578125 0.628975853125 0.8248572953125001 0.4512803359375 0.796300865625 0.434121903125 0.744221815625 0.4047145703125 0.6904855484375 0.5873047687499999 0.7723115671875 0.6324655859375 0.7751142671875 0.629125459375 0.7752041578125 0.628975853125
1 0.7401747109375 0.6709233203125 0.8118519390625 0.6093401640625 0.8106249812499999 0.6080696125 0.6502429328125 0.5128828796875 0.5895570718750001 0.5725875 0.5897208875 0.5727571375 0.7231268046875 0.660176675 0.7401747109375 0.6709233203125
1 0 0.5046624578125 0.0049369921875 0.510749671875 0.007005748437500001 0.5090137796875001 0.069392803125 0.43208839374999997 0.036300390625 0.3900552953125 0.025564329687499998 0.377260553125 0.0192798765625 0.371987271875 0 0.397757225 0 0.5046624578125
0 0.0091389421875 0.40006590781250007 0.061009732812499995 0.454809146875 0.06275693437499999 0.453061946875 0.1149271265625 0.366263884375 0.07440261718749999 0.3226298703125 0.0728179453125 0.3210451984375 0.0640191171875 0.3136621046875 0.0091389421875 0.40006590781250007
0 0.1366473265625 0.377867546875 0.18241019687499999 0.31713816875 0.1782675703125 0.313662090625 0.093844271875 0.27694395 0.0412343796875 0.337207828125 0.1366473265625 0.377867546875
0 1 0.48062647812500003 0.9255696796875 0.4624618671875 0.8794383578125 0.5441489109375001 1 0.569391015625 1 0.48062647812500003
0 1 0.5927106578125 0.8916392249999999 0.516001353125 0.88996483125 0.51735725 0.8244136624999999 0.57653070625 0.97240948125 0.6838200609375 0.9892087265624999 0.6702163 1 0.6611890171875 1 0.5927106578125
0 0.8650839124999999 0.7866436703125 0.8691320734374999 0.7819867921875 0.954859103125 0.6229093812500001 0.893490846875 0.5670568671875 0.8820963609374999 0.557495759375 0.80139843125 0.727312246875 0.8650839124999999 0.7866436703125
0 0.72907443125 1 0.7356891953125 0.99211683125 0.7329442453125 0.989557121875 0.57147284375 0.8901504546875 0.5100826078125 0.955232153125 0.5754019312499999 1 0.72907443125 1
0 0.6913813249999999 1 0.7688486453125 0.8446406937500001 0.70717081875 0.7964526953125 0.691643778125 0.7845105375 0.69098290625 0.785298134375 0.6077610765625 0.9587090484375 0.6555720796875 0.9960630984375 0.6606528578125 1 0.6913813249999999 1
0 0.731296825 0.9401354859375 0.7363150015625 0.9352894875000001 0.8396544640625001 0.781211478125 0.7758908234375 0.715182296875 0.7696672578125 0.7099601046874999 0.66632934375 0.8702327953125 0.731296825 0.9401354859375
0 0.891461103125 0.8113367359374999 0.9304884140624999 0.7648257984375 0.7621758078124999 0.665290421875 0.6983554203125 0.7338554515625 0.8661702296874999 0.8375262031249999 0.891461103125 0.8113367359374999
0 0.2589656578125 0.1301545046875 0.3174637265625 0.1681732828125 0.3223522015625 0.1623474265625 0.3538184375 0.062731296875 0.32097499375 0.040578115625 0.295337515625 0.0243849796875 0.295230184375 0.0245128921875 0.2589656578125 0.1301545046875
0 0.110797421875 0.277134859375 0.15640961874999998 0.3337258640625 0.15843123750000002 0.332146403125 0.21316841874999998 0.256488140625 0.2030451625 0.24303996093750002 0.1744370796875 0.20642328437500002 0.1707794078125 0.203354134375 0.110797421875 0.277134859375
0 0.3202578171875 0 0.2798463015625 0.0327195796875 0.38266318125 0.08775885 0.423920421875 0.0558880453125 0.42900289531249997 0.0498309890625 0.42623781562499996 0.04653569375 0.35810359375 0 0.3202578171875 0
0 0.1871495109375 0.1567690015625 0.281506665625 0.2075846984375 0.3293902984375 0.1547687390625 0.3245573140625 0.1499357578125 0.2416591125 0.10489890937499999 0.1871495109375 0.1567690015625
0 0.23794633437499998 0.2740218421875 0.2516765328125 0.18103339062499998 0.2266951296875 0.1681994078125 0.1877315015625 0.149195575 0.17058014999999999 0.24537574218749997 0.23450962656250002 0.27918822187500003 0.236699265625 0.2765787109375 0.23794633437499998 0.2740218421875
0 0.36658931093749997 0 0.361577765625 0.0314253046875 0.427969546875 0.063216578125 0.428254140625 0.0628774125 0.4330166453125 0 0.36658931093749997 0