1 0.9191312500000001 0.5467562499999999 0.8983015625 0.5606390625000001 0.9460375000000001 0.6099953124999999 0.9607921875000001 0.594571875 0.9191312500000001 0.5467562499999999
1 0.8585203124999999 0.570721875 0.9009046875 0.6254203125 0.926075 0.6146234374999999 0.8809421875 0.5637234375 0.8585203124999999 0.570721875
1 0.9001875 0.5596109375 0.8809421875 0.5668078125 0.9234703124999999 0.6146234374999999 0.9408296875 0.6038265625 0.9001875 0.5596109375
1 0.8585203124999999 0.56701875 0.8340734375000001 0.579146875 0.87920625 0.6393015625 0.9078484375 0.6254203125 0.8585203124999999 0.56701875
1 0.8349421875 0.579146875 0.801228125 0.589240625 0.8540359375 0.6470140625 0.8809421875 0.6362171875 0.8349421875 0.579146875
1 0.6811875 0.61925 0.6448359375 0.6318328125 0.6942062499999999 0.7287625 0.74194375 0.710253125 0.6811875 0.61925
1 0.5990031250000001 0.6466484375 0.651678125 0.7488140624999999 0.7002828125 0.7225921875 0.638659375 0.630046875 0.5990031250000001 0.6466484375
1 0.5996015625 0.6408437499999999 0.5475265625 0.6500984375 0.59613125 0.761153125 0.6508109375 0.7457281250000001 0.5996015625 0.6408437499999999
1 0.545790625 0.6485562500000001 0.4917109375 0.6596109375 0.5379796875 0.7781203125 0.5978671875 0.7626953125 0.545790625 0.6485562500000001
1 0.49371406249999994 0.6531828125 0.43858593749999997 0.66701875 0.4772234375 0.7920015625 0.545790625 0.7812046875 0.49371406249999994 0.6531828125
1 0.44250625 0.674778125 0.3823359375 0.6873890625 0.4086578125 0.807425 0.4754875 0.7981703125 0.44250625 0.674778125
1 0.3834875 0.6871171875 0.3229609375 0.6910921875 0.34269375 0.8228500000000001 0.41039375 0.80896875 0.3834875 0.6871171875
1 0.3218640625 0.6979140625 0.261503125 0.70405625 0.26892031250000004 0.8321046875 0.3435625 0.82901875 0.3218640625 0.6979140625
1 0.2654484375 0.7056265625 0.20525312499999998 0.707759375 0.20208906249999997 0.8429015625 0.274128125 0.8382734375 0.2654484375 0.7056265625
1 0.20556093749999998 0.710253125 0.15004375 0.713315625 0.1378625 0.85215625 0.20556093749999998 0.847528125 0.20556093749999998 0.710253125
1 0.1500125 0.7195078125000001 0.0962015625 0.7195078125000001 0.074503125 0.858325 0.1378625 0.85215625 0.1500125 0.7195078125000001
1 0.0953328125 0.72105 0.04499375 0.7225921875 0.0189546875 0.8536984375 0.0762390625 0.85215625 0.0953328125 0.72105