0 0.11796875 0.76171875 0.0453125 0.1484375
0 0.234375 0.7171875 0.053125 0.08125
0 0.3671875 0.7234375 0.06875 0.121875
0 0.478125 0.68984375 0.078125 0.1203125
0 0.5328125 0.6671875 0.059375 0.09375
0 0.63671875 0.65546875 0.0765625 0.1015625
0 0.6953125 0.63359375 0.078125 0.1234375
0 0.8390625 0.59609375 0.053125 0.0859375
0 0.875 0.5828125 0.0375 0.071875
0 0.9359375 0.55546875 0.046875 0.0828125
1 0.0433875 0.7272203125 0.0034625000000000003 0.7256765625 0 0.8567828125 0.01648125 0.862953125 0.0433875 0.7272203125
1 0.0897703125 0.713315625 0.0433875 0.7179656249999999 0.017349999999999997 0.862953125 0.078971875 0.8552406250000001 0.0897703125 0.713315625
1 0.20655937500000002 0.696371875 0.146671875 0.7025406249999999 0.138859375 0.8536984375 0.20482343749999998 0.847528125 0.20655937500000002 0.696371875
1 0.3251875 0.6818328124999999 0.26471093749999997 0.6902015625 0.2707859375 0.83673125 0.34195625 0.8243921875 0.3251875 0.6818328124999999
1 0.43664531249999994 0.663315625 0.38361718749999996 0.6763203125 0.4165984375 0.8105109374999999 0.4756171875 0.79354375 0.43664531249999994 0.663315625
1 0.6492046874999999 0.7426437499999999 0.5997328125 0.6423859375000001 0.5960203125 0.6299812499999999 0.5493921875 0.6408437499999999 0.5997328125 0.7626953125 0.6492046874999999 0.7426437499999999
1 0.9001875 0.5577593750000001 0.8844140625 0.5668078125 0.9252062499999999 0.622334375 0.9434328125 0.60536875 0.9001875 0.5577593750000001