1 0.1796875 0.075 0.05625 0.084375
1 0.1578125 0.14140625 0.0546875 0.08125
1 0.20078125 0.08203125 0.053125 0.0875
1 0.18203125 0.14765625 0.0734375 0.071875
1 0.22421875 0.08828125 0.0546875 0.0859375
1 0.20234375 0.15234375 0.0734375 0.071875
1 0.24296875 0.0953125 0.053125 0.084375
1 0.22265625 0.159375 0.05625 0.0859375
1 0.26484375 0.103125 0.0671875 0.0671875
1 0.2453125 0.16875 0.0578125 0.0828125
1 0.2859375 0.109375 0.065625 0.065625
1 0.265625 0.17265625 0.0703125 0.0703125
1 0.30546875 0.115625 0.053125 0.0796875
1 0.2875 0.18046875 0.065625 0.0640625
1 0.371875 0.00703125 0.06875 0.0140625
1 0.3296875 0.12265625 0.053125 0.078125
1 0.30859375 0.18671875 0.0546875 0.0796875
1 0.3921875 0.0109375 0.071875 0.021875
1 0.35 0.128125 0.0578125 0.0828125
1 0.33046875 0.1921875 0.0578125 0.0859375
1 0.4125 0.01328125 0.071875 0.0265625
1 0.37109375 0.134375 0.0640625 0.0640625
1 0.35078125 0.2 0.0578125 0.0796875
1 0.39296875 0.13984375 0.05 0.0796875
1 0.37265625 0.20546875 0.06875 0.06875
1 0.4140625 0.14609375 0.053125 0.08125
1 0.39375 0.21171875 0.0671875 0.0671875
1 0.478125 0.02421875 0.071875 0.0484375
1 0.434375 0.153125 0.0484375 0.0765625
1 0.41484375 0.2171875 0.0671875 0.06875
1 0.45625 0.16015625 0.0625 0.0625
1 0.43671875 0.225 0.053125 0.0796875
1 0.4984375 0.03046875 0.05625 0.0609375
1 0.5203125 0.03359375 0.053125 0.0671875
1 0.47734375 0.16640625 0.0515625 0.078125
1 0.45703125 0.23046875 0.0640625 0.065625
1 0.540625 0.0328125 0.06875 0.065625
1 0.49765625 0.1734375 0.0703125 0.0703125
1 0.4796875 0.2359375 0.0640625 0.0640625
1 0.5625 0.03828125 0.0703125 0.0703125
1 0.51953125 0.1796875 0.065625 0.065625
1 0.5 0.24375 0.046875 0.08125
1 0.58359375 0.04453125 0.05625 0.084375
1 0.540625 0.1859375 0.0625 0.0625
1 0.52109375 0.25 0.05 0.0796875
1 0.6046875 0.0515625 0.065625 0.065625
1 0.5625 0.1921875 0.0515625 0.078125
1 0.5421875 0.25703125 0.0640625 0.0640625
1 0.62421875 0.0578125 0.053125 0.0828125
1 0.58203125 0.1984375 0.0625 0.0625
1 0.5640625 0.2625 0.0640625 0.065625
1 0.646875 0.0640625 0.0453125 0.078125
1 0.60390625 0.20546875 0.0484375 0.078125
1 0.584375 0.2671875 0.053125 0.0796875
1 0.66875 0.06953125 0.06875 0.06875
1 0.625 0.2125 0.05 0.078125
1 0.6046875 0.275 0.05 0.078125
1 0.6890625 0.0765625 0.053125 0.08125
1 0.64609375 0.21796875 0.0484375 0.0765625
1 0.6265625 0.28125 0.0453125 0.078125
1 0.71015625 0.08359375 0.046875 0.0796875
1 0.6671875 0.22421875 0.0609375 0.059375
1 0.646875 0.2875 0.0640625 0.0625
1 0.73125 0.090625 0.05 0.078125
1 0.66875 0.2953125 0.046875 0.071875
1 0.6890625 0.30078125 0.0484375 0.0765625
1 0.77265625 0.10234375 0.0625 0.0625
1 0.7109375 0.30703125 0.065625 0.065625
1 0.95234375 0.159375 0.065625 0.065625
1 0.96953125 0.16484375 0.0609375 0.0671875
1 0.91015625 0.296875 0.053125 0.0796875
1 0.890625 0.36015625 0.053125 0.078125
1 0.9328125 0.303125 0.053125 0.0796875
1 0.91328125 0.3671875 0.065625 0.065625
1 0.98359375 0.17109375 0.0328125 0.0796875
1 0.953125 0.3109375 0.0625 0.0609375
1 0.934375 0.3734375 0.0515625 0.08125
1 0.99375 0.17734375 0.0125 0.0796875
1 0.97265625 0.315625 0.0546875 0.08125
1 0.95390625 0.38125 0.0640625 0.0640625
1 0.98359375 0.32265625 0.0328125 0.0796875
1 0.971875 0.3859375 0.05625 0.0625
1 0.99375 0.33046875 0.0125 0.0796875
1 0.9828125 0.39296875 0.034375 0.0640625
1 0.115625 0.28046875 0.053125 0.08125
1 0.1375 0.2875 0.065625 0.065625
1 0.1578125 0.29296875 0.0703125 0.06875
1 0.17890625 0.296875 0.053125 0.08125
1 0.15859375 0.3640625 0.0546875 0.0796875
1 0.20078125 0.30625 0.065625 0.065625
1 0.18203125 0.3703125 0.0515625 0.0796875
1 0.221875 0.31328125 0.053125 0.0796875
1 0.203125 0.3765625 0.0484375 0.0796875
1 0.24296875 0.31875 0.053125 0.078125
1 0.2234375 0.3828125 0.05 0.078125
1 0.2640625 0.32578125 0.0515625 0.078125
1 0.24453125 0.3890625 0.0546875 0.0796875
1 0.2859375 0.33203125 0.0640625 0.0640625
1 0.26640625 0.39609375 0.0609375 0.0625
1 0.30703125 0.33984375 0.05 0.078125
1 0.2875 0.403125 0.0625 0.0625
1 0.32890625 0.34375 0.053125 0.08125
1 0.30859375 0.409375 0.053125 0.0796875
1 0.35 0.35234375 0.0640625 0.0640625
1 0.33046875 0.41484375 0.06875 0.06875
1 0.37109375 0.35859375 0.053125 0.078125
1 0.3515625 0.42265625 0.053125 0.078125
1 0.39296875 0.36328125 0.0625 0.0625
1 0.37421875 0.42890625 0.0671875 0.0671875
1 0.4140625 0.3703125 0.0546875 0.0796875
1 0.39375 0.4359375 0.05625 0.084375
1 0.43359375 0.3765625 0.0546875 0.0796875
1 0.415625 0.440625 0.0484375 0.0765625
1 0.45625 0.38359375 0.05625 0.08125
1 0.43671875 0.44765625 0.065625 0.065625
1 0.47734375 0.38984375 0.0484375 0.0765625
1 0.45859375 0.45390625 0.0546875 0.084375
1 0.4984375 0.39609375 0.065625 0.065625
1 0.4796875 0.46015625 0.053125 0.08125
1 0.51953125 0.40234375 0.0609375 0.0609375
1 0.5015625 0.465625 0.05 0.078125
1 0.54140625 0.409375 0.05 0.078125
1 0.52265625 0.47265625 0.0640625 0.065625
1 0.5625 0.415625 0.0484375 0.0765625
1 0.54375 0.47890625 0.065625 0.065625
1 0.58359375 0.421875 0.065625 0.065625
1 0.56484375 0.4859375 0.0484375 0.0765625
1 0.60390625 0.42890625 0.0625 0.0640625
1 0.5859375 0.49296875 0.053125 0.08125
1 0.625 0.43515625 0.06875 0.06875
1 0.60703125 0.4984375 0.046875 0.0796875
1 0.646875 0.43984375 0.046875 0.0734375
1 0.62734375 0.5046875 0.06875 0.06875
1 0.66640625 0.44921875 0.046875 0.075
1 0.6484375 0.5109375 0.065625 0.065625
1 0.68828125 0.45625 0.0578125 0.0578125
1 0.66953125 0.51640625 0.04375 0.075
1 0.7109375 0.4609375 0.059375 0.059375
1 0.09296875 0.51328125 0.0625 0.0625
1 0.0734375 0.57890625 0.0625 0.0640625
1 0.11328125 0.5203125 0.05 0.0765625
1 0.09375 0.58359375 0.0546875 0.0828125
1 0.13359375 0.52734375 0.05 0.0765625
1 0.115625 0.590625 0.0640625 0.0640625
1 0.15625 0.53359375 0.05 0.0765625
1 0.13671875 0.5984375 0.053125 0.0796875
1 0.17734375 0.540625 0.0625 0.0609375
1 0.1578125 0.60390625 0.0546875 0.08125
1 0.19765625 0.54765625 0.0625 0.0625
1 0.1796875 0.61015625 0.0671875 0.0671875
1 0.2203125 0.55234375 0.046875 0.0734375
1 0.19921875 0.6171875 0.053125 0.0796875
1 0.240625 0.56015625 0.0640625 0.0640625
1 0.221875 0.62421875 0.0625 0.0609375
1 0.26171875 0.565625 0.0625 0.0625
1 0.24296875 0.6296875 0.05625 0.0828125
1 0.2828125 0.571875 0.0609375 0.0609375
1 0.26484375 0.63515625 0.065625 0.065625
1 0.30546875 0.57890625 0.053125 0.0765625
1 0.28515625 0.6421875 0.06875 0.06875
1 0.32578125 0.58515625 0.0640625 0.0640625
1 0.30703125 0.6484375 0.0671875 0.0671875
1 0.346875 0.59140625 0.065625 0.065625
1 0.32890625 0.65390625 0.065625 0.065625
1 0.36875 0.596875 0.0640625 0.0640625
1 0.3484375 0.6609375 0.05625 0.084375
1 0.3890625 0.60390625 0.065625 0.065625
1 0.3703125 0.6671875 0.05625 0.0828125
1 0.41015625 0.61015625 0.0640625 0.0625
1 0.39296875 0.675 0.0625 0.0640625
1 0.43125 0.6171875 0.0640625 0.0625
1 0.41171875 0.68046875 0.0515625 0.0796875
1 0.4515625 0.6234375 0.0515625 0.0765625
1 0.434375 0.68515625 0.0671875 0.0671875
1 0.47421875 0.6296875 0.0625 0.0640625
1 0.45546875 0.69375 0.053125 0.0796875
1 0.4953125 0.6359375 0.065625 0.0640625
1 0.4765625 0.69921875 0.0640625 0.0625
1 0.51640625 0.64140625 0.053125 0.078125
1 0.49765625 0.70703125 0.0703125 0.06875
1 0.5390625 0.646875 0.053125 0.078125
1 0.51875 0.71171875 0.065625 0.0640625
1 0.51796875 0.6421875 0.0546875 0.0796875
1 0.53984375 0.7171875 0.0484375 0.0765625
1 0.5796875 0.66015625 0.0625 0.0625
1 0.5609375 0.7234375 0.0515625 0.078125
1 0.60078125 0.6671875 0.046875 0.075
1 0.58125 0.7296875 0.0640625 0.065625
1 0.62109375 0.67421875 0.0640625 0.0640625
1 0.60234375 0.73828125 0.053125 0.084375
1 0.64375 0.6796875 0.0546875 0.0796875
1 0.62421875 0.74296875 0.0484375 0.0765625
1 0.684375 0.6921875 0.0609375 0.0640625
1 0.6640625 0.75625 0.05625 0.08125
1 0.7046875 0.6984375 0.0453125 0.0734375
1 0.728125 0.77421875 0.0671875 0.0671875
1 0.79296875 0.7921875 0.05 0.0796875
1 0.03203125 0.71796875 0.0640625 0.0703125
1 0.01875 0.78203125 0.0375 0.0828125
1 0.05 0.725 0.065625 0.065625
1 0.03046875 0.78984375 0.05625 0.084375
1 0.0703125 0.73203125 0.06875 0.06875
1 0.05078125 0.7953125 0.0625 0.0640625
1 0.0921875 0.73984375 0.0640625 0.065625
1 0.0734375 0.80234375 0.0546875 0.0796875
1 0.11328125 0.74609375 0.0625 0.0625
1 0.0953125 0.809375 0.0578125 0.0859375
1 0.13515625 0.75234375 0.0625 0.0609375
1 0.115625 0.815625 0.05 0.0796875
1 0.15546875 0.75859375 0.05 0.075
1 0.1359375 0.82421875 0.0578125 0.0875
1 0.178125 0.76484375 0.053125 0.078125
1 0.15859375 0.82890625 0.0546875 0.0859375
1 0.1984375 0.771875 0.05 0.0765625
1 0.1796875 0.8359375 0.065625 0.065625
1 0.2203125 0.77890625 0.053125 0.0765625
1 0.2015625 0.83984375 0.065625 0.0671875
1 0.2421875 0.78515625 0.05 0.0765625
1 0.22265625 0.8484375 0.0703125 0.071875
1 0.26328125 0.790625 0.065625 0.065625
1 0.24375 0.85390625 0.0515625 0.0796875
1 0.284375 0.796875 0.0609375 0.0625
1 0.265625 0.85859375 0.0515625 0.0828125
1 0.30546875 0.80390625 0.0515625 0.0765625
1 0.2859375 0.865625 0.0703125 0.0703125
1 0.32734375 0.80859375 0.0640625 0.0625
1 0.30859375 0.871875 0.0546875 0.084375
1 0.34921875 0.8140625 0.0546875 0.08125
1 0.3296875 0.87734375 0.071875 0.071875
1 0.36953125 0.82109375 0.05 0.078125
1 0.35078125 0.88515625 0.046875 0.078125
1 0.39140625 0.82734375 0.05 0.075
1 0.37265625 0.890625 0.0515625 0.0828125
1 0.4125 0.834375 0.0640625 0.065625
1 0.3921875 0.896875 0.053125 0.0828125
1 0.4328125 0.840625 0.0515625 0.075
1 0.41484375 0.90390625 0.0484375 0.0796875
1 0.4546875 0.84609375 0.065625 0.065625
1 0.43515625 0.91015625 0.06875 0.06875
1 0.47734375 0.853125 0.0625 0.0609375
1 0.45625 0.91640625 0.0515625 0.078125
1 0.49609375 0.86015625 0.065625 0.065625
1 0.478125 0.921875 0.0640625 0.0609375
1 0.5171875 0.865625 0.046875 0.075
1 0.4984375 0.9296875 0.0484375 0.0765625
1 0.5390625 0.87109375 0.0671875 0.0671875
1 0.5203125 0.93515625 0.0484375 0.0765625
1 0.56015625 0.878125 0.05625 0.08125
1 0.540625 0.940625 0.0515625 0.0765625
1 0.5796875 0.884375 0.0625 0.0640625
1 0.56328125 0.94765625 0.0609375 0.0625
1 0.60234375 0.88984375 0.0609375 0.0609375
1 0.62421875 0.89609375 0.0515625 0.0796875
1 0.6046875 0.96015625 0.0640625 0.0640625
1 0.6453125 0.90234375 0.0640625 0.0640625
1 0.66640625 0.9109375 0.0703125 0.0703125
1 0.6875 0.915625 0.046875 0.075
1 0.7296875 0.928125 0.0671875 0.0671875
0 0.7515625 0.096875 0.0453125 0.078125
0 0.68828125 0.228125 0.0625 0.0609375
0 0.70859375 0.23671875 0.0578125 0.0578125
0 0.7296875 0.24375 0.046875 0.0765625
0 0.7953125 0.11015625 0.0640625 0.0625
0 0.7515625 0.24765625 0.0484375 0.0828125
0 0.73125 0.315625 0.065625 0.0640625
0 0.771875 0.2546875 0.05 0.078125
0 0.753125 0.32109375 0.046875 0.0796875
0 0.79375 0.26328125 0.05 0.08125
0 0.77421875 0.328125 0.0546875 0.0828125
0 0.690625 0.52578125 0.0625 0.0640625
0 0.434375 0.01640625 0.06875 0.0328125
0 0.45390625 0.02421875 0.0484375 0.0484375
0 0.5828125 0.95234375 0.053125 0.084375
0 0.6640625 0.684375 0.0640625 0.065625
0 0.64453125 0.75 0.0515625 0.08125
0 0.6859375 0.7609375 0.06875 0.06875
0 0.625 0.96171875 0.05625 0.0765625
0 0.646875 0.97109375 0.0625 0.0578125
0 0.66875 0.975 0.0625 0.05
0 0.7265625 0.70390625 0.0515625 0.078125
0 0.7078125 0.76796875 0.0484375 0.078125
0 0.74921875 0.70859375 0.0515625 0.08125
0 0.77109375 0.7171875 0.0453125 0.0796875
0 0.75 0.78125 0.0703125 0.06875
0 0.70703125 0.9203125 0.0703125 0.0703125
0 0.68828125 0.97734375 0.0703125 0.0453125
0 0.79375 0.7234375 0.0609375 0.0609375
0 0.771875 0.7859375 0.0609375 0.0640625
0 0.71015625 0.98125 0.0609375 0.0375
0 0.81328125 0.73125 0.0578125 0.0578125
0 0.75 0.9328125 0.0546875 0.08125
0 0.73203125 0.97734375 0.0578125 0.0453125
0 0.83125 0.74375 0.05 0.0765625
0 0.81171875 0.80234375 0.0609375 0.0609375
0 0.7734375 0.9421875 0.0625 0.0625
0 0.75234375 0.98046875 0.0546875 0.0390625
0 0.8546875 0.75 0.05625 0.05625
0 0.83671875 0.80703125 0.053125 0.0796875
0 0.796875 0.94921875 0.0671875 0.0671875
0 0.77578125 0.98359375 0.0546875 0.0328125
0 0.87578125 0.753125 0.0484375 0.075
0 0.85625 0.8125 0.0484375 0.08125
0 0.89609375 0.75859375 0.0484375 0.0703125
0 0.878125 0.81875 0.0515625 0.0828125
0 0.81953125 0.9578125 0.0484375 0.078125
0 0.79765625 0.990625 0.0671875 0.01875
0 0.83984375 0.96171875 0.0546875 0.0765625
0 0.81953125 0.9921875 0.0484375 0.015625