1 0.0421875 0.0671875 0.07890625 0.0328125
1 0.1875 0.06953125 0.07734375 0.0296875
1 0.25703125 0.06796875 0.07421875 0.03125
1 0.04140625 0.0921875 0.075 0.03046875
1 0.1875 0.09140625 0.08125 0.02578125
1 0.25625 0.09296875 0.08046875 0.028125
1 0.0421875 0.1140625 0.07578125 0.028125
1 0.18671875 0.115625 0.07890625 0.03046875
1 0.2546875 0.1140625 0.0765625 0.03203125
1 0.04140625 0.1359375 0.07734375 0.03203125
1 0.18828125 0.1359375 0.07734375 0.02890625
1 0.25546875 0.13515625 0.07890625 0.03203125
1 0.03984375 0.159375 0.07890625 0.028125
1 0.1890625 0.159375 0.07578125 0.028125
1 0.2578125 0.159375 0.07265625 0.028125
1 0.0390625 0.18046875 0.078125 0.02734375
1 0.1890625 0.18125 0.07578125 0.02890625
1 0.25546875 0.18046875 0.078125 0.03203125
1 0.03984375 0.203125 0.0796875 0.028125
1 0.1890625 0.2015625 0.0734375 0.0265625
1 0.25625 0.203125 0.07421875 0.02890625
1 0.03984375 0.22578125 0.07890625 0.02890625
1 0.1890625 0.2265625 0.07109375 0.03046875
1 0.25625 0.225 0.071875 0.028125
1 0.040625 0.24765625 0.08125 0.02578125
1 0.18828125 0.24765625 0.0734375 0.03125
1 0.25546875 0.24765625 0.078125 0.02734375
1 0.0390625 0.26796875 0.078125 0.02890625
1 0.18828125 0.26953125 0.075 0.0296875
1 0.25703125 0.26953125 0.0703125 0.03125
1 0.18671875 0.2921875 0.07421875 0.02734375
1 0.25546875 0.2921875 0.0734375 0.028125
1 0.18671875 0.3140625 0.0734375 0.0265625
1 0.25546875 0.3140625 0.07421875 0.028125
1 0.040625 0.33671875 0.078125 0.0265625
1 0.1875 0.3359375 0.07265625 0.0296875
1 0.2546875 0.3359375 0.07578125 0.0265625
1 0.1875 0.35859375 0.071875 0.02734375
1 0.25546875 0.359375 0.071875 0.0265625
1 0.03984375 0.35859375 0.0765625 0.0265625
1 0.04140625 0.38125 0.07421875 0.02578125
1 0.1875 0.38046875 0.07109375 0.02734375
1 0.2546875 0.3796875 0.075 0.0265625
1 0.03984375 0.40234375 0.075 0.0265625
1 0.18828125 0.40234375 0.0703125 0.0296875
1 0.253125 0.403125 0.0734375 0.0265625
1 0.03984375 0.425 0.0734375 0.02734375
1 0.18828125 0.425 0.06953125 0.02890625
1 0.2546875 0.425 0.07734375 0.0265625
1 0.03984375 0.446875 0.07578125 0.0265625
1 0.1875 0.446875 0.07109375 0.02734375
1 0.2546875 0.446875 0.07265625 0.0265625
1 0.040625 0.46875 0.0734375 0.02734375
1 0.1875 0.46953125 0.07109375 0.0265625
1 0.25546875 0.46953125 0.071875 0.0265625
1 0.040625 0.48984375 0.0734375 0.02578125
1 0.1875 0.490625 0.07109375 0.02421875
1 0.25390625 0.49140625 0.07421875 0.0265625
1 0.03984375 0.51328125 0.07265625 0.025
1 0.18828125 0.51328125 0.0734375 0.028125
1 0.253125 0.5125 0.07265625 0.025
1 0.0390625 0.53515625 0.075 0.02734375
1 0.18828125 0.53515625 0.0703125 0.0265625
1 0.25390625 0.534375 0.071875 0.0265625
1 0.03984375 0.55703125 0.07265625 0.02734375
1 0.1875 0.55703125 0.07109375 0.02578125
1 0.25390625 0.55703125 0.0734375 0.025
1 0.040625 0.57890625 0.07421875 0.02578125
1 0.1875 0.5796875 0.07109375 0.02578125
1 0.25390625 0.578125 0.071875 0.025
1 0.040625 0.6015625 0.07109375 0.0265625
1 0.2546875 0.6015625 0.0671875 0.0265625
1 0.25390625 0.62265625 0.071875 0.0265625
1 0.03984375 0.64453125 0.071875 0.025
1 0.25390625 0.6453125 0.071875 0.02734375
1 0.0421875 0.8328125 0.071875 0.028125
1 0.04140625 0.8546875 0.07578125 0.02578125
1 0.1859375 0.8328125 0.0703125 0.0265625
1 0.25234375 0.8328125 0.07109375 0.028125
1 0.18515625 0.85625 0.071875 0.028125
1 0.25234375 0.85625 0.07265625 0.02578125
1 0.04140625 0.8765625 0.071875 0.02734375
1 0.18671875 0.878125 0.0703125 0.0265625
1 0.25234375 0.878125 0.0734375 0.025
1 0.04140625 0.8984375 0.071875 0.0265625
1 0.18515625 0.89921875 0.0734375 0.028125
1 0.25390625 0.89921875 0.071875 0.0265625
1 0.0421875 0.9203125 0.07578125 0.0265625
1 0.18671875 0.92109375 0.071875 0.02578125
1 0.253125 0.92109375 0.071875 0.0265625
1 0.04453125 0.9421875 0.0734375 0.0265625
1 0.18671875 0.94375 0.0703125 0.02734375
1 0.253125 0.94453125 0.07109375 0.0265625
1 0.04296875 0.96328125 0.071875 0.025
1 0.0421875 0.98359375 0.06796875 0.02578125
1 0.1859375 0.96484375 0.07109375 0.0265625
1 0.1875 0.9859375 0.07109375 0.025
1 0.40234375 0.06796875 0.07265625 0.02734375
1 0.40234375 0.09140625 0.071875 0.028125
1 0.40234375 0.1125 0.0734375 0.03046875
1 0.4 0.13359375 0.07421875 0.0296875
1 0.46953125 0.13359375 0.07109375 0.03046875
1 0.40234375 0.15703125 0.071875 0.02734375
1 0.46875 0.1578125 0.071875 0.02578125
1 0.40234375 0.1796875 0.071875 0.0265625
1 0.46875 0.1796875 0.0765625 0.02734375
1 0.4015625 0.20078125 0.071875 0.0296875
1 0.46875 0.2015625 0.071875 0.0265625
1 0.40234375 0.2234375 0.071875 0.028125
1 0.46875 0.2234375 0.07109375 0.02890625
1 0.40234375 0.24609375 0.06953125 0.02734375
1 0.46875 0.24609375 0.07109375 0.02734375
1 0.403125 0.26875 0.07109375 0.0265625
1 0.46953125 0.26875 0.07265625 0.02578125
1 0.40078125 0.290625 0.0734375 0.028125
1 0.46953125 0.290625 0.071875 0.02734375
1 0.40234375 0.31328125 0.071875 0.02890625
1 0.46796875 0.31328125 0.07421875 0.02734375
1 0.40234375 0.33515625 0.07109375 0.03046875
1 0.46953125 0.33515625 0.07109375 0.02734375
1 0.40078125 0.3578125 0.07109375 0.0265625
1 0.46875 0.35859375 0.07109375 0.02578125
1 0.4015625 0.3796875 0.07109375 0.0265625
1 0.46953125 0.3796875 0.075 0.028125
1 0.4015625 0.40078125 0.07109375 0.03046875
1 0.46796875 0.40234375 0.07109375 0.025
1 0.4015625 0.42421875 0.07109375 0.02734375
1 0.46875 0.42421875 0.0703125 0.02578125
1 0.4015625 0.44609375 0.0703125 0.0265625
1 0.46796875 0.446875 0.07578125 0.02578125
1 0.40078125 0.46796875 0.06953125 0.02734375
1 0.46796875 0.46875 0.07265625 0.02578125
1 0.40078125 0.48984375 0.0703125 0.02734375
1 0.46640625 0.49140625 0.07109375 0.02578125
1 0.4015625 0.51328125 0.0703125 0.02578125
1 0.4671875 0.51328125 0.0734375 0.02734375
1 0.40078125 0.53515625 0.07109375 0.025
1 0.4671875 0.5359375 0.0734375 0.0265625
1 0.40078125 0.55703125 0.0734375 0.0265625
1 0.46796875 0.5578125 0.071875 0.02578125
1 0.4015625 0.57890625 0.071875 0.02578125
1 0.46796875 0.5796875 0.07265625 0.02578125
1 0.4015625 0.60078125 0.0703125 0.028125
1 0.4671875 0.6015625 0.07421875 0.02578125
1 0.4 0.62265625 0.0703125 0.0265625
1 0.4671875 0.6234375 0.07109375 0.0265625
1 0.40234375 0.64453125 0.06953125 0.02734375
1 0.4671875 0.6453125 0.07578125 0.02578125
1 0.403125 0.6671875 0.06875 0.02578125
1 0.46640625 0.6671875 0.07109375 0.02421875
1 0.40078125 0.68984375 0.07109375 0.0234375
1 0.63203125 0.11484375 0.0703125 0.02734375
1 0.7 0.11484375 0.071875 0.0265625
1 0.6328125 0.1359375 0.06953125 0.028125
1 0.6984375 0.1359375 0.07421875 0.0265625
1 0.6328125 0.1578125 0.06953125 0.028125
1 0.69921875 0.15859375 0.06953125 0.02734375
1 0.6328125 0.18125 0.06953125 0.02734375
1 0.7 0.18125 0.07109375 0.028125
1 0.63359375 0.203125 0.06953125 0.028125
1 0.69921875 0.203125 0.07421875 0.02578125
1 0.63359375 0.225 0.0703125 0.02578125
1 0.69921875 0.22578125 0.07421875 0.02578125
1 0.63203125 0.24765625 0.06875 0.025
1 0.7 0.246875 0.07109375 0.0265625
1 0.63359375 0.26953125 0.06953125 0.02578125
1 0.7 0.2703125 0.07109375 0.025
1 0.63203125 0.29140625 0.0703125 0.0265625
1 0.69921875 0.2921875 0.07265625 0.02734375
1 0.63203125 0.31328125 0.06875 0.02890625
1 0.69765625 0.31484375 0.071875 0.02578125
1 0.63203125 0.33671875 0.06875 0.0265625
1 0.6984375 0.3359375 0.07265625 0.02578125
1 0.63203125 0.35859375 0.07109375 0.02734375
1 0.6984375 0.35859375 0.07265625 0.02734375
1 0.63203125 0.38046875 0.06953125 0.02890625
1 0.696875 0.38125 0.071875 0.0265625
1 0.63125 0.403125 0.06796875 0.02734375
1 0.6984375 0.40234375 0.07421875 0.03046875
1 0.63203125 0.42421875 0.06875 0.02890625
1 0.69765625 0.425 0.07421875 0.028125
1 0.63203125 0.44609375 0.06953125 0.0296875
1 0.6984375 0.4484375 0.06953125 0.028125
1 0.63203125 0.46875 0.06875 0.0265625
1 0.6984375 0.46875 0.07265625 0.02734375
1 0.63203125 0.48984375 0.06875 0.02734375
1 0.69609375 0.49140625 0.07265625 0.02734375
1 0.63125 0.51328125 0.06875 0.028125
1 0.6984375 0.5140625 0.071875 0.02734375
1 0.63125 0.53515625 0.06796875 0.028125
1 0.69765625 0.5359375 0.07265625 0.02578125
1 0.63046875 0.55703125 0.0703125 0.028125
1 0.6984375 0.5578125 0.07421875 0.028125
1 0.62890625 0.58046875 0.0703125 0.02578125
1 0.696875 0.5796875 0.07109375 0.028125
1 0.63046875 0.55859375 0.07109375 0.03046875
1 0.69609375 0.6015625 0.071875 0.02890625
1 0.6296875 0.62265625 0.071875 0.028125
1 0.69609375 0.6234375 0.071875 0.028125
1 0.63046875 0.6453125 0.0703125 0.028125
1 0.69609375 0.6453125 0.07265625 0.0265625
1 0.63125 0.66640625 0.06796875 0.0265625
1 0.69765625 0.6671875 0.0765625 0.02734375
1 0.6296875 0.68984375 0.071875 0.0265625
1 0.69609375 0.68984375 0.071875 0.0265625
1 0.6296875 0.7328125 0.06953125 0.02734375
1 0.696875 0.73203125 0.07109375 0.0296875
1 0.6296875 0.75390625 0.06953125 0.0265625
1 0.6953125 0.7984375 0.075 0.02578125
1 0.69375 0.865625 0.071875 0.025
1 0.84609375 0.11328125 0.07421875 0.028125
1 0.9140625 0.11328125 0.07265625 0.02890625
1 0.846875 0.13515625 0.07265625 0.0265625
1 0.9140625 0.1359375 0.07421875 0.0296875
1 0.84765625 0.15703125 0.07578125 0.02890625
1 0.9140625 0.15703125 0.071875 0.02734375
1 0.8484375 0.1796875 0.071875 0.03046875
1 0.9140625 0.18046875 0.07265625 0.0265625
1 0.8484375 0.20234375 0.071875 0.028125
1 0.9140625 0.203125 0.0765625 0.02734375
1 0.84765625 0.225 0.0703125 0.028125
1 0.9140625 0.225 0.075 0.0265625
1 0.84765625 0.24609375 0.06875 0.028125
1 0.91640625 0.246875 0.07890625 0.02734375
1 0.84765625 0.26953125 0.06953125 0.0265625
1 0.9140625 0.26953125 0.0765625 0.02734375
1 0.8484375 0.29140625 0.06953125 0.02734375
1 0.91484375 0.2921875 0.07578125 0.0265625
1 0.8484375 0.3140625 0.06875 0.02890625
1 0.9125 0.3140625 0.07578125 0.0265625
1 0.8484375 0.33671875 0.06953125 0.028125
1 0.9140625 0.33671875 0.07578125 0.028125
1 0.846875 0.35859375 0.06953125 0.028125
1 0.91328125 0.35859375 0.0734375 0.02890625
1 0.846875 0.38046875 0.0703125 0.03046875
1 0.91171875 0.38046875 0.075 0.02734375
1 0.84765625 0.403125 0.06875 0.028125
1 0.9125 0.40234375 0.07578125 0.028125
1 0.8453125 0.425 0.0703125 0.02890625
1 0.91171875 0.42578125 0.0765625 0.02890625
1 0.84453125 0.44765625 0.07265625 0.02734375
1 0.9109375 0.44765625 0.07734375 0.0296875
1 0.8453125 0.46875 0.07109375 0.02734375
1 0.91171875 0.46953125 0.07421875 0.02734375
1 0.84453125 0.49140625 0.06796875 0.0265625
1 0.9109375 0.4921875 0.0765625 0.02734375
1 0.8453125 0.5140625 0.06953125 0.028125
1 0.9109375 0.51328125 0.07578125 0.028125
1 0.8453125 0.53515625 0.06875 0.02890625
1 0.9109375 0.53671875 0.075 0.0265625
1 0.84453125 0.5578125 0.06953125 0.0265625
1 0.9109375 0.5578125 0.07265625 0.0296875
1 0.84453125 0.58125 0.06953125 0.0265625
1 0.9109375 0.5796875 0.071875 0.02890625
1 0.8453125 0.6015625 0.06953125 0.0296875
1 0.91015625 0.60234375 0.07265625 0.02734375
1 0.84453125 0.6234375 0.06953125 0.0265625
1 0.9109375 0.62421875 0.071875 0.028125
1 0.84375 0.64609375 0.0734375 0.028125
1 0.91015625 0.646875 0.07109375 0.0265625
1 0.84375 0.66796875 0.07109375 0.02890625
1 0.909375 0.66796875 0.0703125 0.02734375
1 0.84453125 0.6890625 0.0703125 0.0265625
1 0.909375 0.69140625 0.0703125 0.02578125
1 0.84296875 0.71171875 0.07109375 0.025
1 0.8421875 0.734375 0.07265625 0.02734375
1 0.909375 0.734375 0.06953125 0.0265625
1 0.8421875 0.75625 0.071875 0.02734375
1 0.84453125 0.7796875 0.075 0.0296875
1 0.84296875 0.80078125 0.07109375 0.028125
1 0.8421875 0.84453125 0.071875 0.02578125
0 0.040625 0.62265625 0.07265625 0.0234375
0 0.18515625 0.60078125 0.07265625 0.02421875
0 0.1875 0.62265625 0.06875 0.02421875
0 0.1875 0.64453125 0.071875 0.0234375
0 0.040625 0.66796875 0.0734375 0.02578125
0 0.18515625 0.6671875 0.0765625 0.02265625
0 0.25625 0.6671875 0.07109375 0.02578125
0 0.1859375 0.68828125 0.071875 0.028125
0 0.2546875 0.68984375 0.07578125 0.02578125
0 0.1875 0.71171875 0.07578125 0.025
0 0.25546875 0.71171875 0.07578125 0.03125
0 0.46875 0.68984375 0.07578125 0.02265625
0 0.253125 0.96484375 0.0703125 0.02890625
0 0.25234375 0.98515625 0.075 0.02890625
0 0.03984375 0.29140625 0.07890625 0.028125
0 0.040625 0.3125 0.0796875 0.02578125
0 0.90859375 0.71171875 0.0765625 0.0265625
0 0.628125 0.7109375 0.07265625 0.02421875
0 0.696875 0.71171875 0.0734375 0.02734375
0 0.6953125 0.75390625 0.075 0.02734375
0 0.9078125 0.75625 0.0703125 0.02734375
0 0.909375 0.7796875 0.06953125 0.02578125
0 0.91015625 0.8015625 0.07421875 0.02421875
0 0.62890625 0.7765625 0.071875 0.028125
0 0.6953125 0.77734375 0.07265625 0.0265625
0 0.6265625 0.79921875 0.07421875 0.02734375
0 0.628125 0.82265625 0.07578125 0.025
0 0.69609375 0.82109375 0.07265625 0.02734375
0 0.84140625 0.82109375 0.07421875 0.02734375
0 0.91328125 0.8234375 0.07734375 0.0265625
0 0.628125 0.84609375 0.06875 0.02265625
0 0.69375 0.84375 0.07265625 0.02421875
0 0.909375 0.84609375 0.071875 0.0234375
0 0.6296875 0.8671875 0.06796875 0.0234375
0 0.840625 0.865625 0.07421875 0.0296875
0 0.90859375 0.86796875 0.0765625 0.0265625
0 0.6359375 0.88828125 0.06796875 0.025
0 0.69765625 0.88671875 0.0703125 0.0265625
0 0.84296875 0.890625 0.071875 0.021875
0 0.90625 0.8890625 0.0765625 0.0265625
0 0.63515625 0.9125 0.06171875 0.0234375
0 0.6953125 0.91171875 0.07109375 0.025
0 0.84296875 0.915625 0.07265625 0.02734375
0 0.90625 0.9125 0.07734375 0.02890625
0 0.63203125 0.93359375 0.0671875 0.02421875
0 0.69453125 0.93203125 0.0765625 0.025
0 0.63125 0.9546875 0.0640625 0.02578125
0 0.69453125 0.9546875 0.0765625 0.03046875
0 0.84453125 0.9390625 0.07265625 0.02578125
0 0.90546875 0.9359375 0.0765625 0.025
0 0.84375 0.96015625 0.07109375 0.02578125
0 0.90625 0.95859375 0.06953125 0.02421875