1 0.2265625 0.32734375 0.071875 0.253125
1 0.28359375 0.321875 0.07890625 0.26796875
1 0.34375 0.3234375 0.07421875 0.25
0 0.40703125 0.3390625 0.07734375 0.2328125
1 0.46640625 0.32890625 0.07890625 0.24296875
1 0.6484375 0.33203125 0.07265625 0.24453125
1 0.7109375 0.3328125 0.0734375 0.23828125
1 0.28359375 0.6453125 0.07109375 0.24453125
1 0.346875 0.6578125 0.0703125 0.24375
1 0.40703125 0.65703125 0.06875 0.24140625
1 0.5875 0.65546875 0.07421875 0.234375
1 0.64921875 0.65859375 0.0703125 0.22734375
1 0.709375 0.66015625 0.0765625 0.2296875
1 0.76796875 0.665625 0.06953125 0.2171875
0 0.52734375 0.32890625 0.06796875 0.2296875
0 0.590625 0.33515625 0.06796875 0.23828125
0 0.7671875 0.32578125 0.06640625 0.23515625
0 0.22421875 0.65390625 0.0625 0.24453125
0 0.46484375 0.6625 0.0734375 0.22421875
0 0.52734375 0.66015625 0.0734375 0.23515625