1 0.3203125 0.18515625 0.1578125 0.08125
1 0.3393229515625 0.15629406875000001 0.2803430390625 0.15682480000000001 0.28485892968750004 0.3061371328125 0.2958076421875 0.30728788906250004 0.3458144109375 0.3077408296875 0.34728227968750003 0.293774984375 0.34006368125 0.1563199359375 0.3393229515625 0.15629406875000001
1 0.245532871875 0.29162716718750004 0.373660628125 0.316142109375 0.38241285468749997 0.2654656453125 0.2397213078125 0.2306108421875 0.22793769218749999 0.2869125515625 0.245532871875 0.29162716718750004
1 0.28984375 0.45703125 0.1203125 0.1203125
1 0.2875 0.503125 0.1140625 0.115625
1 0.2890625 0.55078125 0.15 0.0796875
1 0.27578125 0.68203125 0.15 0.078125
1 0.2671875 0.771875 0.15625 0.0796875
1 0.2578125 0.86015625 0.15625 0.09375
1 0.24765625 0.93359375 0.1125 0.0953125
1 0.6203125 0.2296875 0.1703125 0.0859375
1 0.61171875 0.278125 0.134375 0.134375
1 0.76015625 0.3390625 0.1796875 0.0765625
1 0.6 0.42578125 0.1203125 0.1203125
1 0.7484375 0.43984375 0.1765625 0.0796875
1 0.59296875 0.4734375 0.1734375 0.0859375
1 0.74765625 0.490625 0.1953125 0.1
1 0.73984375 0.5390625 0.2 0.0890625
1 0.58203125 0.5671875 0.1765625 0.103125
1 0.734375 0.58828125 0.1390625 0.1375
1 0.575 0.6671875 0.1328125 0.1328125
1 0.72109375 0.6875 0.1859375 0.0984375
1 0.56875 0.71640625 0.1359375 0.1375
1 0.71796875 0.73984375 0.1375 0.1375
1 0.5625 0.76328125 0.1796875 0.0984375
1 0.5625 0.8109375 0.1375 0.1375
1 0.709375 0.834375 0.1453125 0.1453125
1 0.55390625 0.909375 0.18125 0.0921875
1 0.7 0.93671875 0.19375 0.0953125
1 0.70390625 0.95 0.1609375 0.1
0 0.3234375 0.13984375 0.1484375 0.0671875
0 0.30390625 0.31953125 0.121875 0.1234375
0 0.2984375 0.3671875 0.1265625 0.1265625
0 0.29296875 0.41328125 0.1171875 0.1171875
0 0.2828125 0.59296875 0.159375 0.08125
0 0.28046875 0.6390625 0.1265625 0.1265625
0 0.2671875 0.72890625 0.1265625 0.1265625
0 0.25625 0.8171875 0.1234375 0.1234375
0 0.25234375 0.90859375 0.159375 0.090625
0 0.6046875 0.32734375 0.18125 0.0875
0 0.5984375 0.375 0.1828125 0.0875
0 0.775 0.2375 0.1828125 0.0890625
0 0.76484375 0.2875 0.1265625 0.1265625
0 0.759375 0.3890625 0.1390625 0.1390625
0 0.5875 0.52265625 0.1390625 0.1390625
0 0.57734375 0.6171875 0.121875 0.121875
0 0.72734375 0.63671875 0.1765625 0.084375
0 0.71796875 0.7875 0.18125 0.0859375
0 0.55234375 0.85859375 0.1390625 0.140625
0 0.70703125 0.8890625 0.1921875 0.096875
0 0.540625 0.94140625 0.1375 0.1171875