1 0.18203125 0.20390625 0.0703125 0.18515625
1 0.02890625 0.36796875 0.0578125 0.178125
1 0.078125 0.3625 0.06484375 0.184375
1 0.1296875 0.3625 0.06484375 0.175
1 0.23359375 0.36171875 0.0671875 0.17890625
1 0.2859375 0.19921875 0.0671875 0.17890625
1 0.340625 0.36015625 0.0609375 0.17890625
1 0.39296875 0.19609375 0.0671875 0.18515625
1 0.39296875 0.36015625 0.0640625 0.17578125
1 0.44375 0.19765625 0.06796875 0.184375
1 0.4453125 0.359375 0.06640625 0.178125
1 0.49921875 0.19765625 0.0640625 0.184375
1 0.49921875 0.35625 0.06875 0.1875
1 0.5515625 0.1984375 0.0640625 0.1859375
1 0.55078125 0.35625 0.06328125 0.18046875
1 0.6046875 0.35625 0.065625 0.18125
1 0.65703125 0.35859375 0.06796875 0.17578125
1 0.70703125 0.19609375 0.0625 0.18125
1 0.028125 0.71015625 0.05546875 0.175
1 0.02890625 0.875 0.0578125 0.16953125
1 0.0796875 0.709375 0.06796875 0.184375
1 0.07734375 0.86953125 0.06875 0.1796875
1 0.12890625 0.709375 0.06796875 0.184375
1 0.13125 0.86640625 0.06796875 0.16953125
1 0.1859375 0.86875 0.06171875 0.1703125
1 0.2359375 0.87109375 0.06640625 0.17890625
1 0.2890625 0.709375 0.065625 0.184375
1 0.28984375 0.8703125 0.0640625 0.18125
1 0.34609375 0.86875 0.0640625 0.178125
1 0.39765625 0.70390625 0.06328125 0.18671875
1 0.396875 0.86953125 0.06953125 0.1796875
1 0.45234375 0.86640625 0.0640625 0.18828125
1 0.5046875 0.86640625 0.06875 0.17890625
1 0.5546875 0.703125 0.07109375 0.1890625
1 0.55546875 0.86484375 0.071875 0.18203125
1 0.6078125 0.8671875 0.06953125 0.184375
1 0.659375 0.70546875 0.071875 0.18515625
1 0.66171875 0.86484375 0.0765625 0.175
1 0.71640625 0.8625 0.065625 0.17734375
1 0.96484375 0.36015625 0.0609375 0.1703125
1 0.96640625 0.69921875 0.0671875 0.18125
1 0.9703125 0.8625 0.05859375 0.17734375
0 0.0265625 0.2015625 0.053125 0.16875
0 0.07734375 0.20390625 0.06171875 0.1796875
0 0.12890625 0.19921875 0.06328125 0.17890625
0 0.2328125 0.20078125 0.0734375 0.17421875
0 0.33984375 0.19921875 0.0625 0.17109375
0 0.603125 0.19765625 0.06875 0.175
0 0.65546875 0.19453125 0.0640625 0.178125
0 0.71015625 0.36015625 0.0640625 0.1796875
0 0.2859375 0.365625 0.06953125 0.178125
0 0.184375 0.3625 0.06484375 0.171875
0 0.18359375 0.7078125 0.0671875 0.17734375
0 0.23671875 0.7046875 0.0640625 0.17578125
0 0.34375 0.703125 0.065625 0.1890625
0 0.44921875 0.70703125 0.06796875 0.1921875
0 0.4984375 0.70078125 0.06796875 0.1875
0 0.609375 0.70625 0.06953125 0.1828125
0 0.71328125 0.70390625 0.071875 0.18203125
0 0.96328125 0.19921875 0.0734375 0.1640625