1 0.4625 0.07890625 0.18125 0.1578125
1 0.6828125 0.06484375 0.18125 0.1296875
1 0.6515625 0.08828125 0.1875 0.1765625
1 0.61953125 0.1234375 0.1828125 0.1828125
1 0.5546875 0.2046875 0.1796875 0.1796875
1 0.39453125 0.14609375 0.184375 0.184375
1 0.48828125 0.28828125 0.18125 0.18125
1 0.3265625 0.22890625 0.178125 0.178125
1 0.45546875 0.3296875 0.1828125 0.1828125
1 0.29609375 0.26953125 0.184375 0.184375
1 0.42265625 0.3703125 0.1890625 0.1890625
1 0.2625 0.31328125 0.184375 0.184375
1 0.3875 0.4109375 0.19375 0.175
1 0.23046875 0.3546875 0.190625 0.171875
1 0.35546875 0.4515625 0.19375 0.1765625
1 0.32265625 0.49375 0.1890625 0.16875
1 0.2921875 0.53671875 0.18125 0.18125
1 0.1328125 0.47578125 0.1765625 0.1765625
1 0.934375 0.25703125 0.13125 0.1515625
1 0.9171875 0.296875 0.165625 0.178125
1 0.97578125 0.39375 0.0484375 0.184375
1 0.89375 0.33671875 0.1890625 0.1890625
1 0.9609375 0.434375 0.078125 0.171875
1 0.9453125 0.47890625 0.109375 0.1671875
1 0.93359375 0.5203125 0.1328125 0.175
1 0.79453125 0.4625 0.2015625 0.1828125
1 0.9109375 0.5625 0.178125 0.18125
1 0.88515625 0.60546875 0.1953125 0.178125
1 0.7234375 0.54453125 0.190625 0.1890625
1 0.8546875 0.64609375 0.1984375 0.18125
1 0.81796875 0.68828125 0.1828125 0.1828125
1 0.7859375 0.72890625 0.1875 0.1875
1 0.6265625 0.66796875 0.196875 0.1765625
1 0.753125 0.76796875 0.1796875 0.1796875
1 0.72265625 0.8109375 0.19375 0.19375
1 0.5640625 0.75234375 0.196875 0.178125
1 0.68828125 0.85234375 0.1953125 0.1953125
1 0.65234375 0.89375 0.196875 0.1796875
1 0.10390625 0.78046875 0.1765625 0.1578125
1 0.36875 0.953125 0.184375 0.09375
0 0.52578125 0.0375 0.1828125 0.075
0 0.49140625 0.0546875 0.1921875 0.109375
0 0.42890625 0.10546875 0.1859375 0.1859375
0 0.36171875 0.18828125 0.1765625 0.1578125
0 0.1984375 0.3953125 0.1859375 0.1671875
0 0.16328125 0.434375 0.184375 0.184375
0 0.26015625 0.5796875 0.1859375 0.1859375
0 0.52578125 0.2484375 0.1953125 0.178125
0 0.5859375 0.16640625 0.184375 0.184375
0 0.85859375 0.37890625 0.1828125 0.1828125
0 0.8234375 0.41875 0.1828125 0.1828125
0 0.75625 0.5015625 0.196875 0.196875
0 0.69453125 0.5875 0.1890625 0.1890625
0 0.659375 0.62265625 0.2 0.18125
0 0.5953125 0.71328125 0.1859375 0.1859375
0 0.5296875 0.79375 0.1796875 0.1796875
0 0.03046875 0.66796875 0.0609375 0.1515625