1 0.20546875 0.28828125 0.06171875 0.15078125
1 0.2898678578125 0.2132334625 0.23020405781250003 0.21061224687500002 0.2169677734375 0.36171571406249997 0.2800752890625 0.36334736093750003 0.2898678578125 0.2132334625
1 0.329038053125 0.2132334625 0.27782310468750004 0.20857143125 0.26701858437500003 0.35682070625 0.32577391875 0.3600840015625 0.329038053125 0.2132334625
1 0.47890625 0.28671875 0.05703125 0.15625
1 0.525 0.2890625 0.05390625 0.15234375
1 0.57265625 0.2953125 0.053125 0.13984375
1 0.7046875 0.29609375 0.0609375 0.14140625
1 0.79453125 0.296875 0.0625 0.1484375
1 0.88359375 0.296875 0.065625 0.14296875
1 0.9703125 0.2953125 0.059375 0.1375
1 0.21875 0.59140625 0.0578125 0.1609375
1 0.26796875 0.58828125 0.06171875 0.17109375
1 0.3125 0.7421875 0.06015625 0.17578125
1 0.415625 0.59140625 0.05546875 0.15390625
1 0.4140625 0.740625 0.0546875 0.16953125
1 0.4640625 0.58984375 0.05625 0.16328125
1 0.46484375 0.7453125 0.0609375 0.1828125
1 0.5140625 0.74296875 0.05859375 0.190625
1 0.55859375 0.58828125 0.0671875 0.16328125
1 0.56328125 0.7421875 0.0625 0.18203125
1 0.65859375 0.5921875 0.06171875 0.159375
1 0.66328125 0.73984375 0.06640625 0.1734375
1 0.7078125 0.590625 0.0625 0.16484375
1 0.715625 0.7421875 0.06484375 0.17265625
1 0.75546875 0.58984375 0.0609375 0.1671875
1 0.80234375 0.59453125 0.06484375 0.16796875
1 0.8109375 0.74296875 0.06796875 0.1875
1 0.9015625 0.59609375 0.06953125 0.17421875
1 0.91328125 0.74453125 0.07421875 0.18671875
1 0.9625 0.753125 0.07421875 0.20234375
0 0.16015625 0.28671875 0.04765625 0.14375
0 0.34140625 0.2859375 0.053125 0.1578125
0 0.3890625 0.2859375 0.05625 0.1546875
0 0.43515625 0.28515625 0.053125 0.15703125
0 0.61484375 0.29375 0.053125 0.14921875
0 0.6609375 0.29609375 0.0609375 0.1578125
0 0.75234375 0.2921875 0.06484375 0.14609375
0 0.840625 0.290625 0.06484375 0.1484375
0 0.93203125 0.29609375 0.06953125 0.15078125
0 0.3171875 0.5859375 0.05390625 0.17109375
0 0.365625 0.58515625 0.05625 0.1734375
0 0.21015625 0.74609375 0.05859375 0.1734375
0 0.2609375 0.74140625 0.0609375 0.1671875
0 0.3625 0.74609375 0.06015625 0.18046875
0 0.51328125 0.5890625 0.06640625 0.16484375
0 0.60859375 0.5890625 0.06328125 0.15625
0 0.6125 0.740625 0.06484375 0.16953125
0 0.76328125 0.746875 0.06484375 0.175
0 0.85078125 0.58984375 0.07421875 0.1703125
0 0.865625 0.746875 0.0703125 0.1828125
0 0.94765625 0.58984375 0.075 0.1703125