1 0.27421875 0.8671875 0.05390625 0.053125
1 0.31796875 0.86796875 0.0546875 0.05546875
1 0.3625 0.8671875 0.05078125 0.0515625
1 0.40234375 0.86640625 0.053125 0.05390625
1 0.44765625 0.865625 0.04921875 0.0546875
1 0.48984375 0.86484375 0.0546875 0.05546875
1 0.5328125 0.86484375 0.05078125 0.05546875
1 0.278125 0.96328125 0.0484375 0.0546875
1 0.31953125 0.9625 0.05234375 0.05546875
1 0.36484375 0.96171875 0.05546875 0.05390625
1 0.4078125 0.96171875 0.0484375 0.05703125
1 0.45 0.9640625 0.05234375 0.05390625
1 0.49375 0.96328125 0.05 0.05703125
1 0.5375 0.96484375 0.05546875 0.0546875
1 0.5796875 0.96328125 0.05078125 0.05234375
1 0.62421875 0.9625 0.053125 0.05
1 0.66875 0.9625 0.05078125 0.05234375
1 0.7109375 0.9625 0.053125 0.05078125
1 0.753125 0.96328125 0.04921875 0.05234375
1 0.79609375 0.96328125 0.0515625 0.053125
1 0.84140625 0.96328125 0.0515625 0.05390625
1 0.884375 0.9640625 0.05078125 0.053125
1 0.928125 0.9609375 0.05234375 0.05390625
1 0.96484375 0.96171875 0.04453125 0.05390625
1 0.5765625 0.86640625 0.0515625 0.05
1 0.6203125 0.86640625 0.04921875 0.05
1 0.6640625 0.8671875 0.0484375 0.04921875
1 0.70625 0.86640625 0.05078125 0.046875
1 0.75078125 0.86640625 0.05234375 0.05
1 0.79296875 0.86484375 0.05 0.05390625
1 0.8359375 0.86484375 0.0484375 0.05078125
1 0.88046875 0.86484375 0.05078125 0.0515625
0 0.92265625 0.8671875 0.0546875 0.04921875
1 0 0.9714728312500001 0.0721014796875 0.9694227734374999 0.068735265625 0.931496828125 0 0.9376469828125 0 0.9714728312500001
1 0.0833420828125 0.9937179484374999 0.068735265625 0.9535348890625001 0.0005696796875 0.96532265625 0.0014112484375 0.9960734171875 0.0833420828125 0.9937179484374999
1 0.31875 0.65859375 0.05234375 0.0546875
1 0.271875 0.7453125 0.0515625 0.0546875
1 0.315625 0.7453125 0.0515625 0.05546875
1 0.3578125 0.74609375 0.05078125 0.05625
1 0.44609375 0.746875 0.05234375 0.0546875
1 0.36171875 0.65703125 0.04765625 0.05390625
1 0.403125 0.6578125 0.05234375 0.05546875
1 0.44765625 0.65703125 0.05546875 0.05625
1 0.49140625 0.65546875 0.0546875 0.05703125
1 0.5375 0.65703125 0.05234375 0.05546875
1 0.621875 0.65859375 0.0515625 0.053125
1 0.665625 0.65703125 0.0515625 0.0578125
1 0.70703125 0.65546875 0.0546875 0.05703125
1 0.7515625 0.65625 0.05078125 0.05703125
1 0.48984375 0.74609375 0.04921875 0.059375
1 0.5328125 0.746875 0.05078125 0.06015625
1 0.5765625 0.74765625 0.05390625 0.05625
1 0.6203125 0.74765625 0.05078125 0.06015625
1 0.66328125 0.74609375 0.05 0.05859375
1 0.70546875 0.74609375 0.05 0.05859375
1 0.74921875 0.74609375 0.05390625 0.05625
1 0.7921875 0.746875 0.05078125 0.0578125
1 0.83515625 0.74609375 0.0515625 0.05546875
1 0.87890625 0.74453125 0.05078125 0.05625
1 0.8375 0.65546875 0.05234375 0.05703125
1 0.8796875 0.65390625 0.05390625 0.059375
1 0.925 0.6546875 0.0515625 0.059375
1 0.2859375 0.09296875 0.0890625 0.03203125
1 0.4828125 0.0921875 0.0859375 0.0296875
1 0.84453125 0.09296875 0.09375 0.0328125
1 0.75703125 0.11875 0.0953125 0.03125
1 0.8453125 0.14375 0.0953125 0.03359375
1 0.76015625 0.196875 0.09296875 0.03046875
1 0.759375 0.2734375 0.0953125 0.03046875
1 0.84765625 0.27421875 0.09921875 0.03125
1 0.4828125 0.1453125 0.09140625 0.03359375
1 0.56484375 0.14375 0.0890625 0.03046875
1 0.48125 0.1703125 0.09609375 0.03203125
1 0.56484375 0.1703125 0.09453125 0.03125
1 0.20390625 0.11953125 0.0921875 0.03046875
1 0.2875 0.146875 0.090625 0.02890625
1 0.20390625 0.1703125 0.08984375 0.0359375
1 0.28671875 0.17109375 0.096875 0.03359375
1 0.203125 0.19609375 0.0921875 0.03203125
1 0.2890625 0.19609375 0.0953125 0.03359375
1 0.20390625 0.24921875 0.09375 0.03515625
1 0.28828125 0.24765625 0.09609375 0.0359375
1 0.20390625 0.27421875 0.09375 0.03359375
1 0.2875 0.30078125 0.09453125 0.03046875
1 0.203125 0.32578125 0.0921875 0.03359375
1 0.28828125 0.3265625 0.09375 0.03203125
1 0.28984375 0.35234375 0.09609375 0.034375
1 0.2046875 0.37890625 0.09296875 0.03203125
1 0.20390625 0.40546875 0.0984375 0.034375
1 0.20234375 0.43203125 0.09296875 0.03203125
1 0.28828125 0.43125 0.1 0.03359375
1 0.20234375 0.45703125 0.096875 0.03359375
1 0.2875 0.484375 0.0953125 0.03359375
1 0.2015625 0.5078125 0.09375 0.03359375
1 0.28828125 0.5125 0.0984375 0.03359375
1 0.4828125 0.51171875 0.1 0.03203125
1 0.48046875 0.48359375 0.0984375 0.03359375
1 0.56875 0.45703125 0.09296875 0.028125
1 0.56796875 0.43046875 0.09609375 0.03359375
1 0.56796875 0.40546875 0.09765625 0.034375
1 0.7640625 0.48359375 0.0921875 0.02890625
1 0.846875 0.43203125 0.09375 0.03125
1 0.76015625 0.37890625 0.0984375 0.03046875
1 0.75859375 0.35234375 0.10078125 0.03046875
1 0.7625 0.3265625 0.0953125 0.03203125
1 0.56953125 0.378125 0.0984375 0.03125
1 0.48203125 0.37734375 0.08671875 0.02890625
1 0.48125 0.35234375 0.090625 0.03046875
1 0.56640625 0.3515625 0.096875 0.0328125
1 0.48203125 0.3265625 0.08828125 0.02890625
1 0.56796875 0.30078125 0.0890625 0.03125
1 0.47890625 0.2203125 0.090625 0.03359375
1 0.56484375 0.22265625 0.09140625 0.03359375
1 0.48046875 0.24765625 0.09375 0.03359375
1 0.56640625 0.25 0.09140625 0.03203125
1 0.4828125 0.27421875 0.09140625 0.03203125
1 0.5671875 0.27421875 0.096875 0.03515625
0 0.20234375 0.08984375 0.09296875 0.0375
0 0.28828125 0.11796875 0.09609375 0.03046875
0 0.20234375 0.14375 0.08828125 0.03046875
0 0.20390625 0.22109375 0.09765625 0.02734375
0 0.2953125 0.22109375 0.09765625 0.028125
0 0.28828125 0.2734375 0.103125 0.03203125
0 0.56796875 0.0890625 0.09609375 0.02734375
0 0.48046875 0.1171875 0.08984375 0.03203125
0 0.56640625 0.11640625 0.0921875 0.03359375
0 0.48125 0.19453125 0.09453125 0.034375
0 0.56484375 0.196875 0.09453125 0.034375
0 0.7578125 0.065625 0.096875 0.03046875
0 0.84375 0.040625 0.0921875 0.03125
0 0.84375 0.06484375 0.09453125 0.0328125
0 0.75703125 0.0921875 0.09453125 0.03359375
0 0.8453125 0.11953125 0.1015625 0.03125
0 0.75703125 0.14375 0.09375 0.03203125
0 0.7578125 0.16796875 0.09453125 0.03203125
0 0.84609375 0.16953125 0.1 0.0328125
0 0.84609375 0.1953125 0.09296875 0.0328125
0 0.76015625 0.22265625 0.0921875 0.03203125
0 0.84453125 0.22265625 0.09609375 0.0328125
0 0.76015625 0.2484375 0.0953125 0.03046875
0 0.84765625 0.24921875 0.1015625 0.03125
0 0.48203125 0.29921875 0.0921875 0.03203125
0 0.20234375 0.2984375 0.09453125 0.03203125
0 0.76171875 0.3015625 0.0953125 0.03125
0 0.8484375 0.2984375 0.10234375 0.0359375
0 0.84609375 0.325 0.0921875 0.0296875
0 0.56953125 0.32578125 0.09921875 0.0328125
0 0.20234375 0.35234375 0.09296875 0.03359375
0 0.28828125 0.37890625 0.1 0.03203125
0 0.290625 0.40546875 0.09453125 0.0328125
0 0.48203125 0.403125 0.09140625 0.0328125
0 0.759375 0.4046875 0.09609375 0.03203125
0 0.846875 0.35234375 0.09140625 0.0328125
0 0.8453125 0.378125 0.0890625 0.03515625
0 0.85 0.40625 0.09609375 0.03203125
0 0.759375 0.43125 0.09453125 0.03359375
0 0.7640625 0.4578125 0.08828125 0.03203125
0 0.84765625 0.4578125 0.090625 0.03125
0 0.48046875 0.43125 0.09296875 0.0328125
0 0.48203125 0.45703125 0.10546875 0.03125
0 0.28984375 0.45859375 0.096875 0.03125
0 0.2 0.4828125 0.096875 0.03125
0 0.57109375 0.4828125 0.10078125 0.034375
0 0.56953125 0.5125 0.096875 0.0328125
0 0.03046875 0.11875 0.05859375 0.0296875
0 0.0328125 0.1453125 0.065625 0.03125
0 0.03046875 0.32578125 0.05859375 0.0328125
1 0.0296875 0.17109375 0.059375 0.0328125
1 0.028125 0.196875 0.05625 0.03203125
1 0.02890625 0.29921875 0.0578125 0.03203125
1 0.0296875 0.353125 0.05625 0.03359375
1 0.02890625 0.40625 0.0578125 0.0359375