1 0.85078125 0.75078125 0.0640625 0.0640625
1 0.8546875 0.70703125 0.065625 0.065625
1 0.85703125 0.6625 0.0578125 0.05625
1 0.85859375 0.62265625 0.0578125 0.05625
1 0.8609375 0.57734375 0.0609375 0.05625
1 0.86328125 0.5359375 0.0609375 0.059375
1 0.86640625 0.49296875 0.0640625 0.0609375
1 0.946875 0.75390625 0.05625 0.0546875
1 0.9484375 0.7125 0.0609375 0.0578125
1 0.95078125 0.6671875 0.059375 0.0609375
1 0.95390625 0.62421875 0.0625 0.0546875
1 0.959375 0.58203125 0.0609375 0.0609375
1 0.96171875 0.53828125 0.0640625 0.0578125
1 0.96640625 0.4953125 0.059375 0.0609375
1 0.96796875 0.453125 0.059375 0.0578125
1 0.9703125 0.40859375 0.05625 0.059375
1 0.971875 0.3640625 0.05625 0.059375
1 0.9734375 0.321875 0.053125 0.059375
1 0.975 0.2796875 0.05 0.05625
1 0.9765625 0.23671875 0.046875 0.0578125
1 0.97890625 0.190625 0.0421875 0.05625
1 0.9796875 0.14921875 0.040625 0.0609375
1 0.9796875 0.1046875 0.040625 0.059375
1 0.98125 0.06875 0.0375 0.053125
1 0.87109375 0.44921875 0.059375 0.0578125
1 0.87421875 0.40546875 0.05625 0.05625
1 0.878125 0.36171875 0.053125 0.05
1 0.8796875 0.31953125 0.05 0.0546875
1 0.8828125 0.275 0.05625 0.05625
1 0.884375 0.2328125 0.059375 0.059375
1 0.8875 0.190625 0.0578125 0.0546875
1 0.890625 0.14609375 0.0546875 0.0546875
0 0.89609375 0.10390625 0.0609375 0.059375
1 0.9519580062499999 1 0.954674315625 0.9827090187499999 0.8864929234375 0.9720479234375 0.8795236890625 1 0.9519580062499999 1
1 0.9587131531249999 1 0.9527249812499999 0.94986384375 0.9496036437500001 0.9496455781250001 0.9228360062500001 0.9489762687500001 0.92150554375 0.9680027640625 0.9207496828125 1 0.9587131531249999 1
1 0.6453125 0.6921875 0.059375 0.05625
1 0.72890625 0.74453125 0.0578125 0.0578125
1 0.73203125 0.70078125 0.0625 0.059375
1 0.7359375 0.659375 0.0640625 0.0609375
1 0.7421875 0.57109375 0.0578125 0.059375
1 0.646875 0.64921875 0.0578125 0.0578125
1 0.65078125 0.6078125 0.059375 0.059375
1 0.653125 0.56328125 0.0640625 0.0640625
1 0.6546875 0.51953125 0.065625 0.0640625
1 0.659375 0.4734375 0.0609375 0.059375
1 0.66640625 0.38984375 0.059375 0.059375
1 0.66796875 0.34609375 0.059375 0.059375
1 0.66953125 0.3046875 0.065625 0.0671875
1 0.6734375 0.26015625 0.0625 0.0578125
1 0.74453125 0.52734375 0.0609375 0.0609375
1 0.7484375 0.484375 0.0640625 0.0640625
1 0.75234375 0.440625 0.0671875 0.0640625
1 0.75546875 0.396875 0.065625 0.0578125
1 0.75703125 0.35390625 0.0578125 0.0578125
1 0.76015625 0.3125 0.059375 0.059375
1 0.7625 0.26875 0.059375 0.0578125
1 0.76640625 0.22578125 0.0640625 0.0609375
1 0.76875 0.1828125 0.0609375 0.0578125
1 0.7703125 0.1390625 0.059375 0.0546875
1 0.67890625 0.17421875 0.0625 0.059375
1 0.6796875 0.13203125 0.0640625 0.065625
1 0.68359375 0.08671875 0.059375 0.0609375
1 0.07890625 0.68515625 0.0421875 0.0921875
1 0.0921875 0.4890625 0.0421875 0.0875
1 0.11796875 0.128125 0.05 0.1
1 0.1375 0.2171875 0.040625 0.0984375
1 0.16875 0.13046875 0.0734375 0.0734375
1 0.215625 0.21953125 0.0390625 0.09375
1 0.2921875 0.22578125 0.071875 0.071875
1 0.29921875 0.1375 0.0734375 0.0734375
1 0.1453125 0.4921875 0.0671875 0.06875
1 0.14921875 0.41015625 0.04375 0.09375
1 0.16953125 0.49609375 0.0703125 0.06875
1 0.17578125 0.4125 0.06875 0.0703125
1 0.1 0.76875 0.0421875 0.0953125
1 0.1328125 0.6875 0.0671875 0.0671875
1 0.15078125 0.77265625 0.0484375 0.0953125
1 0.15703125 0.68984375 0.071875 0.071875
1 0.17578125 0.775 0.04375 0.096875
1 0.18203125 0.6890625 0.046875 0.1015625
1 0.22890625 0.778125 0.0453125 0.096875
1 0.23359375 0.69375 0.04375 0.0984375
1 0.25390625 0.7796875 0.04375 0.096875
1 0.28671875 0.6984375 0.0703125 0.0703125
1 0.30546875 0.784375 0.046875 0.0984375
1 0.3125 0.69921875 0.071875 0.0703125
1 0.33828125 0.69921875 0.071875 0.071875
1 0.35859375 0.7859375 0.06875 0.0671875
1 0.38515625 0.7890625 0.0484375 0.103125
1 0.41171875 0.7921875 0.0453125 0.096875
1 0.41640625 0.70625 0.071875 0.0734375
1 0.43671875 0.79375 0.0421875 0.0984375
1 0.46953125 0.7109375 0.0453125 0.0984375
1 0.48671875 0.7984375 0.046875 0.0984375
1 0.49765625 0.71171875 0.071875 0.0734375
1 0.51015625 0.51796875 0.046875 0.1046875
1 0.48203125 0.51796875 0.04375 0.103125
1 0.46171875 0.428125 0.0671875 0.0671875
1 0.43515625 0.42734375 0.075 0.075
1 0.41015625 0.42578125 0.078125 0.078125
1 0.50234375 0.23515625 0.0703125 0.0703125
1 0.45625 0.14921875 0.0703125 0.0703125
1 0.39765625 0.23203125 0.04375 0.103125
1 0.37109375 0.23203125 0.0453125 0.10625
1 0.3453125 0.22578125 0.0421875 0.096875
1 0.38359375 0.421875 0.075 0.0734375
1 0.3765625 0.509375 0.0359375 0.0875
1 0.3515625 0.50859375 0.0390625 0.0921875
1 0.35625 0.4234375 0.0703125 0.0703125
1 0.32578125 0.50546875 0.0625 0.0625
1 0.30625 0.41796875 0.040625 0.0921875
1 0.21953125 0.5015625 0.0421875 0.0921875
1 0.228125 0.415625 0.0484375 0.096875
1 0.246875 0.5015625 0.0421875 0.0953125
1 0.25546875 0.41640625 0.071875 0.071875
1 0.2734375 0.5015625 0.0390625 0.0921875
1 0.2796875 0.4171875 0.053125 0.103125
0 0.0703125 0.76796875 0.0765625 0.0765625
0 0.10390625 0.684375 0.075 0.075
0 0.12421875 0.771875 0.0640625 0.065625
0 0.20078125 0.77578125 0.0703125 0.06875
0 0.2078125 0.684375 0.06875 0.06875
0 0.259375 0.6953125 0.0515625 0.1078125
0 0.09453125 0.40390625 0.0703125 0.06875
0 0.11640625 0.49296875 0.0453125 0.09375
0 0.121875 0.40703125 0.040625 0.09375
0 0.19375 0.49765625 0.075 0.0765625
0 0.20234375 0.4140625 0.0765625 0.0765625
0 0.084375 0.2125 0.0671875 0.0703125
0 0.065625 0.125 0.0703125 0.0703125
0 0.08984375 0.1265625 0.0734375 0.0734375
0 0.1109375 0.21484375 0.046875 0.1
0 0.14453125 0.12890625 0.0734375 0.071875
0 0.1625 0.21875 0.0703125 0.0703125
0 0.18671875 0.21953125 0.0421875 0.096875
0 0.19453125 0.13203125 0.0765625 0.0765625
0 0.2203125 0.13359375 0.0734375 0.0734375
0 0.24140625 0.22109375 0.046875 0.096875
0 0.24765625 0.13671875 0.05 0.1015625
0 0.2671875 0.22265625 0.06875 0.06875
0 0.27421875 0.1359375 0.078125 0.078125
0 0.2984375 0.50390625 0.04375 0.096875
0 0.278125 0.7828125 0.04375 0.1
0 0.3203125 0.225 0.0734375 0.075
0 0.3234375 0.13828125 0.04375 0.1046875
0 0.34921875 0.1421875 0.0734375 0.071875
0 0.33125 0.41875 0.0765625 0.0765625
0 0.33203125 0.78671875 0.0734375 0.0734375
0 0.3640625 0.703125 0.0734375 0.0734375
0 0.39140625 0.70234375 0.0484375 0.1
0 0.40234375 0.5109375 0.0421875 0.09375
0 0.42265625 0.234375 0.0484375 0.1015625
0 0.3765625 0.14375 0.065625 0.0671875
0 0.40234375 0.146875 0.0703125 0.06875
0 0.43125 0.14453125 0.046875 0.1015625
0 0.44921875 0.23671875 0.05 0.1
0 0.4765625 0.23359375 0.0390625 0.0890625
0 0.48203125 0.15 0.0703125 0.0703125
0 0.4296875 0.51484375 0.0390625 0.09375
0 0.45625 0.51484375 0.0421875 0.1078125
0 0.44375 0.70703125 0.0734375 0.0734375
0 0.46171875 0.7984375 0.040625 0.0984375
0 0.4875 0.428125 0.04375 0.1046875
0 0.5171875 0.43125 0.046875 0.1015625
0 0.08671875 0.94140625 0.0484375 0.05
0 0.11328125 0.94140625 0.053125 0.053125
0 0.29375 0.95625 0.0390625 0.0609375
1 0.13828125 0.94609375 0.0421875 0.0625
1 0.16484375 0.94921875 0.046875 0.046875
1 0.26640625 0.95625 0.0421875 0.0609375
1 0.3203125 0.95859375 0.05 0.0515625
1 0.3734375 0.96328125 0.0421875 0.0609375