0 0.30703125 0.609375 0.05546875 0.04296875
0 0.35 0.61171875 0.05703125 0.03984375
0 0.3890625 0.6109375 0.0609375 0.04296875
0 0.425 0.61171875 0.06171875 0.0421875
0 0.465625 0.609375 0.06015625 0.04140625
0 0.50625 0.6109375 0.0578125 0.04140625
0 0.5828125 0.6109375 0.05625 0.0421875
0 0.62109375 0.609375 0.053125 0.0421875
0 0.69921875 0.6109375 0.05625 0.0390625
0 0.55 0.6515625 0.04921875 0.04453125
0 0.48515625 0.65234375 0.0484375 0.04765625
0 0.415625 0.653125 0.04296875 0.04453125
0 0.35078125 0.653125 0.04453125 0.046875
0 0.390625 0.74765625 0.04453125 0.04140625
0 0.45703125 0.7890625 0.04453125 0.0421875
0 0.52265625 0.74921875 0.05078125 0.0421875
0 0.69296875 0.7484375 0.0484375 0.03828125
0 0.32265625 0.7890625 0.04921875 0.04375
0 0.32265625 0.7484375 0.04296875 0.0390625
0 0.2875 0.7484375 0.04296875 0.0453125
0 0.21953125 0.79140625 0.0515625 0.04765625
0 0.2203125 0.74921875 0.04921875 0.04921875
0 0.29765625 0.88515625 0.04375 0.040625
0 0.3671875 0.88828125 0.04296875 0.04140625
0 0.5671875 0.88828125 0.04296875 0.04140625
0 0.70234375 0.88671875 0.04296875 0.04609375
0 0.76875 0.8859375 0.04375 0.0484375
0 0.70078125 0.92734375 0.04609375 0.04765625
0 0.30078125 0.92890625 0.04296875 0.04765625
0 0.41171875 0.45859375 0.05546875 0.04375
0 0.45703125 0.459375 0.06015625 0.04375
0 0.49140625 0.46015625 0.065625 0.04453125
0 0.5296875 0.45859375 0.0703125 0.046875
0 0.57109375 0.46015625 0.05703125 0.04453125
0 0.61171875 0.4625 0.06484375 0.0453125
0 0.64921875 0.4609375 0.06015625 0.046875
0 0.725 0.46015625 0.059375 0.04140625
0 0.7703125 0.4609375 0.06484375 0.0453125
0 0.71796875 0.40390625 0.028125 0.0390625
0 0.57890625 0.4015625 0.0484375 0.0453125
0 0.5453125 0.403125 0.04296875 0.04453125
0 0.5125 0.4015625 0.03984375 0.04375
0 0.47734375 0.4015625 0.0484375 0.046875
0 0.4453125 0.403125 0.04140625 0.0375
0 0.4109375 0.403125 0.04453125 0.04296875
0 0.34296875 0.40234375 0.0453125 0.04375
0 0.30625 0.4015625 0.04765625 0.04140625
0 0.31171875 0.30703125 0.04765625 0.0453125
0 0.3453125 0.3078125 0.05 0.046875
0 0.378125 0.30859375 0.04765625 0.04609375
0 0.41171875 0.31015625 0.04140625 0.05
0 0.378125 0.2671875 0.053125 0.0453125
0 0.4078125 0.26796875 0.05 0.04375
0 0.44375 0.26875 0.05 0.04375
0 0.446875 0.309375 0.04296875 0.04453125
0 0.47890625 0.31015625 0.04453125 0.04296875
0 0.51171875 0.31015625 0.04140625 0.04296875
0 0.515625 0.2703125 0.0453125 0.0453125
0 0.5484375 0.26875 0.05078125 0.04609375
0 0.5953125 0.26953125 0.0671875 0.04296875
0 0.68125 0.26796875 0.04453125 0.04765625
0 0.546875 0.30859375 0.040625 0.04375
0 0.5875 0.31015625 0.05546875 0.0484375
0 0.64609375 0.31015625 0.04296875 0.05078125
0 0.746875 0.309375 0.0421875 0.046875
0 0.7796875 0.3109375 0.05390625 0.05
0 0.303125 0.265625 0.053125 0.0421875
0 0.3140625 0.17109375 0.0484375 0.0453125
0 0.38046875 0.171875 0.04375 0.04609375
0 0.446875 0.171875 0.04453125 0.0453125
0 0.48203125 0.17109375 0.04140625 0.0453125
0 0.51640625 0.171875 0.0453125 0.04453125
0 0.584375 0.17265625 0.04375 0.0453125
0 0.65078125 0.17421875 0.04921875 0.04296875
0 0.68359375 0.175 0.053125 0.04453125
0 0.3984375 0.075 0.04765625 0.05390625
0 0.4328125 0.075 0.0421875 0.04765625
0 0.49609375 0.07890625 0.04296875 0.04765625
0 0.56875 0.07890625 0.04296875 0.0453125
0 0.63125 0.0765625 0.04296875 0.05
0 0.66875 0.07421875 0.040625 0.05234375
0 0.73359375 0.0796875 0.0453125 0.04609375
0 0.80390625 0.07890625 0.0515625 0.04609375
0 0.47578125 0.26953125 0.053125 0.0484375
0 0.7828125 0.403125 0.0453125 0.046875
0 0.24765625 0.6078125 0.04609375 0.0484375
0 0.8171875 0.403125 0.04609375 0.05078125
0 0.965625 0.3375 0.06640625 0.0171875
0 0.9671875 0.2453125 0.06484375 0.021875
0 0.96796875 0.41953125 0.0640625 0.01953125
1 0.71953125 0.653125 0.04140625 0.04296875
1 0.684375 0.653125 0.040625 0.0421875
1 0.65078125 0.653125 0.04296875 0.040625
1 0.61796875 0.6546875 0.04140625 0.04296875
1 0.584375 0.653125 0.03984375 0.04140625
0 0.28984375 0.071875 0.0453125 0.05
1 0.32578125 0.075 0.03984375 0.05078125
1 0.365625 0.075 0.03828125 0.05
1 0.46484375 0.0734375 0.0390625 0.04921875
1 0.53046875 0.07578125 0.0375 0.04453125
1 0.6 0.0765625 0.040625 0.0484375
1 0.70234375 0.07578125 0.0453125 0.05
1 0.76875 0.07890625 0.04453125 0.046875
1 0.34609375 0.17109375 0.03828125 0.04453125
1 0.415625 0.17109375 0.04375 0.04453125
1 0.55 0.171875 0.0421875 0.046875
1 0.61328125 0.17265625 0.0484375 0.04140625
1 0.71484375 0.17265625 0.0484375 0.04140625
1 0.7484375 0.1734375 0.0484375 0.04609375
1 0.78046875 0.17421875 0.04609375 0.040625
1 0.81484375 0.175 0.046875 0.0421875
0 0.58046875 0.0984375 0.00078125 0.0015625
1 0.34375 0.26640625 0.0484375 0.04765625
1 0.6484375 0.26796875 0.05 0.04921875
1 0.71484375 0.2703125 0.0546875 0.0453125
1 0.746875 0.2703125 0.05546875 0.04765625
1 0.78125 0.26953125 0.05390625 0.05
1 0.815625 0.27109375 0.053125 0.04296875
1 0.68125 0.31171875 0.0375 0.04609375
1 0.7125 0.309375 0.0453125 0.0453125
1 0.8171875 0.31015625 0.04453125 0.04296875
1 0.37890625 0.4015625 0.0390625 0.03984375
1 0.6125 0.40234375 0.03203125 0.03828125
1 0.64453125 0.40390625 0.03984375 0.04140625
1 0.6765625 0.40234375 0.04296875 0.040625
1 0.74765625 0.4015625 0.04453125 0.04140625
1 0.38046875 0.653125 0.04453125 0.05
1 0.278125 0.65390625 0.0421875 0.04375
1 0.45078125 0.65625 0.040625 0.04765625
1 0.51953125 0.653125 0.040625 0.0421875
1 0.5421875 0.609375 0.05078125 0.04140625
1 0.6609375 0.61015625 0.04453125 0.0421875
1 0.740625 0.61171875 0.05234375 0.04140625
1 0.2546875 0.74921875 0.0453125 0.04140625
1 0.36015625 0.7484375 0.04609375 0.03984375
1 0.42578125 0.75 0.04375 0.04296875
1 0.459375 0.75078125 0.04375 0.0453125
1 0.48984375 0.7484375 0.04765625 0.04296875
1 0.55703125 0.7484375 0.0390625 0.04296875
1 0.59140625 0.74921875 0.046875 0.04453125
1 0.6234375 0.74921875 0.05078125 0.04296875
1 0.65625 0.7484375 0.046875 0.04765625
1 0.72578125 0.74765625 0.0421875 0.0453125
1 0.25390625 0.790625 0.04296875 0.0421875
1 0.2859375 0.7921875 0.03984375 0.04765625
1 0.3578125 0.790625 0.0390625 0.04609375
1 0.390625 0.78984375 0.0421875 0.0421875
1 0.42265625 0.790625 0.03984375 0.04375
1 0.49140625 0.79296875 0.04375 0.05
1 0.525 0.79296875 0.03671875 0.04765625
1 0.55703125 0.790625 0.04453125 0.04375
1 0.59296875 0.790625 0.03984375 0.04453125
1 0.62578125 0.7921875 0.0453125 0.0484375
1 0.6578125 0.79140625 0.03984375 0.0453125
1 0.69140625 0.79140625 0.04375 0.04609375
1 0.7265625 0.78984375 0.04375 0.04296875
1 0.75859375 0.7484375 0.04765625 0.0453125
1 0.79140625 0.7484375 0.04296875 0.04375
1 0.76015625 0.790625 0.04296875 0.04296875
1 0.79140625 0.78984375 0.0359375 0.04140625
1 0.82890625 0.75078125 0.03828125 0.0390625
1 0.828125 0.78984375 0.03671875 0.0390625
1 0.26484375 0.8875 0.04453125 0.04609375
1 0.334375 0.8859375 0.0515625 0.04453125
1 0.3984375 0.88671875 0.046875 0.0453125
1 0.43359375 0.8859375 0.04765625 0.04375
1 0.4671875 0.8875 0.04375 0.04296875
1 0.503125 0.88828125 0.0453125 0.040625
1 0.53515625 0.88828125 0.04609375 0.04375
1 0.6046875 0.8890625 0.04453125 0.0390625
1 0.6359375 0.8875 0.0421875 0.04140625
1 0.665625 0.8875 0.04609375 0.040625
1 0.26484375 0.92578125 0.0390625 0.0421875
1 0.3359375 0.9265625 0.04765625 0.040625
1 0.3640625 0.9265625 0.04765625 0.04296875
1 0.40234375 0.92578125 0.04375 0.0421875
1 0.4328125 0.9265625 0.046875 0.04296875
1 0.47109375 0.92734375 0.04765625 0.04375
1 0.5 0.92734375 0.04609375 0.04296875
1 0.5359375 0.92734375 0.04609375 0.04453125
1 0.571875 0.9265625 0.04375 0.04296875
1 0.60625 0.9265625 0.0421875 0.04140625
1 0.63359375 0.92578125 0.0421875 0.04375
1 0.66875 0.92734375 0.04609375 0.04140625
1 0.734375 0.88671875 0.03828125 0.04609375
1 0.7375 0.928125 0.04296875 0.04296875
1 0.76875 0.925 0.04375 0.04296875
1 0.80078125 0.88671875 0.03828125 0.04296875
1 0.8046875 0.928125 0.04609375 0.046875
1 0.97265625 0.19375 0.0546875 0.025
1 0.96640625 0.21015625 0.0671875 0.0234375
1 0.96875 0.22734375 0.0625 0.0265625
1 0.97265625 0.2625 0.0546875 0.028125
1 0.971875 0.28203125 0.05546875 0.025
1 0.96953125 0.3 0.0609375 0.0296875
1 0.9703125 0.3171875 0.05859375 0.028125
1 0.9671875 0.3515625 0.065625 0.02734375
1 0.96875 0.36875 0.0625 0.02578125
1 0.97109375 0.38671875 0.0578125 0.02109375
1 0.9703125 0.4015625 0.059375 0.02265625