1 0.2965575396825397 0.0347859690844233 0.4423214285714286 0.06481569560047562
1 0.2916865079365079 0.0847681331747919 0.4682936507936508 0.06370986920332937
1 0.2920238095238095 0.1323513674197384 0.43722222222222223 0.061373365041617126
1 0.2957043650793651 0.18001189060642092 0.4207738095238095 0.06038049940546968
1 0.30186507936507934 0.22879310344827586 0.4330952380952381 0.06400713436385255
1 0.2999702380952381 0.2797235434007134 0.4332738095238095 0.06479785969084423
1 0.29224206349206355 0.3267122473246135 0.4257539682539683 0.06483947681331748
1 0.30473214285714284 0.3755499405469679 0.41105158730158725 0.06025564803804994
1 0.3009722222222222 0.42137633769322236 0.411468253968254 0.06035077288941736
1 0.30255952380952383 0.47239595719381694 0.4424206349206349 0.06488703923900119
1 0.307688492063492 0.5214774078478003 0.43680555555555556 0.06316884661117717
1 0.30328373015873017 0.5708412604042806 0.43196428571428575 0.06320451843043995
1 0.3029960317460317 0.616846016646849 0.4274206349206349 0.061278240190249696
1 0.3111706349206349 0.6665963139120095 0.44376984126984126 0.06803210463733651
1 0.3089285714285714 0.713153983353151 0.4273809523809524 0.06602259215219976
1 0.3052876984126984 0.7623365041617123 0.42803571428571424 0.06450653983353151
1 0.30670634920634915 0.8099524375743162 0.41896825396825393 0.06699167657550535
1 0.3021130952380952 0.8612217598097504 0.38994047619047617 0.05894768133174792
1 0.3059325396825397 0.9101634958382877 0.40154761904761904 0.05695005945303211
1 0.3084027777777778 0.9590071343638525 0.3985515873015873 0.060701545778834715
1 0.6821626984126984 0.03387336504161712 0.3801984126984127 0.06299048751486326
1 0.6812003968253968 0.08481569560047562 0.39017857142857143 0.059048751486325796
1 0.6882142857142858 0.13179548156956006 0.4042063492063492 0.06145065398335315
1 0.6798214285714286 0.18047265160523188 0.40726190476190477 0.062491082045184304
1 0.6836309523809524 0.2271462544589774 0.3990079365079365 0.059524375743162904
1 0.6780158730158731 0.28003269916765755 0.40365079365079365 0.07017241379310345
1 0.6843154761904762 0.3254815695600476 0.4043452380952381 0.06951248513674198
1 0.6817757936507937 0.37336206896551727 0.399265873015873 0.061825208085612364
1 0.6913988095238096 0.4232847800237812 0.4145436507936508 0.06178953626634959
1 0.679513888888889 0.47224732461355534 0.4066468253968254 0.064589774078478
1 0.6830753968253968 0.5231361474435196 0.41773809523809524 0.0629191438763377
1 0.6898809523809524 0.5677824019024971 0.4234126984126984 0.061843043995243756
1 0.6884226190476191 0.617256242568371 0.4284325396825397 0.06328775267538644
1 0.6932539682539682 0.6649316290130797 0.4142857142857143 0.06589179548156957
1 0.6929265873015873 0.7159661117717004 0.4493452380952381 0.06332342449464923
1 0.6897718253968254 0.763049940546968 0.43509920634920635 0.06474435196195007
1 0.6945238095238095 0.8117419738406658 0.4446031746031746 0.06700356718192628
1 0.6959226190476191 0.8613882282996433 0.4315277777777778 0.06284780023781213
1 0.7011011904761905 0.9088525564803805 0.44188492063492063 0.06502972651605232
1 0.7126984126984127 0.9587663495838288 0.45714285714285713 0.06616527942925089