0 0.15625 0.12265625 0.2171875 0.14453125
0 0.153125 0.2515625 0.22421875 0.140625
0 0.36328125 0.3765625 0.22265625 0.15078125
0 0.1546875 0.6359375 0.2234375 0.153125
0 0.3640625 0.7671875 0.225 0.15234375
0 0.1578125 0.89921875 0.21640625 0.15859375
0 0.8421875 0.1890625 0.22890625 0.15
0 0.84296875 0.31875 0.2453125 0.146875
0 0.846875 0.44453125 0.23828125 0.14921875
0 0.84765625 0.57265625 0.2546875 0.153125
0 0.85234375 0.70703125 0.24375 0.153125
0 0.85 0.8375 0.2484375 0.15234375
1 0.36171875 0.12265625 0.21328125 0.1484375
1 0.3625 0.2453125 0.22109375 0.1453125
1 0.15390625 0.38125 0.221875 0.15546875
1 0.15 0.50390625 0.22421875 0.1421875
1 0.359375 0.5046875 0.221875 0.16171875
1 0.36171875 0.6375 0.21640625 0.1421875
1 0.159375 0.76328125 0.22265625 0.14453125
1 0.36328125 0.88984375 0.22265625 0.15703125