0 0.12807206840390878 0.1424370026525199 0.12259364820846905 0.12439655172413794
0 0.178692996742671 0.14265915119363395 0.1318159609120521 0.13810344827586207
0 0.23514861563517914 0.1417738726790451 0.11932003257328991 0.12837533156498673
1 0.2883469055374593 0.1417738726790451 0.12799674267100977 0.12837533156498673
0 0.3445317589576547 0.14155172413793102 0.12147394136807817 0.1226259946949602
1 0.39447271986970683 0.14155172413793102 0.12363599348534202 0.1186472148541114
0 0.4505211726384365 0.1391213527851459 0.11602605863192182 0.12307029177718833
0 0.5037194625407166 0.138236074270557 0.12714576547231268 0.1292572944297082
0 0.5593627850162867 0.14420424403183021 0.1244258957654723 0.1239522546419098
1 0.614053338762215 0.14420755968169763 0.12305781758957655 0.12793766578249338
0 0.6686095276872964 0.14486737400530503 0.12060667752442995 0.1159946949602122
0 0.7231657166123778 0.14155172413793102 0.11815553745928338 0.1186472148541114
1 0.8233224755700326 0.14597480106100796 0.0367100977198697 0.12351458885941644
0 0.8611868892508142 0.14929045092838197 0.04159201954397394 0.12086206896551724
0 0.900134364820847 0.15194297082228117 0.04619706840390879 0.12218832891246684
1 0.24437703583061893 0.3933521220159151 0.13533387622149837 0.10235411140583554
0 0.2974389250814332 0.3997612732095491 0.1331514657980456 0.089973474801061
0 0.35077565146579803 0.39556034482758623 0.08998778501628664 0.0988129973474801
0 0.4062805374592834 0.3933521220159151 0.11142100977198696 0.09837533156498673
0 0.4563578990228013 0.3999834217506631 0.11711319218241042 0.11163793103448276
1 0.5168831433224755 0.3933521220159151 0.12904315960912052 0.10235411140583554
1 0.5752402280130293 0.396223474801061 0.13175081433224756 0.10809681697612732
1 0.6344096091205212 0.3953415119363395 0.14748371335504887 0.12357427055702917
0 0.6866571661237785 0.3957824933687003 0.13227198697068404 0.12047745358090187
0 0.742707654723127 0.4057327586206897 0.12222312703583062 0.14435676392572944
1 0.19389250814332248 0.8365848806366047 0.1296416938110749 0.12542440318302386
1 0.30191775244299673 0.8356996021220159 0.12256514657980455 0.12763262599469496
0 0.355796009771987 0.8314986737400532 0.13585912052117263 0.13249336870026526
0 0.42215798045602604 0.8467539787798408 0.10571661237785016 0.1298474801061008
0 0.4769869706840391 0.8487433687002652 0.09811074918566776 0.14045755968169762
0 0.5210912052117264 0.8392374005305039 0.12687296416938112 0.13868700265251988
0 0.579582654723127 0.8326061007957559 0.135549674267101 0.1479708222811671
1 0.6325101791530945 0.846976127320955 0.12739820846905536 0.1329442970822281
1 0.6892365635179153 0.8467539787798408 0.1268444625407166 0.12719496021220159
0 0.7421640879478828 0.8441014588859417 0.12357899022801302 0.12188992042440318
0 0.8048615635179153 0.8522811671087533 0.1300814332247557 0.14355437665782492
0 0.8603684853420196 0.8509549071618037 0.1238314332247557 0.12233421750663129
0 0.23677728013029314 0.5774535809018567 0.12013436482084691 0.10583554376657825
1 0.2922842019543974 0.5781167108753316 0.1114413680781759 0.11379310344827585
0 0.3438538273615635 0.5829807692307692 0.11197475570032572 0.11291114058355438
0 0.40058021172638436 0.5818733421750664 0.11142100977198696 0.11069628647214855
0 0.45961522801302934 0.5878415119363395 0.12362785016286645 0.11600132625994695
1 0.5151201140065147 0.5849668435013262 0.11493078175895764 0.1036206896551724
1 0.5704906351791531 0.5893866047745357 0.12795195439739412 0.1084814323607427
0 0.6259955211726385 0.5867374005305039 0.11925488599348534 0.10981432360742706
1 0.6802809446254071 0.5840848806366048 0.1252198697068404 0.11909814323607426
0 0.741078990228013 0.5823143236074271 0.1189657980456026 0.10096816976127321