1 0.3229711055276382 0.3743847874720358 0.17106783919597987 0.10671140939597316
1 0.3229962311557789 0.29651006711409394 0.17865577889447237 0.10085011185682326
1 0.32048366834170855 0.21663310961968682 0.18368090452261307 0.10664429530201343
1 0.32230527638190953 0.6112751677852349 0.16471105527638194 0.10174496644295301
1 0.32263819095477386 0.5324552572706935 0.16788944723618088 0.10517897091722596
1 0.3212248743718593 0.45416666666666666 0.16506281407035175 0.10296420581655481
1 0.3229711055276382 0.7660123042505593 0.17106783919597987 0.09802013422818791
1 0.32430904522613063 0.6895022371364653 0.16118090452261308 0.0926510067114094
1 0.32133793969849245 0.9206096196868009 0.17282663316582914 0.09177852348993289
1 0.32252512562814073 0.844099552572707 0.1601256281407035 0.08640939597315436
1 0.7197487437185929 0.6916890380313199 0.17065326633165828 0.09926174496644295
1 0.7176256281407035 0.611907158836689 0.1664070351758794 0.1030089485458613
1 0.7200062814070352 0.5351006711409396 0.1611180904522613 0.09480984340044743
1 0.7152889447236181 0.4556543624161074 0.16675879396984924 0.0969910514541387
1 0.7190389447236181 0.3757662192393736 0.16923366834170855 0.09381431767337808
1 0.718819095477387 0.3006208053691275 0.17381909547738694 0.09788590604026846
1 0.7231595477386935 0.22010626398210292 0.16993718592964827 0.09345637583892617
1 0.7162185929648242 0.921112975391499 0.1635929648241206 0.10844519015659955
1 0.7059673366834172 0.8435738255033557 0.16570351758793972 0.09206935123042506
1 0.7109108040201005 0.7723266219239374 0.17559045226130654 0.08827740492170022
1 0.09369974874371859 0.29483221476510063 0.16227386934673366 0.10196868008948545
1 0.088285175879397 0.5321644295302014 0.16652010050251256 0.10236017897091723
1 0.08779522613065326 0.45554809843400446 0.16051507537688442 0.09006711409395973
1 0.09191582914572866 0.3773601789709172 0.16121859296482413 0.09476510067114094
1 0.08805276381909548 0.6852684563758389 0.15097989949748744 0.10208053691275168
1 0.08838567839195978 0.6118400447427293 0.15415829145728643 0.0916890380313199
1 0.08608040201005025 0.7700167785234899 0.1721608040201005 0.09708053691275169
1 0.08709170854271357 0.918758389261745 0.15910804020100502 0.08360178970917226
1 0.08263819095477387 0.844765100671141 0.15522613065326635 0.08326621923937359
1 0.9161306532663317 0.5266387024608501 0.09859296482412061 0.20987695749440716
1 0.913787688442211 0.7301286353467562 0.07883165829145729 0.20522371364653244