1 0.08139039242219215 0.8767620865139949 0.11271312584573749 0.11993638676844783
1 0.08172868741542626 0.7921437659033079 0.10662381596752368 0.11227735368956743
1 0.08037550744248985 0.7032824427480916 0.10594722598105548 0.10758269720101782
1 0.08263024357239512 0.6163326972010178 0.10639715832205683 0.10798346055979643
1 0.08127706359945873 0.5221723918575064 0.10572056833558863 0.12322519083969466
1 0.3182916102841678 0.208514631043257 0.05403924221921516 0.17020992366412213
1 0.36429634641407305 0.20236641221374047 0.06079837618403248 0.192264631043257
1 0.41221752368064957 0.20618320610687024 0.05515223274695535 0.18208651399491094
1 0.4554025710419486 0.20618320610687024 0.057625169147496616 0.1782697201017812
1 0.5020838971583221 0.20533396946564883 0.05626522327469553 0.17657124681933842
1 0.5496667794316644 0.20936386768447837 0.056708389715832204 0.16809160305343512
1 0.5936417456021651 0.20533396946564883 0.049935723951285524 0.17657124681933842
1 0.6845230040595399 0.2292970737913486 0.05578484438430312 0.1392557251908397
1 0.7304144113667118 0.22526717557251907 0.05758119079837619 0.14391857506361325
1 0.7752909336941814 0.2229325699745547 0.05464140730717186 0.1443384223918575
1 0.8211823410013531 0.22526717557251907 0.05846752368064953 0.14391857506361325
1 0.8683135994587281 0.22378180661577607 0.05597767253044655 0.14603689567430025
1 0.9175879566982408 0.22356870229007633 0.05506765899864682 0.14052162849872774
1 0.9604347090663058 0.2244179389312977 0.055510825439783494 0.1384033078880407
1 0.4919367388362652 0.7546087786259541 0.04950270635994588 0.17715648854961832
1 0.5360233423545331 0.7546087786259541 0.04768944519621109 0.17715648854961832
1 0.6001809878213802 0.7546087786259541 0.04948240866035183 0.1809732824427481
1 0.64077300405954 0.7522773536895674 0.04541610284167794 0.18903307888040713
1 0.7119215155615697 0.7594879134860051 0.04765899864682002 0.18182569974554708
1 0.7547699594046008 0.7550349872773536 0.05216508795669824 0.2072709923664122
1 0.8189276048714479 0.750795165394402 0.053958051420838975 0.19497455470737912
1 0.8638041271989175 0.7556711195928753 0.04492895805142084 0.1920038167938931