2 0.0079453125 0.7531734375 0.014876562500000001 0.803490625 0.0405453125 0.8007937500000001 0.033878124999999995 0.7494875000000001 0.0079453125 0.7531734375
2 0.0405203125 0.8000109375 0.0647984375 0.7951015625 0.056532812499999995 0.7451234375 0.034215625 0.748540625 0.0405203125 0.8000109375
2 0.0656796875 0.79451875 0.0895 0.7891234375 0.08042812499999999 0.74014375 0.0555265625 0.7434109375 0.0656796875 0.79451875
2 0.088190625 0.788446875 0.1133890625 0.785959375 0.1042203125 0.735571875 0.0803609375 0.7393 0.088190625 0.788446875
2 0.1141453125 0.7867124999999999 0.13832187499999998 0.781846875 0.129353125 0.7303609375 0.10355937500000001 0.733959375 0.1141453125 0.7867124999999999
2 0.1400984375 0.7820859375 0.17256875 0.7795046875 0.1675515625 0.728625 0.12855624999999998 0.7308453125 0.1400984375 0.7820859375
2 0.1257046875 0.9553234375 0.059834374999999995 0.95238125 0.058581249999999994 0.9838875 0.1264015625 0.9850390625 0.1257046875 0.9553234375
2 0.4775625 0.32931093749999996 0.42900937499999997 0.328590625 0.4288 0.35981406250000003 0.47834374999999996 0.3618078125 0.4775625 0.32931093749999996
2 0.569809375 0.169790625 0.6164531249999999 0.1622484375 0.61285625 0.1331765625 0.5650968749999999 0.144315625 0.569809375 0.169790625
2 0.6173453125 0.1623421875 0.5692609375 0.1706875 0.57301875 0.2014109375 0.6206875000000001 0.19050625000000002 0.6173453125 0.1623421875
2 0.5730921875 0.19690000000000002 0.5763109375 0.22682656250000002 0.6277015625 0.21845468750000002 0.622425 0.1873234375 0.5730921875 0.19690000000000002
2 0.5829515625 0.25588125 0.6317062499999999 0.24718125 0.6259140624999999 0.2134109375 0.57729375 0.2230734375 0.5829515625 0.25588125
2 0.6392609375 0.2766140625 0.630596875 0.24272812500000002 0.5841953125 0.2527109375 0.5880156249999999 0.28416562500000003 0.6392609375 0.2766140625
2 0.70421875 0.2603890625 0.6535968750000001 0.26963125 0.6600578125000001 0.300309375 0.7083062499999999 0.29209375 0.70421875 0.2603890625
2 0.6980015625 0.23135937499999998 0.6516796874999999 0.2391421875 0.656065625 0.2701609375 0.7035015625 0.2622734375 0.6980015625 0.23135937499999998
2 0.6467515625 0.2083515625 0.6514515624999999 0.239984375 0.6987828125 0.2327765625 0.69373125 0.2022703125 0.6467515625 0.2083515625
2 0.8012921875 0.02336875 0.8064078125 0.0715140625 0.8366546874999999 0.06699374999999999 0.8270328125 0.018896875 0.8012921875 0.02336875
2 0.6595234375000001 0.2998234375 0.6630281250000001 0.33159375 0.7133484375 0.32024375 0.708184375 0.2882359375 0.6595234375000001 0.2998234375
2 0.8993546875 0.0040453125 0.8711546875 0.008378125 0.880265625 0.060345312500000005 0.9061843749999999 0.0559109375 0.8993546875 0.0040453125
2 0.8481343750000001 0.013668749999999999 0.85575625 0.0646875 0.8803421874999999 0.06021093749999999 0.872678125 0.0075562500000000005 0.8481343750000001 0.013668749999999999
2 0.8486203124999999 0.01461875 0.8255171875 0.0202828125 0.8351515624999999 0.06756875 0.8568671875 0.063775 0.8486203124999999 0.01461875