1 0.21186950642325897 0.23911096256684494 0.03969574036511156 0.17474598930481283
1 0.2517444219066937 0.24373328877005349 0.040338066260987154 0.1759692513368984
1 0.29064063556457065 0.24561831550802138 0.045784313725490196 0.16369652406417112
1 0.33001859364435426 0.2431951871657754 0.044756592292089246 0.1722192513368984
1 0.3720706558485463 0.2413736631016043 0.04434415145368492 0.18060828877005347
1 0.41257268424611226 0.2458856951871658 0.044212305611899934 0.17760026737967916
1 0.45395875591615953 0.2450969251336898 0.04720081135902637 0.1786965240641711
1 0.3512998647734956 0.6400534759358288 0.05486477349560514 0.19320855614973265
1 0.38968559837728195 0.6283088235294118 0.05523326572008114 0.16570855614973262
1 0.43189655172413793 0.6358455882352941 0.0524340770791075 0.16874999999999998
1 0.47054428668018927 0.6387366310160427 0.053326572008113596 0.17453208556149735
1 0.5097210953346857 0.6413636363636364 0.0491920216362407 0.1757754010695187
1 0.5542089249492901 0.6365274064171123 0.0482420554428668 0.18080882352941177
1 0.5911899932386748 0.637510026737968 0.055943204868154156 0.18544786096256685
1 0.6321771467207573 0.642697192513369 0.06557133198106829 0.17844251336898395
1 0.6697701149425288 0.6415942513368984 0.05286004056795132 0.18693181818181817
1 0.7093864097363083 0.6376704545454546 0.047576064908722106 0.17641042780748664
1 0.7549814063556457 0.6353241978609625 0.04613590263691684 0.16369652406417112
1 0.7892630155510479 0.6333756684491978 0.05046653144016227 0.15311497326203208
1 0.8330189317106154 0.6343616310160428 0.04467207572684246 0.1484024064171123
0 0.8736528059499662 0.6144886363636364 0.039394861392833 0.1634692513368984
1 0.49293610547667344 0.24315508021390372 0.04401960784313726 0.17481283422459892
1 0.5337204192021636 0.25385026737967914 0.043776200135226505 0.1627807486631016
1 0.573788032454361 0.2514070855614973 0.042099391480730226 0.15120989304812835
1 0.6139891818796485 0.24757352941176472 0.04474645030425964 0.163596256684492
0 0.65236984448952 0.24111631016042778 0.047133198106828936 0.17073529411764704
1 0.6948461798512509 0.24932820855614973 0.04756930358350237 0.1711163101604278
1 0.7349763353617309 0.2502105614973262 0.05615956727518594 0.1768917112299465
1 0.7746805273833671 0.2438937165775401 0.05307978363759296 0.18431149732620322
1 0.8157065584854631 0.2454812834224599 0.060757268424611224 0.17946524064171124
1 0.8546230561189992 0.24419451871657755 0.05069303583502366 0.1809024064171123
1 0.8948766058147397 0.24405080213903746 0.050740365111561866 0.1872994652406417
1 0.9362880324543611 0.25074866310160426 0.05377958079783638 0.1739572192513369
1 0.9737998647734956 0.24030748663101603 0.05240027045300879 0.1891711229946524
1 0.34584347532116294 0.9420955882352942 0.09669033130493576 0.09542112299465241
1 0.34721433400946583 0.8680614973262032 0.09943204868154158 0.11179144385026739
1 0.346210277214334 0.7920454545454546 0.09201487491548344 0.10280748663101605