0 0.065625 0.33125 0.13125 0.265625
0 0.1359375 0.278125 0.25 0.2484375
0 0.3328125 0.42265625 0.2625 0.2625
0 0.4890625 0.1359375 0.25625 0.271875
0 0.69296875 0.2703125 0.2328125 0.2703125
0 0.73359375 0.07890625 0.2578125 0.1578125
0 0.346875 0.903125 0.259375 0.19375
0 0.46640625 0.86953125 0.2453125 0.2609375
0 0.584375 0.840625 0.271875 0.271875
0 0.70234375 0.79140625 0.2828125 0.2828125
0 0.828125 0.74375 0.271875 0.271875
0 0.9140625 0.690625 0.171875 0.290625
1 0.1109375 0.5203125 0.221875 0.278125
1 0.21171875 0.47265625 0.2421875 0.278125
1 0.25546875 0.228125 0.2375 0.271875
1 0.3671875 0.1765625 0.265625 0.265625
1 0.44921875 0.36875 0.2671875 0.2671875
1 0.57265625 0.31875 0.240625 0.275
1 0.609375 0.11171875 0.24375 0.2234375
1 0.80546875 0.221875 0.246875 0.2796875