2 0.3081109375 0.0177875 0.3150765625 0.05883437500000001 0.336134375 0.0538359375 0.329621875 0.012096875 0.3081109375 0.0177875
2 0.3350484375 0.0540859375 0.3567515625 0.0487109375 0.34959375000000004 0.0090984375 0.3298390625 0.012846874999999999 0.3350484375 0.0540859375
2 0.3565421875 0.0485875 0.3775109375 0.043790625 0.3700015625 0.0053484375 0.350028125 0.009348437499999999 0.3565421875 0.0485875
2 0.3769484375 0.0433390625 0.39725156250000004 0.037934375 0.3912765625 0.0021000000000000003 0.37065312499999997 0.0060984375 0.3769484375 0.0433390625
2 0.39713750000000003 0.037590625 0.41732812499999994 0.032842187499999995 0.41081406249999997 0 0.391059375 0.0026 0.39713750000000003 0.037590625
2 0.46132343750000004 0.2978125 0.44019375 0.3017140625 0.4472125 0.34304999999999997 0.4678375 0.3380515625 0.46132343750000004 0.2978125
2 0.48171093750000005 0.2935140625 0.46089062500000005 0.2973125 0.46718593750000004 0.33755156249999996 0.4884609375 0.332053125 0.48171093750000005 0.2935140625
2 0.503440625 0.288815625 0.4819484375 0.2925640625 0.48759218750000005 0.331553125 0.5093015624999999 0.3263046875 0.503440625 0.288815625
2 0.5297078125 0.32205625000000004 0.523846875 0.284815625 0.5023546875 0.28831875 0.5084328124999999 0.3260546875 0.5297078125 0.32205625000000004
2 0.4487328125 0.3607109375 0.4298453125 0.363959375 0.4383125 0.409946875 0.4569828125 0.4044484375 0.4487328125 0.3607109375
2 0.47717187499999997 0.3977 0.46990625 0.356296875 0.44916718749999995 0.3617109375 0.45676562499999995 0.4036984375 0.47717187499999997 0.3977
2 0.497578125 0.391203125 0.4898515625 0.3518453125 0.470225 0.3567125 0.4773890625 0.3964515625 0.497578125 0.391203125
2 0.5186359375 0.388453125 0.5112203125 0.34739375 0.4904140625 0.3517125 0.4980125 0.3937015625 0.5186359375 0.388453125
2 0.5407796874999999 0.386453125 0.53279375 0.34294375 0.5110390625 0.3479640625 0.5195046875 0.390953125 0.5407796874999999 0.386453125
2 0.5412140625 0.38520468750000003 0.5612859375 0.380425 0.5533718750000001 0.339965625 0.5333984375 0.34471562499999997 0.5412140625 0.38520468750000003
2 0.5620546875 0.37995625 0.5824515625 0.3750375 0.574646875 0.3349671875 0.5535890625000001 0.339965625 0.5620546875 0.37995625
2 0.5826796875 0.37495625 0.6026 0.3698828125 0.5952703125000001 0.33171875 0.57508125 0.3357171875 0.5826796875 0.37495625
2 0.602434375 0.3697078125 0.6227484375000001 0.3656671875 0.6161109375 0.3262203125 0.5952703125000001 0.33046875 0.602434375 0.3697078125
2 0.622625 0.36545937500000003 0.6436828125 0.3607109375 0.636084375 0.321721875 0.6165453125 0.3259703125 0.622625 0.36545937500000003
2 0.45585624999999996 0.1717359375 0.46420312499999994 0.2164875 0.48483906250000003 0.210703125 0.47766093749999994 0.168146875 0.45585624999999996 0.1717359375
2 0.5049359375 0.2045046875 0.49891874999999997 0.164184375 0.47766093749999994 0.1675265625 0.48483906250000003 0.210703125 0.5049359375 0.2045046875
2 0.4886453125 0.7296203125 0.49619843750000003 0.7709703125 0.518359375 0.7668046875 0.5111234375 0.7248890625 0.4886453125 0.7296203125
2 0.5389390625 0.7626390625 0.5321046875000001 0.7208359375 0.511575 0.72515 0.51768125 0.7670656250000001 0.5389390625 0.7626390625
2 0.53984375 0.7628999999999999 0.5605125 0.7586593749999999 0.5527328125000001 0.7160375 0.5317015625 0.720984375 0.53984375 0.7628999999999999
2 0.560196875 0.7589953125 0.57964375 0.7537874999999999 0.5721812500000001 0.7100484375 0.5527328125000001 0.716296875 0.560196875 0.7589953125
2 0.5803234374999999 0.7524859375 0.601428125 0.7488984375000001 0.5932125 0.7053625 0.5717296875 0.7105703125 0.5803234374999999 0.7524859375
2 0.60180625 0.7491015625 0.62148125 0.7425921875 0.6131140625 0.7022390625 0.5934390625 0.7053625 0.60180625 0.7491015625
2 0.6208015625 0.7425921875 0.64234375 0.7364531249999999 0.6355015625 0.6972921875 0.6133390624999999 0.7022390625 0.6208015625 0.7425921875
2 0.642059375 0.737125 0.6631203125 0.7323046875 0.6558546875 0.6933859375 0.6355015625 0.69625 0.642059375 0.737125
2 0.6631875 0.733740625 0.6838968750000001 0.7293765624999999 0.677434375 0.6894812499999999 0.655725 0.6939078125 0.6631875 0.733740625
2 0.6408875 0.510296875 0.6471375 0.5516515625 0.66965625 0.54525 0.662984375 0.5065203125 0.6408875 0.510296875
2 0.6688234375000001 0.54525 0.6904078124999999 0.539696875 0.680221875 0.5001187500000001 0.66270625 0.5046 0.6688234375000001 0.54525
2 0.6257703125 0.5537984375 0.6496390625 0.54973125 0.6424109375 0.509721875 0.618778125 0.514203125 0.6257703125 0.5537984375
2 0.6064828125 0.5573984375000001 0.626840625 0.5526125000000001 0.619334375 0.514203125 0.5990390624999999 0.5193234375 0.6064828125 0.5573984375000001
2 0.48111718750000004 0.5843984375 0.5031203125 0.57981875 0.4961703125 0.536928125 0.47531875 0.5410890625 0.48111718750000004 0.5843984375
2 0.607790625 0.453940625 0.61515625 0.4947109375 0.63875 0.4880640625 0.632475 0.44963125000000004 0.607790625 0.453940625
2 0.6736453124999999 0.1720796875 0.6632296875 0.1241671875 0.641909375 0.1296984375 0.650371875 0.17549062499999998 0.6736453124999999 0.1720796875
2 0.6640453125 0.3575640625 0.6567109375 0.3187234375 0.63588125 0.3204125 0.6429218750000001 0.3622921875 0.6640453125 0.3575640625
2 0.6854609375 0.3531734375 0.6792859375 0.3146484375 0.6590578125000001 0.32142499999999996 0.6643390625000001 0.359253125 0.6854609375 0.3531734375
2 0.70893125 0.34709375 0.7004625 0.308 0.6784203125 0.3150078125 0.6860484375 0.35148437499999996 0.70893125 0.34709375
2 0.689278125 0.539975 0.70970625 0.5349468749999999 0.703565625 0.4988453125 0.6827328125000001 0.5021265625 0.689278125 0.539975