1 0.12920168067226892 0.2553346456692913 0.15476190476190477 0.19570866141732282
1 0.2384173669467787 0.23766404199475064 0.15470588235294117 0.19711286089238844
1 0.33353641456582633 0.22287401574803148 0.1712745098039216 0.2174015748031496
1 0.446484593837535 0.19835958005249343 0.14507002801120447 0.186745406824147
1 0.5543557422969188 0.17883858267716538 0.12831932773109245 0.1844488188976378
1 0.6655322128851541 0.16537401574803148 0.1742016806722689 0.18376640419947507
1 0.7700070028011204 0.14213910761154855 0.1730672268907563 0.18191601049868766
0 0.8587114845938375 0.11236876640419947 0.17120448179271708 0.20636482939632547
1 0.8516036414565826 0.6210761154855643 0.14018207282913167 0.19490813648293964
1 0.6041666666666666 0.9114173228346457 0.1411064425770308 0.17716535433070865
1 0.8061064425770308 0.8808005249343831 0.12201680672268908 0.2182939632545932
1 0.42397058823529415 0.9297900262467191 0.11404761904761905 0.14041994750656167
0 0.9055462184873949 0.8625984251968504 0.1304201680672269 0.19501312335958004
0 0.7145728291316527 0.89501312335958 0.15463585434173668 0.1889763779527559
0 0.14768207282913165 0.9363517060367454 0.15250700280112045 0.1272965879265092
0 0.46152661064425765 0.688228346456693 0.1331372549019608 0.22160104986876641
0 0.3554971988795518 0.6927624671916011 0.13676470588235295 0.2149212598425197