1 0.11778481012658228 0.21096153846153845 0.13905063291139239 0.24950928381962864
1 0.23928401898734175 0.2131664456233422 0.14945411392405064 0.2512665782493369
1 0.3599011075949367 0.21280835543766577 0.15967563291139242 0.27442307692307694
1 0.4836629746835443 0.20866710875331562 0.14770569620253163 0.26746684350132627
1 0.6042444620253165 0.20995689655172414 0.129375 0.26739389920424406
1 0.7757080696202532 0.3811637931034482 0.2760996835443038 0.10450265251989391
1 0.18706882911392406 0.6958720159151194 0.2792009493670886 0.11322944297082228
1 0.18259098101265822 0.7922645888594164 0.260751582278481 0.13227453580901857
1 0.19028085443037973 0.8824602122015915 0.27296677215189874 0.1269893899204244
1 0.7849723101265823 0.9397015915119363 0.2851344936708861 0.11812997347480106
1 0.7837697784810126 0.8402354111405835 0.2985522151898734 0.1154840848806366
1 0.8052729430379747 0.7353083554376658 0.26877373417721523 0.10191644562334218
1 0.8062143987341772 0.6480868700265252 0.24534018987341774 0.10784482758620689
1 0.7980973101265822 0.5540981432360743 0.25125791139240505 0.10819628647214855
1 0.8016653481012659 0.4650132625994695 0.2489003164556962 0.11835543766578249