0 0.2560649895178197 0.2084945945945946 0.5076373165618449 0.20710180180180182 0.5057589098532496 0.33565585585585583 0.25751572327044026 0.3418648648648649
0 0.5046425576519916 0.45173783783783783 0.25772012578616355 0.44976666666666665 0.25886687631027255 0.31439999999999996 0.5109297693920336 0.30863423423423425
0 0.2655880503144654 0.5543711711711712 0.51458071278826 0.5541342342342342 0.5151184486373166 0.4182153153153153 0.2603930817610063 0.42067837837837835
1 0.26735429769392033 0.6602315315315315 0.5095492662473795 0.6622324324324325 0.5080052410901468 0.5293144144144144 0.26681551362683437 0.5285054054054054
1 0.5047589098532494 0.7795108108108108 0.5079350104821803 0.6408918918918919 0.2726656184486373 0.6415702702702702 0.2711970649895178 0.7782081081081081
1 0.5045188679245283 0.8842 0.5022442348008386 0.7588180180180181 0.2725303983228512 0.7534891891891893 0.2718878406708595 0.8855621621621622
1 0.27608700209643605 0.9957063063063062 0.5117431865828092 0.9909252252252252 0.5136331236897275 0.8661666666666668 0.274958071278826 0.8705153153153153
0 0.5076373165618449 0.20591981981981983 0.7453815513626835 0.20370270270270271 0.7505576519916143 0.3389738738738739 0.5046708595387841 0.3385468468468468
1 0.5035136268343815 0.44523693693693694 0.7462704402515723 0.4462171171171171 0.7467557651991614 0.3144153153153153 0.503045073375262 0.3130225225225225
0 0.7485461215932915 0.5568144144144144 0.7524067085953879 0.4249315315315315 0.5101991614255765 0.4244441441441441 0.5095083857442348 0.5557630630630631
1 0.5125911949685534 0.6605234234234234 0.7525115303983229 0.6619864864864864 0.7496278825995807 0.5300432432432433 0.5139779874213837 0.5362369369369369
1 0.5112987421383648 0.7735531531531532 0.750751572327044 0.7736891891891892 0.7448899371069182 0.6391666666666667 0.508877358490566 0.6405243243243243
1 0.5104916142557652 0.876845045045045 0.753272536687631 0.8754072072072072 0.7496278825995807 0.7437963963963964 0.5133459119496856 0.7445054054054053
1 0.7622044025157233 0.9922783783783785 0.7495283018867924 0.8500990990990991 0.5048763102725367 0.8513612612612612 0.5122756813417191 0.9924387387387387