1 0.25997319034852545 0.28028273809523807 0.18214477211796246 0.2569940476190476
1 0.3823257372654156 0.25668154761904766 0.16679624664879358 0.26038690476190474
1 0.4958780160857909 0.21585565476190477 0.17406166219839142 0.25611607142857146
1 0.6088471849865952 0.20883928571428573 0.18284182305630028 0.23315476190476192
1 0.7246983914209115 0.17311755952380953 0.17593833780160859 0.23909226190476188
0 0.3208646112600536 0.6081324404761905 0.18060321715817693 0.27876488095238094
1 0.44168900804289546 0.5802827380952381 0.16219839142091153 0.246875
1 0.552171581769437 0.5639062499999999 0.15796246648793566 0.2260267857142857
1 0.6664879356568364 0.5551934523809524 0.1801608579088472 0.22050595238095239
1 0.7760120643431635 0.5079910714285715 0.1847319034852547 0.24217261904761905
1 0.8918565683646114 0.4880059523809524 0.17781501340482575 0.22601190476190475