1 0.2784177215189873 0.14805495689655174 0.3315189873417721 0.1301616379310345
1 0.6044810126582278 0.14739762931034484 0.34060759493670884 0.13315732758620688
1 0.27925316455696203 0.27509698275862066 0.3357215189873418 0.13424568965517242
1 0.6033544303797468 0.27229525862068965 0.34848101265822784 0.13726293103448275
0 0.28135443037974683 0.3987553879310345 0.35005063291139243 0.14664870689655174
1 0.6075316455696202 0.40107758620689654 0.3315189873417721 0.13189655172413794
0 0.2874683544303797 0.5309859913793104 0.34202531645569617 0.1223168103448276
1 0.6136139240506329 0.5315894396551724 0.3310253164556962 0.12136853448275861
0 0.29658227848101265 0.6603879310344828 0.329873417721519 0.1246551724137931
1 0.6199620253164557 0.6554903017241379 0.34625316455696203 0.1450323275862069
1 0.6228417721518987 0.7817564655172414 0.33935443037974683 0.12816810344827587
0 0.2859493670886076 0.7838362068965516 0.3339240506329114 0.12586206896551724
0 0.2934873417721519 0.9051077586206897 0.349 0.13349137931034483
0 0.6233544303797468 0.9044989224137931 0.34037974683544303 0.13658405172413793