2 0.40128125 0.7719515625 0.407203125 0.82583125 0.4613125 0.8084703125000001 0.45457187499999996 0.7588078125 0.40128125 0.7719515625
2 0.48179375 0.9500578125000001 0.47559843749999997 0.9000718750000001 0.41423125 0.9160578125000001 0.42344687499999994 0.9593765624999999 0.48179375 0.9500578125000001
2 0.47600312499999997 0.9048359375 0.4682578125 0.8521656249999999 0.41077343749999995 0.8721984375 0.41750468749999997 0.9195046874999999 0.47600312499999997 0.9048359375
2 0.46894375000000005 0.8579734374999999 0.462240625 0.8076546875 0.409259375 0.8235578125 0.41460625 0.872403125 0.46894375000000005 0.8579734374999999
2 0.5217859375 0.07005625 0.4694234375 0.0845265625 0.479171875 0.132671875 0.5295828124999999 0.1173046875 0.5217859375 0.07005625
2 0.3939625 0.727959375 0.40011718749999997 0.7693640625 0.45332812499999997 0.7598125 0.4463953125 0.7116453125 0.3939625 0.727959375
2 0.38925 0.15687500000000001 0.3204328125 0.1772859375 0.3275125 0.21857656250000002 0.394865625 0.2008734375 0.38925 0.15687500000000001
2 0.3714421875 0.11396875 0.31435625 0.13013125 0.31987187499999997 0.17309687499999998 0.3771296875 0.158025 0.3714421875 0.11396875
2 0.366165625 0.0627359375 0.30816875 0.0760625 0.31422812499999997 0.13 0.3714515625 0.11756718749999999 0.366165625 0.0627359375
2 0.3578421875 0.0209734375 0.3032171875 0.0339078125 0.30923124999999996 0.0779890625 0.36517656249999997 0.066046875 0.3578421875 0.0209734375
2 0.5753359375 0.430471875 0.5105203125 0.44721406249999995 0.519978125 0.5024328125 0.5826671875 0.48780156249999995 0.5753359375 0.430471875
2 0.544815625 0.20897656250000002 0.48391093749999997 0.22635624999999998 0.49335312499999995 0.2756859375 0.5517671875 0.2622296875 0.544815625 0.20897656250000002
2 0.5435953125 0.16018125 0.47940781250000003 0.17602500000000001 0.4853328125 0.2259765625 0.5472187500000001 0.21071562500000002 0.5435953125 0.16018125
2 0.52049375 0.02019375 0.462253125 0.03665625 0.4689046875 0.083040625 0.523790625 0.07192499999999999 0.52049375 0.02019375
2 0.5841578125 0.963159375 0.638615625 0.948715625 0.6348374999999999 0.8988781250000001 0.5779124999999999 0.9034171875 0.5841578125 0.963159375
2 0.6458578125 0.9949796875000001 0.639503125 0.9493453125 0.5869859374999999 0.9616421875000001 0.5916375 1 0.6458578125 0.9949796875000001
2 0.49182499999999996 0.990634375 0.4843703125 0.9452703124999999 0.4246734375 0.9604109375000001 0.43145156250000005 1 0.49182499999999996 0.990634375
2 0.4482125 0.6686765625 0.3889828125 0.6894984375 0.39175 0.7316796875 0.450615625 0.7127625 0.4482125 0.6686765625
2 0.3869859375 0.6868328125 0.446909375 0.667046875 0.44063437499999997 0.6178656250000001 0.3791453125 0.632359375 0.3869859375 0.6868328125
2 0.4410640625 0.6236109375 0.43069375 0.5630499999999999 0.375696875 0.584603125 0.3829234375 0.640428125 0.4410640625 0.6236109375
2 0.426171875 0.47442031250000005 0.3582359375 0.494534375 0.3635796875 0.560834375 0.43670937500000007 0.5344875 0.426171875 0.47442031250000005
2 0.42165625 0.42547968750000004 0.3519359375 0.43988281249999994 0.353471875 0.5017875 0.42665 0.48155937499999996 0.42165625 0.42547968750000004
2 0.40482968750000003 0.29992968750000004 0.338434375 0.31858125 0.3431453125 0.36944374999999996 0.41205468749999996 0.3489375 0.40482968750000003 0.29992968750000004