1 0.0462684124386252 0.13355468750000002 0.06962356792144025 0.21800223214285716
1 0.11827741407528641 0.13377790178571428 0.08270867430441899 0.23184151785714285
1 0.1896276595744681 0.1288671875 0.08138297872340426 0.23094866071428571
1 0.25509001636661216 0.13511718749999999 0.06828150572831423 0.22559151785714285
1 0.32382569558101476 0.13645647321428572 0.07481996726677578 0.21934151785714287
1 0.49418576104746315 0.13801897321428572 0.08493453355155484 0.20907366071428574
1 0.5694680851063829 0.1384654017857143 0.09147299509001637 0.21889508928571427
1 0.6449099836333879 0.14181361607142856 0.08196399345335516 0.2121986607142857
1 0.7228109656301146 0.14226004464285716 0.08064648117839607 0.20416294642857144
1 0.7977618657937807 0.14159040178571428 0.07997545008183306 0.21621651785714285
1 0.9146112929623568 0.14471540178571432 0.0845417348608838 0.21353794642857143
1 0.23299918166939446 0.6488113839285715 0.08629296235679215 0.21280133928571426
1 0.30893207855973814 0.6461328125 0.0810392798690671 0.20744419642857143
1 0.3832324058919804 0.6447935267857143 0.07906710310965631 0.21369419642857143
1 0.4601472995090016 0.6494810267857142 0.0823240589198036 0.21860491071428573
1 0.5339525368248773 0.6456863839285714 0.08918166939443535 0.2154799107142857
1 0.6071072013093289 0.6586328124999999 0.09473813420621931 0.21458705357142857
1 0.6853314238952537 0.6528292410714285 0.08752045826513911 0.229765625
1 0.7597954173486089 0.6555078125 0.09569558101472996 0.217265625
1 0.8358919803600655 0.6517131696428571 0.08749590834697218 0.214140625
1 0.23103109656301146 0.8575502232142858 0.09545008183306056 0.22402901785714285
1 0.309259410801964 0.8631305803571429 0.088240589198036 0.21286830357142855
1 0.38453764320785594 0.8608984375000001 0.0947708674304419 0.21733258928571428
1 0.46456628477905076 0.8606696428571429 0.08134206219312602 0.20348214285714286
1 0.5400081833060556 0.8622321428571428 0.08492635024549919 0.19321428571428573
1 0.6133265139116203 0.8696037946428571 0.08753682487725041 0.20349330357142859
1 0.6866407528641572 0.8595535714285714 0.090139116202946 0.2057142857142857
1 0.761759410801964 0.8615625 0.08653027823240589 0.20526785714285714
1 0.8394926350245498 0.8613392857142858 0.0881505728314239 0.19142857142857145