0 0.04933110367892977 0.19303921568627452 0.09866220735785954 0.1971301247771836
0 0.05142140468227425 0.38825757575757575 0.1028428093645485 0.19719251336898397
0 0.231935618729097 0.38780748663101605 0.12775083612040133 0.18559714795008914
0 0.5226714046822742 0.3869206773618538 0.12059364548494983 0.2034313725490196
0 0.7061872909698997 0.1914795008912656 0.12809364548494984 0.1993582887700535
0 0.5186998327759197 0.8745142602495544 0.13271739130434781 0.2320944741532977
0 0.6144314381270903 0.865155971479501 0.11515050167224081 0.22407308377896612
1 0.130564381270903 0.1952673796791444 0.12233277591973245 0.19267379679144386
1 0.2290091973244147 0.18991978609625668 0.1302591973244147 0.19980392156862745
1 0.3234824414715719 0.18991978609625668 0.11853678929765887 0.19980392156862745
1 0.4223453177257525 0.1966042780748663 0.12061036789297659 0.1864349376114082
1 0.5153553511705685 0.1863547237076649 0.12602842809364548 0.19267379679144386
1 0.6125501672240803 0.1912566844919786 0.12476588628762542 0.1935650623885918
1 0.7987792642140469 0.18457219251336898 0.10759197324414717 0.18910873440285206
1 0.13223662207357859 0.3842424242424243 0.1256772575250836 0.19629233511586452
1 0.32369147157190636 0.3871390374331551 0.12397157190635452 0.1896078431372549
1 0.4206730769230769 0.38825757575757575 0.11726588628762542 0.19719251336898397
1 0.6108779264214047 0.3895944741532977 0.12142140468227425 0.1909536541889483
1 0.7055602006688964 0.3851381461675579 0.13018394648829432 0.1998663101604278
1 0.7998244147157191 0.38379679144385026 0.13142140468227426 0.18648841354723708
1 0.7043060200668897 0.8693894830659536 0.13603678929765886 0.21293226381461675
1 0.7985702341137124 0.8767424242424243 0.12055183946488295 0.20981283422459893
1 0.4087583612040134 0.8789705882352942 0.15530936454849498 0.20535650623885918