1 0.1817301943198804 0.18994841269841267 0.08991778774289985 0.18148412698412697
1 0.2491778774289985 0.18578174603174602 0.07832585949177877 0.18426190476190477
1 0.3085874439461883 0.18895634920634918 0.0850373692077728 0.17473809523809522
1 0.37659566517189835 0.19153571428571428 0.07307174887892376 0.1687857142857143
1 0.437686846038864 0.19133730158730158 0.08613602391629298 0.16362698412698412
1 0.5051345291479821 0.18776190476190474 0.08949177877428999 0.1644126984126984
1 0.566416292974589 0.19570238095238093 0.07902092675635276 0.1644206349206349
0 0.6951420029895367 0.19391666666666665 0.07040358744394619 0.15767460317460316
0 0.7711808669656203 0.1943095238095238 0.07001494768310912 0.14893650793650792
1 0.6964499252615844 0.35524603174603175 0.08348281016442452 0.15017460317460318
0 0.7622122571001495 0.34730952380952385 0.08047832585949179 0.16604761904761905
0 0.18845665171898357 0.8328968253968254 0.07347533632286996 0.14833333333333334
1 0.18528026905829598 0.35405555555555557 0.07758594917787744 0.15573015873015872
1 0.24805680119581464 0.3556468253968254 0.06860986547085202 0.1589126984126984
1 0.31251121076233185 0.3574325396825397 0.08242152466367714 0.15137301587301585
1 0.37061659192825114 0.36120238095238094 0.09100896860986547 0.15415079365079365
1 0.4446001494768311 0.3582261904761905 0.08800448430493274 0.15296031746031746
1 0.5036397608370703 0.3613968253968254 0.08650224215246637 0.14184126984126985
1 0.5710874439461884 0.35941666666666666 0.0764050822122571 0.1474047619047619
1 0.6334865470852018 0.3584206349206349 0.07414798206278027 0.14065079365079364
1 0.18004857997010462 0.6731507936507937 0.08207025411061286 0.159
1 0.25029895366218236 0.6745396825396826 0.07309417040358744 0.15701587301587303
1 0.31232436472346786 0.6731507936507937 0.07756352765321375 0.159
1 0.3724850523168909 0.6743412698412699 0.08727204783258595 0.15344444444444444
1 0.43955530642750373 0.6683888888888888 0.08239910313901345 0.14947619047619048
1 0.5042002989536621 0.6745396825396826 0.0846337817638266 0.15701587301587303
1 0.5694058295964126 0.6717619047619048 0.085 0.1593968253968254
1 0.6342339312406577 0.6719603174603175 0.07564275037369207 0.1486825396825397
1 0.6964499252615844 0.6725555555555556 0.08348281016442452 0.1451111111111111
1 0.7614648729446936 0.6681904761904761 0.07898355754857997 0.14431746031746032
1 0.2474962630792227 0.8325 0.07197309417040358 0.1554761904761905
1 0.31101644245142 0.8275396825396826 0.07943198804185352 0.15825396825396826
1 0.37678251121076234 0.8297222222222222 0.07643497757847534 0.15785714285714286
1 0.4406763826606876 0.8281349206349207 0.07716741405082213 0.1546825396825397
1 0.5032660687593423 0.8275396825396826 0.07828101644245142 0.14238095238095239
1 0.5632399103139013 0.8253571428571429 0.08313153961136024 0.1411904761904762
1 0.6312443946188341 0.8287301587301588 0.08461136023916292 0.13682539682539682
1 0.6988789237668162 0.8360714285714286 0.09282511210762331 0.13880952380952383
1 0.765575485799701 0.8382539682539683 0.07973094170403588 0.14