1 0.3767175572519084 0.21676115241635688 0.3183206106870229 0.11010223048327138
1 0.37418575063613235 0.31862918215613384 0.31834605597964377 0.11309479553903345
1 0.37134860050890584 0.4207016728624535 0.3279389312977099 0.11463754646840148
1 0.37219465648854955 0.5218773234200743 0.33472010178117045 0.10323420074349442
1 0.3635305343511451 0.6223652416356877 0.31230279898218827 0.10346654275092937
0 0.37902035623409663 0.7223420074349443 0.3152926208651399 0.11197026022304833
1 0.373676844783715 0.8247862453531599 0.3147837150127226 0.10868029739776952
1 0.6798027989821883 0.21881970260223046 0.2909033078880407 0.10864312267657993
1 0.6795038167938932 0.31916821561338293 0.2877608142493639 0.0974442379182156
1 0.6755534351145038 0.4203113382899628 0.2900381679389313 0.10642193308550187
1 0.6699236641221373 0.5212964684014869 0.3067684478371501 0.1020724907063197
1 0.6739249363867685 0.6247118959107807 0.3147709923664122 0.10815985130111523
1 0.6848664122137406 0.7212778810408922 0.3112086513994911 0.10240706319702603
1 0.7044720101781171 0.827918215613383 0.2918956743002545 0.10936802973977695
1 0.712379134860051 0.1158550185873606 0.2644529262086514 0.1183271375464684
1 0.348027989821883 0.11436338289962826 0.28893129770992365 0.12277881040892194