1 0.07696022727272726 0.42077472527472526 0.15392045454545453 0.212978021978022
1 0.1849034090909091 0.40406593406593405 0.1698068181818182 0.21472527472527472
1 0.29830681818181815 0.3873626373626374 0.16479545454545455 0.1989010989010989
1 0.40556818181818177 0.3592252747252747 0.1975 0.21295604395604395
1 0.5321477272727273 0.3387802197802198 0.17338636363636364 0.19404395604395605
1 0.7250852272727273 0.30514835164835163 0.1728977272727273 0.18392307692307694
1 0.8403068181818182 0.2829505494505495 0.17152272727272727 0.17908791208791208
1 0.9384090909090909 0.2726153846153846 0.12227272727272727 0.18918681318681319
1 0.07332386363636365 0.7166373626373627 0.1466477272727273 0.18052747252747253
1 0.179 0.6968571428571428 0.1489090909090909 0.1849230769230769
1 0.2862613636363636 0.6814670329670329 0.14525 0.16293406593406595
1 0.3944318181818182 0.6669615384615384 0.1615909090909091 0.1602967032967033
1 0.5016988636363636 0.6399230769230769 0.15794318181818182 0.17215384615384616
1 0.6080511363636364 0.6168406593406593 0.15246590909090907 0.16554945054945056
1 0.7164545454545455 0.6003571428571429 0.16472727272727275 0.19851648351648352
1 0.8987102272727273 0.5596978021978022 0.1746931818181818 0.2270879120879121