1 0.04496157786885246 0.14383720930232557 0.07967725409836066 0.2707610993657505
1 0.11555071721311476 0.1434143763213531 0.07946209016393443 0.26145877378435517
1 0.18327100409836067 0.15060253699788584 0.08170594262295082 0.25046511627906975
1 0.25406506147540986 0.14489429175475688 0.07780225409836065 0.26864693446088794
1 0.32219262295081963 0.14404862579281183 0.08086065573770491 0.2669556025369979
1 0.3909375 0.1457399577167019 0.08105532786885246 0.2534249471458774
1 0.45855532786885245 0.1529281183932347 0.08514344262295082 0.2593446088794926
1 0.5278125 0.16011627906976744 0.08431352459016395 0.24835095137420718
1 0.5981941598360655 0.15673361522198728 0.08778176229508196 0.25849894291754755
1 0.666016905737705 0.15969344608879493 0.08818135245901638 0.25596194503171243
1 0.7350691598360656 0.15905919661733614 0.09103995901639345 0.25046511627906975
1 0.8045312499999999 0.16159619450317125 0.08652151639344262 0.25553911205074
1 0.8757325819672132 0.1658245243128964 0.09162909836065575 0.24708245243128965
1 0.941608606557377 0.16709302325581393 0.08608606557377049 0.2411627906976744
1 0.04424436475409836 0.8312526427061311 0.08439036885245901 0.24601479915433402
1 0.11462858606557377 0.8272357293868923 0.0796670081967213 0.2506659619450317
1 0.18275870901639343 0.8297727272727273 0.08273053278688525 0.2557399577167019
1 0.25242571721311474 0.8289270613107822 0.0827202868852459 0.25404862579281184
1 0.3205532786885246 0.8331553911205074 0.08577868852459017 0.24559196617336154
1 0.38847848360655735 0.8380179704016913 0.08433401639344262 0.24263213530655392
1 0.4556864754098361 0.8354809725158563 0.08760245901639344 0.23755813953488372
1 0.5294518442622951 0.8348467230443974 0.07939549180327868 0.24897463002114165
1 0.5942008196721312 0.8399207188160677 0.08594262295081967 0.259122621564482
1 0.6639677254098361 0.8462632135306555 0.08408299180327869 0.26335095137420717
1 0.7339421106557377 0.8407663847780127 0.08673668032786885 0.2608139534883721
1 0.8011501024590164 0.8350581395348837 0.09000512295081967 0.26208245243128964
1 0.8709195696721312 0.8314640591966174 0.07995389344262295 0.259122621564482
1 0.9415061475409836 0.8356923890063426 0.07973360655737705 0.284492600422833