1 0.19093501326259948 0.420061099796334 0.1670159151193634 0.1680244399185336
0 0.19398541114058354 0.31169551934826883 0.16515915119363395 0.14681262729124234
0 0.3494098143236074 0.430244399185336 0.15770557029177718 0.16395112016293278
1 0.354051724137931 0.6677596741344196 0.15903183023872677 0.19091649694501017
1 0.3468899204244032 0.5520570264765784 0.16062334217506632 0.17132382892057027
0 0.34927718832891247 0.43533604887983707 0.14948275862068966 0.15376782077393075
0 0.6935444297082228 0.4320773930753564 0.15897214854111405 0.14725050916496946
0 0.8508255968169762 0.32004582484725047 0.1605371352785146 0.12685336048879836
1 0.6977884615384616 0.67020366598778 0.16746021220159152 0.1795112016293279
0 0.6965948275862068 0.5528716904276986 0.14650530503978781 0.1403665987780041
0 0.8489688328912466 0.5471690427698573 0.16212864721485412 0.1615478615071283
0 0.6818766578249337 0.7985285132382892 0.12502652519893898 0.1510285132382892
1 0.3513992042440318 0.9101578411405296 0.1643368700265252 0.17876782077393077
0 0.35245689655172413 0.9020061099796334 0.1770623342175066 0.129877800407332
0 0.8597115384615385 0.7940478615071282 0.1385212201591512 0.1665071283095723
0 0.8583852785145888 0.6750865580448064 0.1517838196286472 0.15669042769857433
0 0.8517539787798408 0.9105600814663951 0.1544363395225464 0.15513238289205702
1 0.3471551724137931 0.3102698574338086 0.14523872679045094 0.13988798370672098
1 0.1931896551724138 0.5469653767820774 0.16887267904509284 0.16521384928716906
1 0.1827122015915119 0.6659215885947046 0.14526525198938992 0.175020366598778
1 0.19252652519893898 0.7993431771894094 0.15958885941644563 0.1689511201629328
1 0.35723143236074273 0.7932331975560082 0.16539124668435012 0.16487780040733196
1 0.19491379310344828 0.9170773930753563 0.1590583554376658 0.15187372708757635
1 0.6923507957559683 0.3096588594704684 0.15923740053050398 0.15088594704684316
1 0.6975232095490717 0.9193482688391038 0.15101458885941643 0.1604887983706721