2 0.49684999999999996 0.6078515624999999 0.503896875 0.6581859375 0.5341015625 0.6503187500000001 0.5265718749999999 0.6028749999999999 0.49684999999999996 0.6078515624999999
2 0.5660390625 0.59294375 0.5388468750000001 0.598353125 0.54716875 0.64934375 0.5743968749999999 0.64418125 0.5660390625 0.59294375
2 0.5996390625 0.6402609375 0.590415625 0.5878 0.567621875 0.5919296875 0.5739468750000001 0.64304375 0.5996390625 0.6402609375
2 0.6219125 0.635640625 0.6136125 0.5822140625000001 0.5887578125 0.5858234375 0.5973984375 0.6408031249999999 0.6219125 0.635640625
2 0.6453328125 0.6315125 0.636734375 0.579709375 0.6153234375000001 0.5819296875 0.6228421875000001 0.6354734375 0.6453328125 0.6315125
2 0.6601375 0.5752890625 0.6376609375 0.5790062500000001 0.64715 0.6322640625 0.6702343749999999 0.627615625 0.6601375 0.5752890625
2 0.68135 0.5716 0.6596546875 0.5748656249999999 0.669925 0.6261421875 0.6905218750000001 0.6216984375 0.68135 0.5716
2 0.7029890625 0.5670203125 0.6805828125 0.57408125 0.689059375 0.6214890625 0.7111265625 0.6168171874999999 0.7029890625 0.5670203125
2 0.7018890625 0.56775 0.70979375 0.6153187499999999 0.73304375 0.61058125 0.7255171875 0.5621171875 0.7018890625 0.56775
2 0.7467890625 0.55793125 0.7241234375000001 0.562121875 0.7316421875 0.60718125 0.7534578125 0.6024546875000001 0.7467890625 0.55793125
2 0.7540765625 0.6004640625000001 0.776809375 0.5978796875 0.768859375 0.550878125 0.7468781250000001 0.55531875 0.7540765625 0.6004640625000001
2 0.76920625 0.552271875 0.77604375 0.5967374999999999 0.7972765625 0.5932921875 0.7903609375 0.5485859375000001 0.76920625 0.552271875
2 0.8124109374999999 0.543134375 0.7902046875 0.5477000000000001 0.79816875 0.5922546875 0.8184421875 0.5875734375 0.8124109374999999 0.543134375
2 0.8708 0.527296875 0.8771265625 0.578390625 0.9023390625 0.5714609375 0.8953390625000001 0.519675 0.8708 0.527296875
2 0.9229390625 0.5672359375 0.9129046875 0.5145140625 0.8929765625 0.5164234375000001 0.90335 0.5709171875 0.9229390625 0.5672359375
2 0.947071875 0.5617703125 0.9386953124999999 0.5131359375 0.9134859375 0.515678125 0.9218624999999999 0.5665843749999999 0.947071875 0.5617703125
2 0.9685703125 0.5545140625 0.958165625 0.50438125 0.9364578124999999 0.51176875 0.9467421874999999 0.5604328125 0.9685703125 0.5545140625
2 0.9914140625 0.5501140625 0.9807765625 0.499375 0.9586343749999999 0.50266875 0.9683249999999999 0.554640625 0.9914140625 0.5501140625
2 0.7813359375 0.7360390625 0.7583984375 0.7411703125 0.7677859375 0.7872343749999999 0.7896671875 0.7830109375000001 0.7813359375 0.7360390625
2 0.739665625 0.74391875 0.7170203125 0.7485578125 0.7286890625 0.7973953125000001 0.7491203125 0.7938703125 0.739665625 0.74391875
2 0.768690625 0.7912375 0.7577812500000001 0.7401156249999999 0.7404546875 0.7439453125 0.7502828125 0.794675 0.768690625 0.7912375
2 0.6848765625000001 0.7568640624999999 0.6623640625 0.7594624999999999 0.67134375 0.804840625 0.6912765624999999 0.8008890624999999 0.6848765625000001 0.7568640624999999
2 0.8321093749999999 0.6600140624999999 0.8056453125 0.6637828125 0.8128875000000001 0.714253125 0.83921875 0.7127140625 0.8321093749999999 0.6600140624999999
2 0.8207453125 0.7272359374999999 0.7973078124999999 0.7320249999999999 0.806203125 0.7783265625 0.8300109375 0.7735546875 0.8207453125 0.7272359374999999
2 0.9727640624999999 0.6978234375000001 0.948425 0.7019453125 0.9535734375 0.7462500000000001 0.9807796874999999 0.7416390625 0.9727640624999999 0.6978234375000001
2 0.9244375 0.7050296875 0.9319593749999999 0.7550953125000001 0.9551609375 0.7499640624999999 0.9486437499999999 0.7022906250000001 0.9244375 0.7050296875
2 0.64226875 0.764325 0.6500296875 0.81225 0.672228125 0.8059062499999999 0.664321875 0.76124375 0.64226875 0.764325
2 0.614653125 0.8214625 0.6063390625 0.7757468750000001 0.58201875 0.7823140625 0.588928125 0.8258921875 0.614653125 0.8214625
2 0.8796671875 0.7131296875 0.88555 0.760540625 0.9096453125 0.755996875 0.9027234375000001 0.7117578124999999 0.8796671875 0.7131296875
2 0.8522734375000001 0.718909375 0.860375 0.7662421875 0.887940625 0.76058125 0.87901875 0.7128859375000001 0.8522734375000001 0.718909375
2 0.367759375 0.3906984375 0.34781875 0.37041875 0.32086562500000004 0.40717968750000005 0.3373046875 0.4270125 0.367759375 0.3906984375
2 0.393578125 0.42779375000000003 0.376525 0.4047375 0.34700156249999997 0.437303125 0.3629640625 0.45775156250000004 0.393578125 0.42779375000000003
2 0.22397343749999998 0.2956125 0.1977125 0.290825 0.1888140625 0.34040781249999996 0.2143421875 0.34869218750000003 0.22397343749999998 0.2956125