0 0.0859375 0.46484375 0.171875 0.1859375
0 0.146875 0.43515625 0.1796875 0.1796875
0 0.2265625 0.415625 0.153125 0.228125
0 0.31015625 0.396875 0.1484375 0.2203125
0 0.3796875 0.37734375 0.184375 0.184375
0 0.45625 0.35546875 0.1796875 0.1796875
0 0.59609375 0.321875 0.1625 0.2515625
1 0.5234375 0.359375 0.159375 0.24375
1 0.09609375 0.83125 0.1921875 0.23125
1 0.178125 0.82265625 0.2625 0.2609375
0 0.27734375 0.796875 0.275 0.275
0 0.36796875 0.7859375 0.2546875 0.2546875
0 0.459375 0.76015625 0.1859375 0.315625
0 0.553125 0.73984375 0.1875 0.303125
0 0.63515625 0.7375 0.234375 0.234375
0 0.73671875 0.70625 0.1828125 0.29375
1 0.8328125 0.7 0.196875 0.303125
0 0.66796875 0.30078125 0.1484375 0.2109375
0 0.7390625 0.28984375 0.146875 0.2328125
0 0.8125 0.26875 0.1765625 0.175
0 0.88828125 0.259375 0.14375 0.225
0 0.93828125 0.2296875 0.1234375 0.175
0 0.98671875 0.2171875 0.0265625 0.20625
0 0.89453125 0.6546875 0.2078125 0.2484375
0 0.93671875 0.6265625 0.1234375 0.1859375
0 0.7671875 0.90234375 0.21875 0.1953125
1 0.88125 0.88828125 0.171875 0.2234375
1 0.27890625 0.94609375 0.09375 0.08125
0 0.4734375 0.93671875 0.1625 0.1265625
0 0.3703125 0.9390625 0.1171875 0.1125
1 0.92890625 0.859375 0.0921875 0.125