1 0.76171875 0.03515625 0.1546875 0.0703125
0 0.77890625 0.0796875 0.1796875 0.159375
0 0.8015625 0.14296875 0.1984375 0.1734375
0 0.82578125 0.22421875 0.221875 0.1953125
0 0.8578125 0.29765625 0.209375 0.209375
0 0.878125 0.36875 0.2171875 0.2171875
0 0.9015625 0.43671875 0.196875 0.2015625
0 0.9125 0.521875 0.175 0.2
0 0.91796875 0.603125 0.1640625 0.1875
0 0.92421875 0.6859375 0.1515625 0.1875
0 0.9359375 0.76484375 0.128125 0.1953125
0 0.93984375 0.821875 0.1203125 0.1125
1 0.7078125 0.925 0.190625 0.121875
1 0.55078125 0.9375 0.1640625 0.125
0 0.70390625 0.87890625 0.23125 0.1734375
0 0.52109375 0.896875 0.1515625 0.153125
0 0.6734375 0.81328125 0.1921875 0.1921875
0 0.66015625 0.74296875 0.2171875 0.171875
0 0.6375 0.68359375 0.2171875 0.1765625
0 0.61796875 0.6125 0.2125 0.1703125
0 0.59609375 0.5421875 0.1921875 0.1921875
0 0.578125 0.4796875 0.1796875 0.1796875
0 0.5625 0.41328125 0.2421875 0.1921875
0 0.53984375 0.34609375 0.215625 0.215625
0 0.53125 0.278125 0.1890625 0.1890625
0 0.5140625 0.21171875 0.190625 0.190625
0 0.49375 0.14921875 0.2078125 0.1671875
0 0.47578125 0.08046875 0.1921875 0.1484375
0 0.46484375 0.0578125 0.1765625 0.115625
0 0.30546875 0.09140625 0.1453125 0.1328125
0 0.31328125 0.13125 0.184375 0.1515625
0 0.33125 0.20078125 0.16875 0.16875
0 0.346875 0.26953125 0.1921875 0.1921875
0 0.35859375 0.334375 0.1890625 0.15
0 0.3765625 0.39375 0.1703125 0.1703125
1 0.4 0.4578125 0.1515625 0.1515625
1 0.41875 0.51796875 0.1734375 0.14375
1 0.43359375 0.5859375 0.159375 0.159375
0 0.446875 0.6515625 0.1625 0.1609375
1 0.47890625 0.70625 0.1640625 0.1640625
1 0.49609375 0.76875 0.14375 0.14375
1 0.5078125 0.8328125 0.20625 0.165625
1 0.090625 0.21171875 0.146875 0.146875
0 0.08046875 0.17109375 0.1609375 0.1203125
1 0.1046875 0.2734375 0.1765625 0.178125
0 0.1046875 0.32734375 0.1875 0.1875
0 0.11796875 0.3921875 0.1640625 0.165625
1 0.14375 0.4546875 0.1921875 0.15625
1 0.20390625 0.640625 0.1953125 0.153125
1 0.21328125 0.709375 0.165625 0.125
0 0.2671875 0.8953125 0.1859375 0.1484375
0 0.26796875 0.93515625 0.2078125 0.1296875
0 0.2953125 0.96328125 0.1875 0.0734375