0 0.37109375 0.8203125 0.5234375 0.359375
0 0.36015625 0.76875 0.4609375 0.44375
0 0.3515625 0.59765625 0.46875 0.446875
0 0.37890625 0.45234375 0.4078125 0.3921875
0 0.3859375 0.31640625 0.484375 0.4671875
0 0.371875 0.196875 0.465625 0.39375
0 0.89609375 0.31640625 0.2078125 0.2765625
0 0.88671875 0.3921875 0.2265625 0.365625
0 0.8671875 0.53046875 0.265625 0.3703125
0 0.853125 0.67578125 0.29375 0.3140625
0 0.115625 0.7359375 0.23125 0.234375
0 0.1296875 0.65859375 0.259375 0.3703125
0 0.1359375 0.5328125 0.271875 0.384375
0 0.15546875 0.40390625 0.3109375 0.3703125
0 0.17890625 0.28671875 0.3265625 0.3265625
0 0.22421875 0.17734375 0.2375 0.2390625
0 0.44375 0.03984375 0.2625 0.0796875