0 0.16796875 0.58828125 0.3359375 0.4640625
1 0.26484375 0.64453125 0.4703125 0.4703125
0 0.41953125 0.6875 0.4375 0.4375
0 0.57890625 0.7265625 0.4140625 0.44375
0 0.75 0.75234375 0.446875 0.471875
0 0.8 0.7453125 0.35625 0.375
0 0.16015625 0.3359375 0.3203125 0.365625
1 0.26328125 0.3703125 0.3390625 0.3484375
0 0.3828125 0.40234375 0.378125 0.378125
0 0.5015625 0.41953125 0.3546875 0.365625
0 0.615625 0.47890625 0.3484375 0.3484375
0 0.746875 0.49140625 0.3546875 0.3546875
0 0.84453125 0.5109375 0.3109375 0.3625
0 0.91328125 0.52109375 0.1734375 0.2796875
0 0.20859375 0.10078125 0.1515625 0.178125
0 0.25703125 0.1046875 0.2171875 0.209375
0 0.33359375 0.109375 0.203125 0.203125
0 0.41015625 0.13125 0.18125 0.1828125
0 0.49921875 0.146875 0.18125 0.18125
0 0.57421875 0.1796875 0.184375 0.1859375
0 0.6578125 0.2046875 0.2 0.2
0 0.73046875 0.22109375 0.1953125 0.2015625
0 0.81953125 0.23515625 0.215625 0.21875
0 0.9 0.25234375 0.19375 0.19375
0 0.9390625 0.2828125 0.121875 0.175
0 0.96953125 0.30703125 0.0609375 0.1484375
0 0.27578125 0.0375 0.1296875 0.075
0 0.325 0.05078125 0.184375 0.1015625
1 0.39375 0.0609375 0.159375 0.121875
0 0.45390625 0.065625 0.1515625 0.13125
0 0.53125 0.08046875 0.184375 0.1609375
0 0.6015625 0.1 0.171875 0.171875
0 0.67109375 0.121875 0.1515625 0.15
0 0.740625 0.1328125 0.14375 0.14375
0 0.80703125 0.1546875 0.1203125 0.1203125
0 0.86484375 0.175 0.096875 0.0890625
0 0.92265625 0.203125 0.0921875 0.078125