0 0.84140625 0.6828125 0.3171875 0.375
0 0.8125 0.60390625 0.375 0.4546875
0 0.7390625 0.4734375 0.521875 0.578125
0 0.63828125 0.36796875 0.44375 0.4953125
0 0.53203125 0.2796875 0.5515625 0.559375
0 0.42734375 0.2015625 0.4953125 0.403125
0 0.09296875 0.61328125 0.1859375 0.3515625
0 0.15234375 0.67734375 0.3046875 0.4203125
0 0.24609375 0.78125 0.375 0.3671875
0 0.396875 0.8625 0.346875 0.275
0 0.92109375 0.35859375 0.1578125 0.3453125
0 0.87265625 0.29375 0.2546875 0.34375
0 0.79609375 0.2109375 0.2984375 0.2921875
0 0.671875 0.13046875 0.296875 0.2609375
0 0.55390625 0.0828125 0.2328125 0.165625
0 0.2515625 0.05234375 0.1625 0.1046875