0 0.1734375 0.51796875 0.346875 0.5078125
1 0.24296875 0.60234375 0.4859375 0.4859375
0 0.38828125 0.66953125 0.4625 0.465625
0 0.53828125 0.73671875 0.421875 0.421875
0 0.69609375 0.77578125 0.4671875 0.4484375
0 0.77578125 0.8078125 0.3953125 0.384375
0 0.1859375 0.28359375 0.365625 0.365625
1 0.28828125 0.33125 0.36875 0.36875
0 0.4015625 0.38359375 0.3859375 0.3859375
0 0.51484375 0.42109375 0.3546875 0.3546875
0 0.6171875 0.49921875 0.3796875 0.3796875
0 0.74453125 0.53515625 0.375 0.375
0 0.840625 0.575 0.31875 0.3625
0 0.9078125 0.6015625 0.184375 0.278125
0 0.28203125 0.071875 0.1703125 0.14375
0 0.32578125 0.08359375 0.2109375 0.1671875
0 0.403125 0.0921875 0.196875 0.184375
0 0.47421875 0.12109375 0.190625 0.190625
0 0.559375 0.15234375 0.1765625 0.1765625
0 0.628125 0.196875 0.190625 0.190625
0 0.70625 0.23671875 0.19375 0.19375
0 0.775 0.26484375 0.196875 0.196875
0 0.86015625 0.29375 0.203125 0.203125
0 0.91484375 0.328125 0.1703125 0.2125
0 0.95 0.371875 0.1 0.190625
0 0.978125 0.4 0.04375 0.1625
0 0.36328125 0.01953125 0.1328125 0.0390625
0 0.41171875 0.040625 0.1890625 0.08125
1 0.47421875 0.059375 0.1734375 0.11875
0 0.53203125 0.0671875 0.1640625 0.134375
0 0.60390625 0.08828125 0.1890625 0.1765625
0 0.66875 0.12421875 0.1734375 0.1734375
0 0.73359375 0.1578125 0.15 0.15
0 0.80078125 0.1796875 0.1375 0.1375
0 0.86171875 0.21484375 0.1296875 0.1296875
0 0.91484375 0.2421875 0.096875 0.0953125
0 0.9625 0.28515625 0.075 0.0765625