0 0.88203125 0.51171875 0.2359375 0.3328125
0 0.8640625 0.7546875 0.1796875 0.196875
0 0.76484375 0.5375 0.4703125 0.55625
0 0.7265625 0.74140625 0.51875 0.5171875
0 0.5484375 0.49765625 0.5734375 0.5609375
0 0.546875 0.72265625 0.584375 0.5546875
0 0.3296875 0.46953125 0.5734375 0.559375
0 0.33515625 0.68359375 0.509375 0.5109375
0 0.1875 0.64453125 0.375 0.4390625
0 0.1859375 0.43359375 0.371875 0.4328125
0 0.09765625 0.434375 0.1953125 0.2625
0 0.0984375 0.62265625 0.196875 0.3234375
0 0.26328125 0.08125 0.2296875 0.1625
0 0.3640625 0.07265625 0.234375 0.1453125
0 0.51015625 0.075 0.2578125 0.15
0 0.65078125 0.07578125 0.1703125 0.1515625