0 0.246875 0.209375 0.434375 0.41875
0 0.31875 0.30234375 0.4765625 0.559375
0 0.4375 0.41171875 0.446875 0.528125
0 0.51953125 0.55078125 0.4171875 0.471875
0 0.6171875 0.66953125 0.4109375 0.4109375
0 0.6921875 0.7671875 0.4078125 0.4390625
0 0.76953125 0.81796875 0.3765625 0.3640625
0 0.79453125 0.88046875 0.2671875 0.2390625
0 0.73984375 0.30703125 0.5203125 0.5921875
0 0.81328125 0.3984375 0.3734375 0.578125
1 0.63359375 0.22578125 0.5015625 0.4515625
1 0.846875 0.49921875 0.30625 0.5296875
1 0.86484375 0.63828125 0.2703125 0.3171875
0 0.25390625 0.85 0.24375 0.2390625
1 0.33671875 0.9 0.221875 0.1875
0 0.41328125 0.93203125 0.1578125 0.1359375
0 0.4875 0.959375 0.125 0.08125