0 0.93359375 0.73671875 0.128125 0.39375
0 0.83359375 0.68046875 0.3328125 0.4921875
0 0.69375 0.6140625 0.434375 0.5140625
0 0.5515625 0.57421875 0.39375 0.478125
0 0.42578125 0.49296875 0.3984375 0.3984375
0 0.296875 0.43671875 0.3359375 0.3890625
0 0.19453125 0.38828125 0.3578125 0.390625
0 0.1421875 0.36640625 0.284375 0.3140625
0 0.09375 0.32734375 0.1765625 0.2171875
0 0.3234375 0.7734375 0.525 0.453125
0 0.20546875 0.74375 0.4109375 0.4875
1 0.484375 0.80234375 0.459375 0.3953125
1 0.1734375 0.7015625 0.346875 0.4375
1 0.1109375 0.58359375 0.221875 0.2890625
0 0.51015625 0.11171875 0.2265625 0.2234375
1 0.41953125 0.10390625 0.2171875 0.2078125
0 0.3390625 0.09375 0.203125 0.1875
0 0.2625 0.08671875 0.190625 0.1734375
1 0.17890625 0.0828125 0.1515625 0.1390625