0 0.92890625 0.3515625 0.1421875 0.190625
0 0.9203125 0.3828125 0.159375 0.240625
0 0.8984375 0.4328125 0.203125 0.290625
1 0.88359375 0.490625 0.2328125 0.26875
0 0.86171875 0.55546875 0.2765625 0.2984375
1 0.840625 0.6203125 0.2546875 0.2546875
1 0.8140625 0.68359375 0.290625 0.2953125
0 0.78359375 0.75078125 0.2921875 0.2984375
1 0.75078125 0.81171875 0.246875 0.246875
0 0.69921875 0.86484375 0.2609375 0.2609375
0 0.62734375 0.90078125 0.2484375 0.1984375
0 0.5578125 0.90859375 0.2875 0.1828125
0 0.48671875 0.90859375 0.2765625 0.1828125
1 0.415625 0.90625 0.2375 0.1875
0 0.35546875 0.8890625 0.2546875 0.221875
1 0.2921875 0.8875 0.2375 0.225
0 0.23671875 0.86328125 0.1890625 0.190625
1 0.6734375 0.353125 0.1765625 0.178125
1 0.6171875 0.38203125 0.215625 0.215625
1 0.56484375 0.40859375 0.1984375 0.203125
1 0.52265625 0.4390625 0.196875 0.2
1 0.47109375 0.46640625 0.18125 0.18125
1 0.41875 0.49375 0.19375 0.19375
1 0.37890625 0.52578125 0.15625 0.15625
1 0.58828125 0.53984375 0.1796875 0.1796875
0 0.53359375 0.57578125 0.20625 0.20625
1 0.48125 0.596875 0.1984375 0.1984375
0 0.42578125 0.6390625 0.18125 0.184375
1 0.3828125 0.65078125 0.2046875 0.2046875
0 0.3359375 0.6796875 0.1890625 0.1921875
0 0.32578125 0.54140625 0.1828125 0.184375
0 0.28203125 0.56796875 0.18125 0.18125
0 0.140625 0.65390625 0.1875 0.1875
0 0.18359375 0.62890625 0.1796875 0.1828125
0 0.23046875 0.60703125 0.1921875 0.1921875
0 0.01875 0.53515625 0.0375 0.1453125
0 0.04296875 0.51875 0.0859375 0.15
0 0.06171875 0.49140625 0.1234375 0.1546875
0 0.0796875 0.47734375 0.1390625 0.1390625
0 0.12109375 0.459375 0.1453125 0.1453125
0 0.16484375 0.42890625 0.153125 0.153125
0 0.209375 0.40234375 0.140625 0.140625
1 0.25234375 0.36875 0.1578125 0.1578125
0 0.29453125 0.3453125 0.1390625 0.140625
1 0.33984375 0.3171875 0.15 0.15
0 0.3796875 0.29453125 0.1453125 0.1453125
0 0.42109375 0.2640625 0.153125 0.153125
0 0.46640625 0.225 0.15 0.15
0 0.515625 0.19921875 0.1546875 0.153125
0 0.56171875 0.165625 0.1453125 0.1453125
0 0.6046875 0.13125 0.1359375 0.1359375
0 0.6625 0.1015625 0.1453125 0.1453125
0 0.71328125 0.07265625 0.1546875 0.1453125
0 0.73359375 0.05078125 0.1015625 0.1015625