1 0.19609375 0.54375 0.3921875 0.421875
0 0.259375 0.5921875 0.3796875 0.3796875
0 0.34921875 0.63828125 0.4015625 0.396875
0 0.44375 0.68671875 0.3828125 0.378125
1 0.53046875 0.73828125 0.4046875 0.4046875
0 0.6109375 0.79453125 0.425 0.4109375
1 0.66640625 0.8078125 0.4359375 0.384375
1 0.71796875 0.8328125 0.3390625 0.334375
0 0.39609375 0.1171875 0.3234375 0.234375
0 0.465625 0.12890625 0.3 0.2578125
1 0.5296875 0.14453125 0.2515625 0.25
0 0.60234375 0.16953125 0.278125 0.278125
0 0.66875 0.209375 0.2625 0.2609375
0 0.7390625 0.25625 0.3109375 0.309375
0 0.81015625 0.29375 0.3328125 0.3328125
1 0.859375 0.33046875 0.28125 0.3046875
1 0.8921875 0.375 0.215625 0.28125