1 0.26640625 0.26640625 0.3328125 0.203125
0 0.2609375 0.3484375 0.3359375 0.2203125
0 0.25859375 0.43671875 0.2921875 0.2921875
0 0.25703125 0.5296875 0.253125 0.2515625
1 0.24765625 0.61875 0.33125 0.2125
0 0.2296875 0.7078125 0.3390625 0.23125
1 0.21875 0.7796875 0.3078125 0.3078125
1 0.23125 0.84140625 0.296875 0.265625
0 0.72109375 0.2578125 0.20625 0.20625
0 0.721875 0.325 0.209375 0.209375
1 0.71796875 0.3890625 0.1875 0.1890625
0 0.725 0.45703125 0.2203125 0.1546875
0 0.71875 0.5234375 0.19375 0.1921875
0 0.709375 0.596875 0.1953125 0.1953125
0 0.7109375 0.6703125 0.265625 0.1921875
1 0.7078125 0.734375 0.2390625 0.1828125
1 0.7109375 0.7984375 0.20625 0.20625