1 0.590625 0.8171875 0.2859375 0.2859375
0 0.51640625 0.7828125 0.2859375 0.2859375
0 0.4375 0.74140625 0.2953125 0.29375
0 0.35546875 0.69765625 0.21875 0.334375
1 0.2734375 0.66171875 0.2265625 0.3359375
0 0.1875 0.63515625 0.2359375 0.3375
1 0.13828125 0.60859375 0.2765625 0.3171875
1 0.10390625 0.56796875 0.2078125 0.3015625
0 0.81875 0.4234375 0.1640625 0.2421875
0 0.76015625 0.390625 0.221875 0.221875
1 0.7015625 0.3625 0.1484375 0.215625
0 0.64609375 0.3234375 0.1578125 0.221875
0 0.5859375 0.29609375 0.196875 0.196875
0 0.515625 0.26953125 0.178125 0.2359375
0 0.453125 0.2328125 0.2390625 0.2390625
1 0.39609375 0.2046875 0.1953125 0.2453125
1 0.34140625 0.17109375 0.2359375 0.2359375