0 0.1890625 0.63984375 0.378125 0.4203125
0 0.396875 0.64921875 0.4046875 0.4046875
0 0.58046875 0.69453125 0.4265625 0.4453125
0 0.771875 0.71484375 0.440625 0.4375
0 0.87734375 0.71171875 0.2078125 0.228125
1 0.3515625 0.42734375 0.3890625 0.321875
0 0.54296875 0.4484375 0.390625 0.33125
0 0.7265625 0.47265625 0.378125 0.325
0 0.86875 0.5140625 0.2625 0.253125
0 0.94609375 0.496875 0.1078125 0.19375
0 0.53046875 0.25546875 0.221875 0.2203125
0 0.63671875 0.29375 0.215625 0.190625
0 0.76015625 0.31796875 0.19375 0.19375
1 0.8765625 0.33984375 0.196875 0.171875
0 0.9421875 0.35390625 0.115625 0.1859375
0 0.10078125 0.1921875 0.0609375 0.0609375
0 0.12421875 0.159375 0.0609375 0.06875
0 0.14375 0.1375 0.0828125 0.08125
0 0.1640625 0.1078125 0.0984375 0.084375
0 0.17890625 0.08515625 0.0890625 0.0890625
0 0.19375 0.07265625 0.125 0.09375
0 0.209375 0.05078125 0.134375 0.096875