0 0.32578125 0.79140625 0.4609375 0.4171875
0 0.53515625 0.753125 0.428125 0.44375
0 0.7140625 0.73125 0.4734375 0.484375
0 0.82734375 0.6765625 0.3453125 0.4625
0 0.94453125 0.64921875 0.1109375 0.2734375
1 0.41875 0.5703125 0.3671875 0.3671875
0 0.5953125 0.52265625 0.390625 0.3546875
0 0.7703125 0.48203125 0.378125 0.378125
0 0.884375 0.4734375 0.23125 0.284375
0 0.9578125 0.43125 0.084375 0.165625
0 0.51875 0.3546875 0.2328125 0.2265625
0 0.62734375 0.353125 0.225 0.2109375
0 0.746875 0.33046875 0.21875 0.21875
1 0.8578125 0.31015625 0.2109375 0.2109375
0 0.921875 0.303125 0.11875 0.1484375
0 0.0515625 0.4890625 0.103125 0.134375
0 0.06640625 0.44453125 0.1328125 0.1640625
0 0.071875 0.40546875 0.14375 0.1734375
0 0.0875 0.3796875 0.175 0.153125
0 0.1 0.346875 0.15 0.15
0 0.1078125 0.321875 0.1734375 0.1328125
0 0.1109375 0.3046875 0.1890625 0.1890625
0 0.13828125 0.27890625 0.16875 0.128125