0 0.5375 0.80546875 0.49375 0.3890625
0 0.6125 0.6421875 0.4453125 0.4328125
0 0.709375 0.48046875 0.4953125 0.4953125
0 0.76796875 0.303125 0.4640625 0.496875
0 0.8125 0.19921875 0.2453125 0.2359375
1 0.3875 0.62109375 0.3859375 0.4171875
0 0.4625 0.44375 0.396875 0.4234375
0 0.53984375 0.275 0.3953125 0.3953125
0 0.625 0.153125 0.3375 0.30625
0 0.6296875 0.071875 0.171875 0.14375
0 0.275 0.4 0.2421875 0.246875
0 0.34296875 0.309375 0.21875 0.23125
0 0.4015625 0.1984375 0.23125 0.2453125
1 0.45546875 0.10234375 0.2234375 0.2046875
0 0.4984375 0.05390625 0.2125 0.1078125
0 0.08828125 0.7921875 0.071875 0.071875
0 0.0640625 0.76015625 0.0734375 0.0703125
0 0.0484375 0.734375 0.0921875 0.0921875
0 0.03671875 0.70625 0.0734375 0.103125
0 0.03125 0.684375 0.0625 0.10625
0 0.03046875 0.6671875 0.0609375 0.134375
0 0.021875 0.6453125 0.04375 0.1375