1 0.6125 0.95546875 0.06875 0.0890625
1 0.66484375 0.89296875 0.0921875 0.0921875
1 0.6359375 0.88046875 0.090625 0.090625
1 0.609375 0.865625 0.090625 0.0921875
1 0.50625 0.9125 0.0890625 0.0875
1 0.48828125 0.9015625 0.0671875 0.09375
1 0.58515625 0.85546875 0.0859375 0.0859375
1 0.5640625 0.84453125 0.065625 0.0953125
1 0.48046875 0.80546875 0.075 0.1015625
1 0.46015625 0.7984375 0.084375 0.084375
1 0.3484375 0.746875 0.0671875 0.0953125
1 0.6609375 0.69453125 0.0859375 0.0859375
1 0.73828125 0.640625 0.0609375 0.090625
1 0.71875 0.63046875 0.0671875 0.0984375
1 0.67578125 0.60703125 0.08125 0.08125
1 0.59765625 0.665625 0.065625 0.0953125
1 0.61171875 0.58203125 0.078125 0.078125
1 0.59140625 0.57265625 0.0765625 0.0765625
1 0.534375 0.6375 0.084375 0.084375
1 0.5140625 0.625 0.0859375 0.0859375
1 0.52890625 0.53984375 0.0703125 0.1
1 0.2921875 0.8109375 0.0703125 0.1
1 0.26484375 0.71015625 0.075 0.0734375
1 0.24453125 0.7 0.075 0.0984375
1 0.221875 0.69140625 0.071875 0.0984375
1 0.1796875 0.67109375 0.0625 0.090625
1 0.159375 0.6609375 0.0640625 0.096875
1 0.1390625 0.6515625 0.0890625 0.0890625
1 0.096875 0.63515625 0.078125 0.078125
1 0.06328125 0.70625 0.0828125 0.08125
1 0.05 0.6078125 0.0796875 0.0984375
1 0.359375 0.5578125 0.084375 0.084375
1 0.45859375 0.51015625 0.078125 0.078125
1 0.43671875 0.49921875 0.0703125 0.0984375
1 0.415625 0.4921875 0.0671875 0.0953125
1 0.3734375 0.471875 0.084375 0.084375
1 0.3171875 0.53828125 0.0828125 0.0828125
1 0.33046875 0.453125 0.0703125 0.1
1 0.27421875 0.51796875 0.090625 0.090625
1 0.31015625 0.44296875 0.071875 0.096875
1 0.25390625 0.50859375 0.0671875 0.0984375
1 0.28671875 0.434375 0.0875 0.0875
1 0.2328125 0.4984375 0.071875 0.1
1 0.2671875 0.4265625 0.084375 0.084375
1 0.2125 0.48671875 0.0671875 0.096875
1 0.24609375 0.4140625 0.0875 0.0875
1 0.22578125 0.4046875 0.065625 0.0921875
1 0.203125 0.3953125 0.084375 0.084375
1 0.15 0.46171875 0.0671875 0.09375
1 0.03359375 0.403125 0.0671875 0.084375
1 0.08125 0.3375 0.090625 0.090625
1 0.77265625 0.45859375 0.075 0.1015625
1 0.8109375 0.3796875 0.0890625 0.0890625
1 0.7875 0.3703125 0.0671875 0.0984375
1 0.7296875 0.4359375 0.08125 0.08125
1 0.765625 0.3625 0.0828125 0.0828125
1 0.74453125 0.35078125 0.0890625 0.0890625
1 0.6875 0.41796875 0.0859375 0.0859375
1 0.7234375 0.34296875 0.0671875 0.096875
1 0.7046875 0.3296875 0.090625 0.090625
1 0.6453125 0.39921875 0.06875 0.1
1 0.68046875 0.3234375 0.078125 0.078125
1 0.6609375 0.31171875 0.065625 0.0984375
1 0.6390625 0.3015625 0.0734375 0.10625
1 0.5328125 0.3453125 0.090625 0.090625
1 0.51171875 0.33828125 0.078125 0.10625
1 0.49140625 0.328125 0.0703125 0.103125
1 0.56953125 0.26953125 0.06875 0.096875
1 0.54921875 0.26015625 0.0703125 0.1
1 0.5265625 0.25078125 0.075 0.1
1 0.50546875 0.24140625 0.08125 0.0828125
1 0.84453125 0.19609375 0.0765625 0.1046875
1 0.82109375 0.1859375 0.08125 0.0828125
1 0.80078125 0.17578125 0.0703125 0.1015625
1 0.7796875 0.16796875 0.0953125 0.09375
1 0.759375 0.153125 0.0875 0.0875
1 0.7375 0.1453125 0.078125 0.1078125
1 0.71640625 0.13515625 0.06875 0.1015625
1 0.42734375 0.29765625 0.090625 0.090625
1 0.48359375 0.23125 0.0671875 0.0984375
1 0.46484375 0.21875 0.0890625 0.0890625
1 0.44140625 0.2109375 0.075 0.1
1 0.38359375 0.2796875 0.0671875 0.1
1 0.41953125 0.203125 0.084375 0.084375
1 0.64609375 0.10390625 0.0796875 0.0796875
1 0.62421875 0.09609375 0.071875 0.1015625
1 0.58125 0.0765625 0.071875 0.1
1 0.5609375 0.065625 0.0859375 0.0859375
1 0.51796875 0.04921875 0.0703125 0.0984375
1 0.49609375 0.03984375 0.0890625 0.0796875
1 0.47421875 0.03671875 0.0671875 0.0734375
1 0.4546875 0.028125 0.08125 0.05625
1 0.4328125 0.02734375 0.075 0.0546875
1 0.4109375 0.0234375 0.075 0.046875
1 0.38984375 0.0140625 0.0828125 0.028125
1 0.396875 0.19375 0.071875 0.0984375
1 0.378125 0.18203125 0.0828125 0.0828125
1 0.31953125 0.25234375 0.084375 0.084375
1 0.35546875 0.17421875 0.090625 0.090625
1 0.33359375 0.1640625 0.078125 0.078125
1 0.278125 0.23046875 0.090625 0.090625
1 0.3125 0.15390625 0.090625 0.090625
1 0.29296875 0.14140625 0.071875 0.1015625
1 0.15390625 0.171875 0.0875 0.0875
1 0.13671875 0.16796875 0.084375 0.0859375
1 0.1890625 0.0953125 0.0890625 0.0890625
1 0.171875 0.0890625 0.08125 0.0859375
1 0.9478518203125 0.47364700312499997 0.9404424796875 0.47003322656249996 0.8560638875000001 0.446602709375 0.8617225625 0.479161509375 0.9543533296875 0.506647459375 0.9478518203125 0.47364700312499997
1 1 0.4547774109375 0.94003563125 0.43146721093749996 0.9389315671875 0.43337950468750003 0.9431695328125 0.4683669359375 1 0.48937485625 1 0.4547774109375
1 1 0.3650181625 0.963467840625 0.35346126718750004 0.9626305343749999 0.35503601093750004 0.9647054374999999 0.38587251093749997 1 0.39693054375000003 1 0.3650181625
1 1 0.378447115625 0.933444159375 0.3553355984375 0.9401137359374999 0.3863058015625 1 0.4078330421875 1 0.378447115625
1 0.9619098828125001 0.43575643125 0.9797435484375001 0.338563034375 0.9793113734375 0.338405734375 0.9444835406250001 0.34994779062500003 0.9426894234375001 0.3548770859375 0.930105796875 0.4429701 0.9619098828125001 0.43575643125
1 0.9703716609375 0.38832453125 0.969539021875 0.387936265625 0.9663617 0.386587571875 0.8823418765625 0.3677425328125 0.88031278125 0.37209394375 0.8856950093749999 0.399096303125 0.9781926421874999 0.419946709375 0.9703716609375 0.38832453125
1 1 0.2211480046875 0.9400087796875001 0.18626915 0.9370115296874999 0.189841134375 0.924986134375 0.20932300937499998 1 0.25199887187500003 1 0.2211480046875
1 0.8966402421874999 0.6435797109375 0.8175370687499999 0.6213297828125001 0.815526134375 0.625642246875 0.8219079453125 0.6535127765625 0.906231759375 0.6752872078125 0.9012946390625001 0.645750090625 0.8966402421874999 0.6435797109375
1 0.8879083421875 0.74657243125 0.8749828671875 0.7153157578125 0.8749814 0.715315390625 0.789635596875 0.7120361296875 0.7894299828125 0.7128608 0.8004921796875 0.74064838125 0.8879083421875 0.74657243125
1 0.9170007265625 0.6375577078125 0.8406842453125 0.6197539734374999 0.8393838921875 0.6225425875 0.8447283671875001 0.6491324828125 0.9315156218749999 0.6722609734375 0.9243544734375 0.6409868171875 0.9170007265625 0.6375577078125
1 0.9375170859375 0.6005758875 0.9071119375000001 0.603003784375 0.9055125937499999 0.606433590625 0.8852648343749999 0.6917201390625001 0.8854003765625 0.69178334375 0.9178906421875 0.6830262359375 0.9391650453124999 0.60134434375 0.9375170859375 0.6005758875
1 0.8671070671875001 0.70357968125 0.8781097625 0.7326185749999999 0.9430566140625001 0.7329628171875 0.944959521875 0.7288820171875 0.9496942781250001 0.7045238015625 0.9459673421874999 0.702785903125 0.8676277109375 0.7009011984375 0.8671070671875001 0.70357968125
1 0.90418134375 0.6587736359374999 0.9049455203125 0.6591463484375 0.97031218125 0.67415484375 0.9741148203125001 0.6663582765625 0.9838514046875 0.6454781046875 0.9827076984374999 0.64492028125 0.893863428125 0.62060246875 0.8929913515625 0.6223904921875001 0.90418134375 0.6587736359374999
1 0.9624858625 0.5979533203125 0.9607854859374999 0.6012904953125 0.936781890625 0.683841515625 0.966990440625 0.6781200390625 0.99569973125 0.5977061578125 0.9624858625 0.5979533203125
0 0.90611194375 0.7651873296875 0.9095069140625001 0.674244040625 0.9072331046875 0.6736771171875 0.8814411812499999 0.6817845484375 0.8792469765625001 0.6905850203125 0.8754073078125 0.7787704109375 0.90611194375 0.7651873296875
0 0.9039855031249999 0.7162151328124999 0.90208788125 0.715409640625 0.8117244375 0.7020349046875001 0.8200470859375001 0.7327631375 0.9158640968749999 0.7539681921875 0.9039855031249999 0.7162151328124999
0 0.95059150625 0.420724790625 0.9485885 0.420112409375 0.9230973796875 0.4311977609375 0.9106703843749999 0.5244895765625001 0.941072321875 0.5166554 0.95059150625 0.420724790625
0 0.9748350203125 0.51419943125 0.9765143078125 0.4145050171875 0.9755675687500001 0.41432098906250003 0.9462590921875 0.42954064062499997 0.9457117984375 0.4323562234375 0.9460047578124999 0.5269761859375001 0.9748350203125 0.51419943125
0 1 0.45000924375 0.958035459375 0.445943809375 0.9571649062500001 0.448791259375 0.9675083765625001 0.47480389375 1 0.47924317656250004 1 0.45000924375
0 0.6359375 0.95859375 0.078125 0.0828125
0 0.59140625 0.95078125 0.0734375 0.0984375
0 0.56953125 0.94375 0.090625 0.090625
0 0.55 0.93203125 0.0640625 0.09375
0 0.5296875 0.92265625 0.0671875 0.0984375
0 0.54375 0.8359375 0.0609375 0.0890625
0 0.521875 0.825 0.071875 0.0984375
0 0.4671875 0.8921875 0.06875 0.0953125
0 0.5015625 0.81796875 0.084375 0.084375
0 0.44609375 0.8828125 0.0875 0.0875
0 0.4234375 0.8734375 0.0890625 0.0875
0 0.40234375 0.8640625 0.0671875 0.1
0 0.4390625 0.78828125 0.065625 0.0953125
0 0.38125 0.85390625 0.0828125 0.0828125
0 0.4171875 0.77734375 0.0796875 0.0796875
0 0.3140625 0.8203125 0.08125 0.08125
0 0.32578125 0.7375 0.0640625 0.0921875
0 0.30546875 0.728125 0.0609375 0.0890625
0 0.27265625 0.803125 0.0796875 0.0796875
0 0.25 0.790625 0.0828125 0.0828125
0 0.284375 0.71875 0.0828125 0.0828125
0 0.703125 0.715625 0.071875 0.1015625
0 0.68125 0.70859375 0.071875 0.096875
0 0.63828125 0.68515625 0.0875 0.0875
0 0.69609375 0.621875 0.06875 0.09375
0 0.61875 0.6765625 0.0625 0.0953125
0 0.65546875 0.6015625 0.075 0.1078125
0 0.6328125 0.5921875 0.0671875 0.0953125
0 0.57734375 0.65625 0.0796875 0.0796875
0 0.55546875 0.64765625 0.0671875 0.0984375
0 0.57109375 0.5578125 0.08125 0.08125
0 0.54921875 0.55234375 0.0734375 0.1
0 0.49453125 0.6171875 0.075 0.103125
0 0.74921875 0.44921875 0.0890625 0.0890625
0 0.70859375 0.4296875 0.06875 0.1015625
0 0.6671875 0.41015625 0.0734375 0.1015625
0 0.62421875 0.38984375 0.084375 0.084375
0 0.603125 0.38203125 0.0703125 0.1
0 0.4234375 0.5875 0.0734375 0.0984375
0 0.40078125 0.57578125 0.065625 0.0953125
0 0.38046875 0.565625 0.065625 0.090625
0 0.3953125 0.47890625 0.06875 0.0953125
0 0.46796875 0.3203125 0.0796875 0.0796875
0 0.60234375 0.0859375 0.071875 0.0984375
0 0.44921875 0.30703125 0.075 0.1015625
0 0.53828125 0.05703125 0.0703125 0.1015625
0 0.340625 0.54765625 0.0734375 0.1
0 0.3515625 0.46484375 0.0875 0.0875
0 0.23125 0.784375 0.0859375 0.0859375
0 0.20859375 0.77421875 0.084375 0.084375
0 0.18671875 0.76484375 0.0671875 0.09375
0 0.16875 0.7515625 0.071875 0.0984375
0 0.2015625 0.6796875 0.0859375 0.0859375
0 0.146875 0.74375 0.075 0.1015625
0 0.125 0.73671875 0.065625 0.096875
0 0.10546875 0.725 0.0671875 0.1
0 0.08359375 0.71484375 0.0703125 0.096875
0 0.11796875 0.6421875 0.065625 0.09375
0 0.0421875 0.69609375 0.06875 0.0984375
0 0.0296875 0.68515625 0.059375 0.0921875
0 0.07578125 0.62265625 0.084375 0.084375
0 0.29765625 0.528125 0.0828125 0.084375
0 0.19140625 0.48046875 0.084375 0.084375
0 0.16953125 0.471875 0.0703125 0.0984375
0 0.18359375 0.3828125 0.0890625 0.0890625
0 0.40546875 0.2890625 0.0765625 0.1046875
0 0.3640625 0.26953125 0.084375 0.084375
0 0.34296875 0.25859375 0.0828125 0.0828125
0 0.3 0.23984375 0.06875 0.103125
0 0.2578125 0.21953125 0.0734375 0.1015625
0 0.04453125 0.415625 0.0765625 0.1078125
0 0.01953125 0.39765625 0.0390625 0.0953125
0 0.06328125 0.3265625 0.084375 0.0890625