1 0.203125 0.13125 0.0296875 0.090625
1 0.184375 0.21328125 0.03828125 0.090625
1 0.215625 0.2125 0.0359375 0.08984375
1 0.24609375 0.21484375 0.03515625 0.09609375
1 0.3203125 0.12890625 0.0296875 0.09375
1 0.34140625 0.13125 0.02890625 0.0875
1 0.27265625 0.2140625 0.02734375 0.0921875
1 0.29609375 0.21484375 0.028125 0.090625
1 0.38828125 0.21484375 0.02890625 0.09375
1 0.41015625 0.2125 0.02734375 0.09609375
1 0.5328125 0.2125 0.02890625 0.08984375
1 0.271875 0.39140625 0.028125 0.09453125
1 0.225 0.4734375 0.0265625 0.08828125
1 0.246875 0.47421875 0.02734375 0.0921875
1 0.2953125 0.47734375 0.02890625 0.08984375
1 0.34140625 0.39140625 0.02734375 0.090625
1 0.3640625 0.47265625 0.0265625 0.08828125
1 0.38671875 0.47265625 0.02890625 0.0875
1 0.4109375 0.38984375 0.02890625 0.096875
1 0.434375 0.39296875 0.02734375 0.09453125
1 0.45703125 0.47578125 0.02734375 0.09296875
1 0.55703125 0.13046875 0.0265625 0.09296875
1 0.62421875 0.21015625 0.02734375 0.08515625
1 0.646875 0.2109375 0.0296875 0.08671875
1 0.67109375 0.20859375 0.02734375 0.0890625
1 0.71796875 0.209375 0.02734375 0.0859375
1 0.740625 0.21015625 0.0265625 0.09375
1 0.76328125 0.21015625 0.0296875 0.09375
1 0.80859375 0.20703125 0.02890625 0.08515625
1 0.80859375 0.128125 0.02734375 0.09375
1 0.8625 0.21171875 0.03984375 0.084375
1 0.603125 0.38828125 0.02734375 0.09375
1 0.53359375 0.4734375 0.03125 0.084375
1 0.5578125 0.47421875 0.028125 0.090625
1 0.5796875 0.47109375 0.02890625 0.0890625
1 0.6265625 0.471875 0.02734375 0.08984375
1 0.64921875 0.38828125 0.0296875 0.09296875
1 0.6734375 0.47109375 0.0265625 0.0921875
1 0.696875 0.38828125 0.028125 0.09765625
1 0.69609375 0.471875 0.0296875 0.0875
1 0.71953125 0.38828125 0.028125 0.0921875
1 0.72109375 0.46953125 0.028125 0.09296875
1 0.74296875 0.38828125 0.02890625 0.09296875
1 0.7421875 0.46796875 0.03046875 0.08984375
1 0.76640625 0.390625 0.02890625 0.09296875
1 0.76640625 0.4703125 0.03125 0.0875
1 0.7890625 0.4703125 0.02734375 0.0875
1 0.81328125 0.46953125 0.03046875 0.09375
1 0.83359375 0.38671875 0.03046875 0.0875
1 0.96875 0.21171875 0.03046875 0.09140625
1 0.97109375 0.3875 0.03203125 0.09453125
1 0.9484375 0.4703125 0.03046875 0.09375
1 0.2703125 0.653125 0.0296875 0.09453125
1 0.26875 0.740625 0.0296875 0.0984375
1 0.29453125 0.7390625 0.0265625 0.09375
1 0.31875 0.65546875 0.02890625 0.09296875
1 0.3171875 0.73671875 0.028125 0.090625
1 0.34140625 0.73828125 0.0296875 0.09296875
1 0.36484375 0.653125 0.02890625 0.09609375
1 0.3640625 0.73671875 0.03046875 0.09140625
1 0.38671875 0.740625 0.02734375 0.096875
1 0.4109375 0.653125 0.02734375 0.0953125
1 0.4109375 0.7359375 0.028125 0.0890625
1 0.43359375 0.7390625 0.02578125 0.09609375
1 0.4578125 0.73828125 0.028125 0.10078125
1 0.53515625 0.65390625 0.028125 0.096875
1 0.5578125 0.6515625 0.03046875 0.09609375
1 0.58046875 0.65234375 0.03046875 0.0984375
1 0.534375 0.73828125 0.028125 0.08828125
1 0.55703125 0.73828125 0.03203125 0.0921875
1 0.58125 0.7375 0.0296875 0.0875
1 0.6046875 0.73671875 0.0265625 0.09140625
1 0.31640625 0.92109375 0.02890625 0.0953125
1 0.34140625 0.9203125 0.02734375 0.0921875
1 0.3640625 0.92109375 0.02890625 0.0953125
1 0.38671875 0.91875 0.03203125 0.0984375
1 0.41171875 0.92421875 0.02890625 0.09296875
1 0.434375 0.921875 0.0296875 0.10078125
1 0.4578125 0.921875 0.0296875 0.09609375
1 0.6515625 0.65234375 0.0328125 0.09765625
1 0.628125 0.73671875 0.02890625 0.09453125
1 0.65078125 0.73984375 0.02890625 0.09765625
1 0.675 0.7375 0.03125 0.08984375
1 0.6984375 0.65078125 0.02890625 0.096875
1 0.6984375 0.73515625 0.02890625 0.08828125
1 0.53515625 0.9203125 0.03046875 0.0921875
1 0.5578125 0.91875 0.02890625 0.09609375
1 0.60546875 0.91796875 0.02890625 0.0921875
1 0.628125 0.91953125 0.02734375 0.09140625
1 0.67421875 0.91640625 0.02890625 0.09296875
1 0.69921875 0.91875 0.02890625 0.0984375
1 0.7234375 0.91875 0.028125 0.090625
1 0.74609375 0.9203125 0.0296875 0.09375
1 0.7703125 0.92109375 0.03046875 0.09375
1 0.79375 0.91875 0.0296875 0.09375
1 0.81640625 0.91875 0.03125 0.09375
1 0.72265625 0.734375 0.028125 0.08984375
1 0.74453125 0.73671875 0.02734375 0.09296875
1 0.76796875 0.6484375 0.028125 0.09921875
1 0.76875 0.734375 0.0296875 0.09453125
1 0.79296875 0.734375 0.0265625 0.08828125
1 0.81484375 0.65078125 0.03203125 0.09453125
1 0.81640625 0.734375 0.03203125 0.09921875
1 0.8390625 0.7375 0.028125 0.09375
1 0.95234375 0.65078125 0.0296875 0.0921875
1 0.97421875 0.6484375 0.03203125 0.0921875
1 0.953125 0.73515625 0.0296875 0.09140625
1 0.9765625 0.73515625 0.03046875 0.1
1 0.12046048125 0.6576643703125 0.13772799375 0.7510049875 0.16451105 0.7316461671875001 0.1486086015625 0.6363411375 0.12046048125 0.6576643703125
1 0.049816840625 0.6977090703125 0.06658551406249999 0.795679215625 0.09546099687500001 0.7755758359375 0.0799770265625 0.6750588203125 0.049816840625 0.6977090703125
1 0.0038127390625 0.723455903125 0.0218076140625 0.8209946796875001 0.04900915 0.8023803624999999 0.032688221875 0.6951622015625001 0.0038127390625 0.723455903125
1 0 0.82343080625 0.0126009203125 0.9140659609374999 0.0402209359375 0.8969408187499999 0.021389103125 0.8023803624999999 0 0.82343080625
1 0.021559384375 0.8066679078125001 0.0364545953125 0.9014082296874999 0.0628191421875 0.8857722609375 0.04775368125 0.789722659375 0.021559384375 0.8066679078125001
1 0.042490832812500004 0.7945613703125 0.06030823749999999 0.8917288765625001 0.086672815625 0.8671580000000001 0.0699334078125 0.7718529828125 0.042490832812500004 0.7945613703125
1 0.0655154265625 0.7824548328125001 0.0829064421875 0.8753482640625 0.11052645781249999 0.8582232062499999 0.093368571875 0.7651518375 0.0655154265625 0.7824548328125001
1 0.0901098796875 0.7666232078124999 0.10717856249999999 0.86492429375 0.13103223749999998 0.8440762984375001 0.1155482671875 0.74877128125 0.0901098796875 0.7666232078124999
1 0.111564615625 0.75079158125 0.128102821875 0.8485437390625 0.1582337734375 0.8247175328124999 0.1389834609375 0.7331353125 0.111564615625 0.75079158125
1 0.1345892109375 0.7396163171875 0.151538015625 0.8329077406250001 0.1783210421875 0.8128043609375 0.1615816359375 0.72122216875 0.1345892109375 0.7396163171875
1 0.16860281562499999 0.9221456515625001 0.182087415625 1 0.2092889515625 0.99602464375 0.19213112968749999 0.9022087187500001 0.16860281562499999 0.9221456515625001
1 0.0901098796875 0.4816539390625 0.10466765781250001 0.5706512499999999 0.131450715625 0.5498032515625 0.1155482671875 0.4641776484375 0.0901098796875 0.4816539390625
1 0.075457865625 0.40249581093750003 0.0908576671875 0.488748496875 0.118059203125 0.4686450875 0.10048280624999999 0.38450864375 0.075457865625 0.40249581093750003
1 0.0676085734375 0.495623021875 0.0833249203125 0.5840535109375 0.11010797812499999 0.5632055453125 0.092113103125 0.4775799390625 0.0676085734375 0.495623021875
1 0.044060690624999996 0.510523375 0.0594712796875 0.59447748125 0.08834673125 0.5780969546875 0.0699334078125 0.488748496875 0.044060690624999996 0.510523375
1 0.0063840828125 0.44440305625 0.020970625 0.5304444312500001 0.0498461078125 0.5125747281249999 0.032688221875 0.42173715312500004 0.0063840828125 0.44440305625
1 0.01684980625 0.525423728125 0.034780646875 0.602667771875 0.0644930890625 0.5929883625000001 0.0464982140625 0.49768332031250007 0.01684980625 0.525423728125
1 0 0.5365989953125 0.0109269734375 0.6212820359375 0.041057925 0.6056460390625 0.02431851875 0.517786728125 0 0.5365989953125
0 0.026268959375 0.4267088859375 0.045242776562499996 0.51704216875 0.072025834375 0.5006616125 0.052775490625 0.4061011546875 0.026268959375 0.4267088859375
0 0.0503401265625 0.410877259375 0.0682594609375 0.5073627578125001 0.098808859375 0.48130279218750005 0.07537369687499999 0.39120974531249997 0.0503401265625 0.410877259375
0 0.098482459375 0.6707021796875 0.1138743515625 0.7635508890625 0.1406573765625 0.7471703609375 0.121407065625 0.6511207578125 0.098482459375 0.6707021796875
0 0.07336472031249999 0.6818774453125 0.0908576671875 0.78073190625 0.118059203125 0.759139378125 0.0992273703125 0.6638343625 0.07336472031249999 0.6818774453125
0 0.0283621046875 0.707953065625 0.0444057875 0.806791871875 0.0728627921875 0.78743310625 0.052775490625 0.68840518125 0.0283621046875 0.707953065625
0 0.17734375 0.13203125 0.03203125 0.09296875
0 0.22578125 0.1296875 0.0265625 0.0890625
0 0.24921875 0.12734375 0.02890625 0.09609375
0 0.271875 0.1296875 0.02734375 0.09140625
0 0.29453125 0.1296875 0.02890625 0.09453125
0 0.31875 0.2140625 0.02734375 0.08515625
0 0.34296875 0.21484375 0.028125 0.08984375
0 0.3640625 0.13046875 0.02421875 0.0890625
0 0.3640625 0.2125 0.02890625 0.08828125
0 0.3875 0.13046875 0.028125 0.09296875
0 0.41171875 0.12890625 0.02734375 0.0953125
0 0.434375 0.12890625 0.02578125 0.0953125
0 0.43359375 0.2125 0.02578125 0.08984375
0 0.4578125 0.12890625 0.0265625 0.08828125
0 0.4578125 0.21328125 0.0265625 0.09140625
0 0.5328125 0.13125 0.03046875 0.08984375
0 0.55703125 0.2109375 0.028125 0.08671875
0 0.5796875 0.2109375 0.028125 0.0859375
0 0.578125 0.12890625 0.028125 0.09140625
0 0.60390625 0.13046875 0.0296875 0.09375
0 0.603125 0.21015625 0.02734375 0.09140625
0 0.225 0.390625 0.0265625 0.0953125
0 0.24765625 0.3875 0.03046875 0.0890625
0 0.29609375 0.390625 0.028125 0.09375
0 0.27109375 0.47265625 0.0265625 0.08671875
0 0.31796875 0.38984375 0.02421875 0.09296875
0 0.31640625 0.4734375 0.02734375 0.09921875
0 0.340625 0.47265625 0.02734375 0.08828125
0 0.3640625 0.39140625 0.028125 0.09296875
0 0.3875 0.38984375 0.02734375 0.09375
0 0.4109375 0.47734375 0.02734375 0.08984375
0 0.43359375 0.4734375 0.028125 0.08984375
0 0.45546875 0.39140625 0.028125 0.0953125
0 0.2953125 0.6515625 0.02890625 0.09453125
0 0.340625 0.6515625 0.0265625 0.09609375
0 0.38671875 0.65234375 0.028125 0.09140625
0 0.434375 0.65234375 0.02890625 0.09375
0 0.45625 0.65078125 0.02734375 0.0921875
0 0.53203125 0.38828125 0.03046875 0.08828125
0 0.5578125 0.3890625 0.0265625 0.08984375
0 0.58046875 0.38984375 0.02890625 0.084375
0 0.60390625 0.475 0.0265625 0.0859375
0 0.6046875 0.64921875 0.02734375 0.0890625
0 0.58203125 0.91875 0.02578125 0.090625
0 0.62734375 0.653125 0.0265625 0.0953125
0 0.65234375 0.91796875 0.028125 0.09609375
0 0.62421875 0.3890625 0.028125 0.0921875
0 0.64921875 0.46953125 0.028125 0.090625
0 0.6234375 0.12890625 0.02890625 0.09140625
0 0.6484375 0.128125 0.0265625 0.08984375
0 0.671875 0.12734375 0.02578125 0.08671875
0 0.69375 0.13203125 0.02734375 0.090625
0 0.69453125 0.2109375 0.02578125 0.090625
0 0.7171875 0.1296875 0.028125 0.09453125
0 0.73984375 0.12734375 0.02890625 0.09296875
0 0.7625 0.1296875 0.02890625 0.0953125
0 0.78671875 0.12890625 0.03046875 0.0890625
0 0.7859375 0.209375 0.02890625 0.08828125
0 0.83203125 0.12890625 0.0296875 0.0921875
0 0.86171875 0.1265625 0.03671875 0.0953125
0 0.8328125 0.209375 0.03046875 0.0921875
0 0.671875 0.3890625 0.03046875 0.0921875
0 0.78828125 0.3875 0.02734375 0.0953125
0 0.81171875 0.3859375 0.02578125 0.09140625
0 0.8359375 0.47265625 0.02890625 0.09765625
0 0.675 0.65078125 0.02890625 0.0953125
0 0.72109375 0.6515625 0.03046875 0.09453125
0 0.74453125 0.65234375 0.02734375 0.0953125
0 0.79140625 0.65078125 0.0296875 0.1
0 0.83828125 0.6515625 0.03359375 0.09375
0 0.9484375 0.384375 0.03125 0.0984375
0 0.990625 0.38515625 0.01875 0.0921875
0 0.97734375 0.47421875 0.03359375 0.10078125
0 0.9671875 0.12890625 0.0296875 0.09453125
0 0.9890625 0.12578125 0.021875 0.0921875
0 0.94375 0.128125 0.02578125 0.08671875
0 0.9453125 0.209375 0.02890625 0.0953125