1 0.38125 0.95546875 0.096875 0.0890625
1 0.5453125 0.9546875 0.09375 0.090625
1 0.70625 0.95390625 0.10625 0.09140625
1 0.4703125 0.95390625 0.09609375 0.09140625
1 0.62734375 0.95546875 0.0984375 0.0890625
1 0.79140625 0.9546875 0.10625 0.08984375
1 0.87109375 0.95546875 0.1171875 0.0890625
1 0.30078125 0.95546875 0.0984375 0.0890625
1 0.13125 0.68125 0.09921875 0.09609375
1 0.13515625 0.76796875 0.10625 0.0921875
1 0.13515625 0.40625 0.09921875 0.09921875
1 0.1328125 0.4875 0.11015625 0.103125
1 0.21640625 0.40234375 0.10625 0.11015625
1 0.3 0.40078125 0.103125 0.103125
1 0.13828125 0.1296875 0.10703125 0.09375
1 0.22109375 0.12578125 0.103125 0.103125
1 0.296875 0.12734375 0.10703125 0.1
1 0.1390625 0.2078125 0.1109375 0.0921875
1 0.378125 0.2078125 0.10703125 0.09375
1 0.3765625 0.125 0.10078125 0.0921875
1 0.21875 0.2078125 0.09921875 0.08515625
1 0.296875 0.20859375 0.10703125 0.08828125
1 0.4609375 0.12734375 0.0984375 0.08984375
1 0.4609375 0.209375 0.0984375 0.09375
1 0.54453125 0.12890625 0.109375 0.08671875
1 0.54375 0.20859375 0.11015625 0.09375
1 0.628125 0.125 0.11015625 0.084375
1 0.621875 0.20625 0.10546875 0.08828125
1 0.71171875 0.2078125 0.11484375 0.09140625
1 0.70625 0.128125 0.10078125 0.084375
1 0.784375 0.12734375 0.10390625 0.0859375
1 0.8671875 0.12734375 0.09921875 0.08984375
1 0.86875 0.20703125 0.11484375 0.08828125
1 0.13203125 0.95078125 0.1171875 0.0984375
1 0.21953125 0.95078125 0.10390625 0.0984375
1 0.22109375 0.765625 0.1171875 0.09609375
1 0.3 0.765625 0.11015625 0.0953125
1 0.3796875 0.76484375 0.10625 0.0921875
1 0.46015625 0.7640625 0.11015625 0.09453125
1 0.53984375 0.765625 0.11171875 0.09296875
1 0.62421875 0.765625 0.10859375 0.09375
1 0.71015625 0.76484375 0.1015625 0.08828125
1 0.78828125 0.76484375 0.10234375 0.08984375
1 0.878125 0.76484375 0.121875 0.09140625
1 0.21953125 0.48671875 0.1109375 0.090625
1 0.29453125 0.4890625 0.10546875 0.09296875
1 0.37734375 0.4875 0.11171875 0.09296875
1 0.46796875 0.4859375 0.1140625 0.090625
1 0.53984375 0.4875 0.09453125 0.0953125
1 0.63046875 0.4890625 0.1171875 0.096875
1 0.70546875 0.4859375 0.1046875 0.0953125
1 0.790625 0.48671875 0.128125 0.0921875
1 0.87578125 0.48671875 0.12265625 0.09296875
1 0.37890625 0.40234375 0.11171875 0.09140625
1 0.465625 0.40234375 0.11796875 0.0875
1 0.54765625 0.4046875 0.11484375 0.08828125
1 0.6265625 0.403125 0.10078125 0.09375
1 0.70546875 0.40390625 0.09765625 0.09375
1 0.78984375 0.403125 0.1125 0.0875
1 0.86953125 0.40234375 0.0984375 0.09453125
0 0.7890625 0.20859375 0.11484375 0.0875