1 0.91328125 0.32890625 0.0890625 0.15078125
1 0.84609375 0.46015625 0.07265625 0.15
1 0.915625 0.45859375 0.0890625 0.153125
1 0.778125 0.76796875 0.0859375 0.1515625
1 0.9203125 0.77109375 0.08046875 0.15546875
1 0.91796875 0.90859375 0.0921875 0.15390625
1 0.78203125 0.90703125 0.08203125 0.146875
1 0.715625 0.90703125 0.08203125 0.15
0 0.6484375 0.90390625 0.08203125 0.1453125
1 0.5140625 0.76875 0.07890625 0.15390625
1 0.3109375 0.76640625 0.07578125 0.15078125
1 0.3125 0.90703125 0.0828125 0.14375
1 0.1125 0.9015625 0.0859375 0.14765625
0 0.1140625 0.321875 0.0796875 0.1421875
0 0.18203125 0.31875 0.0765625 0.146875
0 0.24296875 0.3171875 0.08046875 0.153125
0 0.31640625 0.315625 0.07890625 0.14921875
0 0.38203125 0.3203125 0.0875 0.14921875
0 0.446875 0.321875 0.0828125 0.14609375
0 0.51484375 0.32109375 0.075 0.15
0 0.578125 0.32421875 0.0734375 0.1484375
0 0.64453125 0.3265625 0.07265625 0.15078125
0 0.71171875 0.3234375 0.07890625 0.146875
0 0.77734375 0.3203125 0.0796875 0.14921875
0 0.8421875 0.321875 0.08359375 0.15078125
0 0.1125 0.45859375 0.0765625 0.14765625
0 0.1796875 0.459375 0.0796875 0.14765625
0 0.2453125 0.4578125 0.0828125 0.14921875
0 0.31640625 0.45703125 0.07890625 0.15703125
0 0.38125 0.46171875 0.075 0.15
0 0.4484375 0.46015625 0.07890625 0.1515625
0 0.51328125 0.46015625 0.08203125 0.1484375
0 0.57734375 0.4625 0.07421875 0.14609375
0 0.6421875 0.4640625 0.08125 0.14921875
0 0.7078125 0.46328125 0.08046875 0.1453125
0 0.778125 0.46171875 0.08046875 0.14453125
0 0.8515625 0.765625 0.0828125 0.15
0 0.85078125 0.9125 0.090625 0.16015625
0 0.7109375 0.7640625 0.07734375 0.1515625
0 0.64453125 0.76328125 0.07265625 0.1546875
0 0.575 0.76015625 0.07265625 0.15625
0 0.58203125 0.90390625 0.07890625 0.15390625
0 0.44765625 0.7625 0.08046875 0.1484375
0 0.44453125 0.90390625 0.0796875 0.159375
0 0.51328125 0.90625 0.078125 0.159375
0 0.38046875 0.90625 0.078125 0.1515625
0 0.37890625 0.76328125 0.0734375 0.14296875
0 0.24609375 0.7625 0.07578125 0.153125
0 0.17890625 0.76015625 0.08125 0.15859375
0 0.11015625 0.76328125 0.07109375 0.1578125
0 0.1796875 0.903125 0.08203125 0.1578125
0 0.2453125 0.90390625 0.08515625 0.15
0 0.11640625 0.046875 0.0734375 0.09375
0 0.1828125 0.04296875 0.090625 0.0859375
0 0.7109375 0.04921875 0.08125 0.09765625
0 0.64453125 0.04453125 0.0796875 0.0890625
0 0.9125 0.05 0.0875 0.1
0 0.84375 0.046875 0.08125 0.09375