1 0.62734375 0.08125 0.1828125 0.1625
1 0.68671875 0.20625 0.1625 0.1515625
1 0.7296875 0.15078125 0.1875 0.1875
1 0.88359375 0.45234375 0.175 0.165625
1 0.94296875 0.34375 0.1140625 0.178125
1 0.9546875 0.5359375 0.090625 0.16875
1 0.93046875 0.58828125 0.1390625 0.1734375
0 0.90703125 0.6390625 0.1640625 0.1640625
1 0.71796875 0.6578125 0.18125 0.1703125
1 0.58828125 0.81484375 0.1765625 0.1765625
1 0.6984375 0.9015625 0.1625 0.153125
0 0.11875 0.6875 0.171875 0.1640625
0 0.159375 0.6328125 0.1578125 0.15625
0 0.19609375 0.584375 0.171875 0.171875
0 0.24140625 0.5265625 0.1671875 0.1578125
0 0.2859375 0.47890625 0.1703125 0.1703125
0 0.328125 0.42890625 0.1625 0.1625
0 0.3703125 0.37578125 0.165625 0.1546875
0 0.4125 0.32890625 0.165625 0.165625
0 0.45625 0.27890625 0.159375 0.159375
0 0.49609375 0.22421875 0.1734375 0.1640625
0 0.53515625 0.17109375 0.1765625 0.1671875
0 0.5765625 0.121875 0.171875 0.171875
0 0.22421875 0.775 0.1703125 0.1609375
0 0.2671875 0.7234375 0.1796875 0.171875
0 0.30703125 0.67109375 0.1703125 0.1609375
0 0.35078125 0.615625 0.1796875 0.1796875
0 0.3953125 0.56796875 0.171875 0.1625
0 0.43671875 0.51484375 0.175 0.175
0 0.47734375 0.46484375 0.1703125 0.1703125
0 0.51953125 0.41640625 0.1671875 0.1578125
0 0.56171875 0.3671875 0.1734375 0.1640625
0 0.60234375 0.315625 0.16875 0.16875
0 0.6453125 0.259375 0.175 0.165625
0 0.9203125 0.39375 0.159375 0.171875
0 0.975 0.48671875 0.05 0.1703125
0 0.83828125 0.50234375 0.178125 0.178125
0 0.7953125 0.553125 0.1828125 0.171875
0 0.74921875 0.60546875 0.1609375 0.1609375
0 0.865625 0.690625 0.18125 0.171875
0 0.67109375 0.70625 0.16875 0.16875
0 0.77890625 0.79765625 0.1796875 0.16875
0 0.82421875 0.7453125 0.1734375 0.1609375
0 0.740625 0.8484375 0.165625 0.1546875
0 0.628125 0.76015625 0.1671875 0.1578125
0 0.54453125 0.8625 0.171875 0.171875
0 0.49921875 0.9109375 0.1828125 0.178125
0 0.459375 0.9421875 0.178125 0.115625
0 0.61171875 0.95546875 0.1828125 0.0890625
0 0.653125 0.93359375 0.178125 0.1328125
0 0.2828125 0.05703125 0.128125 0.1140625
0 0.2375 0.10234375 0.1265625 0.1265625