1 0.8968821390624999 0.0399570375 0.9685117828124999 0.1369198453125 0.9713712125 0.0596300875 0.92390466875 0.01153866875 0.8968821390624999 0.0399570375
1 0.9011727546875001 0.097959184375 0.9696555359374999 0.191881475 0.9736587640625001 0.123179453125 0.9227609140625 0.06478274218749999 0.9011727546875001 0.097959184375
1 0.9016011125000001 0.1644006609375 0.9748283624999999 0.2526315796875 0.9696555359374999 0.17985860781250002 0.9216171171875001 0.1197443546875 0.9016011125000001 0.1644006609375
1 0.9707993343749999 0.306957375 0.9698226406250001 0.2397422140625 0.919901484375 0.181576165625 0.89816980625 0.21506841406250002 0.9707993343749999 0.306957375
1 0.9690837453125001 0.3619189734375 0.9698226406250001 0.2912996796875 0.9181858093749999 0.23567900156250002 0.89816980625 0.272606365625 0.9690837453125001 0.3619189734375
1 0.92562034375 0.29149939375 0.8582665781250001 0.21288936718749998 0.8569940421875 0.272606365625 0.9027449109375001 0.3318618390625 0.92562034375 0.29149939375
1 0.89831234375 0.32244897968749997 0.9730868421875 0.42546835781250003 0.9707993343749999 0.34388470625 0.9227609140625 0.29149939375 0.89831234375 0.32244897968749997
1 0.92562034375 0.3507549671875 0.8604118859375 0.26766917343749996 0.854706490625 0.33100307500000004 0.9016011125000001 0.38768223125 0.92562034375 0.3507549671875
1 0.899027446875 0.380451128125 0.9713712125 0.47448303125 0.9707993343749999 0.4032046578125 0.924476546875 0.3473842625 0.899027446875 0.380451128125
1 0.8575514734375 0.3911922671875 0.9056043390624999 0.44528472187499996 0.9279078953125 0.40835732656249996 0.8581377968749999 0.31990348125 0.8575514734375 0.3911922671875
1 0.9736587640625001 0.459089525 0.9187576875 0.402410371875 0.9016078109375 0.442649784375 0.9725149656250001 0.53294421875 0.9736587640625001 0.459089525
1 0.9267640984375 0.46595975312500004 0.8554061656249999 0.37185821875 0.8575659203124999 0.4419140203125 0.9027449109375001 0.5011695265625 0.9267640984375 0.46595975312500004
1 0.8954519328125 0.4910848546875 0.9736587640625001 0.5930584875 0.9748026046874999 0.51490991875 0.9233327921875001 0.45307812500000005 0.8954519328125 0.4910848546875
1 0.930767325 0.5209213515625 0.8568363703124999 0.429860365625 0.8569940421875 0.4977344125 0.9027449109375001 0.558707478125 0.930767325 0.5209213515625
1 0.89831234375 0.5458646625 0.974230640625 0.6523784390625 0.9765181921874999 0.5665009109375 0.9290516515625 0.5158331890625 0.89831234375 0.5458646625
1 0.9296235265625 0.576011934375 0.8611269890625 0.4867884 0.8587096734375 0.5571188734375 0.9038886640625 0.615515584375 0.9296235265625 0.576011934375
1 0.89974255 0.607089153125 0.9753743953124999 0.7074045453125 0.9753743953124999 0.62582089375 0.924476546875 0.5742943781250001 0.89974255 0.607089153125
1 0.93248295625 0.6369849671875001 0.8582665781250001 0.5426423203125 0.861569103125 0.6198094609375 0.907891890625 0.675629853125 0.93248295625 0.6369849671875001
1 0.9033180656249999 0.6683136421875 0.9770900687499999 0.7623016671875 0.9788057015625 0.6824355734374999 0.9296235265625 0.6291915328125001 0.9033180656249999 0.6683136421875
1 0.8554061656249999 0.674758325 0.9050324625 0.7383204421875 0.9336267546875 0.689370278125 0.8604253484375001 0.6000576375 0.8554061656249999 0.674758325
1 0.9050324625 0.7262976078125 0.9026029624999999 0.7241675625 0.9770900687499999 0.8216216515625 0.9753743953124999 0.740038 0.9261922218749999 0.6867939265625 0.9050324625 0.7262976078125
1 0.9341986312499999 0.752919628125 0.8625571953125 0.65972073125 0.8592815953124999 0.7331678687500001 0.907891890625 0.790705753125 0.9341986312499999 0.752919628125
1 0.9004576515625 0.7725026859375 0.9759462718749999 0.8783008046875 0.9782338234375001 0.8053049390625 0.9290516515625 0.7469081937500001 0.9004576515625 0.7725026859375
1 0.9364861828125 0.81395716875 0.8632722968750001 0.7198711078125 0.8604253484375001 0.79506410625 0.9101794 0.8483081796875 0.9364861828125 0.81395716875
1 0.9068935796875 0.8412459734375 0.9753743953124999 0.9410559015625 0.977662034375 0.8577547593749999 0.93248295625 0.8070869406250001 0.9068935796875 0.8412459734375
1 0.9359142625000001 0.8714950859374999 0.8632722968750001 0.775725028125 0.861569103125 0.8440143046875 0.9101794 0.907563653125 0.9359142625000001 0.8714950859374999
1 0.9033167859375 0.8938232625 0.9759462718749999 0.9917236578124999 0.9799494984375 0.9144338484375 0.9290516515625 0.8637661281250001 0.9033167859375 0.8938232625
1 0.9370580609375001 0.9316093546875001 0.8625571953125 0.8337271749999999 0.861569103125 0.9058460953124999 0.9130388281249999 0.9676779218749999 0.9370580609375001 0.9316093546875001
1 0.9799494984375 1 0.9782338234375001 0.9728305609375001 0.9296235265625 0.92216290625 0.9054633734375 0.9529538140625 0.9404893671875 1 0.9799494984375 1
1 0.92562034375 1 0.9376299375 0.9882885421875001 0.8668478125 0.8960257796875 0.865000453125 0.9642428078125 0.8975979296875 1 0.92562034375 1
1 0.7467105140625 0.081847478125 0.771211165625 0.12053865781249999 0.8203933390625 0.0501190796875 0.81639015625 0 0.7467105140625 0.081847478125
1 0.7483357328125 0.1900994421875 0.77178304375 0.23303820625 0.8209652171874999 0.16261862656249998 0.8152463593749999 0.083611328125 0.7483357328125 0.1900994421875
1 0.7467105140625 0.30526315937500004 0.77006736875 0.3413083859375 0.8209652171874999 0.27174756875 0.8169620343749999 0.20390434218750003 0.7467105140625 0.30526315937500004
1 0.744565203125 0.4706766921875 0.7740705953125 0.5148454734375 0.8181057875000001 0.452154853125 0.8192495859375001 0.36971244062499997 0.744565203125 0.4706766921875
1 0.7483357328125 0.53294421875 0.7740705953125 0.5733066625000001 0.8209652171874999 0.5011695265625 0.8169620343749999 0.4273148671875 0.7483357328125 0.53294421875
1 0.70594964375 0.58990333125 0.707159925 0.660901746875 0.776358146875 0.566436434375 0.752338915625 0.523497671875 0.70594964375 0.58990333125
1 0.776930025 0.6231800984375 0.8260869421875 0.5512352328125 0.8175339109375 0.4917874875 0.7449044265625 0.59140540625 0.776930025 0.6231800984375
1 0.703804334375 0.6457572515625001 0.7054442937500001 0.7219392546875001 0.776930025 0.619744984375 0.7500513640625 0.5853939734375 0.703804334375 0.6457572515625001
1 0.748855821875 0.6489795921875 0.7740705953125 0.6867294484375 0.82325276875 0.6111572328125 0.8186776640625 0.545031528125 0.748855821875 0.6489795921875
1 0.703804334375 0.7048335125 0.7048724171875 0.7811947609375001 0.7746424734375 0.6790004921875 0.7477638546875001 0.6420731609375 0.703804334375 0.7048335125
1 0.748855821875 0.701611171875 0.77006736875 0.742549875 0.8221090156249999 0.6695539421875 0.8192495859375001 0.5965580453125 0.748855821875 0.701611171875
1 0.7752143484375 0.7373972375 0.7467105140625 0.6973147156249999 0.7037286203125 0.7640192578125 0.707159925 0.832721278125 0.7752143484375 0.7373972375
1 0.7524313375 0.763909775 0.772926796875 0.8070224625 0.8226808921875 0.7288739921875 0.8175339109375 0.654160471875 0.7524313375 0.763909775
1 0.749570925 0.8154672406250001 0.776930025 0.8576902515624999 0.8243965234375 0.786411878125 0.8209652171874999 0.7091221015625 0.749570925 0.8154672406250001
1 0.7100193546875 0.8800828390625 0.70594964375 0.8713211609375 0.707731846875 0.9470673046875 0.776930025 0.8526020546874999 0.75291079375 0.8122396125 0.7100193546875 0.8800828390625
1 0.74814071875 0.872395275 0.7740705953125 0.9144338484375 0.8226808921875 0.8474493859375001 0.8186776640625 0.7693008484375 0.74814071875 0.872395275
1 0.7752143484375 0.907563653125 0.751716234375 0.864876478125 0.707731846875 0.9316093546875001 0.7094474765625 0.9985938203125 0.7752143484375 0.907563653125
1 0.7500513640625 0.9367620265625 0.776358146875 0.9711130375 0.8209652171874999 0.907563653125 0.8203933390625 0.828556321875 0.7500513640625 0.9367620265625
1 0.7552917484375 0.9969924812500001 0.7815050859375 1 0.82325276875 0.9659603984375 0.8198214640625 0.8895293859375 0.7552917484375 0.9969924812500001
1 0.6659841609375 0.60606906875 0.667127915625 0.5399433671875 0.62156749375 0.480343715625 0.6253802765625001 0.48584053125000004 0.599645390625 0.516756428125 0.6659841609375 0.60606906875
1 0.6699873453125 0.5871760078125 0.6173738656250001 0.5347907453125 0.599645390625 0.5708592625 0.6654122859375 0.6661833390624999 0.6699873453125 0.5871760078125
1 0.6676998375000001 0.728015165625 0.6682717140625 0.6490078328125 0.6201372859375 0.588829215625 0.6219489703125001 0.597481315625 0.5962141296875 0.6292560078125 0.6676998375000001 0.728015165625
1 0.6659841609375 0.7048282265625 0.617991978125 0.6479054796875 0.5973578609375 0.6859351625000001 0.667127915625 0.777824125 0.6659841609375 0.7048282265625
1 0.6248084 0.7082633078125 0.555062915625 0.622126746875 0.5521788703125 0.6850764015624999 0.5990735578125 0.753778421875 0.6248084 0.7082633078125
1 0.668843590625 0.7649424953125 0.6201372859375 0.7037594 0.5967859625 0.7460494984375 0.6676998375000001 0.8302094015625 0.668843590625 0.7649424953125
1 0.6253802765625001 0.769236371875 0.557923328125 0.674758325 0.5521788703125 0.745190671875 0.6059361484375 0.8010110625 0.6253802765625001 0.769236371875
1 0.66941546875 0.8259155265624999 0.616561771875 0.7649838890625 0.5956422078125 0.7967171875 0.6665560390625 0.8851710328125 0.66941546875 0.8259155265624999
1 0.6253802765625001 0.8250567625 0.556493121875 0.7306122453125 0.556753953125 0.8035873812500001 0.6002172906250001 0.8611253 0.6253802765625001 0.8250567625
1 0.6717030203125 0.8843767140625 0.6172768750000001 0.821911925 0.5950703078124999 0.8577547593749999 0.6648404078125 0.9487848937500001 0.6717030203125 0.8843767140625
1 0.625952153125 0.8818003953125 0.557208225 0.7929108484375 0.553322646875 0.8611898078125 0.6013610671875 0.91615140625 0.625952153125 0.8818003953125
1 0.6722748984375 0.939338378125 0.615131565625 0.8777658453124999 0.599645390625 0.9187277265624999 0.6682717140625 1 0.6722748984375 0.939338378125
1 0.625952153125 0.939338378125 0.557208225 0.8433942 0.5550383 0.9238803984375 0.599645390625 0.977983265625 0.625952153125 0.939338378125
0 0.6139425593750001 0 0.6002172906250001 0.010615446875 0.6666189796875 0.0893662734375 0.6676998375000001 0.026932140625 0.6339585640625 0 0.6139425593750001 0
0 0.5830607140625 0 0.561900934375 0.00116888125 0.5544664218750001 0.016626831249999998 0.6025048203125001 0.06815334687499999 0.6265732140625 0.0292158984375 0.6208051718750001 0.0329435734375 0.5967859625 0 0.5830607140625 0
0 0.668843590625 0.083611328125 0.6172768750000001 0.027067668750000003 0.5962141296875 0.061283151562500006 0.6659841609375 0.1480194734375 0.668843590625 0.083611328125
0 0.6322428890625 0.0887639671875 0.55863843125 0.013104189062499999 0.556753953125 0.06815334687499999 0.604792415625 0.1239737390625 0.6322428890625 0.0887639671875
0 0.60082950625 0.102255640625 0.6665560390625 0.21328644687499998 0.6676998375000001 0.1291264109375 0.6230927234375 0.081034975 0.60082950625 0.102255640625
0 0.63052725625 0.15059579218750002 0.5600686375 0.060365199999999994 0.5550383 0.1196798625 0.6042204953125 0.18151168906249998 0.63052725625 0.15059579218750002
0 0.5958237859375 0.1731471546875 0.6676998375000001 0.273400715625 0.6682717140625 0.1883818859375 0.624236478125 0.140290484375 0.5958237859375 0.1731471546875
0 0.6322428890625 0.20991574218750003 0.557923328125 0.112996778125 0.5550383 0.178141084375 0.603648596875 0.24254923125 0.6322428890625 0.20991574218750003
0 0.5965388890625001 0.229001075 0.6648404078125 0.31640395468750004 0.6682717140625 0.238255353125 0.6253802765625001 0.200469228125 0.5965388890625001 0.229001075
0 0.627667828125 0.258007178125 0.557208225 0.1645542421875 0.5556101984375 0.2348202390625 0.60307671875 0.29064069843749996 0.627667828125 0.258007178125
0 0.5993993 0.2827067671875 0.6631247328125001 0.37222434843749996 0.6676998375000001 0.30008714687500004 0.6168019874999999 0.2459843125 0.5993993 0.2827067671875
0 0.629383459375 0.31646836718750004 0.557208225 0.2225563921875 0.5538945234375 0.293281428125 0.60307671875 0.34480794531250003 0.629383459375 0.31646836718750004
0 0.5965388890625001 0.3364124609375 0.661980978125 0.4315442671875 0.6665560390625 0.35167814062499997 0.6213770484375 0.31131572812499997 0.5965388890625001 0.3364124609375
0 0.6265240296875 0.3714299984375 0.5543478125 0.27196562812499997 0.5556101984375 0.350819378125 0.6013610671875 0.40835732656249996 0.6265240296875 0.3714299984375
0 0.5979690953125 0.3976369515625 0.6665560390625 0.490799740625 0.6654122859375 0.410074884375 0.6219489703125001 0.36455976875 0.5979690953125 0.3976369515625
0 0.6248084 0.42639159531250004 0.557208225 0.3310418921875 0.5561820765625 0.4040634515625 0.599645390625 0.463318925 0.6248084 0.42639159531250004
0 0.5993993 0.45026852812499996 0.667127915625 0.5466201328125 0.668843590625 0.471906678125 0.622520846875 0.41952146562500003 0.5993993 0.45026852812499996
0 0.6265240296875 0.48221198750000005 0.555062915625 0.38904403906249996 0.5561820765625 0.463318925 0.603648596875 0.5165629984375 0.6265240296875 0.48221198750000005
0 0.6265240296875 0.53974996875 0.5522025046875 0.4395273890625 0.5578977296875001 0.5217156375 0.6042204953125 0.57581850625 0.6265240296875 0.53974996875
0 0.6282397046875 0.5982756015625 0.55577801875 0.50182599375 0.55275076875 0.5742299015625 0.604792415625 0.6317678515625 0.6282397046875 0.5982756015625
0 0.6248084 0.6540959953125001 0.555062915625 0.5641245984375 0.55160699375 0.6291915328125001 0.599645390625 0.69274088125 0.6248084 0.6540959953125001
0 0.7073798484375 0.8090225578125001 0.7054442937500001 0.8938232625 0.7792175765625 0.7916289921875 0.7534827140625 0.7529841046875 0.7073798484375 0.8090225578125001
0 0.7016590265625 0.5319011812500001 0.706016171875 0.6059401156249999 0.776358146875 0.508039721875 0.7483357328125 0.4711123921875 0.7016590265625 0.5319011812500001
0 0.7757862265625 0.44534913437499996 0.754054590625 0.41443323750000005 0.7038423328125 0.46941350000000004 0.707159925 0.5466846109375 0.7757862265625 0.44534913437499996
0 0.750286028125 0.41374865937500005 0.772926796875 0.459089525 0.8175339109375 0.3912462984375 0.8181057875000001 0.3191091625 0.750286028125 0.41374865937500005
0 0.7459954109375 0.36326530625000003 0.7740705953125 0.4032691328125 0.8198214640625 0.3251205953125 0.8175339109375 0.2564185734375 0.7459954109375 0.36326530625000003
0 0.7016590265625 0.41374865937500005 0.706016171875 0.4968756515625 0.776930025 0.3912462984375 0.7511951609375 0.3577540484375 0.7016590265625 0.41374865937500005
0 0.703804334375 0.36004296562500004 0.707159925 0.4393377 0.7746424734375 0.3328496015625 0.750623284375 0.300216115625 0.703804334375 0.36004296562500004
0 0.7438501015625001 0.298818475 0.767779859375 0.3448724203125 0.8238246468750001 0.2770292109375 0.8175339109375 0.20317449999999998 0.7438501015625001 0.298818475
0 0.748855821875 0.25048335312500003 0.7723549203125 0.2881287890625 0.8192495859375001 0.2177092109375 0.81639015625 0.14557208906250002 0.748855821875 0.25048335312500003
0 0.7030892328125 0.2977443609375 0.7043004953125 0.3800177515625 0.776930025 0.2778234796875 0.7500513640625 0.2477663453125 0.7030892328125 0.2977443609375
0 0.703804334375 0.2494092390625 0.7020129875000001 0.32419735781250003 0.776930025 0.22543821875 0.75291079375 0.187652075 0.703804334375 0.2494092390625
0 0.7409896890625001 0.19248120468750002 0.771211165625 0.23396147812499998 0.82153709375 0.1609655796875 0.8186776640625 0.089687221875 0.7409896890625001 0.19248120468750002
0 0.7483357328125 0.1463663921875 0.77349871875 0.17728228906250001 0.8186776640625 0.09999251406250001 0.8175339109375 0.03558436875 0.7483357328125 0.1463663921875
0 0.7030892328125 0.1881847484375 0.7083037234375 0.2691712515625 0.776930025 0.1626831046875 0.7500513640625 0.136061084375 0.7030892328125 0.1881847484375
0 0.776930025 0.1111566046875 0.750623284375 0.0750880671875 0.7020431625 0.140491984375 0.7065880484375 0.2116333 0.776930025 0.1111566046875
0 0.703804334375 0.078625134375 0.7094474765625 0.15667170156250002 0.778073778125 0.051042334375 0.7494794859375 0.021843978125 0.703804334375 0.078625134375
0 0.8511155468749999 0.04532760625 0.9044605421874999 0.1137329546875 0.9261922218749999 0.0639239625 0.8632847781249999 0 0.8511155468749999 0.04532760625
0 0.9296235265625 0.1283320921875 0.8535627359375001 0.0373019265625 0.8558502453125 0.1094390796875 0.9027449109375001 0.1652594546875 0.9296235265625 0.1283320921875
0 0.92562034375 0.18329372187499998 0.8575514734375 0.09366272812500001 0.85527836875 0.1626831046875 0.9033167859375 0.21850349531250002 0.92562034375 0.18329372187499998
0 0.924476546875 0.2348202390625 0.8535627359375001 0.1463663921875 0.8558502453125 0.22279737187499998 0.8998854812499999 0.2760414453125 0.924476546875 0.2348202390625
0 0.48867791875 0 0.45190216093749996 0.05020408125 0.47346573750000004 0.0829501109375 0.518558953125 0.016051525 0.5071497968750001 0 0.48867791875 0
0 0.40706520468749996 0.045102040625 0.40772755156249996 0.11966276718749999 0.47618219531249995 0.022578210937500003 0.45553710000000003 0 0.40706520468749996 0.045102040625
0 0.40502716093749996 0.098163265625 0.40609757812499997 0.1800346515625 0.4767255203125 0.0780551046875 0.45662375 0.042974125 0.40502716093749996 0.098163265625
0 0.45733694375 0.1022448984375 0.47400906249999997 0.1457695421875 0.526708328125 0.06010672500000001 0.519102278125 0.011156534375 0.45733694375 0.1022448984375
0 0.4084239015625 0.15530612187499998 0.40990064375 0.2322482 0.47726876249999994 0.13679532187500001 0.460426775 0.0951876578125 0.4084239015625 0.15530612187499998
0 0.45190216093749996 0.158367346875 0.471835846875 0.20206224218750002 0.526165003125 0.11966276718749999 0.5207320875 0.0535800078125 0.45190216093749996 0.158367346875
0 0.40706520468749996 0.2104081625 0.40935735937500006 0.2934971921875 0.4767255203125 0.19070181875 0.4533639671875 0.151541640625 0.40706520468749996 0.2104081625
0 0.44374998750000005 0.2155102046875 0.4702060375 0.2502578625 0.5174723875 0.1849909265625 0.518558953125 0.11482899843750001 0.44374998750000005 0.2155102046875
0 0.4471467265625 0.26959183750000004 0.46803282343749997 0.3024713796875 0.5239918703125 0.2347569578125 0.5196455203125 0.1760167375 0.4471467265625 0.26959183750000004
0 0.47618219531249995 0.29512886875 0.4491847703125 0.26551020468750003 0.40609757812499997 0.3261306515625 0.40501101093749997 0.402003440625 0.47618219531249995 0.29512886875
0 0.40638585781250003 0.3859183671875 0.4088140359375 0.45584866875 0.47618219531249995 0.3579482875 0.450647509375 0.3204197890625 0.40638585781250003 0.3859183671875
0 0.44850542187500003 0.3206122453125 0.47400906249999997 0.366106653125 0.522361978125 0.29594469375 0.518558953125 0.22578276718749998 0.44850542187500003 0.3206122453125
0 0.4464673796875 0.386938775 0.471835846875 0.4249081109375 0.5207320875 0.3522986796875 0.5180156296875 0.27968921562500004 0.4464673796875 0.386938775
0 0.44578803125000005 0.4440816328125 0.47509562968749997 0.4787533375 0.5250784359375 0.41103891406250004 0.5169290625 0.3335344453125 0.44578803125000005 0.4440816328125
0 0.40366846562500003 0.4971428578125 0.40718418593749994 0.583180434375 0.47509562968749997 0.47141079531249996 0.45282064218749996 0.4371456578125 0.40366846562500003 0.4971428578125
0 0.44901761875 0.5015968156249999 0.4712926046875 0.5293352078125 0.5207320875 0.46162075312499995 0.5163858203125 0.39553800781250004 0.44901761875 0.5015968156249999
0 0.4767255203125 0.52444016875 0.4491847703125 0.4940816328125 0.4028378375 0.5538103015625 0.40718418593749994 0.6264197328125001 0.4767255203125 0.52444016875
0 0.446844484375 0.54816069375 0.472379171875 0.5873209015625 0.522361978125 0.5187905609375 0.5169290625 0.45026031250000004 0.446844484375 0.54816069375
0 0.40298911875 0.6104081625 0.40501101093749997 0.68114206875 0.47618219531249995 0.581609978125 0.451190834375 0.5432656546875 0.40298911875 0.6104081625
0 0.44782607499999993 0.6083673468749999 0.472379171875 0.6476927531250001 0.5207320875 0.5750833546874999 0.5169290625 0.504921365625 0.44782607499999993 0.6083673468749999
0 0.47455230468750004 0.6379027109375001 0.4484743765625 0.606900928125 0.40229455312500007 0.6664569874999999 0.3990348125 0.7521198203125 0.47455230468750004 0.6379027109375001
0 0.4043478140625 0.7206122453125 0.40555429531250003 0.799499615625 0.475638953125 0.6942566625000001 0.4517340765625 0.6559123718750001 0.4043478140625 0.7206122453125
0 0.4471467265625 0.6665306125 0.46694625624999997 0.7162842546875 0.5196455203125 0.6338847796875 0.5163858203125 0.5588278140625 0.4471467265625 0.6665306125
0 0.4464673796875 0.721632653125 0.4712926046875 0.7587078218750001 0.5207320875 0.68365079375 0.515299171875 0.6134888671875001 0.4464673796875 0.721632653125
0 0.450647509375 0.7807353515625 0.4522774015625 0.7839987109375001 0.44575791875000004 0.7799195265625001 0.47292249531249997 0.815816346875 0.522905303125 0.7285218015625 0.5136693625000001 0.6746766046875 0.450647509375 0.7807353515625
0 0.4444293359375 0.9553061218750001 0.471835846875 0.9888961671875001 0.522905303125 0.9162867046875001 0.515299171875 0.8444930984375001 0.4444293359375 0.9553061218750001
0 0.2974392671875 1 0.3241847703125 0.9573469390625 0.2534326609375 0.8640731875000001 0.2496296359375 0.9415776546875 0.2974392671875 1
0 0.295266134375 0.8763107343750001 0.363177578125 0.97094781875 0.36806716875 0.8958907921874999 0.32025753749999997 0.8371505578124999 0.295266134375 0.8763107343750001
0 0.133365234375 1 0.169765753125 0.9464727249999999 0.1436877828125 0.912207521875 0.09796194375 0.97979591875 0.11000368281249999 1 0.133365234375 1
0 0.10271737968750001 0.8593877546875 0.104027484375 0.9341738921875 0.1741121015625 0.8362735421874999 0.1507505484375 0.795481715625 0.10271737968750001 0.8593877546875
0 0.1034842 0.8101667062500001 0.10271737968750001 0.8012244890625 0.10620065781250002 0.8754336265625 0.17628527656249998 0.7734540625 0.15183715625 0.7383731 0.1034842 0.8101667062500001
0 0 0.7848757859375 0.0681702484375 0.8852237015625001 0.0698001609375 0.7930341515625 0.0171008359375 0.7489789671875 0 0.7848757859375
0 0 0.7277551015625 0.0621940296875 0.8207725734375 0.0681702484375 0.7391889218750001 0.0219904671875 0.6894229078125 0 0.7277551015625
0 0.104076075 0.7410204078125 0.1023976328125 0.8232201078125 0.17519866875 0.7212405453125 0.15401033125000002 0.6820803671875 0.104076075 0.7410204078125
0 0.06762694531249999 0.6820191140625 0.0230770546875 0.633068925 0.0036957578125 0.67268278125 0.061107464062500005 0.7554444 0.06762694531249999 0.6820191140625
0 0.2974392671875 0.6493856546875 0.363177578125 0.7440227078125 0.3669806015625 0.6616232015625 0.32025753749999997 0.61675219375 0.2974392671875 0.6493856546875
0 0.3017856171875 0.7171001109375 0.32486411875 0.6675510203125 0.2588655765625 0.58167123125 0.2550625515625 0.651017334375 0.3017856171875 0.7171001109375
0 0.255605834375 0.5955404578125 0.300155725 0.6567281953124999 0.3275249734375 0.612540259375 0.257779009375 0.5261943546875 0.255605834375 0.5955404578125
0 0.2990489015625 0.592040815625 0.36806716875 0.690993334375 0.36752388593749996 0.608593828125 0.3218873875 0.557196134375 0.2990489015625 0.592040815625
0 0.2528893765625 0.537616078125 0.3028721828125 0.5979879609375 0.3233868625 0.5613863421875 0.2583222921875 0.4723491734375 0.2528893765625 0.537616078125
0 0.2990489015625 0.531836734375 0.3669806015625 0.6379639609375001 0.37024034375000003 0.54903776875 0.32351727812500003 0.49927174062499996 0.2990489015625 0.531836734375
0 0.303958790625 0.5433269078125 0.329619553125 0.5042857140625 0.257235725 0.411161434375 0.25234609375 0.47969166718749995 0.303958790625 0.5433269078125
0 0.3017662921875 0.47877551093750004 0.36643731874999996 0.5661703546875 0.3653507109375 0.49356089374999995 0.3224307125 0.44297902499999997 0.3017662921875 0.47877551093750004
0 0.29701085781250003 0.41959183749999995 0.36861049375 0.5187905609375 0.36861049375 0.43475940625 0.32460384531250003 0.3866250859375 0.29701085781250003 0.41959183749999995
0 0.2996124421875 0.43394358125 0.329619553125 0.3859183671875 0.2615820328125 0.30667308437499996 0.257235725 0.368676646875 0.2996124421875 0.43394358125
0 0.30108694375 0.3655102046875 0.36752388593749996 0.4616820046875 0.36915377656250004 0.38009836875 0.32677701875 0.3311481796875 0.30108694375 0.3655102046875
0 0.305588640625 0.3718787375 0.3330162921875 0.3359183671875 0.2588655765625 0.240529071875 0.257235725 0.31232267812500003 0.305588640625 0.3718787375
0 0.37024034375000003 0.32782358437500003 0.32351727812500003 0.2715308515625 0.30390372499999996 0.3112921328125 0.37024034375000003 0.40206469375 0.37024034375000003 0.32782358437500003
0 0.3023289 0.326946475 0.3350543359375 0.2757142859375 0.2604954671875 0.1809117421875 0.25234609375 0.2543370453125 0.3023289 0.326946475
0 0.29769020468749996 0.25326530625 0.371870234375 0.35136031874999996 0.3724135171875 0.27140834687500004 0.3240605609375 0.21837897343749998 0.29769020468749996 0.25326530625
0 0.251802809375 0.193088053125 0.31210816406249997 0.2722242015625 0.32460384531250003 0.23143237499999997 0.262668640625 0.12945281250000001 0.251802809375 0.193088053125
0 0.2548912921875 0.1461224484375 0.31210816406249997 0.2110364625 0.3294934765625 0.1702446390625 0.2604954671875 0.0707125609375 0.2548912921875 0.1461224484375
0 0.300155725 0.199614740625 0.369697059375 0.287725078125 0.3707836265625 0.2126681125 0.32895019375 0.16208627343749998 0.300155725 0.199614740625
0 0.30108694375 0.136938775 0.37024034375000003 0.23551155937499998 0.37024034375000003 0.1588229140625 0.32895019375 0.109872725 0.30108694375 0.136938775
0 0.3066752484375 0.1474011890625 0.3330162921875 0.1042857140625 0.259408859375 0.020946546875 0.2583222921875 0.0960034984375 0.3066752484375 0.1474011890625
0 0.300407596875 0.086938775 0.36861049375 0.18486843749999998 0.36915377656250004 0.09349474062499999 0.32895019375 0.05433459375000001 0.300407596875 0.086938775
0 0.25397594218749997 0.029043645312499998 0.3083050984375 0.10165310624999999 0.33052469218749997 0.05976393437500001 0.27788077968749997 0 0.25397594218749997 0.029043645312499998
0 0.3017662921875 0.033877551562500004 0.3713269515625 0.1318390625 0.3729568015625 0.045360373437500004 0.3294934765625 0 0.3017662921875 0.033877551562500004
0 0.111090290625 0.144892434375 0.1849779328125 0.0396495421875 0.1624999875 0.0063265312500000006 0.162159703125 0.0037527249999999997 0.11000368281249999 0.0722830046875 0.111090290625 0.144892434375
0 0.155706509375 0.0675510203125 0.1795450171875 0.108995646875 0.226811365625 0.038017865625 0.20888276874999998 0 0.155706509375 0.0675510203125
0 0.1871511078125 0.10165310624999999 0.1605298125 0.057597921875 0.10946039999999999 0.1236806984375 0.11272014062499999 0.1979218078125 0.1871511078125 0.10165310624999999
0 0.15298911875 0.12265306093749999 0.1828047578125 0.164472521875 0.22518151562500002 0.092678915625 0.2257247984375 0.0249644609375 0.15298911875 0.12265306093749999
0 0.10837383281249999 0.2574778671875 0.18389136718750002 0.15712998125 0.15978259687500002 0.111428571875 0.157270071875 0.11878566093750001 0.11000368281249999 0.176710071875 0.10837383281249999 0.2574778671875
0 0.153668465625 0.181836734375 0.1800883 0.21756314843750002 0.2246382328125 0.1514803734375 0.221921775 0.0788709265625 0.153668465625 0.181836734375
0 0.1833480421875 0.21022060781250002 0.15706520468750002 0.17367346875 0.11000368281249999 0.23551155937499998 0.10946039999999999 0.3105684921875 0.1833480421875 0.21022060781250002
0 0.150951075 0.23897959218749998 0.17574199375 0.2722242015625 0.2257247984375 0.20695728125 0.22246505781249998 0.137611178125 0.150951075 0.23897959218749998
0 0.18443465 0.265697484375 0.1563858578125 0.22775510156249998 0.10783054843749999 0.291804259375 0.11272014062499999 0.36196621875 0.18443465 0.265697484375
0 0.1495923796875 0.292040815625 0.17628527656249998 0.326946475 0.2306144328125 0.25841622656249996 0.22137845 0.185806765625 0.1495923796875 0.292040815625
0 0.18171819218750002 0.31634060625 0.157744553125 0.28591836718749997 0.10783054843749999 0.3481582421875 0.10946039999999999 0.41832017187500004 0.18171819218750002 0.31634060625
0 0.1507505484375 0.339999878125 0.1784584515625 0.38323926875000003 0.2246382328125 0.3130772796875 0.22137845 0.245362825 0.1507505484375 0.339999878125
0 0.1795450171875 0.3783442 0.16182064062499998 0.337959184375 0.10891711562499999 0.402003440625 0.11272014062499999 0.4795079078125 0.1795450171875 0.3783442
0 0.1482336828125 0.6828571421875 0.1730255359375 0.726890121875 0.2192053171875 0.6542806921875 0.2192053171875 0.5865662671874999 0.1482336828125 0.6828571421875
0 0.10611411875000001 0.6287755109375001 0.10891711562499999 0.689300434375 0.1773718421875 0.60445339375 0.152380440625 0.56366156875 0.10611411875000001 0.6287755109375001
0 0.106793465625 0.6757142859374999 0.10891711562499999 0.7610940109375 0.17628527656249998 0.6623778046875 0.152380440625 0.6224018046875 0.106793465625 0.6757142859374999
0 0.1495923796875 0.62673469375 0.17519866875 0.66482536875 0.221921775 0.5897683421875 0.21866199218750001 0.5204222390625 0.1495923796875 0.62673469375
0 0.17574199375 0.5432656546875 0.15230977031249998 0.518571428125 0.10783054843749999 0.576714971875 0.10620065781250002 0.6501402578125 0.17574199375 0.5432656546875
0 0.150951075 0.5124489796875 0.17628527656249998 0.5546873796875 0.22626808281250002 0.48207791875000006 0.21866199218750001 0.4086526328125 0.150951075 0.5124489796875
0 0.004211943750000001 0.55632653125 0.07088670625 0.653403584375 0.07197329531249999 0.5661091015624999 0.0285099703125 0.5228697421875 0.004211943750000001 0.55632653125
0 0.104076075 0.5165306125 0.1116335734375 0.5897070890625 0.1784584515625 0.48854338124999996 0.15346700625 0.45427824218749996 0.104076075 0.5165306125
0 0.1482336828125 0.4634693875 0.174655384375 0.5015968156249999 0.22083516718750001 0.43225065156250003 0.21974860000000002 0.362088721875 0.1482336828125 0.4634693875
0 0.15298911875 0.408367346875 0.1800883 0.4436723734375 0.22355162499999998 0.373510415625 0.21974860000000002 0.30008513125 0.15298911875 0.408367346875
0 0.1795450171875 0.434698153125 0.1550271609375 0.3991836734375 0.1072872234375 0.46080492812499996 0.10946039999999999 0.539941075 0.1795450171875 0.434698153125
0 0.0021739015625 0.49918367343750003 0.0692568375 0.595417984375 0.07197329531249999 0.5138343625 0.027966665624999998 0.465699934375 0.0021739015625 0.49918367343750003
0 0.001494553125 0.4440816328125 0.07034340312500001 0.5391252203125 0.07197329531249999 0.45754156874999996 0.026880078125 0.40859137968750003 0.001494553125 0.4440816328125
0 0.003532596875 0.3859183671875 0.0736031640625 0.48609584687499996 0.07197329531249999 0.406143875 0.029053254687500002 0.35474618125 0.003532596875 0.3859183671875
0 0.0725166203125 0.349789921875 0.025793512499999997 0.2918655125 0.0047948078125 0.33056486875 0.0736031640625 0.428110278125 0.0725166203125 0.349789921875
0 0.007608682812500001 0.274693878125 0.07088670625 0.36686125468749997 0.0736031640625 0.2901725796875 0.0295965359375 0.23959074062500002 0.007608682812500001 0.274693878125
0 0.007608682812500001 0.171632653125 0.07197329531249999 0.2534599375 0.0752330765625 0.1832980109375 0.031226428125 0.131900315625 0.007608682812500001 0.171632653125
0 0.0069293359375 0.1104081625 0.07197329531249999 0.20206224218750002 0.0757763171875 0.12455777500000001 0.0295965359375 0.0747917453125 0.0069293359375 0.1104081625
0 0.00828803125 0.060408162499999994 0.0757763171875 0.1506645484375 0.0752330765625 0.0715284015625 0.026880078125 0.017683204687500002 0.00828803125 0.060408162499999994
1 0.40366846562500003 0.268571428125 0.40609757812499997 0.3530532484375 0.4778120875 0.2429153203125 0.4517340765625 0.2094660375 0.40366846562500003 0.268571428125
1 0.405706509375 0.4389795921875 0.4088140359375 0.5105709421875 0.47292249531249997 0.41511809531250005 0.4517340765625 0.37677377343749996 0.405706509375 0.4389795921875
1 0.4043478140625 0.7808163265625 0.40446772812500004 0.8591168953125001 0.47292249531249997 0.7530581515625 0.4495609421875 0.7179771859375 0.4043478140625 0.7808163265625
1 0.4023097703125 0.834897959375 0.4066409015625 0.9162254515624999 0.47400906249999997 0.8109825609374999 0.44575791875000004 0.775901565625 0.4023097703125 0.834897959375
1 0.44103259687499996 0.834897959375 0.47346573750000004 0.8754336265625 0.5234485453125 0.80364008125 0.5158424953125 0.735109740625 0.44103259687499996 0.834897959375
1 0.4043478140625 0.8920408156249999 0.40392444375 0.9782902671875 0.47509562968749997 0.86896819375 0.44738772656250003 0.8322555515625 0.4043478140625 0.8920408156249999
1 0.44986411875 0.9002040812500001 0.4696627140625 0.9309717546874999 0.5250784359375 0.8583623250000001 0.5147559296875001 0.7775944984375001 0.44986411875 0.9002040812500001
1 0.4778120875 0.9244450687500001 0.45190216093749996 0.886938775 0.40066466093750003 0.95707853125 0.4191365828125 1 0.4778120875 0.9244450687500001
1 0.2949728140625 0.9328571421875 0.3501385734375 1 0.3669806015625 0.9660527515625 0.32025753749999997 0.8950749671875 0.2949728140625 0.9328571421875
1 0.32895019375 0.899969975 0.24691317812500002 0.80125376875 0.249038265625 0.8746499546875001 0.2996124421875 0.9432093046875 0.32895019375 0.899969975
1 0.24877716093750002 0.8226530609375 0.299069159375 0.8934433515625001 0.325690453125 0.8428614187499999 0.251259484375 0.7441452140625 0.24877716093750002 0.8226530609375
1 0.2956521609375 0.8216326531249999 0.3707836265625 0.9228133890624999 0.36752388593749996 0.8355189078124999 0.318627646875 0.779226178125 0.2956521609375 0.8216326531249999
1 0.25081520468749996 0.7644897953124999 0.3023289 0.8314397265625001 0.325690453125 0.78167368125 0.2528893765625 0.6935633453125 0.25081520468749996 0.7644897953124999
1 0.2485430265625 0.7017217078125 0.3017856171875 0.7767786734375 0.327320303125 0.727828484375 0.257779009375 0.6397181625 0.2485430265625 0.7017217078125
1 0.3669806015625 0.77596281875 0.3191709296875 0.7237493015625 0.2949538171875 0.75940200625 0.3637208609375 0.8648890109374999 0.3669806015625 0.77596281875
1 0.29769020468749996 0.708367346875 0.37404340937499997 0.8061487749999999 0.36915377656250004 0.7139592578125 0.321344103125 0.6699040875 0.29769020468749996 0.708367346875
1 0.1427989015625 0.9757142859375 0.1675926203125 1 0.21974860000000002 0.9415776546875 0.213229078125 0.86896819375 0.1427989015625 0.9757142859375
1 0.142119553125 0.9175510203125 0.169765753125 0.9554468515625001 0.21866199218750001 0.8763107343750001 0.2137724015625 0.8037012734375001 0.142119553125 0.9175510203125
1 0 0.9063265312500001 0.062737334375 0.995422884375 0.062737334375 0.9171025593750001 0.0214471625 0.8673365140625 0 0.9063265312500001
1 0 0.8389795921875001 0.0632806171875 0.9456568375 0.0649104875 0.8624415078125001 0.0171008359375 0.8053329515625001 0 0.8389795921875001
1 0.10339672656250001 0.9165306125000001 0.104027484375 0.995422884375 0.17139564375 0.8909957859375 0.1491206984375 0.8550989671875 0.10339672656250001 0.9165306125000001
1 0.14144020468750002 0.8104081624999999 0.16922247031249998 0.8493881046875 0.21703214218750003 0.7686203078125 0.2159455359375 0.692747534375 0.14144020468750002 0.8104081624999999
1 0.146404240625 0.7465927156250001 0.1724822109375 0.7824895374999999 0.2192053171875 0.7098800734374999 0.2159455359375 0.6413498109375 0.146404240625 0.7465927156250001
1 0 0.6104081625 0.0687135328125 0.7057396390624999 0.0692568375 0.6249718125 0.018187421875000002 0.5776532999999999 0 0.6104081625
1 0.1475543359375 0.57367346875 0.174655384375 0.6118571875 0.2240949078125 0.5384319015625 0.21974860000000002 0.4723491734375 0.1475543359375 0.57367346875
1 0.0048912921875 0.2144897953125 0.0741464484375 0.31878811093750004 0.0730598609375 0.2347569578125 0.026336796875000002 0.1849909265625 0.0048912921875 0.2144897953125