1 0.588087375 0.9809838078125 0.5993481140625 0.9453574874999999 0.59791684375 0.9438753640625 0.5239483453125 0.9453306937500001 0.47366235625 0.99491849375 0.584846246875 0.9841137296875001 0.588087375 0.9809838078125
1 0.5290105953124999 0.9785471125 0.55822475625 0.94771613125 0.5577893015625001 0.946291825 0.48906170624999995 0.9203608093750001 0.43232610937500004 0.9390373015625 0.5253589703125 0.9796635265625 0.5290105953124999 0.9785471125
1 0.6381285421875 0.9710075984375001 0.6612960546875 0.9625753140625 0.6674790171875 0.959005578125 0.5487211578125 0.92501230625 0.5279999640625 0.9585718296874999 0.5936561625000001 0.9857963453125 0.6381285421875 0.9710075984375001
1 0.5137308875000001 0.9383547640625001 0.5495364484375 0.989211140625 0.5505882953125 0.9886038562499999 0.5650099390625 0.88760051875 0.563424546875 0.8848545375000001 0.52600324375 0.8658218640625 0.5137308875000001 0.9383547640625001
1 0.6964610437500001 0.8914344703125 0.6253653031249999 0.8880969453124999 0.5680956968750001 0.9305366203125001 0.6867304796875 0.9317231078124999 0.697471171875 0.8927749546875001 0.6964610437500001 0.8914344703125
1 0.632682846875 0.9192945828125 0.6558051359375 0.8873156265625 0.6550375859375 0.8855073953125 0.588138053125 0.8629721703125 0.5227454734375 0.89136663125 0.6297056453125001 0.9205583296875 0.632682846875 0.9192945828125
1 0.6558916515625001 0.9073608046875 0.6946025953125 0.9649964078125001 0.6975599875 0.9632889578125001 0.7073004375 0.8550483 0.7064241546875001 0.8536989421875001 0.6710658890625 0.8299243984375 0.6558916515625001 0.9073608046875
1 0.647027503125 0.9033345625000001 0.7081649859375 0.8831931546874999 0.71198344375 0.8809885671875 0.7119491265625 0.88089428125 0.600764734375 0.8465336703125 0.57589341875 0.881146775 0.647027503125 0.9033345625000001
1 0.7890611359374999 0.8688628171874999 0.7963744671875 0.82624419375 0.7950253593750001 0.8248471531250001 0.71640259375 0.8306559468750001 0.660981796875 0.8857653140625 0.78638653125 0.8714456531250001 0.7890611359374999 0.8688628171874999
1 0.6815498375 0.7799352578125001 0.6556248640625 0.8516203484375 0.6750541203125 0.91570263125 0.6751829515625001 0.915925771875 0.675638109375 0.915786615625 0.7193648453125 0.8079526921875001 0.7193261875 0.8078262468749999 0.6815498375 0.7799352578125001
1 0.7512370609375 0.849904934375 0.8029255750000001 0.9024561062500001 0.809806034375 0.898483671875 0.7946791640625 0.7838991531249999 0.7923767859375 0.7814301546875 0.751396584375 0.7804768046875 0.7512370609375 0.849904934375
1 0.668907903125 0.8193608953125 0.7781464765624999 0.833768225 0.781587253125 0.8317816921875 0.8010874796874999 0.7933738140625 0.8001876843750001 0.7918153218749999 0.728607225 0.782102203125 0.668907903125 0.8193608953125
1 0.8251792609375 0.7420983171875 0.79971471875 0.8096725046875 0.830257603125 0.878272946875 0.8318091703125001 0.880960340625 0.8338256312500001 0.880062553125 0.8609334625 0.7627775546875 0.8604135875000001 0.7616098984375 0.8251792609375 0.7420983171875
1 0.7938506734375 0.823437471875 0.8587719203124999 0.801652859375 0.8648115671875001 0.7981658687500001 0.752402703125 0.7633888375 0.7251989921875001 0.8001123109374999 0.7252449765625 0.8002321015625 0.7938506734375 0.823437471875
1 0.9286223671875 0.8101266421875 0.9555418921875001 0.7745111546875 0.954652621875 0.7719285234375 0.8907589234375 0.74384251875 0.87977749375 0.7476237296875 0.8154736515625001 0.771321940625 0.9279858015625001 0.8103458281249999 0.9286223671875 0.8101266421875
1 0.8443377312499999 0.8328586031249999 0.8703623671875 0.723094771875 0.8697556515624999 0.7218508203125 0.8233754421875 0.6909089875000001 0.806635421875 0.769792975 0.8431500703125 0.8334378656249999 0.8443377312499999 0.8328586031249999
1 0.9291397218749999 0.8002384765624999 0.92919699375 0.8003144796875 0.92979563125 0.7974383328125 0.9603448515625 0.8115700453124999 0.9715896296875 0.8050778703124999 0.977704021875 0.7441319359375 0.95304078125 0.7099295578125 0.9299666156249999 0.6793091062500001 0.9291397218749999 0.8002384765624999
1 0.924537496875 0.7880425546875001 0.9285958140625 0.715282315625 0.9242394234375 0.7095011890625 0.881804675 0.6581217078125 0.8806777765625 0.77566855 0.92268110625 0.7894414453125 0.924537496875 0.7880425546875001
1 1 0.6696726015625 0.9672396328125 0.66221055 0.9525365328125 0.737122896875 0.9526059328125 0.7372480953125 0.9872889234375 0.7954410046875 0.990641709375 0.7935825234375 1 0.7115534640625001 1 0.6696726015625
1 1 0.7025129953125 0.902781734375 0.68204613125 0.9015465718750001 0.682648559375 0.8825942171875001 0.7205710734374999 0.9515177187500001 0.7417211484374999 0.9646193406249999 0.7353310609375 1 0.71638531875 1 0.7025129953125
1 1 0.6162632921875 0.9893941921874999 0.6075229625 0.9588880328125 0.681488190625 0.9781057953125 0.7466639500000001 0.9783785328124999 0.7465908703124999 1 0.6935573875000001 1 0.6162632921875
1 0.2663855984375 1 0.313115 0.93343408125 0.31296049375 0.933009578125 0.2686152109375 0.9233054984375 0.2250624640625 1 0.2663855984375 1
1 0.3218704578125 0.9443840640625 0.40343286406249995 0.9648241078125 0.40463734999999995 0.9637770640625 0.394750034375 0.9186667343750001 0.39337119062500003 0.91708055625 0.2741151515625 0.8809449624999999 0.3204655421875 0.9427678921875 0.3218704578125 0.9443840640625
1 0.5130459296875001 0.8923599453125 0.4954584046875 0.8668873546875 0.47104381406250007 0.8356381015625001 0.3916380796875 0.813158128125 0.395424284375 0.8559420703124999 0.51290011875 0.892473865625 0.5130459296875001 0.8923599453125
1 0.6242773171875 0.836237484375 0.6351761234375 0.7880463046874999 0.6335222015624999 0.7837376875000001 0.52991321875 0.7177079578125001 0.5605257640625 0.7942646796874999 0.6234340328125 0.8365611906250001 0.6242773171875 0.836237484375
1 0.5797209718749999 0.6975427203125 0.6080634078125 0.75860851875 0.61127209375 0.7646431796875001 0.6857873671875 0.8059019 0.6860145078125 0.8057707593749999 0.6897080718749999 0.7590621343749999 0.6891062171875 0.7579302109375 0.5799131015625 0.6974317953125 0.5797209718749999 0.6975427203125
1 0.7482105984375 0.713098009375 0.7442576421875 0.6658064984375 0.7432190265624999 0.6642666890625 0.6339648703125 0.6249838484375 0.6726633109375 0.6845209828125001 0.74772176875 0.7134277296875 0.7482105984375 0.713098009375
1 0.6547149515624999 0.7331586078125001 0.7319226765625 0.77024456875 0.73371476875 0.7692099031249999 0.7444716015624999 0.7296872343749999 0.7424443359375 0.7261759078125001 0.632398221875 0.677398834375 0.6547149515624999 0.7331586078125001
1 0.8063952249999999 0.5931920953125001 0.8037330812500001 0.588581128125 0.7650262296875 0.582421378125 0.7103020765625 0.6944889734374999 0.7777274265624999 0.6589895453125 0.8063952249999999 0.5931920953125001
1 0.7862932203125 0.7460705984375 0.787227003125 0.7455314796875 0.79166731875 0.701362653125 0.68121763125 0.6423613296874999 0.7082221921875 0.70289474375 0.7862932203125 0.7460705984375
1 0.7542051187500001 0.5998106671875 0.8728678640625 0.630892275 0.8731335703124999 0.6306613 0.8723828921875001 0.6293610890625 0.8254057078124999 0.5737684296875 0.824586359375 0.5728258765625001 0.7502641609375 0.5543072953125 0.7542051187500001 0.5998106671875
1 0.7378801312500001 0.7157413484374999 0.7833011937500001 0.7104779234375 0.8308761671875 0.5937525109374999 0.8307414546875 0.593552790625 0.768915175 0.631822096875 0.7376463046875 0.7153946859375 0.7378801312500001 0.7157413484374999
1 0.8934707046874999 0.5231445046875 0.8447166359375 0.5296343343750001 0.8214140499999999 0.644417028125 0.8739996718749999 0.6000718609375 0.8934707046874999 0.5231445046875
1 0.825577759375 0.680675184375 0.8307921500000001 0.6781319546875 0.8986699437500001 0.5748915984375 0.8983689781249999 0.5743703109375 0.8298381062500001 0.602140909375 0.7818121328125 0.6804609953125 0.7821288796875 0.6811104218749999 0.825577759375 0.680675184375
1 0.963435834375 0.6393784921875 0.9145982765625 0.580045240625 0.8316292515624999 0.5588363734375 0.8395501890625001 0.608520996875 0.963160378125 0.6396265140625 0.963435834375 0.6393784921875
1 1 0.5407555125 0.994821196875 0.51689054375 0.99250581875 0.5144076046875 0.8793254375 0.49286584375000003 0.9296807625 0.5494785249999999 0.9266817109375 0.5402951015624999 1 0.5595275421875 1 0.5407555125
1 0.9343311312499999 0.6227098484375 0.9814685453124999 0.5095817140625 0.9137473546875 0.5487870703125 0.8840445203125 0.6260374484375 0.930885778125 0.6249472859375 0.9343311312499999 0.6227098484375
1 1 0.4644755046875 0.9526329734375001 0.440744825 0.9519188968750001 0.44115709687500004 0.9528966531249999 0.48909636250000005 1 0.5102189125 1 0.4644755046875
1 1 0.5046587875 0.9685613109375 0.5173608421875 0.92663398125 0.5820865671875 0.9678617140625001 0.593477971875 0.968654590625 0.5931576296875 1 0.5483469078125001 1 0.5046587875
1 0.5803493 0.5349351453125 0.5745994125 0.609733603125 0.6107707546875 0.6633781437499999 0.6116813578125 0.6628524062500001 0.6185040734375 0.5545250640625 0.6176823015624999 0.5532596453124999 0.5801454125000001 0.541621753125 0.5803493 0.5349351453125
1 0.67121568125 0.5956983640625 0.7257719046875 0.5650651671875 0.7254292 0.5643625140624999 0.6121779296875001 0.547228925 0.5875314125 0.5789745703125 0.656482646875 0.6028841453125 0.67121568125 0.5956983640625
1 0.696678359375 0.5817419875 0.73708939375 0.587418096875 0.741429809375 0.5945924453125 0.741621959375 0.5944132609375 0.735842640625 0.5183517203125 0.7233494968749999 0.5049544640625 0.6815255875 0.460749665625 0.6965870421875 0.5816440609375 0.696678359375 0.5817419875
1 0.8156778687499999 0.5030148640625 0.8219619546875 0.4982794640625 0.82138975 0.497288375 0.708145071875 0.49687545625 0.6901911390625 0.5362414281250001 0.76453408125 0.540312728125 0.8156778687499999 0.5030148640625
1 0.6935090796875001 0.5540512984375 0.735790271875 0.4544303765625 0.7349273921874999 0.451421159375 0.6991537546875 0.41624733750000004 0.67301253125 0.495213884375 0.692898965625 0.5542262453125 0.6935090796875001 0.5540512984375
1 0.8355999875 0.4978183734375 0.8552440640625001 0.45389081249999996 0.7772154484375 0.4518170296875 0.77296236875 0.45502195468749995 0.725632746875 0.49200517968749996 0.8353813671875001 0.49798311718750005 0.8355999875 0.4978183734375
1 0.7754212 0.4330478828125 0.726709353125 0.39168271093749996 0.7458161546875 0.5061880453125001 0.782033328125 0.51490706875 0.7805894015625 0.43821608437500004 0.7754212 0.4330478828125
1 0.804626784375 0.43418103906249994 0.7870375484375 0.4678177 0.8642169765625001 0.48413714687500004 0.8832176781250001 0.4736048859375 0.888263259375 0.47069181875000005 0.916314775 0.4533244015625 0.9162767640625 0.453255828125 0.8046917109375 0.434143553125 0.804626784375 0.43418103906249994
1 0.8472145187500001 0.43427299843749995 0.8550895468749999 0.3941287828125 0.85354995 0.39253448281250003 0.783866078125 0.4010080203125 0.7311909703125 0.45151318281249997 0.8458185828125 0.4356210375 0.8472145187500001 0.43427299843749995
1 0.9296390984375 0.44739548593749995 0.9697538124999999 0.4136374703125 0.9692690015625001 0.412797753125 0.8561697 0.40594294687500004 0.838872396875 0.444396084375 0.91930498125 0.454365934375 0.9296390984375 0.44739548593749995
1 0.861877184375 0.4354076765625 0.8839295343750001 0.422675746875 0.9210939921874999 0.39830312968750003 0.809741421875 0.38321391562499996 0.792288115625 0.4216859265625 0.861877184375 0.4354076765625
1 0.94070394375 0.46710989375 0.9730386062499999 0.3686346078125 0.9705461296875001 0.3624655078125 0.94441968125 0.3341622171875 0.9440121593749999 0.33432686718750004 0.9142587656250001 0.412393196875 0.9406848296874999 0.46711761718749994 0.94070394375 0.46710989375
1 0.919276403125 0.43645605937500004 0.93829236875 0.3722803125 0.92388035625 0.3383277390625 0.9052765218750001 0.2975889109375 0.8794857796875 0.41276638437499996 0.917487653125 0.43721533749999997 0.919276403125 0.43645605937500004
0 0.2183379265625 0.8553298781249999 0.227379259375 0.8496820250000001 0.22690938906250002 0.8488681859374999 0.1266170828125 0.8327372421874999 0.12460686562500001 0.8498000171875001 0.1275972046875 0.8549794374999999 0.1348959078125 0.8671265187499999 0.17357435937500001 0.881513428125 0.20390632343749998 0.8640012609375001 0.2183379265625 0.8553298781249999
0 0.1769062953125 0.8121937265625 0.1765693484375 0.8112151640624999 0.1130440640625 0.7829404624999999 0.10084872656249999 0.7950025484375 0.10515632500000001 0.81018668125 0.11021025468750001 0.82486435625 0.11247719375000001 0.8287908093749999 0.15006963125 0.840352771875 0.1488420390625 0.8453232453125 0.150190559375 0.8448589109375 0.1769062953125 0.8121937265625
0 0.180987253125 0.8436633671875 0.1818227078125 0.8444988203125 0.22761461875000003 0.8863976609374999 0.2284126953125 0.8859368921874999 0.21668017343749998 0.7777096875 0.215251765625 0.776281278125 0.177471434375 0.7672919390625 0.180987253125 0.8436633671875
0 0.1414952078125 0.8178533453125001 0.1716459703125 0.8609761484374999 0.173691875 0.8597949453125 0.19358003906250001 0.7594544515625 0.19357928124999998 0.75945328125 0.1513816875 0.744874803125 0.1414952078125 0.8178533453125001
0 0.3180136859375 0.784753234375 0.319199653125 0.7589007109375 0.3175371515625 0.756988221875 0.253724834375 0.754929996875 0.1909588484375 0.8110071828125 0.31365584062499996 0.788541453125 0.3180136859375 0.784753234375
0 0.24489173593750002 0.7990132531249999 0.285036621875 0.777804684375 0.284367059375 0.7762272968749999 0.1762050859375 0.7472751046874999 0.158025725 0.7835704078125 0.23257141875 0.8042429156249999 0.24489173593750002 0.7990132531249999
0 0.38455541875 0.7741216046875 0.2685690609375 0.7372430953125 0.24610051562500002 0.774418440625 0.3054457921875 0.801437378125 0.38485509218749997 0.7750439046875 0.38455541875 0.7741216046875
0 0.2792669171875 0.814783753125 0.2781737796875 0.6939286578125 0.2772089109375 0.6926936859375 0.23554045937499998 0.6847643453125001 0.23688863906250002 0.7654461453125 0.2791550203125 0.8148711765625001 0.2792669171875 0.814783753125
0 0.3402132328125 0.7786272578125 0.378254071875 0.7886006140624999 0.379878821875 0.7876625640625 0.3975852234375 0.735112403125 0.394157484375 0.729175384375 0.35566264375 0.668783384375 0.3402132328125 0.7786272578125
0 0.3276842984375 0.6719679171874999 0.2921318109375 0.653853009375 0.2739392625 0.724832059375 0.3061781453125 0.7872861890625 0.328356371875 0.673345875 0.3276842984375 0.6719679171874999
0 0.38751190156250004 0.75130449375 0.3876890328125 0.751567103125 0.42086027656249997 0.7712187890625 0.42280904843749995 0.7700936656249999 0.434172696875 0.7003311234375 0.4245456140625 0.6860583859375 0.3902811625 0.6416115921875 0.38751190156250004 0.75130449375
0 0.4279795046875 0.6792895046874999 0.30957958125 0.6760985890625 0.30211509531249997 0.7140387734375 0.3727094921875 0.723541478125 0.4279795046875 0.6792895046874999
0 0.41464092968750005 0.6808434125 0.46029283750000005 0.74303973125 0.4620643609375 0.7420169421875 0.46501640625 0.631092365625 0.4641140765625 0.629702896875 0.4305482734375 0.6223864031249999 0.41464092968750005 0.6808434125
0 0.44323869531250004 0.6567315890625001 0.41980513906250005 0.5923484265625001 0.41630147656250005 0.586279903125 0.3837405625 0.700084578125 0.4188989796875 0.7253752375 0.420476578125 0.7248010375 0.44323869531250004 0.6567315890625001
0 0.46692829375 0.6529510828125 0.506848609375 0.7215734015625 0.5076782125 0.7210944296874999 0.5180825109375 0.6102167484375001 0.5158467078125 0.6064957468750001 0.480741609375 0.5915517515625 0.46692829375 0.6529510828125
0 0.4670919640625 0.5914855859375 0.4343520890625 0.558522215625 0.45196006093749996 0.67407008125 0.49571269375 0.6831536828125 0.48590029062499995 0.6109621765625 0.4670919640625 0.5914855859375
0 0.534145921875 0.668899903125 0.56668861875 0.6869810515625 0.56749204375 0.68662334375 0.5881278046875 0.6211169046875 0.5817331234374999 0.606754215625 0.55633136875 0.5530539296875 0.533762603125 0.6680389531250001 0.534145921875 0.668899903125
0 0.47022795312500004 0.6132804609375 0.511318515625 0.6738872109375 0.51196795625 0.67351225625 0.51692629375 0.5594317296875 0.5149912515625 0.5566682015625 0.47857070625000003 0.5424397921875 0.47022795312500004 0.6132804609375
0 0.5182845656249999 0.5819015953125 0.5648891578125 0.6483708453125 0.565523596875 0.6480045515625 0.560366825 0.5270205453125001 0.5577828984375001 0.5238296640625 0.5202360781250001 0.510703909375 0.5182845656249999 0.5819015953125
0 0.618149015625 0.5789688015625 0.653288265625 0.5505136 0.6750543953125 0.5313281078125 0.6749838312499999 0.5312058859375 0.5546450203125 0.535582346875 0.5434153171875 0.5747324375 0.543543740625 0.5748910281249999 0.618149015625 0.5789688015625
0 0.6007456296875 0.54779853125 0.67729588125 0.539869553125 0.6985830453124999 0.52001895 0.724737759375 0.49289678906249995 0.72459899375 0.4927479828125 0.611541290625 0.5030714484375001 0.600509909375 0.5475457515625 0.6007456296875 0.54779853125
0 0.9042772875 0.499387534375 0.86764495625 0.6179122703125 0.8743826312499999 0.6140222718749999 0.93361919375 0.5672274046875 0.9501213406250001 0.49878499062500004 0.9486255968749999 0.49680007187499997 0.9042772875 0.499387534375
0 0.607034653125 0.671884196875 0.7051275593749999 0.7388050265625 0.7061399640625 0.738220515625 0.6899196890625 0.6839216890625 0.68410218125 0.66793821875 0.62073721875 0.627599628125 0.607034653125 0.671884196875
0 0.6654272812500001 0.754469634375 0.62680769375 0.689015165625 0.5547517562500001 0.67025239375 0.553364078125 0.70801654375 0.6646163656249999 0.75499625 0.6654272812500001 0.754469634375
0 0.509128140625 0.8663991015624999 0.5207725421875 0.859676203125 0.566915509375 0.82736655 0.5967913515625 0.7521962875 0.546664078125 0.75965650625 0.509128140625 0.8663991015624999
0 0.4460276171875 0.81540025 0.555022140625 0.8813992390625 0.555615478125 0.881056675 0.5290573953125 0.8187708609375 0.4546119671875 0.767311140625 0.45455574062500004 0.767337359375 0.4460276171875 0.81540025
0 0.5697923874999999 0.693194809375 0.5118974281249999 0.8062112265625 0.581816528125 0.7721100734374999 0.586909746875 0.7691695015625 0.610207821875 0.703385546875 0.6074541 0.6986159625 0.5701231484375 0.6930114656249999 0.5697923874999999 0.693194809375
0 0.5208124484375001 0.7231311046875 0.46234854687500004 0.8347857703124999 0.46235853281250006 0.8348030671875 0.532681375 0.7980754171875 0.5610694453125 0.7276503828124999 0.5610470140625 0.72761153125 0.5208124484375001 0.7231311046875
0 0.49038159531250003 0.8651596015624999 0.3869932453125 0.8069283171875 0.41005992812500003 0.877369921875 0.4881578796875 0.91792148125 0.491977090625 0.8689183500000001 0.49038159531250003 0.8651596015624999
0 0.34932977187500003 0.94214374375 0.392981315625 0.9359881765625 0.3930795296875 0.935905765625 0.42994872656250005 0.8170171921874999 0.4298676375 0.8169205546875 0.3737268484375 0.8603581437500001 0.372894884375 0.86105624375 0.34917668281249997 0.9419613 0.34932977187500003 0.94214374375
0 0.43921384999999996 0.8478358734375 0.5067851984375 0.7461273078125 0.50608164375 0.7449087171875 0.43083989375 0.7725274921875 0.40101112031249997 0.8342809375 0.43795630625 0.8483186 0.43921384999999996 0.8478358734375
0 0.3597699765625 0.8265715453125001 0.47545400468750004 0.8637507140625 0.47546042968749996 0.8637462156250001 0.47153210312500005 0.8569421546875 0.4583003875 0.8380453093750001 0.433420246875 0.80426428125 0.3577721359375 0.7818420828125 0.3597699765625 0.8265715453125001
0 0.40777251718749996 0.870849675 0.357093059375 0.8627537937499999 0.3007725515625 0.978641778125 0.3655801875 0.9488298500000001 0.40777251718749996 0.870849675
0 0.27864463125 1 0.317700775 0.97162405 0.3521364453125 0.8931476984375 0.3513940875 0.8921259312500001 0.3127548671875 0.8900043953125 0.2682920640625 1 0.27864463125 1
0 0.3917247234375 0.9169078046875001 0.4091902515625 0.8844366484374999 0.40871460937500004 0.8828808984375 0.3130871875 0.8020687765625001 0.31291407968749996 0.8021217015625 0.33154665781250003 0.8808450265625 0.391647446875 0.9169314312499999 0.3917247234375 0.9169078046875001
0 0.374196990625 0.9240042265625 0.345519021875 0.8729937890624999 0.3391073 0.8631206 0.2638316453125 0.8351316499999999 0.261413290625 0.8797089484375 0.37297889375 0.92479526875 0.374196990625 0.9240042265625
0 0.32931417500000004 0.9499220812500001 0.28839437968750004 0.8840906359374999 0.218067278125 0.8650008984375 0.212096375 0.9054301656250001 0.3288844140625 0.9502343203124999 0.32931417500000004 0.9499220812500001
0 0.44715790312500003 1 0.4530327140625 0.98153379375 0.4519291703125 0.9802186421875 0.379805696875 0.9793186515625001 0.35674485625 1 0.44715790312500003 1
0 0.4757134203125 1 0.47752908281249995 0.9710786390624999 0.4344547140625 0.9079001124999999 0.4300803109375 1 0.4757134203125 1
0 0.1387927375 0.7346314281249999 0.13756348125 0.715068021875 0.060491828125 0.691478478125 0.06042626875 0.691531565625 0.0642685234375 0.730474978125 0.12435404531250001 0.74632365 0.1387927375 0.7346314281249999
0 0.07190254375 0.703048740625 0.1372410234375 0.7075460484375 0.13757716250000002 0.70727385 0.1393880453125 0.6771415625 0.13926778281250002 0.6769930515625 0.025098267187500002 0.6446600578125 0.0511231046875 0.6773882703125 0.07190254375 0.703048740625
0 0.121148496875 0.690034321875 0.178423878125 0.58363881875 0.17770053125000002 0.5823859437500001 0.10616965625000001 0.617662521875 0.0804201328125 0.6886907640625 0.1199710984375 0.6906342359375001 0.121148496875 0.690034321875
0 0.088815178125 0.7067506359375 0.19254231875 0.73818534375 0.1933057265625 0.7375671453125 0.1705944546875 0.698494803125 0.16813976875 0.69546351875 0.07414640156249999 0.6623624671874999 0.08846161875 0.7063140296875 0.088815178125 0.7067506359375
0 0.247299575 0.65352763125 0.22076341875 0.6168699921874999 0.20132312031250002 0.5910718453125 0.12451795937500001 0.5745501875000001 0.13610747031249998 0.61791530625 0.24724484375000003 0.6535688734375 0.247299575 0.65352763125
0 0.235203128125 0.7179238906250001 0.22111973749999997 0.6757779484374999 0.218791790625 0.67328153125 0.09861420625 0.6439832796875 0.13970915781249998 0.696018390625 0.23418161875000001 0.7188764640625 0.235203128125 0.7179238906250001
0 0.184023278125 0.5852780265625 0.3000612734375 0.6224459687499999 0.2977209890625 0.6183924765625 0.2812278640625 0.5968358046875 0.2483659765625 0.55625475625 0.177534315625 0.5401429484375 0.184023278125 0.5852780265625
0 0.2663303078125 0.6962527265625 0.2670062890625 0.6958624484375 0.2495403015625 0.6306784921874999 0.18701311874999998 0.5798859078125 0.1704518921875 0.6202968953125 0.2663303078125 0.6962527265625
0 0.3129162515625 0.6289663390625 0.20976693750000003 0.57358235 0.20966403437499997 0.573628165625 0.2295402359375 0.6289326125 0.30820330625 0.6680322203125 0.31372155468749996 0.6307750796875 0.3129162515625 0.6289663390625
0 0.2717421390625 0.5732509515624999 0.3089979859375 0.5814075515625 0.311936525 0.579710984375 0.367527025 0.4674250765625 0.36732237031250004 0.467070603125 0.30269738749999997 0.5056261265625001 0.2717421390625 0.5732509515624999
0 0.42929460781250006 0.4669111765625 0.3859365375 0.46063870937500007 0.3275978625 0.5638907390625 0.3276716703125 0.564018578125 0.3570574390625 0.550928228125 0.3925570046875 0.533613934375 0.43007233593749994 0.46850575625 0.42929460781250006 0.4669111765625
0 0.3364686375 0.61975186875 0.36889557968750003 0.5449140031249999 0.3676405078125 0.5429054718749999 0.31771431250000004 0.5452822125 0.274417071875 0.65494294375 0.323568015625 0.627813071875 0.3364686375 0.61975186875
0 0.4088684671875 0.49528055625 0.3558174421875 0.5221453656249999 0.34561099375 0.5278028921875 0.3062146625 0.60497895 0.30629797812500004 0.6051232546875001 0.3509130421875 0.6088289828125 0.35199672187500003 0.608228290625 0.40961036562500003 0.49656556093750004 0.4088684671875 0.49528055625
0 0.44880818125 0.597026915625 0.46252645625 0.5553208453125 0.46232179999999995 0.5548143062500001 0.35525054843750004 0.479179453125 0.37672826718749997 0.5540931546875 0.4474790515625 0.5975639187499999 0.44880818125 0.597026915625
0 0.5144622953125 0.506401240625 0.5241882 0.470171921875 0.5233187171875 0.4674959296875 0.4254822265625 0.38329258906249997 0.4487256515625 0.46620560468749994 0.5124288781249999 0.5070619375 0.5144622953125 0.506401240625
0 0.4965457890625 0.4422096296875 0.4404330109375 0.47491666875 0.41194139218750003 0.5537693015625 0.4473935765625 0.5567249875 0.49704500781250005 0.442949753125 0.4965457890625 0.4422096296875
0 0.47305624999999996 0.40268530625 0.4731362375 0.40284228750000006 0.5796957234375 0.46120453125000005 0.580664225 0.46064536718750004 0.5547517578125001 0.40126177656250006 0.551634365625 0.3951435484375 0.4837859625 0.363230915625 0.47305624999999996 0.40268530625
0 0.493992021875 0.5222533671875 0.5617668046875 0.42327826562500004 0.49866674062499994 0.44073857656250004 0.49526639843750003 0.44197620000000004 0.44820893906250003 0.5120189515625 0.49327949374999996 0.5225127046875 0.493992021875 0.5222533671875
0 0.5234211515625 0.371317240625 0.617295621875 0.4485173171875 0.617743121875 0.448258953125 0.6065967265625 0.4013357109375 0.6007500375 0.379515575 0.5376367125 0.3278112296875 0.5234211515625 0.371317240625
0 0.513711221875 0.3919683140625 0.5113019359375001 0.43826666718749996 0.6196336953125 0.49407713906249995 0.6209565890625 0.49331336718749996 0.605136771875 0.460729984375 0.5981537890624999 0.44813234843750005 0.587860371875 0.4303036265625 0.513711221875 0.3919683140625
0 0.6737498765625001 0.37900935625 0.561762978125 0.30196136406249996 0.5614421796875 0.302146578125 0.5962907046875 0.3797632890625 0.6614179828125 0.417683440625 0.6739081687499999 0.379401146875 0.6737498765625001 0.37900935625
0 0.71781535625 0.2830594453125 0.675360771875 0.285328578125 0.6741159234375 0.28620022968750003 0.62880670625 0.40217855937499997 0.6359480953125 0.3980554765625 0.667249625 0.3768437765625 0.69400546875 0.3581091328125 0.7189671828125 0.284704421875 0.71781535625 0.2830594453125
0 0.6693671796875 0.4705273359375 0.6577080921875 0.421205340625 0.6563883453125 0.41932054531249996 0.5388630859375 0.3712057390625 0.579243803125 0.4345584921875 0.6683108859375 0.471266959375 0.6693671796875 0.4705273359375
0 0.6716125140625 0.424390234375 0.705767096875 0.342449646875 0.705562896875 0.342146909375 0.6619968203125 0.34229447031250004 0.6609764031250001 0.34298275 0.610109940625 0.45983429375 0.66652056875 0.42782479531249995 0.6716125140625 0.424390234375
0 0.7515859359375 0.3773455171875 0.6439780359375 0.317006875 0.662902075 0.3682561546875 0.7467589359375 0.41707290781250006 0.7503157125000001 0.4150194015625 0.7551489015625 0.376305859375 0.7547021703125 0.3755321 0.7518060859375 0.3809866171875 0.7515859359375 0.3773455171875
0 0.9138036093749999 0.2374588640625 0.8721223453125001 0.2261254015625 0.7997149703125 0.3359399359375 0.8683953859375 0.31368739218749997 0.913879028125 0.23762825625 0.9138036093749999 0.2374588640625
0 0.78061316875 0.1336281046875 0.8424906546875001 0.110111728125 0.7327917671875 0.0719494625 0.73124355625 0.07245250625 0.6996177859375 0.11026265312500001 0.7691326015625 0.1373583671875 0.78061316875 0.1336281046875
0 0.8282447421875 0.1279115703125 0.7541454640625 0.11730933125000001 0.6931672921875001 0.159575565625 0.6935615421875 0.1602584265625 0.8062970390625 0.1694540171875 0.8094545249999999 0.16755680781249999 0.828747996875 0.12878323281249998 0.8282447421875 0.1279115703125
0 0.6235053765624999 0 0.5946096234375 0.070099434375 0.5965776968750001 0.068963165625 0.6322189 0.0475508234375 0.6590246421875 0.0308007359375 0.6708915515625 0 0.6235053765624999 0
0 0.5200012296875001 0 0.558031021875 0.06012793749999999 0.5535301203125 0.052363071875 0.632168975 0.0826123203125 0.6343124984374999 0.08111140781250001 0.63422726875 0.042703590624999996 0.6323087328125 0.0399636390625 0.52542979375 0 0.5200012296875001 0
0 0.5126705328125001 0.08748621250000001 0.580735459375 0.115998296875 0.5840000937500001 0.11411345937499999 0.584954278125 0.07552362812499999 0.5830568125 0.0717996421875 0.473857146875 0.015007742187500001 0.5126705328125001 0.08748621250000001
0 0.42268345937499996 0 0.4186773796875 0.0338521046875 0.4534591921875 0.059057290625 0.45473173125 0.058380668749999996 0.469618784375 0 0.42268345937499996 0
0 0.5374534718749999 0.2100538921875 0.5339047531250001 0.2743656015625 0.5921552625000001 0.33132408125 0.5927317390625 0.33099125156250003 0.5766477296875 0.21957929843750001 0.5748531390625 0.21765483593749999 0.5377801328125 0.20974927499999999 0.5374534718749999 0.2100538921875
0 0.48683792343750004 0.23090316406250003 0.4672269640625 0.28192413906249997 0.5472195046875 0.26962894375 0.5944611140625 0.21872142656250002 0.48683792343750004 0.23090316406250003
0 0.4451163828125 0.2154405625 0.44241276718749994 0.290685084375 0.4823176921875 0.3460249015625 0.48311252656250003 0.3455660046875 0.4924979609375 0.23674952187499998 0.4921211203125 0.23619083281250003 0.445472784375 0.21520016718749999 0.4451163828125 0.2154405625
0 0.48912001250000003 0.30547740624999997 0.5437987718749999 0.36285115156250003 0.5454509562500001 0.3618972625 0.527106878125 0.247430978125 0.5254065765625 0.24567026250000001 0.48624432500000003 0.236803225 0.48912001250000003 0.30547740624999997
0 0.3917435546875 0.3119363484375 0.41862315937499994 0.3676426234375 0.41934144531250006 0.3673669 0.44787028281249996 0.262056428125 0.4156013328125 0.23523767968749998 0.390685525 0.3091800890625 0.3917435546875 0.3119363484375
0 0.5434516734375 0.3115601203125 0.484856496875 0.28273576093749997 0.4007690140625 0.3118525703125 0.522120290625 0.3457873796875 0.5445184015625 0.315049234375 0.5434516734375 0.3115601203125
0 0.370923503125 0.255943396875 0.356841003125 0.3730469109375 0.39635199375 0.39204878125 0.3993664453125 0.3903083875 0.4098955875 0.3158095796875 0.4077305 0.3120595390625 0.3923062140625 0.2863892171875 0.370923503125 0.255943396875
0 0.3897379140625 0.36264178125 0.428790615625 0.42023004375 0.4305879359375 0.4191923609375 0.43328781093749996 0.31615358437499996 0.43108418125 0.3130064734375 0.3958833515625 0.2965896390625 0.3897379140625 0.36264178125
0 0.40438871875000004 0.43862109218749995 0.41481521250000003 0.3758777484375 0.36920834375 0.3056493265625 0.363271915625 0.4261238203125 0.40425383437500007 0.43870868906249993 0.40438871875000004 0.43862109218749995
0 0.315616778125 0.40974217968750004 0.343750778125 0.364721928125 0.34312136249999997 0.363431434375 0.2672167140625 0.3541182625 0.21339357812499998 0.385205271875 0.3127034859375 0.41116308593750006 0.315616778125 0.40974217968750004
0 0.255921753125 0.3973247859375 0.36346844218749996 0.43151769218749997 0.3688010703125 0.4298873453125 0.3918627875 0.3983972453125 0.3916631828125 0.3977443703125 0.3329738984375 0.3717575359375 0.255833815625 0.39703714687499997 0.255921753125 0.3973247859375
0 0.2580458390625 0.47798948750000003 0.264378115625 0.406654821875 0.22312325156249999 0.3454919703125 0.21504135624999998 0.46528460781250003 0.2562447046875 0.4792043671875 0.2580458390625 0.47798948750000003
0 0.31278425312499997 0.495921371875 0.3073586765625 0.42388572812499997 0.2558841640625 0.370582309375 0.25581082187500004 0.3706531359375 0.271123009375 0.48184802812500005 0.3121203734375 0.4965624734375 0.31278425312499997 0.495921371875
0 0.1248588359375 0.48743083125000003 0.20761899687500002 0.4751253015625 0.225154203125 0.45877345625 0.2595218015625 0.4187704890625 0.2593007765625 0.4185334671875 0.1395753546875 0.428621171875 0.12453198437499999 0.48708032812499996 0.1248588359375 0.48743083125000003
0 0.302596615625 0.45808730937500003 0.30183511093750004 0.45676834375 0.1838541359375 0.4524488015625 0.1704023390625 0.49406011093749996 0.2386366359375 0.5028725703125 0.302596615625 0.45808730937500003
0 0.059370665625 0.4666589796875 0.174123278125 0.4895295609375 0.1791461953125 0.48770136875 0.2098982515625 0.46450168437499995 0.2097497296875 0.464093625 0.11524831093750001 0.43464332656250004 0.059323446875 0.4665292484375 0.059370665625 0.4666589796875
0 0.0122268671875 0.5062674078125 0.0933340140625 0.5364208578125 0.1617268515625 0.5041644234375 0.0440789765625 0.47541833906250003 0.0122268671875 0.5062674078125
0 0.21603383437499998 0.49674918437500004 0.1937732140625 0.43209964687499997 0.190506896875 0.426442221875 0.15414269375 0.5303846203125 0.1920010875 0.5554444968750001 0.1942749328125 0.5546615484374999 0.21603383437499998 0.49674918437500004
0 0.2024085734375 0.5095565296875 0.20228743749999997 0.5093467140625 0.0845684890625 0.5154101125 0.08039447968749999 0.554030178125 0.142503121875 0.556359796875 0.2024085734375 0.5095565296875
0 0 0.5574360796875 0.044126268749999996 0.5694676703125 0.1098875109375 0.5332711828125001 0.0017467984375 0.507405046875 0 0.5103613703125001 0 0.5574360796875
0 0.077844559375 0.5889043796875 0.15606129062500002 0.5524313203125 0.16029151875 0.549988996875 0.043906121874999995 0.5297702609375 0.026570910937499997 0.5690740625 0.0267981125 0.569561296875 0.077844559375 0.5889043796875
0 0 0.5631462796875 0.04597290625 0.5613843828125 0.049057467187499995 0.5588865546874999 0.056083228124999995 0.524487121875 0.0560346484375 0.52442713125 0 0.5221024187500001 0 0.5631462796875
0 0 0.610208478125 0.04603514375 0.6164952687499999 0.0873256921875 0.5864959296875 0.11547068906249999 0.5652256953125 0.11507743125 0.564544553125 0 0.5657941640625 0 0.610208478125
0 0 0.42892009687500005 0.0024609718749999997 0.4286241765625 0.0049744359375 0.42666044375 0.034361659375 0.31128810156250003 0.034018753125 0.3108492015625 0 0.3351019140625 0 0.42892009687500005
0 0 0.45104444218750006 0.05407111875 0.4778031234375 0.054764887500000005 0.477402575 0.0246779375 0.4183536109375 0 0.4026632421875 0 0.45104444218750006
0 0.0085338640625 0.289473034375 0.0041985859375 0.34096145 0.11162678749999999 0.40307629218749996 0.11215154375 0.4027733234375 0.10687466875 0.3903417828125 0.07986311093750001 0.3301148 0.013721298437500001 0.2952635484375 0.0085338640625 0.289473034375
0 0 0.3986806140625 0.1026351703125 0.4497646546875 0.1028622296875 0.44963356250000003 0.083355765625 0.412726015625 0.0672494734375 0.38482910000000004 0 0.352009021875 0 0.3986806140625
0 0.13030824531250002 0.38419158593749997 0.1437316328125 0.3445834359375 0.1427268796875 0.341297040625 0.044420985937500004 0.2681948109375 0.0668850546875 0.3398132734375 0.1290969125 0.384561928125 0.13030824531250002 0.38419158593749997
0 0.0417253296875 0.3593088875 0.1439337 0.4277251578125 0.14451078281250002 0.427391978125 0.13462409687500002 0.3975126015625 0.1205749875 0.3609134203125 0.052955842187500005 0.3193881 0.0417253296875 0.3593088875
0 0.0980033484375 0.287293890625 0.2049383078125 0.3401817625 0.20536220468750002 0.339937025 0.17986125 0.2798998703125 0.17764644375 0.275553065625 0.10576952343749998 0.240753090625 0.0980033484375 0.287293890625
0 0.170276084375 0.41411988437499997 0.1839879 0.3751954375 0.18352770624999998 0.3737791046875 0.08317937343750001 0.29551445625 0.0968329890625 0.36742423281250003 0.168165459375 0.41480566718749995 0.170276084375 0.41411988437499997
0 0.206475125 0.21587148437499998 0.2059580265625 0.21618218749999998 0.1559163484375 0.33028603749999996 0.196322153125 0.307267690625 0.2124407625 0.29796160625 0.21702094062500002 0.29520955781249997 0.243935921875 0.22233838281249999 0.24282454062499997 0.22048873281249998 0.206475125 0.21587148437499998
0 0.1388239859375 0.376066146875 0.18912410625 0.3668813875 0.21012729531250002 0.2509161953125 0.210025315625 0.25080683593750003 0.15842276875 0.2944821890625 0.1386572390625 0.3758873328125 0.1388239859375 0.376066146875
0 0.1982893015625 0.22648839375000002 0.302573371875 0.2856163515625 0.3032744765625 0.28521156875 0.2769576109375 0.2266288265625 0.2710992734375 0.21513119375 0.195747421875 0.182458384375 0.1982893015625 0.22648839375000002
0 0.5079301765625 0.13356995 0.43887306875 0.08778654687500001 0.43413440937500003 0.13809643124999998 0.5356224640625 0.19576784687499998 0.5079301765625 0.13356995
0 0.47521073437499994 0.1692988875 0.471701771875 0.124772771875 0.47047321562500005 0.1230818078125 0.36633943750000003 0.0949778140625 0.399647421875 0.145591065625 0.47358475 0.1704802359375 0.47521073437499994 0.1692988875
0 0.5522210734375 0.1343560234375 0.5076526875 0.0618407671875 0.440384175 0.0419576046875 0.4421083828125 0.08850380625 0.5520492625 0.1344675984375 0.5522210734375 0.1343560234375
0 0.4739365703125 0.24076178124999997 0.46061716875 0.1844547390625 0.457570640625 0.1738302359375 0.3926472578125 0.11517223593749999 0.3785321234375 0.1588453921875 0.4730844796875 0.2410061140625 0.4739365703125 0.24076178124999997
0 0.3650033359375 0.1908730125 0.44506710156249996 0.098603428125 0.4441630734375 0.09703760624999999 0.3771301421875 0.11787964531249999 0.3334991171875 0.17666235156250001 0.36229304375 0.1916501765625 0.3650033359375 0.1908730125
0 0.313032903125 0.2828164578125 0.38740632656249996 0.1905846078125 0.3869569734375 0.1892016484375 0.3166660171875 0.20425256875 0.26305585468750003 0.2742266015625 0.30779493125 0.28451837812499997 0.313032903125 0.2828164578125
0 0.36412920937500004 0.11692116875 0.3853982671875 0.06466743124999999 0.364296271875 0.014954248437500001 0.36038374218749997 0.0081775484375 0.344568203125 0.014890846874999999 0.32765226875 0.0981678890625 0.3610346625 0.1182347265625 0.36412920937500004 0.11692116875
0 0.30269230625 0.2417721 0.34874061093750003 0.215075040625 0.36675611875 0.20198600781249998 0.3870286328125 0.12923869062499999 0.38655700937500004 0.1285895546875 0.344798509375 0.12851279375 0.30245573281250004 0.24144648281249997 0.30269230625 0.2417721
0 0.3445178375 0.22992028593749997 0.301807378125 0.2170891875 0.301686603125 0.2171284296875 0.2277534625 0.31595516562500003 0.2279250125 0.31625229843749997 0.2523778125 0.30872367500000003 0.29524040625 0.294796775 0.3451092359375 0.231740425 0.3445178375 0.22992028593749997
0 0.3030390953125 0.327731846875 0.2696385109375 0.2834641328125 0.2575470515625 0.26905409375 0.18077471875 0.24377852500000002 0.182709175 0.2882427625 0.302688271875 0.32802622187499997 0.3030390953125 0.327731846875
0 0.36061105000000004 0.24607125624999998 0.3444817484375 0.21813448593749998 0.31868339375 0.178408503125 0.24714619375 0.1534491140625 0.24592636250000002 0.19658744374999998 0.36061105000000004 0.24607125624999998
0 0.29182041875000003 0.155158475 0.3158533328125 0.040912053125 0.3094871 0.0373259390625 0.27885083125 0.0503302625 0.265708034375 0.0579182609375 0.2573311203125 0.08165958125 0.2574294625 0.0818912609375 0.2915109296875 0.1552898453125 0.29182041875000003 0.155158475
0 0.2504733265625 0.183988296875 0.2602019703125 0.07095563125 0.25838455 0.0679309375 0.25266075 0.06545111406250001 0.2264137609375 0.0806048203125 0.2126298171875 0.0888870484375 0.20690791874999998 0.1166354109375 0.2495619125 0.1845145015625 0.2504733265625 0.183988296875
0 0.207429471875 0.21244811718749998 0.2094495078125 0.0933141375 0.20873470156249999 0.092254396875 0.207090240625 0.091761259375 0.1790770171875 0.1079347015625 0.1672813921875 0.11589095 0.16403381875 0.14751228593750002 0.20633968593750002 0.2130773046875 0.207429471875 0.21244811718749998
0 0.1932708453125 0.175661325 0.2066132234375 0.135820390625 0.20503408125 0.1341269703125 0.1330049375 0.13930219531250002 0.07654213125 0.1905088484375 0.0750341859375 0.19191503125 0.193201265625 0.175726209375 0.1932708453125 0.175661325
0 0.08513544843750001 0.2414142 0.12016695625 0.2607828390625 0.12149559531250001 0.260046359375 0.13509715625000002 0.1961850953125 0.133842121875 0.1939209515625 0.128670103125 0.1849627515625 0.107556915625 0.149864309375 0.092951134375 0.15796042500000002 0.0849832609375 0.2411396453125 0.08513544843750001 0.2414142
0 0 0.2703021921875 0.041178853125 0.2704375078125 0.0416872828125 0.27004027656249996 0.05830115625 0.2273659609375 0 0.22474900781249998 0 0.2703021921875
1 0.332587209375 0.4975325421875 0.3325756484375 0.4975125171875 0.25444309062500003 0.5296415156250001 0.21999767499999998 0.597591965625 0.26116199687499997 0.607810365625 0.332587209375 0.4975325421875
1 0.4692366609375 0.5237703015624999 0.46464599843750004 0.48064133125 0.464289159375 0.4801317140625 0.35734064375 0.4388342734375 0.39585821875 0.49926087812500003 0.4691935390625 0.5238004953125001 0.4692366609375 0.5237703015624999
1 0.691896659375 0.3250384953125 0.75753871875 0.36033105 0.76049418125 0.3586247125 0.765571596875 0.3208775234375 0.76486001875 0.3194185734375 0.6576797265625001 0.25460984375 0.691896659375 0.3250384953125
1 0.82835394375 0.23999433125 0.7881591828125 0.2270544453125 0.71404906875 0.327663721875 0.7915269625 0.3025620140625 0.8295657249999999 0.2431511328125 0.82835394375 0.23999433125
1 0.8031432453124999 0.3832723984375 0.8062460921874999 0.33481489375 0.8048266203125 0.332787678125 0.687827209375 0.2944523453125 0.7209040859375 0.3549517640625 0.80139759375 0.3844947171875 0.8031432453124999 0.3832723984375
1 0.8126568203125 0.2929559953125 0.8577463562500001 0.175093928125 0.8571645671875 0.1742931640625 0.7888710796875 0.2244253046875 0.7658020109375 0.294386221875 0.8095912953125 0.29518322812500003 0.8126568203125 0.2929559953125
1 0.8498195562499999 0.37119653124999996 0.8536694796875001 0.3387208984375 0.8517161453125001 0.334715971875 0.741878115625 0.2545921625 0.7680065921875 0.3317108953125 0.8482321562499999 0.3719707578125 0.8498195562499999 0.37119653124999996
1 0.8869493937499999 0.1767234484375 0.8425616171874999 0.185927528125 0.814495115625 0.2681293421875 0.8600797953124999 0.2678407859375 0.8878368234374999 0.1779908296875 0.8869493937499999 0.1767234484375
1 0.8193381640625 0.18263519687500002 0.8228940031249999 0.098047040625 0.8212587125 0.09587693750000001 0.7800291484375 0.081512321875 0.785429946875 0.16631634374999998 0.81880359375 0.183038025 0.8193381640625 0.18263519687500002
1 0.7024010406250001 0.209866884375 0.74484831875 0.091497903125 0.7444816203125 0.090490409375 0.7027026359375 0.0603105125 0.678627134375 0.1420326140625 0.7012541390625 0.21028432187499999 0.7024010406250001 0.209866884375
1 0.7144411328125 0.1664157859375 0.7333221578125 0.115214925 0.6470628046875 0.1252086375 0.590381103125 0.1795853640625 0.7115507640625001 0.16901828593749998 0.7144411328125 0.1664157859375
1 0.78176709375 0.1807019671875 0.7976755125 0.1687141109375 0.7968620578125 0.16730516875 0.6750190703125 0.16816510625 0.6549787484375 0.2120349984375 0.7293626109375 0.2172074609375 0.78176709375 0.1807019671875
1 0.5937475812499999 0.2104094984375 0.6441867578125 0.2579824125 0.64520499375 0.2573945328125 0.6347606 0.1476164 0.63128063125 0.14413643125 0.5828325125 0.1266430640625 0.5937475812499999 0.2104094984375
1 0.6043448421875001 0.1790511671875 0.5667759125 0.1421949109375 0.5393330781250001 0.2300311921875 0.56727716875 0.2861459921875 0.605519365625 0.1826659796875 0.6043448421875001 0.1790511671875
1 0.7014093984375 0.22459092187500002 0.74333298125 0.1839650875 0.742924778125 0.18325805781249999 0.619875640625 0.20252625625 0.6095849296875 0.24437939375 0.6787895078124999 0.24495796250000001 0.7014093984375 0.22459092187500002
1 0.6090504984375 0.314729746875 0.6504790484375 0.20081114218749999 0.6493349515625 0.1972899703125 0.6168043734374999 0.16959490625 0.5849484687500001 0.2262678640625 0.608398809375 0.314006578125 0.6086735734375 0.3148522171875 0.6090504984375 0.314729746875
1 0.6840043578125 0 0.6693098015625 0.05392338125 0.7031811421875 0.061490195312499996 0.7300244703125001 0 0.6840043578125 0
1 0.6143746218749999 0 0.6338809046875 0.047924256250000005 0.710289775 0.09620761718750001 0.7130072000000001 0.0948822421875 0.7205361625 0.0526657859375 0.71958156875 0.050708581249999995 0.637845415625 0 0.6143746218749999 0
1 0.519191953125 0.0835612234375 0.6532919171875 0.11863438906249998 0.65244214375 0.11716253750000001 0.63110758125 0.09361686875 0.6018456203125 0.06223725625 0.5129263609375 0.036105637499999996 0.519191953125 0.0835612234375
1 0.47933604062499996 0.0980614984375 0.57905640625 0.174702725 0.5792528390625 0.174589315625 0.5686028765625 0.138114140625 0.5580368140624999 0.1074280671875 0.4923063859375 0.055630231249999995 0.47933604062499996 0.0980614984375
1 0.45984064062499996 0.0324382890625 0.35215846093750003 0.008006082812499999 0.3426024125 0.013523270312499999 0.324651659375 0.03653360625 0.387217515625 0.0646298546875 0.4509126046875 0.0375928921875 0.45984064062499996 0.0324382890625
1 0.4518701078125 0.2337933546875 0.42365190625000004 0.19924004374999998 0.4082365453125 0.18270909375 0.3243651140625 0.1632743015625 0.330585896875 0.20968297656249998 0.45131488593749997 0.23431110624999998 0.4518701078125 0.2337933546875
1 0 0.234449159375 0.1045839328125 0.231865 0.10518012031249999 0.23144754375 0.11690382031249999 0.1973667359375 0.049338625000000004 0.18763806562500002 0 0.22124308906249998 0 0.234449159375