0 0.2787769784172662 0.059967585089141004 0.17985611510791366 0.06320907617504051 0.21402877697841727 0.2106969205834684 0.31654676258992803 0.24311183144246354
1 0.3920863309352518 0.09076175040518639 0.28597122302158273 0.059967585089141004 0.32014388489208634 0.24473257698541329 0.4244604316546763 0.28038897893030795
0 0.4856115107913669 0.11993517017828201 0.38669064748201437 0.0940032414910859 0.4226618705035971 0.2787682333873582 0.5269784172661871 0.31118314424635335
1 0.591726618705036 0.1539708265802269 0.49280575539568344 0.11831442463533225 0.5233812949640287 0.3079416531604538 0.6258992805755396 0.34359805510534847
0 0.5899280575539568 0.15883306320907617 0.6241007194244604 0.3500810372771475 0.7194244604316546 0.37439222042139386 0.6960431654676259 0.19773095623987033
1 0.044964028776978415 0.32901134521880065 0.210431654676259 0.20745542949756887 0.3147482014388489 0.2479740680713128 0.14928057553956833 0.37439222042139386
1 0.31654676258992803 0.24311183144246354 0.1474820143884892 0.36304700162074555 0.2607913669064748 0.4051863857374392 0.4244604316546763 0.2787682333873582
1 0.5251798561151079 0.31766612641815234 0.42985611510791366 0.2771474878444084 0.25539568345323743 0.39708265802269044 0.35431654676258995 0.4473257698541329
1 0.6276978417266187 0.3500810372771475 0.5197841726618705 0.3095623987034036 0.35071942446043164 0.42787682333873583 0.46223021582733814 0.47649918962722854
1 0.7284172661870504 0.3889789303079417 0.6276978417266187 0.34683954619124796 0.4568345323741007 0.46353322528363045 0.5755395683453237 0.5056726094003241
0 0.08273381294964029 0.513776337115073 0.1906474820143885 0.539708265802269 0.22482014388489208 0.7277147487844409 0.1079136690647482 0.6920583468395461
1 0.18165467625899281 0.5380875202593193 0.21762589928057555 0.7325769854132901 0.34172661870503596 0.7633711507293355 0.29676258992805754 0.5721231766612642
1 0.28597122302158273 0.5753646677471637 0.3183453237410072 0.7585089141004863 0.43345323741007197 0.7974068071312804 0.39748201438848924 0.6045380875202593
1 0.3830935251798561 0.6094003241491086 0.4226618705035971 0.8055105348460292 0.5323741007194245 0.8314424635332253 0.5035971223021583 0.6369529983792545
1 0.48201438848920863 0.646677471636953 0.5215827338129496 0.8379254457050244 0.6241007194244604 0.8346839546191248 0.5863309352517986 0.6418152350081038
1 0.13309352517985612 0.7649918962722853 0.15827338129496402 0.9546191247974068 0.2670863309352518 0.940032414910859 0.22841726618705036 0.766612641815235
1 0.3381294964028777 0.8022690437601296 0.2302158273381295 0.7714748784440842 0.25719424460431656 0.9416531604538088 0.3669064748201439 0.9773095623987034
1 0.44964028776978415 0.839546191247974 0.3363309352517986 0.8006482982171799 0.36330935251798563 0.9837925445705025 0.46672661870503596 0.9829821717990276