0 0.10098521256931609 0.17123104693140792 0.01543992606284658 0.3253104693140794 0.11458780036968576 0.32040252707581224 0.19393530499075784 0.18188267148014442
1 0.1123271719038817 0.3249097472924188 0.20848059149722736 0.3250667870036101 0.28991682070240293 0.1766335740072202 0.18672643253234752 0.1749783393501805
1 0.20783733826247688 0.32495306859205775 0.3210591497227357 0.33343682310469314 0.4129852125693161 0.17235920577617328 0.2853068391866913 0.17525451263537906
1 0.47909242144177455 0.17787003610108304 0.3702125693160813 0.3288754512635379 0.4946931608133087 0.323 0.5675914972273568 0.18793682310469315
1 0.5630591497227357 0.18883574007220216 0.6614140480591497 0.19912093862815886 0.5898040665434381 0.3197129963898917 0.4931441774491682 0.3187653429602888
1 0.6483715341959335 0.18883574007220216 0.756634011090573 0.1801317689530686 0.6849463955637708 0.32419314079422384 0.5967467652495378 0.31812996389891696
1 0.7592772643253235 0.19994404332129964 0.6906173752310536 0.32460649819494586 0.7884251386321627 0.3240523465703971 0.8587634011090574 0.2003140794223827
0 0.7848706099815157 0.31380144404332133 0.89347134935305 0.31532129963898914 0.9536802218114603 0.19647833935018053 0.8534436229205176 0.1645379061371841
0 0.7796617375231054 0.32209566787003613 0.8997541589648799 0.3234783393501805 0.7842883548983365 0.48393140794223827 0.6869630314232902 0.4811263537906137
0 0.5829667282809612 0.3151895306859206 0.6840295748613678 0.3223339350180506 0.5986894639556377 0.4906949458483755 0.504007393715342 0.48044404332129964
0 0.6849353049907578 0.6867942238267147 0.7958410351201479 0.6895703971119134 0.8489833641404806 0.8225361010830325 0.7722680221811461 0.8504368231046932
0 0.4844343807763401 0.6890342960288809 0.6042495378927911 0.695889891696751 0.7049685767097966 0.887601083032491 0.5816783733826247 0.8672996389891696
0 0.19906099815157116 0.6859205776173285 0.28866173752310537 0.6907202166064982 0.37491866913123845 0.8562509025270758 0.29262661737523105 0.8539079422382672
0 0.004266173752310536 0.8733682310469314 0.09646580406654344 0.8643971119133573 0.17392421441774492 1 0.07851386321626617 0.9962671480144405
0 0.12228096118299445 0.8608718411552346 0.2083641404805915 0.8591317689530686 0.2815249537892791 0.9998194945848375 0.1767615526802218 1
0 0.20190573012939 0.8636498194945849 0.2993253234750462 0.8521931407942238 0.36935304990757856 0.9987942238267148 0.2752310536044362 0.9953068592057761
1 0.29006099815157116 0.8524025270758122 0.3837818853974122 0.8548808664259927 0.45160998151571163 0.9902274368231048 0.3608761552680222 0.9927815884476534
0 0.3014362292051756 0.8539296028880866 0.3889260628465804 0.857 0.4640683918669131 0.9991480144404332 0.3711682070240296 0.9986209386281588
0 0.3995452865064695 0.869202166064982 0.4974824399260628 0.8638339350180506 0.5660258780036969 1 0.4719778188539741 0.996667870036101
0 0.500815157116451 0.8686552346570398 0.5870480591497228 0.863312274368231 0.6563641404805916 1 0.5620388170055453 0.9997057761732852
0 0.5886543438077634 0.8664259927797834 0.7094454713493531 0.8991480144404332 0.7634713493530499 1 0.6555859519408503 1
0 0.11165064695009241 0.3318736462093863 0.2163456561922366 0.32276173285198556 0.12364140480591497 0.4992382671480144 0.026066543438077634 0.4853898916967509
1 0.20759334565619225 0.3249097472924188 0.3180536044362292 0.33144584837545127 0.2134695009242144 0.4937653429602888 0.11504436229205176 0.4937653429602888
1 0.3782162661737523 0.3304638989169675 0.47095563770794824 0.3848212996389892 0.3917966728280961 0.4915415162454874 0.3067800369685767 0.4813231046931408
1 0.49480961182994454 0.3249097472924188 0.5723678373382625 0.3588086642599278 0.4960258780036969 0.4961895306859206 0.3902421441774492 0.48862274368231046
1 0.6824972273567468 0.3150505415162455 0.8076543438077634 0.32013357400722026 0.6967707948243992 0.4972057761732852 0.5964288354898336 0.4876263537906137
0 0.28010720887245844 0.32615884476534296 0.3884085027726432 0.3427129963898917 0.30459149722735673 0.4856263537906137 0.21575785582255083 0.48269675090252706
1 0.011968576709796673 0.6956209386281589 0.1091109057301294 0.6941227436823104 0.18861367837338264 0.8465126353790614 0.0841460258780037 0.8583194945848376
1 0.10014232902033271 0.6862870036101083 0.21134750462107207 0.6854891696750903 0.29190573012939003 0.8520595667870036 0.18484288354898337 0.8529981949458484
1 0.2872181146025878 0.6857815884476535 0.39416266173752307 0.6866552346570397 0.4705878003696858 0.8433231046931409 0.38092791127541586 0.8584007220216606
1 0.40238817005545285 0.6871696750902527 0.4784085027726433 0.6871696750902527 0.5650646950092422 0.8529765342960288 0.4693216266173752 0.8586768953068592
1 0.590075785582255 0.6899476534296028 0.6910776340110906 0.6829675090252707 0.784898336414048 0.8520324909747292 0.7006580406654344 0.8966606498194946
1 0.8844750462107208 0.31536642599277975 0.968536044362292 0.37044584837545125 0.8818964879852126 0.4859620938628159 0.777090573012939 0.4787545126353791