0 0.5377996575342465 0.1518890942698706 0.5684691780821918 0.18880776340110905 0.5069178082191781 0.25887430683918666 0.4715445205479452 0.2249112754158965
1 0.6230239726027398 0.23745286506469498 0.6549297945205479 0.2856451016635859 0.5913202054794521 0.34690203327171903 0.5549948630136987 0.31184473197781887
1 0.5993150684931506 0.2189685767097967 0.6266061643835616 0.24878743068391865 0.5596969178082192 0.31750462107208877 0.5256712328767124 0.286728280961183
1 0.601625 0.21592975970425138 0.5319434931506849 0.29053789279112757 0.5043030821917808 0.2548927911275416 0.5671986301369863 0.18821441774491682
1 0.6783458904109589 0.3085452865064695 0.7119948630136986 0.3427486136783734 0.6477722602739726 0.415184842883549 0.6092756849315069 0.37447874306839185
1 0.6533184931506849 0.27726432532347506 0.6807945205479452 0.31024029574861367 0.6202979452054795 0.3793770794824399 0.5862311643835616 0.34544177449168206
1 0.7837191780821918 0.4237171903881701 0.825041095890411 0.46724399260628463 0.7577876712328767 0.5396321626617375 0.7199657534246575 0.49441035120147875
1 0.7586934931506849 0.3867486136783734 0.8093270547945205 0.43858595194085026 0.7317842465753425 0.5173604436229206 0.6889708904109588 0.46817190388170055
1 0.7323493150684932 0.3583105360443623 0.7731866438356164 0.40716451016635863 0.7053835616438356 0.47606469500924214 0.6635633561643836 0.43719038817005546
1 0.7060068493150685 0.33413863216266176 0.7410650684931507 0.3729353049907579 0.6770342465753424 0.4493382624768947 0.6395770547945205 0.4076432532347505
1 0.8478082191780822 0.48564510166358593 0.786138698630137 0.5629149722735675 0.7523852739726027 0.5217264325323475 0.8207551369863014 0.4542698706099815
0 0.8746044520547945 0.5175600739371534 0.9090051369863015 0.5556617375231053 0.8412482876712328 0.6229390018484288 0.8081746575342466 0.5872144177449168
0 0.8825085616438356 0.5175600739371534 0.8116986301369863 0.5947689463955638 0.7827054794520548 0.5502513863216266 0.8465325342465754 0.49197227356746764
0 0.9075342465753424 0.5516857670979667 0.9490616438356163 0.5942181146025878 0.8762311643835616 0.6627301293900184 0.8384383561643836 0.6189907578558226
0 0.9365119863013699 0.5744343807763401 0.973068493150685 0.6210073937153419 0.9036232876712329 0.6914048059149723 0.8743219178082191 0.6522550831792976
0 0.5097465753424658 0.11659334565619223 0.5471729452054794 0.15823844731977818 0.47790924657534245 0.2319981515711645 0.4438784246575343 0.1968502772643253
1 0.47550000000000003 0.09242144177449169 0.5146147260273973 0.1267634011090573 0.44911130136986305 0.19944547134935306 0.41629452054794525 0.162365988909427
1 0.4465479452054794 0.06173382624768947 0.4797294520547945 0.09587060998151571 0.42327226027397263 0.16538632162661737 0.3926832191780822 0.13284473197781885
1 0.42017979452054793 0.03839001848428835 0.45308219178082193 0.06786136783733826 0.3971746575342466 0.13248983364140482 0.3600924657534247 0.10408502772643254
1 0.3885667808219178 0.008530499075785583 0.41679794520547947 0.04832162661737523 0.3665513698630137 0.11037892791127542 0.3344075342465754 0.06882255083179296
1 0.3108527397260274 0.042656192236598896 0.3667003424657534 0 0.3939178082191781 0.020390018484288355 0.3380051369863014 0.06832162661737523
1 0.9338784246575342 0.4549981515711645 0.8741986301369863 0.5196432532347505 0.9128698630136987 0.5591996303142329 0.9687517123287671 0.4891164510166359
1 0.9022654109589041 0.4208724584103512 0.8472996575342465 0.49342144177449165 0.8807328767123287 0.5248133086876154 0.9380924657534246 0.4551201478743068
1 0.8779794520547946 0.3930129390018484 0.8177705479452054 0.4570702402957486 0.8489195205479452 0.4984750462107209 0.913708904109589 0.42512754158964877
1 0.8535308219178082 0.3583105360443623 0.7947260273972603 0.4233327171903882 0.8233784246575343 0.4644787430683918 0.8888681506849316 0.3945859519408503
1 0.8206010273972603 0.3284510166358595 0.764070205479452 0.3968964879852126 0.793681506849315 0.4380351201478743 0.8580325342465753 0.36162661737523105
1 0.7916232876712329 0.3014362292051756 0.7398664383561644 0.36186506469500923 0.7673065068493151 0.4040887245841035 0.8285547945205479 0.33622181146025876
1 0.7639623287671233 0.2715767097966728 0.7082756849315068 0.33431608133086876 0.73575 0.37430129390018485 0.7996746575342466 0.3038243992606285
1 0.7336678082191781 0.24171719038817008 0.6784383561643836 0.31040665434380776 0.7075342465753425 0.3418983364140481 0.7726780821917809 0.27506469500924213
1 0.7086404109589041 0.21185767097966726 0.6493219178082192 0.276369685767098 0.681138698630137 0.3222532347504621 0.7457688356164384 0.248909426987061
1 0.6796626712328767 0.182 0.6197979452054795 0.24646580406654342 0.6516986301369863 0.2856451016635859 0.7151746575342466 0.21368576709796672
1 0.6546369863013699 0.1478743068391867 0.5916335616438356 0.2214898336414048 0.6235496575342466 0.2539981515711645 0.6902517123287671 0.1805822550831793
1 0.6300993150684931 0.12558595194085026 0.5638184931506849 0.18332162661737525 0.5991198630136987 0.22346025878003697 0.6631678082191781 0.1523290203327172
1 0.5956832191780822 0.08545101663585952 0.5383544520547945 0.1542162661737523 0.5671575342465753 0.18966358595194086 0.6355428082191781 0.12319223659889095
1 0.5756061643835616 0.05118669131238447 0.5095051369863014 0.1225637707948244 0.5410102739726027 0.16733641404805916 0.6104126712328767 0.09135489833641405
1 0.5466284246575343 0.022750462107208873 0.47974999999999995 0.09100554528650648 0.512056506849315 0.12648983364140481 0.5802568493150685 0.058713493530499074
1 0.5176506849315068 0 0.45211472602739733 0.06410536044362292 0.4849982876712328 0.095543438077634 0.556707191780822 0.027815157116451016
1 0.9457328767123288 0.16493715341959334 0.9838373287671234 0.20872088724584104 0.9233664383561644 0.27720887245841036 0.8858373287671232 0.2387966728280961
1 0.9138373287671233 0.13198890942698707 0.8479520547945205 0.20326062846580406 0.884957191780822 0.23959519408502775 0.9541712328767123 0.1680739371534196
1 0.8574811643835617 0.07962476894639556 0.8892739726027398 0.11477079482439927 0.8175753424657535 0.17516820702402958 0.794277397260274 0.14550277264325323
1 0.886458904109589 0.10095194085027727 0.9191626712328768 0.1382550831792976 0.8446900684931506 0.20575970425138632 0.8211147260273973 0.17364510166358593
1 0.8012756849315068 0.015245841035120146 0.8306900684931506 0.04693345656192236 0.7641421232876713 0.11814787430683918 0.7387654109589041 0.08432347504621072
1 0.7096695205479452 0.04890388170055453 0.7398972602739726 0.08556192236598892 0.8088904109589041 0.00699815157116451 0.7687773972602739 0
1 0.6796626712328767 0.017062846580406653 0.7121900684931507 0.052536044362292054 0.7651506849315068 0
1 0.8638664383561644 0.07561922365988909 0.9327414383561644 0.000532347504621072 0.9552722602739726 0.03259149722735675 0.8910136986301369 0.10973382624768946
1 0.11683219178082192 0.12074861367837339 0.15508732876712328 0.16149907578558226 0.22901369863013699 0.08797781885397411 0.1814777397260274 0.04679482439926062
1 0.08825 0.0838909426987061 0.12785787671232876 0.1334158964879852 0.1986678082191781 0.05312569316081331 0.15787157534246576 0.01668391866913124
1 0.06322431506849316 0.06114048059149722 0.09846404109589041 0.10664510166358596 0.16895890410958903 0.026759704251386324 0.12827568493150684 0.0011940850277264326
1 0.04083219178082192 0.035547134935304994 0.06700171232876712 0.06897781885397412 0.13512842465753425 0.001654343807763401 0.07475513698630136 0
1 0.20679623287671234 0.0767800369685767 0.2549965753424658 0.12544731977818854 0.1747414383561644 0.20241035120147874 0.14875342465753424 0.15832162661737523
1 0.26846746575342467 0.14814048059149723 0.30233904109589044 0.1869426987060998 0.24063184931506848 0.24472273567467653 0.20513527397260276 0.2179463955637708
1 0.4452054794520548 0.48343438077634016 0.49332876712328766 0.528913123844732 0.5637106164383562 0.44347319778188543 0.5214058219178082 0.41273567467652494
1 0.4847208904109589 0.3810609981515712 0.5343664383561644 0.4287818853974122 0.4549349315068493 0.5114731977818854 0.4233030821917808 0.45637523105360445
1 0.4570599315068493 0.3440924214417745 0.5091558219178082 0.3960184842883549 0.4330582191780822 0.47312754158964876 0.393347602739726 0.4281109057301294
1 0.42939897260273974 0.3142329020332717 0.4843664383561644 0.3720683918669131 0.4020428082191781 0.44458964879852125 0.36203253424657533 0.40126617375231055
1 0.40173801369863016 0.29006099815157116 0.45069006849315063 0.335 0.3719897260273972 0.41110351201478745 0.33224657534246577 0.3716192236598891
1 0.3785804794520548 0.2501035120147875 0.4228698630136986 0.306550831792976 0.3488458904109589 0.38532717190388166 0.31062671232876715 0.3313456561922366
1 0.3490513698630137 0.22749907578558226 0.38859246575342465 0.26711645101663584 0.32516780821917807 0.3413826247689464 0.284638698630137 0.30770055452865064
1 0.32929452054794517 0.20190573012939 0.3624349315068493 0.2425120147874307 0.29255650684931506 0.310550831792976 0.2636866438356164 0.277909426987061
1 0.29226369863013696 0.16970240295748612 0.33543664383561644 0.21393530499075786 0.26728938356164383 0.2877227356746765 0.23551198630136985 0.24868207024029576
1 0.5453116438356164 0.43793530499075783 0.5943287671232877 0.4854731977818854 0.5104726027397261 0.5629426987060998 0.4797756849315069 0.5233197781885397
1 0.6002928082191781 0.49331053604436226 0.6448664383561643 0.5508410351201478 0.5758527397260274 0.619890942698706 0.5389263698630137 0.5805674676524953
1 0.5769229452054795 0.4677948243992606 0.6186352739726028 0.5169149722735675 0.5530034246575343 0.5852162661737522 0.5117739726027397 0.5483807763401108
1 0.6605222602739727 0.5613160813308689 0.7029760273972603 0.6088872458410352 0.6231626712328767 0.6870240295748614 0.591 0.6408909426987061
1 0.6327996575342466 0.5271515711645102 0.6803373287671233 0.5804990757855822 0.6022842465753424 0.6556543438077634 0.5687876712328768 0.6189685767097968
1 0.7507910958904109 0.6526377079482439 0.7858133561643836 0.69381146025878 0.7120462328767123 0.7742236598890943 0.6756335616438356 0.7303345656192236
1 0.717861301369863 0.6213567467652495 0.7579366438356164 0.6679445471349353 0.6858270547945206 0.7452033271719039 0.6517808219178082 0.6975878003696857
1 0.6851421232876712 0.582365988909427 0.7321900684931507 0.6366802218114603 0.6581763698630136 0.7146395563770795 0.6225051369863014 0.671822550831793
1 0.8561643835616438 0.783449168207024 0.8925565068493151 0.8188798521256931 0.8228030821917808 0.8913567467652496 0.7881438356164384 0.8549537892791127
1 0.8298202054794521 0.7393715341959335 0.8794058219178081 0.7970406654343808 0.8001541095890411 0.8631792975970426 0.7582140410958904 0.8256007393715341
1 0.8047945205479452 0.7109334565619224 0.8449743150684931 0.764003696857671 0.7694623287671233 0.8290776340110906 0.7322876712328767 0.7884473197781886
1 0.7784503424657534 0.6839186691312384 0.812986301369863 0.7223308687615527 0.7402945205479452 0.7961515711645102 0.709222602739726 0.7624935304990759
1 0.8851421232876713 0.8061996303142329 0.9138013698630136 0.8423068391866912 0.852361301369863 0.9139722735674677 0.8198082191780821 0.8801201478743068
1 0.9118510273972602 0.840724584103512 0.9545102739726027 0.8887449168207023 0.8841489726027396 0.9482587800369686 0.848111301369863 0.9198539741219963
1 0.09220205479452054 0.08531238447319779 0.13267979452054796 0.1348502772643253 0.06422260273972603 0.2075489833641405 0.024101027397260274 0.15764879852125693
1 0.06283390410958904 0.06084658040665434 0.09747089041095891 0.10355822550831793 0.03928938356164383 0.17458410351201478 0.0024383561643835615 0.13073382624768948
1 0.03688013698630137 0.03839001848428835 0.06788527397260274 0.071815157116451 0.002958904109589041 0.13829390018484286 0.0016986301369863014 0.07264879852125693
1 0.14696232876712328 0.1415656192236599 0.1956267123287671 0.1922569316081331 0.1264332191780822 0.26760628465804065 0.08124828767123288 0.21924584103512013
1 0.11986301369863013 0.11943622920517559 0.1614212328767123 0.16466543438077635 0.0913013698630137 0.23493530499075785 0.0582277397260274 0.1956894639556377
1 0.1979931506849315 0.2069648798521257 0.24643493150684934 0.25968576709796676 0.17947602739726026 0.3272347504621072 0.12960787671232876 0.2829075785582255
1 0.2264931506849315 0.24146210720887246 0.2699075342465754 0.2878669131238447 0.20251027397260274 0.3515619223659889 0.16952397260273971 0.3139279112754159
1 0.30690239726027396 0.3369833641404806 0.34878938356164385 0.3832883548983364 0.2819263698630137 0.4482550831792976 0.24528253424657534 0.40643807763401113
1 0.29241267123287673 0.3099667282809612 0.3210821917808219 0.3446524953789279 0.24887499999999999 0.41998521256931604 0.2189246575342466 0.3749353049907579
1 0.25289726027397263 0.2744214417744917 0.29816609589041093 0.3130499075785583 0.2255 0.3878484288354898 0.19734931506849315 0.3492458410351202
1 0.42939897260273974 0.46210720887245843 0.36784760273972605 0.5353992606284659 0.33229280821917806 0.48913308687615525 0.39516267123287674 0.42402772643253234
1 0.40964212328767124 0.42940480591497227 0.3397482876712329 0.5027800369685768 0.3080291095890411 0.457913123844732 0.37498287671232877 0.3962902033271719
1 0.33602397260273975 0.36200924214417746 0.37982534246575345 0.40237707948243995 0.3189777397260274 0.46929944547134933 0.2830325342465753 0.43130314232902034
1 0.48076883561643835 0.5118724584103512 0.5218441780821917 0.5556561922365989 0.4506284246575342 0.6271275415896488 0.4107328767123288 0.584543438077634
1 0.4521558219178083 0.4850240295748614 0.4938578767123288 0.5202255083179298 0.4295222602739726 0.6016062846580407 0.38673972602739726 0.5576395563770795
1 0.4204366438356164 0.4512939001848429 0.4665530821917808 0.49707024029574864 0.4011883561643836 0.5673974121996302 0.3616575342465753 0.527641404805915
1 0.5053938356164384 0.5357060998151572 0.5552054794520548 0.5928687615526802 0.4849931506849315 0.6615304990757855 0.4453184931506849 0.6095378927911276
1 0.5367397260273973 0.5941293900184842 0.5712996575342466 0.631109057301294 0.5098133561643835 0.6889944547134935 0.4757003424657535 0.6486099815157117
1 0.5619811643835616 0.7441090573012938 0.6274691780821918 0.6667892791127542 0.5939897260273972 0.634547134935305 0.5275239726027398 0.6989038817005546
1 0.5957191780821918 0.6368743068391867 0.5339452054794521 0.720637707948244 0.5085479452054795 0.6705545286506469 0.5700804794520549 0.6071719038817006
1 0.6217071917808219 0.6682772643253235 0.65725 0.7116617375231054 0.5859537671232877 0.7740573012939002 0.5584366438356164 0.736739371534196
1 0.6473921232876713 0.6947985212569316 0.6844948630136987 0.7370443622920517 0.6176575342465753 0.7989463955637708 0.5865958904109589 0.767558225508318
1 0.7033715753424657 0.7535896487985213 0.7370890410958904 0.802833641404806 0.6752636986301369 0.8680166358595194 0.6403321917808219 0.8254621072088725
1 0.669125 0.7294177449168208 0.7097876712328768 0.7714861367837339 0.6419691780821918 0.8382476894639557 0.6143852739726027 0.8028502772643253
1 0.7632465753424658 0.8108484288354898 0.8029417808219178 0.8563641404805915 0.7285993150684932 0.9217486136783734 0.6918715753424658 0.8788817005545287
1 0.7270804794520548 0.7806062846580406 0.7703373287671234 0.8303937153419593 0.7067619863013699 0.8944713493530498 0.6766883561643835 0.8651515711645102
1 0.8192842465753425 0.881558225508318 0.8576917808219178 0.9197153419593345 0.7890291095890412 0.9933974121996303 0.7518082191780822 0.9462865064695009
1 0.7903047945205479 0.8460110905730129 0.8322756849315068 0.889101663585952 0.7690565068493151 0.9577948243992607 0.7307962328767124 0.9196099815157117
1 0.1251318493150685 0.41945101663585954 0.15478938356164385 0.44770609981515713 0.09607705479452056 0.5245471349353049 0.05579452054794521 0.4796635859519408
1 0.09878767123287671 0.38248243992606284 0.12679280821917807 0.42018484288354896 0.06352739726027397 0.48763955637707945 0.03246575342465754 0.45810905730129386
1 0.0990359589041096 0.3863974121996303 0.036535958904109586 0.45571903881700554 0.006816780821917808 0.4228724584103512 0.07379794520547946 0.351818853974122
1 0.040755136986301364 0.3159944547134935 0.0750222602739726 0.36158780036968574 0.006190068493150685 0.4274879852125693 0.003154109589041096 0.37213493530499075
1 0.006585616438356165 0.29290573012939 0.04892123287671233 0.3251626617375231 0 0.38173752310536047
1 0.14904623287671234 0.4427837338262477 0.18557191780821916 0.48771164510166354 0.11859760273972603 0.550373382624769 0.08573458904109589 0.5143049907578557
1 0.21470034246575342 0.5033419593345656 0.2421181506849315 0.5379500924214418 0.16962842465753425 0.6125914972273567 0.13639383561643836 0.5745286506469501
1 0.17682020547945207 0.4719279112754159 0.21567294520547944 0.5124953789279113 0.15392979452054795 0.5825711645101663 0.11918321917808218 0.5455748613678374
1 0.29198630136986303 0.5871256931608133 0.3303082191780822 0.6318151571164511 0.2578373287671233 0.707985212569316 0.22386301369863013 0.6724436229205175
1 0.2648595890410959 0.5593937153419594 0.3028013698630137 0.608003696857671 0.2287106164383562 0.6800979667282809 0.19569349315068493 0.6442902033271719
1 0.23314041095890412 0.5275138632162661 0.27444006849315067 0.5722624768946395 0.2005445205479452 0.6468669131238447 0.16975684931506851 0.6074935304990757
1 0.3187568493150685 0.617090573012939 0.3566044520547945 0.6640240295748614 0.2856729452054794 0.736550831792976 0.2564178082191781 0.6967652495378928
1 0.38988356164383564 0.7009815157116451 0.4364332191780822 0.7542014787430684 0.3717671232876712 0.8261330868761553 0.3341866438356164 0.7868595194085027
1 0.37331164383561644 0.6794972273567468 0.4092654109589041 0.7183548983364141 0.3463921232876712 0.7919426987060998 0.312736301369863 0.7591663585951941
1 0.34378253424657534 0.6455286506469501 0.3844349315068493 0.695909426987061 0.3124229452054795 0.7698853974121996 0.28621232876712327 0.7291848428835489
1 0.4333510273972603 0.7450591497227357 0.46577054794520545 0.7738632162661738 0.3972208904109589 0.8517652495378928 0.36618493150684933 0.8150646950092422
1 0.08034760273972603 0.5090295748613678 0.12148972602739727 0.5521682070240296 0.054606164383561646 0.6250332717190388 0.02613698630136986 0.5811940850277264
1 0.06059075342465753 0.48343438077634016 0.08805993150684932 0.518086876155268 0.02676541095890411 0.5833382624768947 0.00548458904109589 0.5469796672828096
1 0.030294520547945205 0.4564195933456562 0.0603013698630137 0.47883548983364144 0.006071917808219178 0.5490129390018484 0 0.4961367837338263
1 0.13830308219178084 0.570170055452865 0.17536472602739725 0.6091035120147874 0.11750684931506848 0.6811035120147874 0.08015239726027397 0.6395582255083179
1 0.10716952054794521 0.5389149722735674 0.15478938356164385 0.579977818853974 0.0916626712328767 0.6524768946395564 0.0546986301369863 0.6149186691312384
1 0.16464726027397258 0.597184842883549 0.20721404109589042 0.6472107208872458 0.14633561643835616 0.7148059149722735 0.10942294520547945 0.6715933456561922
1 0.20021061643835616 0.6327319778188539 0.23397945205479453 0.6770203327171903 0.16773458904109587 0.7423770794824399 0.13628595890410958 0.7052458410351201
1 0.25553253424657535 0.6896062846580406 0.29050342465753426 0.7318632162661737 0.22257705479452058 0.808826247689464 0.184486301369863 0.7609667282809611
1 0.22128595890410957 0.6583253234750462 0.26025 0.7036802218114602 0.1995154109589041 0.7714362292051755 0.16410616438356163 0.7314343807763402
1 0.33588013698630137 0.7763401109057301 0.3792791095890411 0.8272939001848428 0.3006558219178082 0.9064584103512014 0.26464383561643834 0.852083179297597
1 0.31217123287671233 0.7521682070240295 0.34406506849315066 0.8003179297597042 0.2776609589041096 0.8656617375231053 0.24234417808219177 0.8163142329020332
1 0.2920479452054795 0.7237929759704251 0.31390924657534247 0.7688317929759704 0.24711472602739726 0.8335489833641404 0.22579280821917808 0.7927800369685767
1 0.36222260273972606 0.8161515711645102 0.4046866438356164 0.856086876155268 0.33509246575342466 0.9164103512014787 0.30176712328767125 0.8787818853974122
1 0.38988356164383564 0.8502772643253235 0.41877397260273974 0.8934269870609981 0.3665924657534247 0.9470868761552681 0.3324897260273973 0.9149390018484289
1 0.45225 0.7724584103512014 0.4821849315068493 0.8131256931608133 0.42371404109589045 0.8779149722735675 0.39999999999999997 0.8447504621072088
1 0.4995702054794521 0.8365859519408503 0.5300342465753425 0.8667282809611829 0.4718835616438356 0.9221090573012939 0.45182705479452057 0.9040258780036968
1 0.5345462328767123 0.8627634011090572 0.5543818493150685 0.8906395563770795 0.49988869863013696 0.9576839186691312 0.4767243150684931 0.9211977818853974
1 0.580875 0.9142606284658041 0.6090753424657535 0.9470536044362292 0.5622020547945206 1 0.5277294520547946 0.9786950092421443