0 0.018495684340320593 0.03820960698689956 0.05094143033292232 0.03187700145560408 0.08566892725030827 0.17300946142649198 0.052720406905055486 0.1691288209606987
0 0.05064025893958076 0.03272998544395924 0.07621331689272502 0.03272998544395924 0.11384895191122073 0.17055749636098982 0.08466646115906289 0.1700669577874818
1 0.07769451294697904 0.029232896652110624 0.10809926017262637 0.03017103347889374 0.14375400739827374 0.17883042212518194 0.1096134401972873 0.17127510917030567
0 0.10866214549938348 0.02911208151382824 0.1435431565967941 0.03334788937409025 0.1759438964241677 0.17101892285298398 0.14254377311960542 0.16926346433770015
1 0.1410295930949445 0.03275109170305677 0.17305672009864365 0.03281513828238719 0.20732675709001233 0.17924235807860261 0.17404130702836007 0.17343595342066956
1 0.1718557336621455 0.03501091703056768 0.21006041923551172 0.035053857350800584 0.24496547472256475 0.18322998544395924 0.205963316892725 0.17752256186317322
0 0.2065351418002466 0.034570596797671035 0.23950770653514178 0.0350254730713246 0.27070715166461157 0.17524818049490537 0.2417324290998767 0.1730735080058224
1 0.23659062885326756 0.030931586608442505 0.2716103575832306 0.03113755458515284 0.3035440813810111 0.179391557496361 0.266269728729963 0.17015211062590974
1 0.2731544389642417 0.038927219796215426 0.3027675709001233 0.038927219796215426 0.33637515413070285 0.18695414847161573 0.30404099876695434 0.18199344978165938
1 0.2997842170160296 0.034570596797671035 0.3387231812577065 0.04047671033478894 0.36722842170160297 0.19033042212518195 0.3340480887792848 0.18328675400291122
1 0.3326544389642417 0.03996506550218341 0.3665903205918619 0.04791120815138282 0.39628144266337856 0.1735494905385735 0.3618939580764488 0.1735494905385735
1 0.3691430332922318 0.05276564774381368 0.3995838471023428 0.0457292576419214 0.42856165228113435 0.18734497816593884 0.3971606041923551 0.18734497816593884
1 0.3954987669543773 0.03369650655021834 0.42857367447595557 0.034933042212518195 0.4606399506781751 0.19030203784570598 0.4263218249075216 0.18554657933042212
1 0.42694204685573367 0.03275109170305677 0.45729562268803947 0.03342649199417758 0.492905055487053 0.20142503639010187 0.4609861282367448 0.19357132459970885
1 0.4548782367447596 0.036390101892285295 0.4886784833538841 0.03887772925764192 0.523445437731196 0.19537627365356622 0.4927937731196054 0.1939126637554585
1 0.4870530209617756 0.043668122270742356 0.5215638101109741 0.04243886462882096 0.5526639950678175 0.1947510917030568 0.5199503699136868 0.18697525473071325
1 0.5180656596794081 0.03683042212518195 0.5495120221948212 0.03932532751091703 0.584462392108508 0.20408296943231444 0.5475462392108508 0.19536244541484715
1 0.5479346485819976 0.043668122270742356 0.582267879161529 0.04566521106259098 0.6124287916152897 0.19232751091703054 0.5889056720098644 0.19103347889374092
1 0.5844173859432799 0.04708005822416303 0.6230252774352651 0.048813682678311494 0.650118372379778 0.20393377001455604 0.6164836621454994 0.2004366812227074
1 0.613244451294698 0.04958151382823872 0.6437996300863131 0.04657496360989811 0.6794032059186189 0.19610116448326054 0.6456781750924784 0.19327292576419214
1 0.6458076448828607 0.04730713245997089 0.676983045622688 0.04602037845705968 0.7078813193588164 0.21168777292576418 0.672311035758323 0.20924308588064047
1 0.6752851418002466 0.04548762736535662 0.7011140567200987 0.04585007278020378 0.7406220715166462 0.1909556040756914 0.7070684340320592 0.20142503639010187
1 0.7061112823674476 0.04230349344978166 0.7358597410604192 0.0428296943231441 0.7721676942046856 0.2099395924308588 0.7407395191122071 0.20794978165938865
1 0.7709004315659679 0.20826200873362444 0.8049355733662145 0.20936390101892285 0.7705631935881627 0.05539519650655022 0.7384306411837238 0.047342794759825335
1 0.7683415536374846 0.05276564774381368 0.8041196054254007 0.05532459970887919 0.8329260172626388 0.21528457059679768 0.8083403205918619 0.21576055312954875
1 0.8091861898890259 0.06186317321688501 0.8335971023427866 0.06644759825327512 0.8660641183723798 0.2120858806404658 0.8385974106041924 0.21016011644832605
1 0.8307644882860666 0.04912663755458515 0.8676263871763255 0.07349126637554586 0.8953489519112208 0.2084825327510917 0.8658714549938348 0.2084825327510917
1 0.8664673242909988 0.07590756914119359 0.8935095561035759 0.07076200873362445 0.9299861282367448 0.21770815138282384 0.8919562268803946 0.21126128093158664
0 0.15027743526510481 0.30385735080058224 0.1838249075215783 0.31649417758369724 0.15061467324290997 0.4531280931586608 0.12241954377311962 0.4530138282387191
1 0.17725030826140567 0.3056768558951965 0.21344697903822443 0.3060960698689956 0.1808899506781751 0.4647911208151383 0.14853144266337856 0.45639010189228535
0 0.21114087546239213 0.30634497816593886 0.2452182490752158 0.3123646288209607 0.20984648581997534 0.4637751091703057 0.18255147965474722 0.45507496360989813
1 0.2373612823674476 0.3056768558951965 0.2799549938347719 0.311448326055313 0.2473347718865598 0.4542649199417758 0.21361868064118375 0.4486215429403202
0 0.27285635018495685 0.3097707423580786 0.30711744759556103 0.3193515283842795 0.2759904438964242 0.45164264919941777 0.24463131935881627 0.4568733624454149
1 0.30363748458692974 0.309315866084425 0.33869913686806413 0.31716957787481803 0.30533538840937113 0.45548762736535664 0.276056411837238 0.4558711790393013
0 0.33677558569667077 0.3165938864628821 0.3685138717632553 0.3209505094614265 0.338076140567201 0.45324890829694325 0.30757213316892723 0.4557503639010189
0 0.3676017262638718 0.309315866084425 0.40035450061652283 0.32225836972343525 0.3714580764488286 0.4596593886462882 0.3388316892725031 0.4582307132459971
1 0.39457459926017263 0.3184133915574964 0.4337333538840937 0.3243056768558952 0.4021485819975339 0.45920451237263465 0.3716538224414303 0.45864337700145563
1 0.4300246609124538 0.32023289665211063 0.4656883477188656 0.3267787481804949 0.4328393958076449 0.46635443959243084 0.40170930949445127 0.4616637554585153
1 0.4600801479654747 0.32387190684133915 0.4968067200986437 0.3253005822416303 0.46393341553637485 0.46466302765647743 0.426463316892725 0.4637248908296943
0 0.4932182490752158 0.3165938864628821 0.5281988286066585 0.32289082969432314 0.4920471639950678 0.4652387190684134 0.4609833538840937 0.46506113537117905
1 0.5240443896424167 0.3220524017467249 0.5581248458692971 0.3342132459970888 0.5240533292231813 0.4645640465793304 0.49151726263871764 0.4642016011644833
1 0.5502466091245376 0.3220524017467249 0.5917987053020962 0.3264090247452693 0.5557555487053021 0.4673784570596798 0.5217595561035758 0.46509679767103346
1 0.5856966707768188 0.32387190684133915 0.6218902589395807 0.33284133915574965 0.5877438347718866 0.46663901018922854 0.5566556720098643 0.46558733624454146
1 0.6153606658446362 0.33188209606986896 0.6511029593094945 0.3391957787481805 0.6147799013563502 0.4729075691411936 0.5858683723797781 0.47464919941775835
0 0.6182478421701603 0.46033478893740903 0.6469845869297165 0.4694890829694323 0.6796652281134401 0.3453078602620087 0.6507746609124537 0.3282787481804949
1 0.6789457459926017 0.32933042212518193 0.7117496917385944 0.3301404657933042 0.6772660295930949 0.46990829694323144 0.6517561652281134 0.4670160116448326
1 0.7090012330456227 0.32751091703056767 0.7444121454993835 0.33164774381368267 0.7087965474722564 0.4812663755458515 0.6814352651048089 0.4731710334788937
1 0.7382860665844636 0.32933042212518193 0.7775141800246609 0.3309861717612809 0.7421602959309496 0.4645778748180495 0.7119966091245377 0.4693326055312955
1 0.7745067817509248 0.32387190684133915 0.8071692355117139 0.3357343522561863 0.7745249691738595 0.487051673944687 0.7423893341553638 0.47610625909752546
1 0.8384710234278668 0.33478893740902477 0.8050169543773119 0.48102474526928674 0.7719479038224415 0.4733981077147016 0.803610974106042 0.3415909752547307
1 0.8648116522811344 0.33720524017467246 0.8343770036991369 0.4811950509461427 0.8025934032059185 0.4743435225618632 0.8362555487053022 0.3394941775836972
1 0.8663289149198521 0.3336870451237263 0.8967336621454993 0.3331972343522562 0.8643600493218249 0.4756943231441048 0.8350964858199753 0.46911935953420675
1 0.8585320591861899 0.5163981077147015 0.8827114673242911 0.5447998544395924 0.8596519728729962 0.6615822416302766 0.8294879778051788 0.6327823871906841
1 0.8266673859432798 0.5146069868995633 0.8570601109741061 0.5134912663755459 0.8306590628853268 0.6377649199417759 0.8038397040690506 0.6377649199417759
1 0.7957179408138102 0.5118136826783115 0.8294368064118373 0.5118136826783115 0.8037885326757089 0.6366280931586609 0.7695909371146732 0.6321077147016011
1 0.7629469790382244 0.5131004366812227 0.8013893341553637 0.5196324599708879 0.7680403822441431 0.6402525473071324 0.7419136868064119 0.6362721979621543
1 0.7315339087546239 0.521146288209607 0.7647139334155364 0.5107903930131005 0.7418803945745992 0.6230029112081513 0.7071587546239211 0.6403304221251819
1 0.6989827373612824 0.5040029112081513 0.7296011097410604 0.505033478893741 0.7066171393341554 0.6358245997088792 0.6836599876695438 0.6332307132459971
1 0.6704263255240444 0.49947525473071325 0.7026553637484587 0.5004068413391557 0.6768745376078915 0.6413471615720524 0.6459099876695438 0.6314679767103347
1 0.6365598027127004 0.5003639010189228 0.6761732429099876 0.5058653566229985 0.6433692971639952 0.636443231441048 0.610601418002466 0.6268551673944687
1 0.6072749691738595 0.5094614264919942 0.6413341553637484 0.5073289665211063 0.6121969790382245 0.6445953420669578 0.5809374229346486 0.6277081513828239
1 0.5764488286066585 0.5021834061135371 0.6070613440197288 0.505886462882096 0.5840200369913686 0.637509461426492 0.5541421085080148 0.6365924308588065
1 0.5471639950678175 0.49672489082969434 0.580994451294698 0.5006200873362445 0.5544941430332923 0.6205152838427948 0.5198329223181257 0.6229672489082969
1 0.5140258939580764 0.5003639010189228 0.547690813810111 0.5020131004366812 0.5193452527743527 0.6551499272197963 0.4899852034525277 0.631311499272198
1 0.4824290998766954 0.5021834061135371 0.5227829839704069 0.5060851528384279 0.4902922318125771 0.621240174672489 0.45936683107274967 0.6214177583697235
1 0.4539149198520345 0.4821688500727802 0.4891300863131936 0.4984730713245997 0.4591106658446363 0.6303165938864629 0.4266439580764488 0.6320647743813682
1 0.42419358816276204 0.4838107714701601 0.45725030826140567 0.49150072780203785 0.42560234278668313 0.6326120815138282 0.39317786683107275 0.6282838427947598
1 0.3899506781750925 0.49308588064046577 0.42657768187422934 0.49893522561863174 0.3989756473489519 0.6331521106259098 0.3638356966707768 0.6290727802037845
1 0.3607441430332922 0.4892976710334789 0.3934907521578298 0.4939243085880641 0.36550955610357583 0.6209272197962155 0.33581226880394577 0.6138624454148471
1 0.3274855117139334 0.49592139737991264 0.35981997533908755 0.4848697234352256 0.326808261405672 0.6415458515283843 0.30188255240443895 0.62554730713246
0 0.29516029593094945 0.4917001455604076 0.3238733045622688 0.500669577874818 0.29938378545006167 0.630358806404658 0.2702435265104809 0.6262438136826782
0 0.26645961775585697 0.47627001455604073 0.30030209617755854 0.48352620087336246 0.269827990135635 0.6216171761280932 0.23882429099876695 0.6216950509461426
1 0.23439919852034524 0.4948202328966521 0.264710542540074 0.4925815138282387 0.23702096177558568 0.6304941775836972 0.2048313810110974 0.6210269286754003
0 0.2046387176325524 0.4724956331877729 0.2340650431565968 0.4837823871906841 0.20678791615289768 0.6233296943231441 0.17549815043156597 0.6247088791848617
1 0.1718557336621455 0.48034934497816595 0.20490659679408138 0.48373944687045123 0.17697934648581998 0.628716885007278 0.1449130702836005 0.6267765647743814
1 0.14180024660912455 0.4785298398835517 0.1750046239210851 0.4845494905385735 0.144922009864365 0.621296943231441 0.11063686806411838 0.6275232896652111
0 0.10731658446362514 0.4753529839883552 0.14609617755856966 0.48307132459970886 0.11183199753390875 0.6323558951965065 0.08105117139334156 0.6199606986899564
0 0.09688563501849569 0.8255363901018923 0.1459725647348952 0.8243420669577874 0.19520406905055485 0.9659082969432313 0.15239981504315658 0.9610611353711791
1 0.17725030826140567 0.8205967976710334 0.23424845869297165 0.9597889374090247 0.19243156596794084 0.9602721979621542 0.14744759556103576 0.8309949053857351
1 0.21809494451294698 0.8224163027656477 0.2643403205918619 0.8290829694323145 0.3150619605425401 0.9652328966521107 0.27208877928483355 0.9598951965065502
0 0.3059494451294698 0.8278748180494906 0.362869297163995 0.9565975254730713 0.31086837237977805 0.9558871906841339 0.26784432799013563 0.8413791848617177
1 0.35218865598027127 0.8296943231441049 0.4097469173859433 0.9575145560407569 0.35780887792848337 0.960598981077147 0.31012484586929717 0.8334752547307132
1 0.3999691738594328 0.8369723435225619 0.45232244143033296 0.9602081513828239 0.4108847102342787 0.9567045123726347 0.35291122071516645 0.8345982532751092
0 0.4408138101109741 0.8296943231441049 0.4952290382244143 0.9527387190684135 0.4552996300863132 0.9573508005822416 0.4020915536374846 0.8502845705967976
1 0.48403360049321825 0.8397510917030567 0.5350292848335388 0.9448493449781659 0.49242355117139336 0.9543733624454148 0.4446248458692972 0.8452452692867539
1 0.534062885326757 0.8333333333333334 0.5745070900123305 0.9400800582241631 0.5368504932182491 0.9372088791848616 0.4884016646115906 0.8444919941775838
1 0.7059186189889026 0.8715429403202329 0.7385601109741061 0.8579818049490539 0.7784926017262638 0.9744868995633187 0.742091245376079 0.9700735080058225
1 0.7749010480887792 0.8605545851528384 0.8187592478421701 0.9743449781659389 0.7854765721331689 0.9695545851528383 0.7390416152897658 0.8632197962154294
1 0.8221911220715167 0.8638457059679767 0.8542663378545006 0.8638457059679767 0.9012040690505548 0.9761717612809315 0.8572826757090013 0.9765480349344978