1 0.1430452755905512 0.6921978723404256 0.14111811023622048 0.6122170212765958 0.06803543307086614 0.5493063829787234 0.06177165354330708 0.6186893617021276
1 0.1377952755905512 0.622695744680851 0.14785826771653543 0.5535234042553192 0.06882086614173229 0.4853170212765957 0.06418110236220473 0.5493744680851064
1 0.13913385826771654 0.48325531914893616 0.14861220472440945 0.5645234042553192 0.06750787401574802 0.48024255319148934 0.06543307086614174 0.41277659574468084
1 0.06461811023622048 0.3571042553191489 0.06450393700787402 0.41112553191489365 0.14041929133858266 0.48728297872340426 0.1406240157480315 0.4110595744680851
1 0.06923031496062991 0.2856446808510638 0.058690944881889764 0.34480212765957446 0.14534645669291338 0.4279148936170213 0.14450984251968504 0.36065531914893617
1 0.06888779527559055 0.28137234042553194 0.08910629921259842 0.23154893617021277 0.15197047244094486 0.2966085106382979 0.14169094488188977 0.3614085106382979
1 0.11061023622047243 0.18934042553191488 0.16631889763779525 0.2353063829787234 0.1497185039370079 0.3018404255319149 0.07939566929133858 0.23469574468085108
1 0.13548425196850392 0.9739297872340426 0.06203346456692914 0.9174212765957447 0.069498031496063 0.857995744680851 0.1422244094488189 0.9103829787234042
1 0.1377952755905512 0.8524829787234042 0.1438956692913386 0.9161021276595744 0.06738976377952756 0.8586446808510638 0.07009251968503936 0.7997127659574468
1 0.15223031496062991 0.7875893617021276 0.07189566929133859 0.7329063829787235 0.07049212598425197 0.7995340425531915 0.1421535433070866 0.8504765957446808
1 0.2412795275590551 0.6719702127659575 0.30461614173228346 0.6239297872340426 0.3017696850393701 0.5476446808510638 0.2395728346456693 0.608
1 0.24147047244094488 0.6088425531914894 0.3122992125984252 0.5430914893617022 0.3060255905511811 0.4847234042553191 0.24620669291338582 0.5382702127659574
1 0.2440944881889764 0.5365255319148936 0.3046771653543307 0.48138297872340424 0.30193503937007876 0.41579574468085106 0.24280708661417325 0.4708893617021277
1 0.24714960629921262 0.4710872340425532 0.3081535433070866 0.4198085106382979 0.3071692913385827 0.3488872340425532 0.24549409448818899 0.4021276595744681
1 0.24540748031496062 0.4056744680851064 0.24337204724409447 0.3375063829787234 0.3018110236220472 0.29032553191489363 0.30691141732283467 0.35334042553191486 0.24678543307086614 0.40790638297872345
1 0.24147047244094488 0.3404255319148936 0.24403740157480316 0.2672659574468085 0.2937933070866142 0.2267404255319149 0.29879724409448816 0.29198297872340423
1 0.24113582677165354 0.27375957446808513 0.24016338582677166 0.20934255319148937 0.3006692913385827 0.15298723404255318 0.30654330708661415 0.22417446808510638
1 0.238748031496063 0.21583617021276597 0.30717913385826773 0.15650425531914894 0.3028720472440945 0.08897446808510638 0.24093700787401576 0.1398
1 0.24276181102362204 0.08028510638297873 0.30217125984251963 0.02064468085106383 0.3057066929133858 0.08934468085106383 0.24094094488188975 0.14803829787234044
1 0.2532814960629921 0.9645382978723405 0.30341535433070865 0.9118851063829787 0.30746062992125983 0.9672659574468085 0.2737244094488189 0.9998957446808511
1 0.24223425196850396 0.8886191489361702 0.30963976377952757 0.8526531914893617 0.30178543307086614 0.9164829787234043 0.25346062992125984 0.9612468085106383
1 0.24803149606299213 0.8354617021276595 0.30306692913385824 0.7799148936170213 0.3033700787401575 0.8515510638297872 0.25201377952755905 0.8915
1 0.47244094488188976 0.6624106382978724 0.470744094488189 0.7376893617021276 0.389744094488189 0.6484212765957447 0.3871279527559055 0.5850404255319149
1 0.4658799212598425 0.5886531914893617 0.4747992125984252 0.6687787234042554 0.38852755905511815 0.5841255319148936 0.3943208661417323 0.5179680851063829
1 0.468503937007874 0.5134744680851063 0.46557086614173226 0.5917 0.39791929133858267 0.5163127659574468 0.401503937007874 0.4487255319148936
1 0.4052204724409449 0.4020936170212766 0.4010669291338583 0.44665957446808513 0.46854527559055115 0.5289127659574469 0.46854527559055115 0.44346170212765956
1 0.40026181102362207 0.32056808510638296 0.3998523622047244 0.3990297872340426 0.4666850393700787 0.4534957446808511 0.4693090551181102 0.3755425531914893
1 0.4015748031496063 0.2609936170212766 0.3998681102362205 0.3141127659574468 0.4667972440944882 0.3835936170212766 0.4626299212598425 0.3025659574468085
1 0.40551181102362205 0.1829787234042553 0.4040157480314961 0.2530468085106383 0.4586043307086614 0.3073808510638298 0.4625570866141733 0.2358872340425532
1 0.40288779527559054 0.11914893617021277 0.4659094488188976 0.17008085106382978 0.46191732283464565 0.24546170212765958 0.4080236220472441 0.18358297872340426
1 0.4199468503937008 0.06382978723404255 0.46725787401574803 0.10020425531914894 0.46222440944881893 0.16908723404255319 0.4042145669291339 0.11166808510638299
1 0.4343838582677165 0.0028361702127659575 0.47043700787401577 0.03901914893617021 0.4635314960629921 0.1013404255319149 0.422238188976378 0.06247234042553191
1 0.47596259842519684 0.9445489361702127 0.4719330708661417 1 0.3998208661417323 0.943268085106383 0.41098622047244093 0.8870851063829788
1 0.4696830708661417 0.8694914893617022 0.47276968503937006 0.9474170212765958 0.41260629921259845 0.8827063829787234 0.43225 0.8410744680851064
1 0.5843641732283466 0.6695531914893617 0.6481870078740157 0.6042553191489362 0.6463562992125984 0.5253212765957447 0.5886653543307087 0.5910021276595745
1 0.5851181102362205 0.5986212765957446 0.6439055118110236 0.5388021276595745 0.6441358267716536 0.4621127659574468 0.5859527559055118 0.5216872340425532
1 0.5866141732283464 0.530495744680851 0.6458484251968504 0.46836170212765954 0.6443622047244095 0.3946531914893617 0.5864645669291338 0.45466595744680854
1 0.5813641732283465 0.45673829787234044 0.6448287401574803 0.3970021276595745 0.6427992125984251 0.33448085106382974 0.5853996062992126 0.38855319148936174
1 0.5839901574803149 0.38439787234042555 0.640517716535433 0.3289510638297872 0.6430708661417323 0.2552744680851064 0.58826968503937 0.317331914893617
0 0.5859625984251968 0.32157021276595743 0.6488681102362205 0.25759574468085106 0.6428444881889763 0.19972340425531915 0.568246062992126 0.23603191489361702
1 0.5810374015748031 0.18281702127659577 0.6291476377952756 0.13068936170212767 0.6511692913385826 0.18910212765957446 0.58826968503937 0.24332978723404255
1 0.5987165354330709 0.9394234042553191 0.651037401574803 0.8819914893617021 0.6473976377952756 0.8130255319148937 0.5912795275590551 0.8690553191489362
1 0.6303523622047243 0.7716531914893617 0.5858602362204725 0.817863829787234 0.5858602362204725 0.881904255319149 0.6407736220472441 0.8257702127659575
1 0.6057972440944882 1 0.6421830708661417 0.9658191489361703 0.6493543307086614 0.8954127659574468 0.5967086614173228 0.9417446808510639
1 0.7480314960629921 0.7078021276595744 0.7710393700787401 0.7593468085106383 0.8279409448818897 0.6970191489361702 0.8254744094488189 0.6264021276595745
1 0.7414704724409449 0.6312063829787233 0.7471555118110237 0.7152148936170213 0.8253405511811024 0.633327659574468 0.8304783464566928 0.5577021276595745
1 0.7443208661417323 0.5720297872340425 0.7485236220472441 0.6481319148936171 0.8275866141732283 0.557263829787234 0.8262952755905512 0.4844255319148936
1 0.743007874015748 0.49722978723404254 0.7451811023622048 0.5722468085106384 0.8229685039370078 0.4933574468085106 0.8226141732283464 0.421731914893617
1 0.745011811023622 0.4962 0.7448523622047244 0.42465106382978723 0.8211732283464567 0.3544936170212766 0.8198976377952756 0.4323851063829787
1 0.7454074803149606 0.4297872340425532 0.7483031496062992 0.3537021276595745 0.8135511811023622 0.2904978723404255 0.8180255905511812 0.3610382978723404
1 0.7414704724409449 0.2907808510638298 0.7418444881889764 0.36290425531914894 0.8159547244094488 0.2892723404255319 0.8126082677165355 0.22064468085106384
1 0.7427814960629922 0.2113468085106383 0.7417716535433071 0.29202127659574467 0.8099212598425197 0.22564893617021278 0.7843779527559055 0.2014021276595745
1 0.7519685039370079 0.9900702127659575 0.848003937007874 0.8730382978723403 0.8194468503937008 0.8425978723404256 0.7467952755905513 0.9184617021276597
1 0.7414704724409449 0.8553191489361702 0.741259842519685 0.9218914893617021 0.8223228346456694 0.8412851063829787 0.7924665354330708 0.8001659574468084
1 0.9291338582677166 0.8695042553191489 0.9233917322834646 0.9386404255319148 0.9653720472440944 0.9767446808510638 0.972271653543307 0.909463829787234
1 0.9291338582677166 0.8056744680851063 0.9287125984251968 0.8684276595744681 0.9800019685039371 0.924768085106383 0.9792027559055119 0.8393340425531916
1 0.9288818897637795 0.7269553191489362 0.9264468503937008 0.7971680851063829 0.9776023622047244 0.8531148936170213 0.9807913385826772 0.7878425531914893
1 0.9291338582677166 0.6553191489361702 0.9277027559055119 0.7276212765957447 0.9741948818897638 0.7792617021276596 0.975505905511811 0.7017063829787235
1 0.9265098425196849 0.6510638297872341 0.922509842519685 0.5859702127659575 0.9910649606299213 0.6537127659574469 0.9707185039370079 0.698759574468085
1 0.9875787401574803 0.6516851063829787 0.9240846456692914 0.5876 0.9313425196850394 0.5178297872340425 0.987742125984252 0.5819361702127659
1 0.9868759842519685 0.5787234042553191 0.9276673228346457 0.5248829787234043 0.9307066929133858 0.4435063829787234 0.9816732283464566 0.5080234042553191
1 0.9225728346456692 0.3815595744680851 0.9261397637795276 0.4491851063829787 0.9843641732283465 0.5115851063829787 0.9880669291338583 0.449063829787234
1 0.9273917322834646 0.31236170212765957 0.9246023622047244 0.36959787234042557 0.9861535433070866 0.4434063829787234 0.9899271653543307 0.37256808510638295
1 0.9251968503937008 0.23546170212765957 0.9263090551181102 0.3113042553191489 0.9851240157480314 0.3702893617021277 0.9876299212598425 0.29548936170212764
1 0.9343838582677165 0.16453829787234042 0.9845433070866142 0.23188723404255318 0.9856673228346456 0.2995957446808511 0.9215216535433071 0.23770425531914893