0 0.04239766081871345 0.7715798045602605 0.054544736842105264 0.8282328990228014 0.019040058479532166 0.8864771986970684 0.00553391812865497 0.8306107491856678
0 0.04739473684210527 0.7032280130293159 0.054441812865497076 0.7539177524429967 0.0088546783625731 0.8294820846905537 0.00783830409356725 0.7570822475570033
0 0.04600994152046784 0.6402052117263843 0.053893567251461987 0.6801107491856678 0.00811812865497076 0.7609869706840391 0.008366374269005848 0.6926514657980456
0 0.046052631578947366 0.5639250814332247 0.057308771929824566 0.6164348534201954 0.009597076023391814 0.6893754071661238 0.006507602339181287 0.6264788273615636
0 0.04678362573099415 0.4947068403908795 0.05576111111111111 0.5446962540716612 0.006541812865497076 0.6291986970684039 0.007204385964912281 0.5491017915309446
0 0.04751461988304093 0.4193811074918567 0.05709736842105263 0.4740944625407166 0.0074298245614035086 0.5545651465798045 0.008549122807017544 0.4756449511400651
0 0.04532163742690058 0.34201954397394135 0.05552134502923977 0.39779804560260584 0.007021637426900584 0.47435667752442995 0.006233333333333334 0.4041441368078176
0 0.0445906432748538 0.2707654723127036 0.056097953216374265 0.3264250814332248 0.009665789473684211 0.3991815960912052 0.007486842105263158 0.33714495114006515
0 0.01023391812865497 0.25651465798045603 0.04754590643274854 0.2007043973941368 0.05692894736842105 0.2525545602605863 0.0063561403508771925 0.3293192182410423
0 0.013888888888888888 0.1750814332247557 0.04523040935672514 0.13776872964169382 0.05569824561403509 0.18208794788273616 0.006033625730994152 0.2698745928338762
0 0.0669859649122807 0.8727508143322475 0.0993122807017544 0.8206620521172638 0.09412690058479532 0.7673892508143323 0.05225175438596491 0.8267939739413681
1 0.054093567251461985 0.8285830618892508 0.09384415204678363 0.766378664495114 0.09336461988304094 0.6744405537459283 0.042549122807017545 0.7744666123778501
0 0.054093567251461985 0.749185667752443 0.09647134502923978 0.689692996742671 0.09636286549707601 0.6221449511400652 0.04232923976608187 0.695935667752443
0 0.05263157894736842 0.6860749185667753 0.09705380116959064 0.6158306188925081 0.09492368421052631 0.5451889250814332 0.043220175438596485 0.6308607491856677
0 0.04532163742690058 0.5659609120521173 0.05414795321637427 0.6208485342019544 0.09355877192982456 0.5562825732899023 0.09398421052631578 0.4832874592833876
0 0.05555555555555555 0.5394951140065146 0.09819298245614035 0.47783143322475574 0.09590292397660818 0.4061245928338762 0.044996198830409354 0.4826506514657981
0 0.09429824561403509 0.3338762214983713 0.09818450292397661 0.40503501628664496 0.057585672514619886 0.46661889250814337 0.04571578947368422 0.4264348534201955
0 0.09429824561403509 0.2748371335504886 0.09873859649122807 0.34446091205211726 0.05153801169590643 0.40190146579804564 0.04574152046783626 0.35219055374592834
0 0.09649122807017543 0.18322475570032573 0.09819035087719298 0.2564112377850163 0.05219766081871345 0.32730781758957656 0.04580146198830409 0.27405781758957654
0 0.05043859649122807 0.1974755700325733 0.0581312865497076 0.2518542345276873 0.09994619883040935 0.18505374592833876 0.09738216374269007 0.11643973941368078
0 0.0489766081871345 0.124185667752443 0.05570116959064327 0.18483876221498372 0.0988812865497076 0.1073583061889251 0.0871482456140351 0.06771498371335505
0 0.12646198830409358 0.7695439739413681 0.13257251461988304 0.6896693811074919 0.17889093567251463 0.77725 0.1697190058479532 0.8334258957654723
0 0.13157894736842105 0.6982899022801303 0.13151608187134503 0.6191628664495114 0.18204619883040934 0.7116099348534202 0.1715637426900585 0.7473086319218242
0 0.1301169590643275 0.6188925081433225 0.13141608187134501 0.5472247557003257 0.17612953216374272 0.6384234527687297 0.17332543859649124 0.6998648208469055
0 0.1695906432748538 0.625 0.17577280701754386 0.5651897394136808 0.12901461988304094 0.483771986970684 0.12947456140350877 0.5562109120521173
0 0.13230994152046785 0.48859934853420195 0.13609327485380118 0.4115 0.1813722222222222 0.49890553745928334 0.17774298245614034 0.5491099348534202
0 0.1301169590643275 0.41327361563517917 0.13489970760233919 0.3356335504885994 0.18209473684210525 0.43587459283387625 0.16897953216374267 0.4751441368078176
0 0.1286549707602339 0.3359120521172638 0.13078801169590643 0.2708371335504886 0.18059269005847953 0.35188843648208473 0.17205204678362573 0.4076913680781759
0 0.1301169590643275 0.19543973941368079 0.13091374269005848 0.26682899022801304 0.17192076023391814 0.3317288273615635 0.1813236842105263 0.2806579804560261
0 0.13084795321637427 0.1995114006514658 0.13355204678362573 0.11259853420195438 0.18012163742690057 0.2060325732899023 0.17298567251461988 0.26925488599348535
0 0.1804783625730994 0.13298127035830618 0.17206345029239767 0.18944381107491856 0.13229005847953218 0.12400244299674268 0.14453976608187136 0.08092426710097719
0 0.13742690058479531 0.12214983713355049 0.17126666666666665 0.19175 0.18224590643274852 0.13468322475570033 0.14700964912280703 0.08262622149837134
0 0.2236842105263158 0.20358306188925082 0.22325877192982455 0.26958876221498373 0.17118391812865497 0.18133224755700325 0.18084970760233918 0.139621335504886
0 0.1878654970760234 0.08346905537459283 0.2240611111111111 0.13237703583061888 0.2240611111111111 0.2175081433224756 0.1797675438596491 0.1343811074918567
1 0.16739766081871346 0.753257328990228 0.17961900584795323 0.7103460912052116 0.22071754385964915 0.7807728013029316 0.21938391812865496 0.8546913680781758
0 0.16666666666666666 0.8306188925081434 0.1257111111111111 0.7588241042345277 0.1318359649122807 0.6946954397394137 0.17929619883040934 0.7703868078175895
0 0.2236842105263158 0.7736156351791531 0.22225350877192981 0.7030219869706841 0.1788423976608187 0.636992671009772 0.16953070175438595 0.678257328990228
0 0.18055555555555555 0.5700325732899023 0.22400701754385965 0.6430521172638437 0.22128274853801172 0.7063615635179153 0.1663154970760234 0.6159340390879479
0 0.2185672514619883 0.5557817589576547 0.22207660818713448 0.640507328990228 0.17211783625730995 0.5513599348534203 0.18492426900584796 0.5025561889250815
0 0.1783625730994152 0.4214169381107492 0.21994649122807017 0.4881775244299674 0.21994649122807017 0.5565610749185668 0.1682687134502924 0.46857491856677524
0 0.2236842105263158 0.4153094462540717 0.22181111111111113 0.4985561889250814 0.17270584795321636 0.40801710097719873 0.17947894736842104 0.3506083061889251
0 0.22295321637426901 0.34405537459283386 0.22230204678362575 0.4226254071661238 0.17114415204678363 0.3307109120521173 0.18066695906432748 0.27296824104234524
0 0.18176052631578946 0.19703827361563517 0.2244578947368421 0.27641938110749187 0.22163976608187136 0.34805537459283387 0.17128099415204676 0.25817671009771986
0 0.26608187134502925 0.9018729641693811 0.3032739766081871 0.8416644951140065 0.29803713450292396 0.7831343648208469 0.2517818713450293 0.8550252442996743
0 0.25292397660818716 0.8367263843648208 0.3021918128654971 0.7665065146579805 0.29009327485380115 0.7248192182410423 0.25322105263157896 0.7784185667752443
0 0.2507309941520468 0.7776872964169381 0.30305146198830407 0.7021392508143323 0.2886684210526316 0.6602931596091205 0.25198157894736845 0.7128591205211726
0 0.25292397660818716 0.7023615635179153 0.30407368421052633 0.6253102605863192 0.2902845029239766 0.5672337133550488 0.25389766081871346 0.6333338762214984
0 0.2543859649122807 0.6392508143322475 0.3006640350877193 0.5593444625407166 0.28979064327485377 0.49864332247556997 0.2525184210526316 0.5595195439739414
0 0.2543859649122807 0.5639250814332247 0.30072690058479534 0.48867100977198696 0.2946020467836257 0.4267768729641694 0.25341520467836254 0.49005456026058636
0 0.2551055555555556 0.4830724755700325 0.30417339181286546 0.4137271986970684 0.292180701754386 0.35554641693811073 0.2524728070175439 0.4138778501628665
0 0.2563190058479532 0.42510667752442993 0.30587543859649124 0.33516449511400653 0.29400526315789477 0.27962459283387625 0.25294970760233915 0.3372801302931596
0 0.2997076023391813 0.21376221498371337 0.3045733918128655 0.25490798045602603 0.2544345029239766 0.34525651465798046 0.2503684210526316 0.2813819218241042
0 0.2507309941520468 0.19543973941368079 0.2953845029239766 0.13463517915309445 0.30555263157894735 0.19307817589576548 0.24985994152046784 0.28275
0 0.3033625730994152 0.8448697068403909 0.34598567251461987 0.7873257328990229 0.3437157894736842 0.690035016286645 0.2937026315789474 0.7706734527687296
0 0.29605263157894735 0.7186482084690554 0.34413538011695904 0.6353623778501629 0.3443295321637427 0.7030610749185668 0.3012695906432749 0.773671009771987
0 0.2918008771929824 0.6404837133550488 0.296943567251462 0.7038965798045602 0.3443552631578947 0.6370081433224756 0.34081461988304096 0.5624144951140065
0 0.29560730994152046 0.5680203583061889 0.3016207602339181 0.6154014657980456 0.3429476608187135 0.562771986970684 0.34357573099415206 0.49057166123778506
0 0.29565 0.5048379478827362 0.30171783625730997 0.5540399022801303 0.3462514619883041 0.49071498371335504 0.34618567251461985 0.4114527687296417
0 0.2953216374269006 0.4254885993485342 0.3012865497076024 0.48382817589576543 0.34737076023391816 0.4138460912052117 0.34185672514619886 0.3391726384364821
0 0.29751461988304095 0.34609120521172637 0.3013751461988304 0.41202524429967424 0.3402748538011696 0.3524771986970684 0.34247076023391815 0.2738827361563518
0 0.29385964912280704 0.27890879478827363 0.3037593567251462 0.33132328990228016 0.3462570175438597 0.27413762214983717 0.34433830409356725 0.19535260586319217
0 0.3007728070175439 0.18503013029315962 0.3062181286549708 0.25069381107491856 0.3491725146198831 0.20068811074918566 0.33882426900584794 0.14292182410423454
1 0.3793859649122807 0.7186482084690554 0.37766403508771934 0.6390675895765472 0.426680701754386 0.723364006514658 0.41671520467836254 0.7738941368078176
0 0.38084795321637427 0.6453583061889251 0.37998567251461984 0.5760285016286646 0.4241166666666667 0.6449446254071661 0.4180058479532164 0.7090415309446254
0 0.37646198830409355 0.5761400651465798 0.37784122807017545 0.4888697068403909 0.42401081871345025 0.5739210097719869 0.4171292397660819 0.6305187296416939
0 0.37792397660818716 0.4947068403908795 0.41494210526315795 0.5546604234527688 0.42660935672514616 0.4942614006514658 0.37734152046783626 0.4168200325732899
1 0.3770929824561403 0.4261408794788274 0.4178830409356725 0.4929812703583062 0.4275429824561403 0.4264828990228013 0.37794970760233915 0.3450097719869707
0 0.3767219298245614 0.35222231270358306 0.38021403508771934 0.26916693811074915 0.42486169590643275 0.35331188925081436 0.4200502923976608 0.41863355048859935
0 0.4169236842105263 0.33238925081433224 0.428471052631579 0.28657491856677525 0.3826695906432749 0.20350325732899022 0.3798798245614035 0.27907573289902277
0 0.3818929824561404 0.20032247557003258 0.42130116959064323 0.27244381107491855 0.42893362573099414 0.22109446254071663 0.3897254385964913 0.1530529315960912
1 0.4249511695906433 0.8034747557003258 0.46924122807017543 0.8658004885993485 0.4506502923976608 0.9166115635179153 0.4153950292397661 0.8549747557003258
1 0.4232456140350877 0.7817589576547231 0.426543567251462 0.7193558631921825 0.4682304093567251 0.802729641693811 0.46531491228070176 0.8643851791530944
0 0.4159356725146199 0.7023615635179153 0.4255529239766082 0.6560545602605863 0.47383830409356725 0.7245089576547231 0.4659116959064327 0.7900610749185668
0 0.41723479532163743 0.6283876221498371 0.4678877192982456 0.7333127035830619 0.47019766081871345 0.6379861563517916 0.429590350877193 0.575400651465798
0 0.41885964912280704 0.5578175895765473 0.4689812865497076 0.6412068403908795 0.4664342105263158 0.5619609120521173 0.4247847953216374 0.511343648208469
0 0.4246619883040936 0.44292833876221505 0.4155815789473684 0.47457084690553747 0.462656432748538 0.5699372964169381 0.4646497076023392 0.4981343648208469
0 0.4217608187134503 0.41066530944625407 0.43014152046783627 0.3560162866449511 0.465043567251462 0.41288355048859937 0.4628535087719298 0.483970684039088
0 0.4641070175438597 0.4222760586319218 0.46600877192982454 0.34585260586319216 0.42521315789473685 0.27927442996742674 0.41585000000000005 0.3388387622149837
0 0.4240964912280702 0.21649022801302933 0.4725733918128655 0.27834446254071665 0.4677991228070176 0.35157817589576545 0.4158985380116959 0.26480944625407166
0 0.4378654970760234 0.16083061889250813 0.4773792397660819 0.24930211726384363 0.4683672514619883 0.27794625407166124 0.4321260233918129 0.21241856677524432
0 0.5091201754385964 0.9138574918566776 0.5540535087719298 0.8536571661237784 0.5394766081871345 0.7959462540716613 0.5015134502923977 0.8532280130293158
0 0.49901783625730994 0.8607271986970684 0.5542991228070175 0.783635993485342 0.540924269005848 0.730584690553746 0.49733596491228066 0.783978013029316
0 0.49892631578947366 0.7929641693811075 0.5481286549707602 0.7128591205211726 0.5375748538011696 0.6551954397394137 0.49903771929824564 0.7140675895765473
0 0.49707602339181284 0.7206840390879479 0.553471052631579 0.6358232899022802 0.5442108187134503 0.5865977198697069 0.4960508771929824 0.6475374592833877
0 0.49754444444444446 0.6500822475570033 0.5511269005847953 0.5674242671009773 0.5392309941520468 0.5248705211726384 0.4974529239766082 0.5697858306188925
0 0.4991976608187135 0.5791620521172639 0.5504099415204678 0.4949218241042345 0.5427602339181287 0.4374169381107492 0.49560263157894735 0.51385667752443
0 0.5007309941520468 0.504885993485342 0.5509809941520468 0.4155480456026059 0.5399561403508772 0.3663697068403909 0.4975014619883041 0.4283118892508143
0 0.5025298245614035 0.4323273615635179 0.5534625730994153 0.344078990228013 0.5397362573099415 0.2940342019543974 0.4997543859649123 0.35815472312703583
0 0.5078239766081871 0.2604828990228013 0.5471119883040936 0.2133485342019544 0.5548187134502924 0.2827100977198697 0.5006853801169591 0.35797231270358304
0 0.5526315789473685 0.8448697068403909 0.5788845029239766 0.82221335504886 0.5954146198830409 0.7331693811074919 0.539819298245614 0.8035407166123779
0 0.5499561403508771 0.7770513029315961 0.5936672514619883 0.7112043973941369 0.5955947368421053 0.6395374592833876 0.5392681286549708 0.7224812703583062
0 0.5489652046783626 0.7044609120521172 0.5933701754385965 0.6483403908794788 0.5906859649122806 0.5730464169381108 0.5410412280701755 0.6511400651465798
0 0.5445906432748538 0.6229641693811075 0.5922336257309941 0.5708037459283387 0.592742105263158 0.5027068403908794 0.5390997076023392 0.5792019543973941
1 0.5387426900584795 0.504885993485342 0.5526029239766082 0.56935667752443 0.5956345029239766 0.4947068403908795 0.591845321637427 0.4306498371335505
0 0.5504385964912281 0.48656351791530944 0.5922766081871345 0.424757328990228 0.5929020467836257 0.357049674267101 0.5414780701754386 0.43195358306188925
0 0.5511695906432749 0.4153094462540717 0.5374292397660819 0.36020684039087947 0.5936470760233918 0.27210912052117264 0.5913628654970761 0.3585529315960912
0 0.543859649122807 0.2911237785016287 0.5759520467836258 0.23707899022801301 0.5928333333333333 0.28310749185667755 0.5486081871345029 0.35226221498371335
1 0.6564327485380117 0.8530130293159609 0.6965488304093568 0.7777271986970684 0.6829570175438597 0.7271490228013029 0.6408763157894737 0.7746653094462541
0 0.64546783625731 0.7878664495114006 0.69975 0.7046677524429967 0.6818719298245614 0.6413737785016287 0.6420470760233918 0.7176938110749186
0 0.6410818713450293 0.7084690553745928 0.6944017543859649 0.6399112377850164 0.685361403508772 0.5739771986970684 0.6434833333333334 0.6456205211726385
0 0.6443084795321637 0.6367296416938111 0.6984847953216375 0.5632328990228013 0.6912321637426901 0.5115578175895765 0.6462786549707603 0.5638061889250815
0 0.647769298245614 0.5678061889250814 0.6956038011695906 0.4941815960912052 0.6835681286549707 0.42772312703583065 0.6459248538011696 0.49287785016286645
0 0.689327485380117 0.3481270358306189 0.6989932748538011 0.42250651465798045 0.6485631578947367 0.507279315960912 0.6471953216374269 0.42035912052117264
0 0.6476608187134503 0.3338762214983713 0.6884681286549708 0.29043159609120517 0.6985763157894737 0.3485171009771987 0.6479464912280701 0.42481270358306183
1 0.6973684210526315 0.8475521172638437 0.7371733918128655 0.7891254071661238 0.7369192982456141 0.7097442996742671 0.6796046783625731 0.7922907166123778
0 0.6937134502923976 0.7756514657980456 0.7406654970760234 0.7081750814332247 0.7367649122807017 0.6394177524429968 0.6842649122807017 0.7187915309446254
0 0.6978280701754386 0.7058053745928339 0.738721052631579 0.6477125407166123 0.735662865497076 0.5489185667752443 0.6864549707602339 0.638042345276873
0 0.6966374269005848 0.620928338762215 0.7393263157894737 0.5636384364820847 0.7411567251461988 0.4878680781758957 0.6874599415204677 0.5695154723127036
0 0.6922514619883041 0.5537459283387622 0.7391122807017544 0.49146986970684037 0.7390692982456141 0.41589006514657983 0.6866432748538012 0.5076693811074918
0 0.6929824561403509 0.48656351791530944 0.7416792397660819 0.4210594462540717 0.7398289473684211 0.3351726384364821 0.6835824561403508 0.42794625407166126
0 0.6988388888888889 0.4094804560260586 0.7389122807017544 0.3551254071661238 0.7398660818713451 0.2806262214983713 0.6860409356725147 0.35298615635179154
0 0.6849415204678363 0.28705211726384366 0.7338324561403509 0.21875651465798043 0.7403941520467837 0.27571986970684037 0.6923286549707602 0.3459397394136808
1 0.7690058479532164 0.7939739413680782 0.8130654970760235 0.865880293159609 0.8060894736842106 0.9209348534201953 0.7792055555555555 0.8925211726384366
1 0.7682748538011696 0.7227198697068404 0.8177140350877192 0.8051547231270358 0.8057783625730994 0.85878664495114 0.7681748538011696 0.8010040716612378
0 0.7695397660818714 0.6573982084690554 0.8187561403508773 0.7357776872964169 0.8070719298245614 0.7926302931596091 0.7653479532163742 0.7182190553745929
0 0.7690058479532164 0.5700325732899023 0.8221798245614035 0.6694462540716613 0.8065748538011696 0.7197214983713355 0.7667470760233919 0.6496050488599349
0 0.8175456140350876 0.5857068403908795 0.806269298245614 0.6410960912052117 0.7665643274853802 0.572864006514658 0.7676923976608186 0.5024527687296416
0 0.8172514619883041 0.5109934853420195 0.8087421052631579 0.5649910423452769 0.7703880116959064 0.504400651465798 0.7683377192982457 0.4290912052117264
0 0.820906432748538 0.4377035830618892 0.808704970760234 0.4913827361563518 0.766127485380117 0.4265382736156352 0.768628947368421 0.34322068403908795
0 0.8128654970760234 0.3562703583061889 0.8033684210526316 0.41237459283387623 0.7640830409356726 0.3425838762214984 0.7723523391812867 0.2797915309446254
0 0.7840798245614035 0.23209283387622148 0.8239561403508772 0.3043167752442997 0.8114634502923976 0.3553395765472313 0.7688859649122808 0.2752271986970684
0 0.8165204678362573 0.8102605863192183 0.8637096491228071 0.8790496742671009 0.8538184210526316 0.9463990228013031 0.806654970760234 0.844472312703583
0 0.819264619883041 0.7338851791530945 0.8645119883040935 0.8053061889250814 0.8583985380116959 0.8729421824104234 0.8087137426900585 0.7881685667752443
0 0.8179824561403509 0.6575732899022801 0.8627587719298246 0.7323501628664495 0.8605970760233919 0.8039861563517915 0.8120517543859649 0.7246840390879479
0 0.8589181286549707 0.6473941368078175 0.8610739766081872 0.7362394136807817 0.8072631578947369 0.6480863192182411 0.8162748538011696 0.5887369706840392
0 0.8201754385964912 0.5130293159609121 0.8635181286549708 0.5862475570032574 0.8568166666666667 0.6605317589576547 0.809130701754386 0.5723623778501629
0 0.8093105263157895 0.48428094462540716 0.8597432748538012 0.581007328990228 0.8602087719298246 0.49675081433224755 0.8173456140350878 0.4338623778501629
0 0.8165204678362573 0.3562703583061889 0.8643347953216375 0.4402247557003257 0.8614938596491228 0.5068664495114007 0.8068090643274853 0.4264193811074919
0 0.8223684210526315 0.30741042345276876 0.8606570175438597 0.36105781758957656 0.8590350877192983 0.4276115635179153 0.8087421052631579 0.35248534201954396
0 0.8194444444444444 0.23615635179153094 0.8597090643274854 0.30884201954397394 0.8610283625730994 0.3724454397394137 0.8140789473684211 0.2734055374592834
1 0.902 0.973707654723127 0.9435184210526316 0.9054275244299674 0.9359426900584795 0.8471840390879479 0.902425730994152 0.8967035830618892
1 0.9025494152046784 0.8978013029315961 0.9479795321637428 0.8335610749185668 0.9384166666666667 0.774156351791531 0.9041198830409357 0.8223485342019544
0 0.9027777777777778 0.8306188925081434 0.9499725146198831 0.7548957654723126 0.9410406432748538 0.7170097719869707 0.9039143274853801 0.7619413680781759
1 0.9013157894736842 0.7593648208469055 0.9495385964912281 0.6939641693811075 0.9392847953216373 0.6254609120521173 0.9035286549707603 0.6890651465798046
0 0.9024894736842105 0.6944250814332248 0.951166081871345 0.6077190553745928 0.9411207602339181 0.5574275244299673 0.9029947368421053 0.6142247557003258
0 0.9027777777777778 0.6148208469055375 0.9522739766081871 0.5286400651465798 0.9388792397660819 0.4810130293159609 0.900927485380117 0.5346677524429967
0 0.9042397660818714 0.5333876221498371 0.9529622807017544 0.47546986970684035 0.9402441520467837 0.4125659609120521 0.904285380116959 0.45903175895765475
0 0.9071637426900585 0.38680781758957655 0.9073122807017543 0.46572801302931593 0.9517514619883041 0.3982035830618893 0.9380997076023392 0.33616693811074916
0 0.9060672514619883 0.32632899022801304 0.904411111111111 0.39546009771986973 0.949338596491228 0.32032491856677525 0.9432336257309941 0.27781921824104233
0 0.9042397660818714 0.2544788273615635 0.943890350877193 0.19069218241042343 0.9523769005847953 0.25643485342019545 0.9051877192982457 0.32189983713355047
1 0.9493178362573099 0.8957654723127035 0.9874207602339181 0.8375114006514658 0.9874207602339181 0.7667337133550488 0.9381929824561404 0.8408509771986971
0 0.9354175438596491 0.7671050488599348 0.9917535087719298 0.7038355048859934 0.9847748538011696 0.784314332247557 0.9472809941520468 0.8311701954397395
0 0.9470637426900586 0.7020537459283387 0.9862026315789474 0.6314047231270359 0.9862026315789474 0.7125407166123778 0.9471058479532163 0.7601172638436482
0 0.9434698830409356 0.632464983713355 0.9906608187134502 0.5494087947882736 0.9894119883040936 0.6298460912052117 0.9464622807017543 0.6913127035830618
0 0.9444444444444444 0.5374592833876222 0.9892672514619882 0.48570439739413684 0.9838497076023393 0.5549543973941369 0.948758187134503 0.6189030944625408
0 0.9463938596491228 0.4695985342019544 0.9872266081871345 0.40644543973941366 0.9872266081871345 0.48729478827361566 0.9499040935672515 0.5380741042345277
0 0.9405459064327485 0.41259527687296416 0.9910263157894736 0.3318192182410423 0.9907634502923977 0.4031050488599348 0.9497289473684211 0.47766775244299675
1 0.9439038011695906 0.3318403908794788 0.9911137426900585 0.25302605863192185 0.9922409356725146 0.3355089576547231 0.9505666666666667 0.3971881107491857
1 0.3808441520467836 0.7899022801302932 0.4119266081871345 0.8506482084690554 0.4029681286549708 0.8871026058631922 0.3780152046783625 0.8571482084690554