0 0.03516333938294011 0.09966777408637874 0.11229038112522687 0.24861295681063122 0.21420508166969146 0.23715448504983389 0.1413212341197822 0.09104817275747508
0 0.14875317604355714 0.08750664451827243 0.24011796733212343 0.08163953488372093 0.28957168784029036 0.2050830564784053 0.21933938294010888 0.2387009966777409
0 0.24538656987295826 0.09032392026578073 0.3548421052631579 0.1018953488372093 0.41117785843920146 0.26175249169435216 0.2848275862068965 0.2024717607973422
0 0.34521778584392016 0.08766943521594685 0.45112704174228674 0.10242524916943521 0.5059274047186934 0.24474584717607972 0.40430671506352084 0.24344352159468438
0 0.4416206896551724 0.09966777408637874 0.5434664246823956 0.09947840531561462 0.5969201451905627 0.23887873754152825 0.5067967332123412 0.23887873754152825
0 0.7365390199637024 0.09136212624584718 0.8268874773139746 0.09722923588039867 0.8661397459165154 0.21948837209302327 0.8038656987295826 0.22980564784053154 0.7386370235934664 0.09894352159468439
0 0.05752450090744102 0.3054983388704319 0.15762068965517242 0.3069518272425249 0.23076588021778585 0.4640664451827242 0.13750453720508168 0.4606112956810631
0 0.14467695099818512 0.2878106312292359 0.2409745916515426 0.294531561461794 0.3293956442831216 0.45268438538205985 0.22958983666061708 0.4518621262458472
0 0.2524464609800363 0.31594518272425254 0.3371941923774955 0.3067192691029901 0.409464609800363 0.441578073089701 0.3236769509981851 0.46068272425249174
0 0.3463393829401089 0.3086926910299003 0.4456333938294011 0.2972242524916944 0.5186297640653357 0.44831063122923587 0.4015662431941924 0.44831063122923587
1 0.45523230490018146 0.33499501661129566 0.5483629764065336 0.3030049833887043 0.625059891107078 0.46238039867109637 0.5026787658802178 0.45398837209302323
1 0.5565644283121597 0.33222591362126247 0.6398166969147006 0.29403322259136216 0.7138003629764065 0.45587541528239206 0.6011197822141561 0.4573139534883721
1 0.6397459165154264 0.333609634551495 0.6987658802177859 0.46319102990033223 0.8107767695099819 0.4569833887043189 0.7252032667876588 0.29537541528239203
1 0.7259528130671506 0.3059252491694352 0.7982522686025408 0.4571627906976744 0.9046406533575317 0.4518621262458472 0.8202940108892922 0.30231229235880397
0 0.8287422867513612 0.30686046511627907 0.9050127041742286 0.4612724252491694 1 0.456 0.9152631578947369 0.2956345514950166
0 0.05898366606170599 0.6450714285714286 0.16775317604355716 0.6529069767441861 0.21982395644283123 0.7834933554817276 0.12591288566243194 0.7791196013289036
0 0.16787658802177857 0.6575299003322259 0.26737023593466425 0.6506146179401994 0.3267785843920145 0.7981146179401993 0.22958439201451908 0.7883936877076412
0 0.2737441016333938 0.6464568106312292 0.35827949183303087 0.6383720930232558 0.42637931034482757 0.7850946843853821 0.3222540834845735 0.7889501661129568
0 0.361464609800363 0.6409186046511628 0.4627186932849365 0.6403837209302325 0.5342686025408349 0.7878571428571429 0.4122304900181488 0.7776212624584717
0 0.45425771324863884 0.6477109634551496 0.5446352087114338 0.6320996677740863 0.6246460980036298 0.788187707641196 0.5200290381125227 0.7790813953488372 0.4551851179673321 0.6474019933554818
1 0.6582722323049003 0.6561461794019934 0.7465771324863884 0.6446129568106312 0.8090998185117968 0.789328903654485 0.7117622504537204 0.7868837209302326
0 0.11947912885662432 0.7793471760797341 0.23816696914700541 0.7836511627906977 0.3014174228675136 0.9311362126245847 0.1617676950998185 0.9221112956810631
0 0.23593466424682397 0.7821146179401994 0.3231343012704174 0.7787674418604651 0.3979328493647913 0.9182707641196013 0.2903448275862069 0.9213488372093024
0 0.3917114337568058 0.9302325581395349 0.5121615245009075 0.928951827242525 0.4204065335753176 0.774420265780731 0.31186206896551727 0.777470099667774
0 0.48548094373865697 0.939921926910299 0.6067568058076225 0.9313255813953488 0.5210762250453721 0.7670232558139535 0.4065281306715064 0.7780764119601329
0 0.5466914700544464 0.6344468438538207 0.6493938294010889 0.6505714285714286 0.7073085299455535 0.7740531561461794 0.6181578947368421 0.7806926910299002
0 0.5263157894736842 0.7779617940199336 0.6131070780399274 0.7827524916943521 0.6890344827586207 0.9294485049833887 0.588880217785844 0.929654485049834
0 0.6125226860254084 0.7821146179401994 0.7236424682395644 0.7856461794019933 0.7891197822141561 0.9236627906976743 0.68419056261343 0.931373754152824
0 0.7248892921960073 0.7884252491694352 0.8207549909255898 0.7906744186046512 0.8918330308529945 0.9355000000000001 0.7783901996370235 0.9351046511627907
1 0.8182087114337568 0.7866146179401993 0.9237168784029038 0.7828887043189369 0.9983393829401089 0.9387225913621262 0.8721941923774955 0.9351578073089701
1 0.5535390199637024 0.1055514950166113 0.6323194192377496 0.10677906976744186 0.6873811252268602 0.21116112956810631 0.5918330308529945 0.23775415282392023
1 0.6203212341197822 0.09403820598006644 0.74508166969147 0.09927906976744186 0.781410163339383 0.22027740863787376 0.7026642468239565 0.23612624584717606
1 0.8412504537205081 0.10272259136212625 0.9249872958257713 0.10685382059800663 0.9803266787658802 0.22777242524916944 0.8810090744101633 0.23435382059800663