1 0.04731634446397188 0.09446666666666666 0.12788576449912126 0.24892982456140347 0.24615641476274164 0.24405964912280703 0.15213181019332161 0.09303859649122806
1 0.14870826010544816 0.09446666666666666 0.25100527240773285 0.09029122807017544 0.3206537785588752 0.23916666666666664 0.23824077328646748 0.2481543859649123
1 0.3198031634446397 0.09252105263157895 0.4090439367311072 0.2383438596491228 0.3091089630931459 0.23803333333333335 0.23684710017574692 0.09554736842105263
1 0.40151493848857644 0.09176842105263158 0.4846239015817223 0.22483333333333333 0.4065413005272408 0.2310859649122807 0.31688752196836556 0.09578421052631579
1 0.5063602811950791 0.09386666666666667 0.6004868189806679 0.2486982456140351 0.5003884007029877 0.24924561403508771 0.4024165202108963 0.09670175438596491
1 0.5965834797891038 0.0897122807017544 0.6815746924428822 0.24623684210526314 0.5927662565905096 0.2512543859649123 0.4963848857644991 0.10533157894736843
1 0.6803427065026362 0.0863701754385965 0.7843971880492091 0.24154912280701754 0.686780316344464 0.2499263157894737 0.5875694200351493 0.09621228070175439
0 0.7695694200351494 0.08670701754385965 0.8733796133567662 0.2512754385964912 0.763158172231986 0.24743859649122807 0.6798154657293497 0.08858947368421052
0 0.7611195079086116 0.23481754385964912 0.894597539543058 0.24933508771929827 0.9385817223198594 0.3622842105263158 0.8320685413005272 0.3793385964912281
0 0.6718945518453427 0.23211929824561403 0.794780316344464 0.2501842105263158 0.8507029876977154 0.37515263157894735 0.7556063268892794 0.37122105263157895
1 0.5870615114235501 0.23211929824561403 0.6936291739894552 0.24060526315789477 0.7596625659050966 0.38073508771929826 0.6606766256590509 0.3737719298245614
0 0.50696309314587 0.24696315789473686 0.6039613356766257 0.24910877192982456 0.6638400702987698 0.3686947368421053 0.5748681898066784 0.36797368421052634
0 0.40692091388400703 0.24696315789473686 0.5073848857644991 0.24097543859649123 0.5738172231985941 0.3691912280701754 0.4829666080843585 0.36851052631578946
1 0.3204007029876977 0.24021578947368422 0.41494903339191563 0.24225614035087722 0.48763444639718806 0.3671877192982456 0.3914797891036907 0.36851578947368424
0 0.22812829525483305 0.24696315789473686 0.33038664323374345 0.23472280701754386 0.3971054481546573 0.37546842105263156 0.3008558875219684 0.37472105263157895
0 0.13845342706502636 0.2495842105263158 0.23808260105448154 0.24434385964912284 0.3082390158172232 0.3799456140350877 0.19784710017574694 0.3726912280701754
0 0.03785237258347979 0.6140350877192983 0.13866959578207383 0.6225280701754387 0.2048664323374341 0.7524561403508772 0.10176801405975396 0.7550614035087719
0 0.13654130052724076 0.6221315789473685 0.2317188049209139 0.6209456140350877 0.30283128295254835 0.7579070175438597 0.20853075571177504 0.7539649122807017
1 0.3190474516695958 0.6180842105263158 0.400585237258348 0.7628368421052631 0.30090333919156415 0.758340350877193 0.22707732864674868 0.6278368421052631
1 0.4150333919156415 0.6207824561403509 0.4962636203866433 0.7685719298245615 0.3916133567662566 0.7591087719298246 0.32443936731107204 0.6299824561403509
1 0.5172021089630932 0.621278947368421 0.5897398945518454 0.7598999999999999 0.48772934973637955 0.7605122807017545 0.4109402460456942 0.6190754385964912
1 0.5983743409490334 0.6180526315789474 0.680274165202109 0.7614859649122807 0.5792829525483304 0.7610754385964912 0.504268892794376 0.6229701754385966
1 0.687414762741652 0.6166543859649123 0.7788260105448155 0.7619087719298245 0.6718312829525483 0.7634526315789474 0.5984797891036907 0.6279684210526316
1 0.7849209138840071 0.6166280701754386 0.8742618629173989 0.7660210526315789 0.7624868189806678 0.7674017543859649 0.6874569420035149 0.6196859649122807
1 0.8688804920913884 0.7635842105263158 0.9471001757469244 0.9010684210526316 0.8459349736379613 0.9010105263157895 0.7766186291739895 0.7740859649122807
0 0.6759490333919157 0.7611333333333333 0.7744165202108962 0.7589087719298245 0.8457398945518454 0.8989070175438596 0.7619279437609842 0.9058017543859649
1 0.5899771528998242 0.7654666666666666 0.6840456942003514 0.7650245614035088 0.7568629173989455 0.9048105263157894 0.6611739894551846 0.9029070175438597
0 0.4880351493848858 0.7665315789473685 0.5931195079086117 0.764638596491228 0.6637029876977153 0.9037456140350877 0.5677188049209139 0.9051912280701754
0 0.40151493848857644 0.7638333333333334 0.495439367311072 0.7627157894736842 0.56992618629174 0.9028070175438597 0.48074340949033395 0.9083526315789473
1 0.30282601054481545 0.7641701754385964 0.4064463971880492 0.7668526315789473 0.48705799648506154 0.9091438596491228 0.37944463971880493 0.9059280701754386
1 0.21462390158172232 0.7584350877192982 0.31373637961335676 0.7621140350877192 0.3947486818980668 0.910440350877193 0.2880650263620386 0.9050368421052631
1 0.10679964850615115 0.7557350877192982 0.22036555360281196 0.7565578947368421 0.2992970123022847 0.9114421052631579 0.19878207381370827 0.9162561403508771
0 0.03785237258347979 0.7516877192982456 0.10461335676625659 0.7527684210526315 0.200920913884007 0.9134614035087719 0.1326397188049209 0.9145315789473685