1 0.2006880733944954 1 0.05049655963302752 0.9660128956623681 0.07091284403669725 0.9287245017584994 0.2550481651376147 0.979888042203986
1 0.26089449541284404 0.9745017584994138 0.26548623853211006 0.9143165298944901 0.09335550458715597 0.8697127784290739 0.07298509174311926 0.9230978898007034
1 0.2838302752293578 0.9188159437280188 0.27762614678899084 0.8624202813599062 0.08623279816513761 0.8106271981242673 0.07697133027522936 0.8747391559202814
1 0.27522935779816515 0.8660609613130129 0.27486009174311926 0.7997854630715123 0.07265940366972477 0.7516266119577961 0.06773279816513762 0.8102837045720985
1 0.2723623853211009 0.8103751465416178 0.27599082568807337 0.7488792497069168 0.07908830275229359 0.6989865181711606 0.0745974770642202 0.7586905041031653
1 0.2730561926605504 0.7560457209847598 0.2748038990825688 0.6822602579132473 0.0773073394495413 0.636282532239156 0.06576146788990826 0.7012016412661196
1 0.27809633027522934 0.6990035169988277 0.2760802752293578 0.6444109026963658 0.07355619266055047 0.5755134818288394 0.06470871559633028 0.6446799531066824
1 0.26089449541284404 0.6389214536928488 0.26465711009174314 0.584225674091442 0.06629931192660551 0.5322092614302462 0.06038532110091743 0.5932075029308324
1 0.2580275229357798 0.5861664712778429 0.2569071100917431 0.5261987104337632 0.06474197247706422 0.47316354044548653 0.06185321100917431 0.5326101992966003
0 0.2694954128440367 0.5304806565064478 0.26983142201834864 0.469700468933177 0.07587385321100919 0.42082649472450173 0.07244724770642202 0.4763745603751466
1 0.27055963302752295 0.47456037514654165 0.26647133027522935 0.41550293083235634 0.06372247706422018 0.35894665885111376 0.08157454128440367 0.4309583821805393
1 0.26376146788990823 0.4249706916764361 0.26517201834862386 0.36718991793669403 0.06260321100917432 0.3044402110199297 0.07565022935779817 0.36809437280187574
1 0.07740825688073394 0.25205158264947247 0.271802752293578 0.30899648300117233 0.27102981651376146 0.37214712778429077 0.07962614678899083 0.3091799531066823
1 0.2694954128440367 0.3106682297772567 0.07628784403669725 0.2510896834701055 0.07110321100917431 0.19737338804220397 0.26764793577981655 0.25232063305978897
1 0.26976376146788994 0.25411254396248534 0.05049655963302752 0.19025205158264946 0.058134174311926606 0.13516764361078545 0.27016743119266057 0.20024677608440797
1 0.2694954128440367 0.19929660023446658 0.26622477064220185 0.14415474794841734 0.07064449541284404 0.09123915592028135 0.06364449541284403 0.1404736225087925
1 0.07454128440366972 0.03077373974208675 0.2716009174311927 0.0879706916764361 0.2677373853211009 0.13971805392731537 0.05163876146788991 0.08722098475967176
1 0.45298165137614677 0.9730363423212193 0.6410034403669725 0.9184554513481828 0.6410034403669725 0.9731506447831184 0.5297855504587156 0.9983434935521688
1 0.45871559633027525 0.9730363423212193 0.6543084862385321 0.9131658851113716 0.6519782110091743 0.860130715123095 0.44543348623853213 0.9162344665885112
1 0.455848623853211 0.9158851113716295 0.6521353211009174 0.853799531066823 0.6514633027522936 0.8068663540445485 0.45882798165137617 0.8582186400937867
1 0.455848623853211 0.8587338804220399 0.6214495412844037 0.8074841735052755 0.6140470183486239 0.7628751465416178 0.4522316513761468 0.8048399765533412
1 0.46158256880733944 0.8001172332942555 0.6466697247706421 0.7431951934349356 0.6456731651376147 0.6852766705744432 0.45043922018348626 0.7444941383352872
0 0.4472144495412844 0.7534531066822978 0.6528405963302752 0.6888599062133646 0.6520688073394496 0.64194958968347 0.4536422018348624 0.6918083235638921
0 0.4501146788990826 0.6887456037514654 0.6455172018348624 0.6376219226260257 0.6440493119266055 0.5744601406799531 0.4445149082568808 0.6326875732708089
1 0.45298165137614677 0.6359906213364596 0.6236227064220183 0.5896471277842907 0.6172282110091742 0.5357983587338804 0.44907339449541284 0.5783012895662368
0 0.45298165137614677 0.5803048065650644 0.638730504587156 0.519398593200469 0.6285160550458716 0.4833012895662368 0.4356123853211009 0.5228675263774911
1 0.4421857798165138 0.5291987104337632 0.6537029816513762 0.4766148886283705 0.6604116972477064 0.41040797186400935 0.45191743119266053 0.466483001172333
1 0.44724770642201833 0.41178194607268465 0.4579094036697248 0.4647373974208675 0.6587878440366972 0.41478135990621334 0.651105504587156 0.35136811254396244
0 0.45050688073394496 0.41571453692848764 0.6674220183486238 0.35527198124267295 0.6445538990825689 0.30637514654161785 0.4467098623853211 0.3597538100820633
1 0.4515034403669725 0.35596424384525205 0.6247981651376147 0.30808675263774915 0.6251903669724771 0.24187397420867526 0.4529369266055046 0.3033528722157092
0 0.45871559633027525 0.3018757327080891 0.6576123853211009 0.23877139507620163 0.6319323394495412 0.19084759671746776 0.4482442660550459 0.24286987104337632
0 0.4386467889908257 0.2007620164126612 0.6401192660550459 0.1489917936694021 0.6440837155963303 0.18563247362250881 0.46279243119266056 0.24750058616647128
0 0.4644495412844037 0.13774912075029308 0.6304426605504587 0.09668874560375146 0.6527626146788991 0.13745134818288393 0.44788646788990827 0.20196424384525205
1 0.6450688073394495 0.29308323563892147 0.8579415137614679 0.23783235638921454 0.8517488532110092 0.1930339976553341 0.6474770642201835 0.24366529894490035
0 0.6565366972477065 0.23886283704572098 0.8504048165137614 0.19271922626025792 0.8104461009174311 0.1397297772567409 0.6333658256880733 0.19238745603751467
1 0.6594036697247706 0.39273153575615477 0.8399896788990826 0.3508012895662368 0.8392282110091743 0.29848710433763187 0.658440366972477 0.3498681125439625
1 0.6565366972477065 0.5304806565064478 0.8397878440366972 0.4903593200468933 0.8481651376146789 0.4288405627198124 0.6518784403669725 0.48490386869871044
1 0.6594036697247706 0.48651817116060964 0.8407282110091743 0.43738100820633063 0.8450963302752293 0.3879917936694021 0.6554506880733945 0.4322233294255569
1 0.650802752293578 0.9686400937866354 0.8415688073394495 0.9182379835873388 0.8363715596330276 0.8616817116060961 0.6459759174311928 0.9159941383352872
1 0.6536697247706422 0.9100234466588512 0.8393623853211009 0.8637080890973037 0.8402362385321102 0.8021324736225088 0.6464690366972478 0.8591289566236812
1 0.6594036697247706 0.8499413833528722 0.8425871559633027 0.802801875732708 0.8395527522935781 0.7505967174677609 0.6476112385321101 0.800746776084408
1 0.6680045871559633 0.7927901524032825 0.8495538990825688 0.7503446658851114 0.8444575688073394 0.6941436107854632 0.6678922018348624 0.7415750293083235
1 0.6479357798165137 0.7458968347010551 0.8467201834862386 0.6928786635404455 0.8460366972477065 0.6339701055099649 0.6423360091743119 0.7003886283704572
1 0.6450688073394495 0.6872801875732708 0.8387568807339449 0.6380973036342321 0.8378727064220184 0.5830011723329426 0.6522477064220183 0.6313423212192262
1 0.6479357798165137 0.6345252051582649 0.8363050458715596 0.5823599062133645 0.8472465596330275 0.5257924970691676 0.6521800458715596 0.5771852286049238