0 0.09809215262778978 0.49924924924924924 0.13394168466522677 0.4748055555555556 0.12080489560835134 0.6100360360360361 0.09202123830093592 0.6229474474474475
0 0.1331893448524118 0.4767267267267267 0.16814254859611233 0.4475840840840841 0.15244636429085673 0.5962312312312312 0.12046040316774659 0.6092957957957957
0 0.16558675305975523 0.45232732732732733 0.19862383009359252 0.4294309309309309 0.18500215982721382 0.5713843843843843 0.15633441324694025 0.5860105105105106
1 0.23218142548596113 0.40540540540540543 0.21575053995680346 0.5499324324324324 0.1860953923686105 0.5563033033033032 0.19979805615550755 0.4317552552552552
1 0.2600791936645068 0.3885135135135135 0.29292656587473004 0.37099099099099103 0.2797616990640749 0.5003415915915916 0.24623218142548597 0.5218378378378378
1 0.32667386609071275 0.34534534534534533 0.3594510439164867 0.3228153153153153 0.3434420446364291 0.4620195195195195 0.313252339812815 0.4772327327327327
1 0.38900431965442767 0.30663513513513513 0.37325917926565877 0.44027402402402405 0.34242620590352774 0.45921171171171166 0.3570079193664507 0.3214954954954955
0 0.42026637868970484 0.28903903903903905 0.40664074874010075 0.41454804804804807 0.3795305975521958 0.4369602102102102 0.3884877609791217 0.3031231231231231
1 0.4481641468682505 0.27402402402402404 0.49006011519078474 0.2349692192192192 0.47216702663786897 0.37478903903903904 0.44441684665226777 0.36552927927927925
1 0.4742620590352772 0.36599099099099097 0.49153635709143273 0.23403753753753753 0.5205943124550036 0.21398573573573573 0.5050248380129589 0.34700975975975973
1 0.5199157667386609 0.21940390390390388 0.553533117350612 0.19292942942942945 0.5357138228941685 0.32908408408408407 0.5055590352771778 0.34753003003003
0 0.5831533477321814 0.18018018018018017 0.5635975521958243 0.3169797297297297 0.5386141108711303 0.3268843843843844 0.5510406767458603 0.19276876876876875
1 0.6146508279337654 0.15578078078078078 0.5975205183585314 0.2891343843843844 0.5697670986321095 0.3081816816816817 0.583202663786897 0.1778490990990991
1 0.6137508999280058 0.15015015015015015 0.6458354931605472 0.1327087087087087 0.6296295896328294 0.2664797297297297 0.6001994240460763 0.2883205705705706
1 0.6767458603311735 0.11261261261261261 0.6593099352051837 0.2538693693693694 0.6297667386609072 0.2700427927927928 0.6450305975521958 0.1363671171171171
1 0.7046436285097192 0.09196696696696696 0.6931310295176386 0.22472672672672675 0.6619708423326134 0.2470217717717718 0.6765629949604032 0.10737762762762762
1 0.7379409647228222 0.07132132132132132 0.7239078473722103 0.21097972972972973 0.6941645068394529 0.22708033033033034 0.7068056155507559 0.0929496996996997
1 0.7667386609071274 0.05442942942942943 0.7522343412526997 0.1863385885885886 0.7269553635709143 0.20831156156156155 0.7389427645788337 0.07226726726726727 0.7385316774658027 0.07226726726726727
1 0.8018358531317494 0.026276276276276277 0.7847231821454282 0.15839114114114114 0.7538725701943844 0.18704954954954955 0.7682293016558676 0.05337387387387387
1 0.8324334053275738 0.0075075075075075074 0.8201929445644349 0.137246996996997 0.792745140388769 0.1605900900900901 0.8011681065514759 0.02658408408408408
1 0.9215262778977682 0.29654654654654655 0.9092015838732902 0.42591891891891887 0.942178905687545 0.4077222222222222 0.9505806335493161 0.2748821321321321
1 0.7928365730741541 0.3791291291291291 0.8281447084233261 0.35663588588588585 0.813471562275018 0.4958768768768769 0.781700143988481 0.518304054054054 0.7819391648668106 0.5166764264264264
1 0.8225341972642188 0.36036036036036034 0.8547876169906408 0.3449421921921922 0.8417278617710584 0.47084684684684686 0.8149902807775379 0.4979812312312313 0.8133768898488122 0.4942124624624625
1 0.8562638588912888 0.3397732732732733 0.8889143268538517 0.31726576576576576 0.87378437724982 0.46028903903903906 0.8444348452123831 0.47761411411411414 0.8444348452123831 0.47718843843843844
1 0.8879618430525558 0.3131816816816817 0.8730251979841613 0.45955630630630634 0.9066562275017997 0.43502477477477475 0.9197544996400288 0.2921546546546546
1 0.7587660187185025 0.400734984984985 0.7459877609791216 0.5386486486486487 0.7821216702663787 0.5117642642642642 0.7941339092872569 0.3791141141141141
1 0.7271418286537077 0.42042042042042044 0.7154780417566594 0.5595442942942943 0.7459910007199423 0.5341111111111111 0.760516558675306 0.40162987987987986
1 0.6681544276457884 0.4682807807807808 0.6555061195104392 0.6054684684684685 0.6935561555075594 0.5736861861861862 0.7003513318934486 0.43530330330330325
1 0.699244060475162 0.44294294294294295 0.6836677465802736 0.5812304804804804 0.7194571634269259 0.5542725225225226 0.7308434125269978 0.4217034534534534
1 0.6326493880489561 0.48986486486486486 0.6697609791216703 0.46025300300300304 0.653811735061195 0.6042222222222222 0.6234884809215262 0.6178881381381381
1 0.6056515478761699 0.5086336336336337 0.5917836573074153 0.6520825825825826 0.6244200863930885 0.6176321321321322 0.636171706263499 0.48853753753753754
1 0.5382447804175665 0.5486569069069069 0.5764460043196544 0.5320728228228229 0.5616184305255579 0.671415915915916 0.5321562275017998 0.6802725225225226
1 0.5696544276457883 0.5424174174174174 0.6036864650827933 0.5099016516516516 0.5933056155507559 0.6463348348348349 0.5598113750899928 0.6628746246246245 0.5598113750899928 0.6632927927927927
1 0.5012598992080634 0.5780780780780781 0.543190784737221 0.5446606606606607 0.5312141828653708 0.6853093093093093 0.49637724982001435 0.703960960960961
0 0.3802091432685385 0.6522657657657658 0.4101879049676026 0.6467822822822823 0.3987174226061915 0.771015015015015 0.3667627789776818 0.7910668168168168
0 0.40946724262059037 0.6343843843843844 0.44188228941684665 0.6238858858858859 0.43045032397408206 0.7487492492492492 0.3984503239740821 0.7784564564564564
0 0.44186465082793375 0.6174924924924925 0.47075017998560115 0.6320968468468469 0.4620111591072715 0.7258746246246246 0.430032037437005 0.7552304804804805
0 0.34467242620590355 0.6737987987987988 0.38150251979841615 0.656042042042042 0.3671321094312455 0.7965878378378379 0.33292404607631393 0.8060893393393394
1 0.3167746580273578 0.7113363363363363 0.34843016558675305 0.6855442942942943 0.33523362131029516 0.8152169669669669 0.30258675305975524 0.8372852852852852
0 0.28257739380849534 0.7188438438438438 0.3163704103671706 0.7012334834834835 0.3052512598992081 0.8407897897897898 0.27158135349172063 0.8573806306306306
0 0.21958243340532757 0.7657657657657657 0.25726709863210945 0.7482950450450451 0.23906083513318935 0.8881516516516517 0.21118790496760256 0.9059084084084085
0 0.25557955363570917 0.7432432432432432 0.28661663066954646 0.7279279279279279 0.2712544996400288 0.8594481981981983 0.24025953923686105 0.871647897897898
0 0.18898488120950324 0.7882882882882883 0.22724226061915045 0.7634414414414414 0.21040028797696184 0.9077702702702704 0.17291288696904247 0.9191711711711712
0 0.15682649388048955 0.8188093093093093 0.1914316054715623 0.7941388888888888 0.1739989200863931 0.9292590090090089 0.14513462922966164 0.9479031531531531
0 0.1286897048236141 0.8201951951951952 0.16493628509719221 0.8113168168168168 0.14288120950323974 0.9578228228228228 0.11490244780417568 0.9594654654654655
1 0.0962922966162707 0.8544481981981982 0.13164614830813537 0.8312072072072071 0.11533153347732182 0.9647297297297297 0.08692728581713463 0.9823693693693695
1 0.030365370770338376 0.899024024024024 0.06479481641468683 0.872710960960961 0.05111663066954644 1 0.02379193664506839 1