1 0.18893387314439947 0.703816371681416 0.1921727395411606 0.7774092920353982 0.1265877192982456 0.7056747787610619 0.13108771929824561 0.6419059734513275
1 0.1912732793522267 0.6326161504424779 0.19706545209176787 0.7039081858407079 0.13156545209176787 0.6385143805309734 0.13156545209176787 0.5728606194690266
1 0.19652496626180838 0.5655420353982301 0.19711808367071526 0.6289103982300884 0.12940418353576247 0.565375 0.1335357624831309 0.49481194690265484
1 0.19652496626180838 0.48257743362831856 0.19658771929824562 0.5601139380530974 0.13205330634278004 0.49370464601769914 0.13338798920377867 0.4288119469026549
1 0.19669973009446695 0.49003650442477875 0.19759244264507422 0.4103938053097345 0.1341983805668016 0.3508761061946903 0.13124966261808368 0.4254203539823009
1 0.13326585695006748 0.28069690265486724 0.2003960863697706 0.3472787610619469 0.1980472334682861 0.41930088495575224 0.12910458839406208 0.35179977876106194
1 0.13663967611336034 0.21017699115044247 0.20034008097165992 0.276408185840708 0.19916396761133603 0.3451238938053098 0.13400404858299594 0.27849336283185844
1 0.10121457489878542 0.7646570796460177 0.04049257759784075 0.706603982300885 0.041414979757085024 0.6345818584070797 0.10187381916329286 0.6986471238938053
1 0.100555330634278 0.6218506637168142 0.10132321187584345 0.7023738938053098 0.03858502024291498 0.6339446902654867 0.04048582995951417 0.5674325221238937
1 0.09868421052631579 0.5489491150442478 0.10273009446693658 0.6316061946902655 0.03768825910931174 0.5582068584070797 0.041210526315789475 0.49138716814159294
1 0.09784075573549257 0.48396017699115046 0.09882928475033738 0.5607455752212389 0.037082321187584345 0.49441703539823006 0.04139203778677463 0.42547455752212393
1 0.10037112010796222 0.41620575221238937 0.10038461538461539 0.4850409292035398 0.0413029689608637 0.42581526548672566 0.04076248313090418 0.357049778761062 0.04138191632928475 0.35709402654867256 0.04182995951417004 0.3600099557522124
1 0.10037112010796222 0.3456858407079646 0.10265789473684211 0.42113163716814156 0.03739541160593792 0.3545276548672566 0.041582995951417005 0.287891592920354
1 0.050152496626180834 0.21144579646017697 0.10209109311740891 0.28099889380530974 0.10414709851551956 0.34676106194690265 0.042907557354925775 0.2867466814159292
1 0.3525641025641026 0.33185840707964603 0.35396086369770585 0.4259933628318584 0.29103441295546556 0.48570464601769914 0.2947415654520918 0.39977433628318587
1 0.3550944669365722 0.2682522123893805 0.3578191632928475 0.3442975663716814 0.29372334682861 0.4034480088495575 0.2913441295546559 0.32986504424778756
1 0.3550944669365722 0.19081858407079647 0.3557503373819163 0.2645254424778761 0.2922672064777328 0.32615486725663717 0.29273819163292847 0.2538949115044248
1 0.2901484480431849 0.16178097345132744 0.2852854251012146 0.26098783185840707 0.35327935222672063 0.19290929203539822 0.35244534412955464 0.12994026548672566
1 0.3458164642375169 0.5641592920353983 0.34984952766531713 0.645049778761062 0.2937361673414305 0.701391592920354 0.2953016194331984 0.6172765486725664
1 0.3517206477732793 0.48672566371681414 0.35398110661268556 0.579299778761062 0.28871862348178134 0.6380553097345133 0.2921255060728745 0.547912610619469
1 0.3525641025641026 0.42035398230088494 0.3550910931174089 0.49357964601769916 0.2916275303643725 0.5520818584070797 0.29194399460188936 0.47081858407079646
1 0.4411268556005398 0.5696902654867256 0.4480026990553307 0.6485066371681416 0.38039136302294196 0.7238882743362831 0.38289878542510125 0.6351869469026548
1 0.4413178137651822 0.5032267699115044 0.4446585695006748 0.5873528761061947 0.3810836707152496 0.6452444690265488 0.382608636977058 0.5702842920353983
1 0.4478744939271255 0.4258849557522124 0.44348582995951413 0.5153849557522124 0.3812611336032389 0.5770685840707964 0.38454588394062084 0.4938772123893805
1 0.4411268556005398 0.36089601769911506 0.4492483130904183 0.4399446902654867 0.38193994601889336 0.509362831858407 0.3870796221322537 0.4302820796460177
1 0.45040485829959515 0.2917588495575221 0.44576923076923075 0.3710022123893806 0.38552834008097164 0.43457522123893805 0.3874358974358974 0.3566128318584071
1 0.38798920377867746 0.28069690265486724 0.3850141700404858 0.3557975663716814 0.4487442645074224 0.28755641592920356 0.44886302294197034 0.22149225663716815
1 0.5347638326585695 0.6426139380530973 0.5339264507422402 0.727528761061947 0.5965762483130904 0.7917123893805309 0.5998643724696356 0.7059878318584071
1 0.5347503373819164 0.5696902654867256 0.5315512820512821 0.6570674778761062 0.6023812415654521 0.7143595132743362 0.6018940620782726 0.6345553097345134
1 0.5980094466936572 0.6429756637168141 0.5382260458839406 0.5776139380530974 0.5388819163292847 0.5076073008849558 0.6005991902834008 0.5667632743362833
1 0.604757085020243 0.5738384955752213 0.5384568151147099 0.5067809734513274 0.5404237516869096 0.43206969026548675 0.5994325236167342 0.495087389380531
1 0.6013832658569501 0.41482300884955753 0.6014689608636977 0.49700442477876106 0.5392773279352227 0.43572566371681415 0.5402361673414305 0.3662002212389381 0.5402361673414305 0.36588716814159294
1 0.5989750337381916 0.34537278761061946 0.6032908232118759 0.4304435840707964 0.5375377867746288 0.37060730088495575 0.540825910931174 0.29138053097345135
1 0.604757085020243 0.28207964601769914 0.6032577597840756 0.35343694690265487 0.5409939271255061 0.29236393805309735 0.5472604588394062 0.23494800884955752
1 0.5592105263157895 0.1728429203539823 0.6038940620782726 0.2232212389380531 0.6041774628879891 0.28767035398230084 0.5509669365721998 0.23638384955752212 0.5507692307692308 0.23607079646017698
1 0.6941632928475033 0.6720132743362832 0.6959554655870445 0.7695719026548672 0.6333225371120108 0.6913451327433628 0.6339716599190284 0.6211703539823009 0.6339716599190284 0.6208573008849557
1 0.6916329284750338 0.6070243362831859 0.6930168690958164 0.6894435840707964 0.6326369770580297 0.6243573008849558 0.634304318488529 0.5532267699115044
1 0.6941632928475033 0.5309734513274337 0.6952834008097166 0.62354203539823 0.6347921727395411 0.5567267699115044 0.632561403508772 0.4943141592920354 0.6329534412955465 0.493266592920354
1 0.6958502024291497 0.46875 0.6933792172739541 0.547896017699115 0.6345283400809717 0.4897986725663717 0.6337280701754385 0.41913274336283185
1 0.6916329284750338 0.39823008849557523 0.6945128205128205 0.4845221238938053 0.6362712550607287 0.42562610619469027 0.6355269905533063 0.3585243362831858
1 0.6941632928475033 0.3290929203539823 0.6952968960863698 0.41336504424778764 0.6379811066126856 0.3581847345132743 0.6356551956815115 0.2856061946902655
1 0.6354048582995951 0.21795464601769912 0.7032503373819164 0.275695796460177 0.6963677462887989 0.3429634955752212 0.6319520917678813 0.2847853982300885
1 0.8527327935222672 0.6609513274336283 0.8580573549257761 0.7564413716814159 0.7843670715249663 0.8023805309734513 0.7857834008097165 0.719091814159292
1 0.8569500674763832 0.5904314159292036 0.8601983805668016 0.6675464601769912 0.7842118758434548 0.7278573008849557 0.7843238866396761 0.649608407079646
1 0.8510458839406208 0.5212942477876106 0.8577800269905533 0.6063108407079646 0.7823373819163293 0.6676061946902655 0.7844790823211876 0.5828152654867257
1 0.8561491228070176 0.444125 0.8535337381916328 0.5392101769911505 0.78382995951417 0.5939424778761062 0.7860107962213225 0.5114148230088496
1 0.8510458839406208 0.37748893805309736 0.856531713900135 0.45957853982300884 0.7864163292847504 0.5238274336283186 0.7861889338731445 0.43596349557522124
1 0.8512368421052631 0.31221902654867256 0.852363697705803 0.395820796460177 0.7874635627530364 0.45600774336283184 0.7836815114709851 0.37503097345132747
1 0.8552631578947368 0.23091814159292035 0.8571045883940621 0.3277964601769911 0.7892334682860999 0.38238827433628314 0.7860573549257759 0.3083738938053097
1 0.8561066126855601 0.16316371681415928 0.8584291497975709 0.25161615044247787 0.7884952766531713 0.3179612831858407 0.7886437246963562 0.23055641592920353
1 0.7861457489878543 0.15429977876106193 0.8580175438596492 0.10463495575221239 0.8580438596491229 0.1819004424778761 0.7887584345479083 0.25080641592920355
1 0.9488866396761133 0.6084070796460177 0.9512260458839407 0.6942179203539823 0.8852192982456141 0.6236338495575221 0.8836207827260459 0.5508451327433628 0.8827975708502025 0.5504723451327433
1 0.9417240215924426 0.5271659292035398 0.9486261808367071 0.6183451327433629 0.8798454790823212 0.5500243362831858 0.8839541160593792 0.48270132743362837
1 0.9438259109311741 0.46045353982300885 0.9476673414304994 0.5475176991150442 0.8826194331983805 0.4834203539823009 0.8828927125506072 0.4174701327433628
1 0.9497300944669366 0.3926991150442478 0.9499939271255061 0.4790453539823009 0.8853542510121458 0.42120685840707967 0.8839041835357624 0.34648561946902656
1 0.9463562753036437 0.3290929203539823 0.9478684210526316 0.41099889380530974 0.8802834008097166 0.3427256637168142 0.882859649122807 0.27602433628318584
1 0.9522604588394062 0.2571902654867257 0.9532260458839407 0.3310154867256637 0.8850114709851552 0.27430199115044246 0.8864514170040486 0.20773561946902655
0 0.9556707152496626 0.18780420353982302 0.9533380566801619 0.26599446902654866 0.8865566801619433 0.20264159292035397 0.8834068825910931 0.1335154867256637
0 0.8932186234817814 0.06498893805309734 0.9574035087719299 0.12344800884955752 0.9537368421052632 0.19341150442477875 0.879387314439946 0.13546017699115045