0 0.1580041407867495 0.11535616438356165 0.19178467908902694 0.019226027397260273 0.37103726708074536 0.17183333333333334 0.33889026915113873 0.2727716894977169
1 0.2048592132505176 0.02163013698630137 0.3007515527950311 0 0.36613250517598345 0.0228310502283105 0.4184368530020704 0.08050913242009132 0.37375983436853005 0.1814474885844749
1 0.12313457556935817 0.23311643835616438 0.15909316770186335 0.11896118721461187 0.3421594202898551 0.2835867579908676 0.2963933747412008 0.3845228310502283
0 0.33889026915113873 0.2727716894977169 0.37593995859213253 0.17183333333333334 0.5600952380952381 0.34006164383561643 0.5197784679089027 0.44700684931506846
1 0.5622753623188406 0.3448698630136986 0.3748509316770186 0.17543835616438355 0.4140786749482402 0.07450228310502283 0.5590062111801242 0.19947031963470319
0 0.30293167701863355 0.3761118721461187 0.33889026915113873 0.2787785388127854 0.523592132505176 0.4397990867579909 0.4740103519668737 0.5443401826484018
0 0.2560745341614907 0.49266894977168946 0.29857349896480334 0.37491095890410964 0.4740103519668737 0.5263150684931507 0.43805175983436856 0.6416735159817352
0 0.21575776397515528 0.591203196347032 0.26043271221532094 0.47464611872146123 0.43914078674948237 0.6320593607305935 0.4010020703933747 0.7522237442922374
1 0.18088612836438922 0.698148401826484 0.2277432712215321 0.5707762557077626 0.4064513457556936 0.7390045662100457 0.36068530020703937 0.8579657534246575
0 0.14056935817805383 0.7870707762557078 0.3236356107660456 0.9492899543378995 0.367768115942029 0.8411438356164384 0.1787080745341615 0.6837305936073059
1 0.08063561076604556 0.32924885844748863 0.11877432712215322 0.21869634703196347 0.2963933747412008 0.37250684931506844 0.25825465838509315 0.4782511415525114
1 0.039227743271221534 0.4301849315068493 0.08063561076604556 0.3136255707762557 0.26152380952380955 0.4794520547945205 0.21575776397515528 0.591203196347032
1 0.0021801242236024845 0.5335251141552512 0.045766045548654245 0.41816894977168945 0.22338509316770186 0.577986301369863 0.17543892339544512 0.6957465753424658
1 0.13403105590062112 0.7882716894977169 0.1841552795031056 0.6885365296803653 0.009807453416149069 0.5263150684931507 0 0.6669063926940639
1 0.10351966873706005 0.8966598173515983 0.14601656314699793 0.787310502283105 0 0.6527283105022831 0 0.8005296803652968
1 0.057753623188405795 1 0 0.9490502283105023 0.0010890269151138717 0.7838264840182648 0.11114699792960663 0.8877671232876712
1 0.13730020703933749 0.777216894977169 0.33017391304347826 0.9478493150684932 0.23101242236024844 1 0.10243064182194617 0.8925730593607306
0 0.7518799171842651 0.3434269406392694 0.7170103519668737 0.46839726027397255 0.9403954451345756 0.4984383561643836 0.9828923395445135 0.39149315068493146
0 0.7213685300207039 0.4467671232876712 0.6799606625258799 0.5609223744292238 0.9044347826086956 0.6065844748858448 0.9436625258799172 0.490027397260274
1 0.6341946169772256 0.6630616438356164 0.8695652173913043 0.7099246575342466 0.9087929606625259 0.5921643835616438 0.678871635610766 0.551310502283105
1 0.6015031055900621 0.7627968036529681 0.6440020703933748 0.6462397260273972 0.8695652173913043 0.6967077625570777 0.8270683229813665 0.8120639269406393
1 0.5677246376811594 0.8745502283105023 0.6036832298136646 0.7543858447488584 0.8423229813664596 0.7928378995433789 0.7900186335403727 0.9178082191780822
1 0.5263167701863354 0.9766872146118721 0.5720828157349896 0.8529200913242009 0.7911076604554865 0.8925730593607306 0.7475217391304347 1