1 0.3166984924623115 0.07611824324324323 0.4422780569514238 0.011690878378378379 0.43940368509212735 0.10081756756756756 0.3105309882747069 0.1635962837837838
1 0.314070351758794 0.15906587837837838 0.44028810720268 0.09775 0.44028810720268 0.18413344594594597 0.30690619765494137 0.23838344594594593
1 0.45226130653266333 0.2477483108108108 0.44916415410385263 0.3493581081081081 0.314964824120603 0.4154070945945946 0.3164087102177554 0.3181418918918919
1 0.4421842546063651 0.4256790540540541 0.44048408710217757 0.5159560810810812 0.31932663316582915 0.5761604729729729 0.3222328308207705 0.48365202702702703
1 0.4480737018425461 0.3533226351351351 0.4471407035175879 0.4318108108108108 0.3184221105527638 0.49150337837837843 0.31257621440536015 0.40278885135135134
1 0.4438860971524288 0.5166097972972974 0.442430485762144 0.6208868243243243 0.31366666666666665 0.6602905405405405 0.32048241206030154 0.5688361486486486
1 0.43690619765494143 0.6770827702702703 0.4403634840871022 0.7768344594594595 0.32129480737018423 0.8141976351351351 0.3237922948073702 0.7294847972972973
1 0.4410938023450587 0.6038851351351351 0.4424036850921273 0.6901486486486487 0.3168458961474037 0.7435945945945946 0.3120636515912898 0.6524881756756757
1 0.6504740368509213 0.6813057432432433 0.6442696817420436 0.7901638513513514 0.5030686767169179 0.8533429054054054 0.4940552763819096 0.7617347972972973
1 0.49030988274706866 0.6884442567567568 0.49177051926298154 0.7615152027027027 0.6565058626465662 0.6821418918918919 0.6556499162479063 0.5938614864864864
1 0.49553266331658297 0.6038851351351351 0.49312395309882745 0.6834780405405406 0.6584790619765495 0.5949341216216216 0.6543835845896147 0.5124087837837837
1 0.4885544388609715 0.5208327702702703 0.49356448911222783 0.600652027027027 0.6552998324958124 0.5141807432432433 0.6467403685092127 0.43192567567567564
1 0.4946599664991625 0.434054054054054 0.49433333333333335 0.5155489864864865 0.6409597989949749 0.4402331081081081 0.6459815745393636 0.34702027027027027
1 0.49941038525963155 0.3537956081081081 0.4967822445561139 0.43733614864864867 0.6447922948073701 0.35441554054054053 0.6436147403685092 0.2672956081081081
1 0.4947202680067002 0.2609391891891892 0.49515075376884427 0.3529695945945946 0.6456482412060301 0.2658716216216216 0.6395963149078727 0.19084797297297298
1 0.5033417085427135 0.1841891891891892 0.49657453936348406 0.2675760135135135 0.6494706867671691 0.1931233108108108 0.6405778894472361 0.10316554054054054
1 0.4930251256281407 0.0972331081081081 0.5024204355108878 0.18697128378378378 0.6425293132328308 0.10238513513513514 0.6389748743718593 0.018569256756756757
1 0.4997202680067002 0.01266891891891892 0.49973701842546064 0.09996621621621622 0.6345427135678392 0.024579391891891893 0.6358241206030151 0.002677364864864865
1 0.5011172529313233 0.9375 0.49337353433835845 1 0.6365276381909548 0.9384408783783784 0.6465159128978225 0.8530675675675676
1 0.6462864321608041 0.7798429054054054 0.648500837520938 0.8591165540540541 0.4997202680067002 0.9407449324324325 0.49720770519262986 0.8518581081081081
1 0.8528760469011725 0.06756756756756757 0.8531038525963149 0.15364864864864863 0.982283082077052 0.21603716216216218 0.9760167504187605 0.12619932432432432
1 0.8375209380234506 0.47015709459459465 0.8438190954773869 0.5569375 0.9876365159128979 0.6246418918918919 0.9873852596314908 0.5431790540540541
1 0.8403132328308207 0.3913293918918919 0.8407001675041876 0.47488175675675676 0.9812412060301509 0.5491013513513513 0.9841306532663315 0.459777027027027
1 0.8458961474036851 0.3096841216216216 0.8422814070351758 0.3900810810810811 0.9936616415410385 0.46632432432432436 0.995892797319933 0.3882939189189189
1 0.8542713567839196 0.23226351351351351 0.8487252931323284 0.3148361486486487 0.9934489112227807 0.3862702702702703 0.9944355108877722 0.30872804054054054
1 0.8556666666666667 0.16188006756756756 0.8548107202680068 0.23005236486486486 0.9964639865996651 0.3041418918918919 0.9892077051926298 0.20996114864864865
1 0.8417085427135679 0.6503378378378378 0.8353400335008375 0.7302010135135135 0.9990988274706868 0.804652027027027 1 0.7150625
1 0.8314304857621441 0.5707179054054055 0.8451273031825796 0.6445979729729729 1 0.7097618243243243 0.992854271356784 0.6222347972972972
1 0.830710217755444 0.7385472972972973 0.834641541038526 0.8128783783783784 0.9966013400335009 0.9130084459459459 0.9974187604690117 0.8072364864864865
1 0 0.06897466216216216 0.08149413735343383 0.022412162162162165 0.08879564489112228 0.12808108108108107 0.0013149078726968175 0.14715033783783785
1 0.08498994974874371 0.35081418918918916 0.09585092127303182 0.4553766891891892 0.0002680067001675042 0.4848614864864865 0 0.4001756756756757
1 0.09501675041876047 0.2770287162162162 0.10012060301507537 0.3764763513513513 0 0.4157043918918919 0 0.32194087837837837
1 0.07956448911222781 0.5137956081081081 0.09006700167504188 0.6300540540540541 0 0.6543361486486486 0 0.5661858108108109
1 0.08654438860971525 0.4363733108108109 0.09851256281407035 0.5325236486486487 0.0007303182579564489 0.5767939189189188 0.0004958123953098827 0.4690912162162162
1 0.08793969849246232 0.6686368243243244 0.11962479061976548 0.7604054054054055 0.02005527638190955 0.8121807432432432 0.00044723618090452264 0.7265929054054053
1 0.08459798994974875 0.6029510135135135 0.0899681742043551 0.7049341216216216 0 0.7499408783783783 0.00010887772194304858 0.6241317567567567