1 0.8535188087774294 0.1781712962962963 0.950051724137931 0.1819074074074074 0.9965062695924765 0.2925308641975309 0.906769592476489 0.296354938271605
1 0.7651755485893417 0.18237962962962964 0.836153605015674 0.30469135802469133 0.9259122257053292 0.3018688271604938 0.8591630094043886 0.18403395061728395
1 0.6839561128526646 0.18097685185185183 0.7507539184952978 0.29668364197530867 0.8458385579937304 0.3013256172839506 0.7754498432601882 0.17844444444444446
1 0.5998855799373041 0.1781712962962963 0.6732351097178684 0.30499691358024694 0.7712868338557994 0.29666203703703703 0.6926003134796238 0.17732716049382716
0 0.5237366771159875 0.17435030864197532 0.583744514106583 0.30900925925925926 0.6809561128526646 0.293375 0.6113746081504703 0.177945987654321
1 0.445423197492163 0.1740324074074074 0.5061708463949843 0.3003287037037037 0.5947319749216301 0.30258024691358026 0.5334937304075236 0.17402160493827162
0 0.3776003134796238 0.1588641975308642 0.4391943573667712 0.293516975308642 0.5184717868338559 0.29427314814814814 0.4508667711598746 0.1759675925925926
0 0.21551724137931033 0.16694753086419753 0.2815862068965517 0.29326543209876543 0.19876959247648904 0.2855648148148148 0.13411442006269592 0.17716820987654322
0 0.048863636363636366 0.16764814814814813 0.11540595611285268 0.2971712962962963 0.20406739811912225 0.28895679012345676 0.13970846394984326 0.17683333333333331
1 0.04563009404388715 0.1741311728395062 0.11527899686520376 0.28668827160493826 0.02552037617554859 0.288820987654321 0 0.21839969135802467
1 0.19378683385579937 0.28479166666666667 0.2583652037617555 0.40743827160493823 0.3491128526645768 0.4009382716049383 0.284474921630094 0.28467129629629634
1 0.11541692789968651 0.28058333333333335 0.17269278996865203 0.4173302469135803 0.27715047021943573 0.40431944444444445 0.19583072100313478 0.2816466049382716
0 0.026427899686520376 0.2829783950617284 0.09746081504702195 0.4225416666666667 0.18292789968652037 0.40763580246913583 0.1225203761755486 0.2813348765432099
0 0.269307210031348 0.286195987654321 0.38162539184952976 0.2818333333333333 0.4316520376175549 0.3952114197530864 0.33016614420062695 0.4004074074074074
0 0.44172100313479623 0.2851435185185185 0.5001708463949843 0.4199490740740741 0.5878025078369905 0.4094660493827161 0.5172805642633228 0.28333950617283954
0 0.5842115987460814 0.27637500000000004 0.6638683385579938 0.4110324074074074 0.562949843260188 0.4084567901234568 0.509871473354232 0.29130864197530865
0 0.5998855799373041 0.2904043209876543 0.6821347962382445 0.28956018518518517 0.7426943573667711 0.4109398148148148 0.6460626959247648 0.40005092592592595
0 0.7612899686520376 0.2838657407407407 0.822371473354232 0.40915277777777775 0.7285282131661441 0.40620987654320984 0.6754780564263323 0.29325308641975306
0 0.8458777429467084 0.28314351851851854 0.9031018808777429 0.4126820987654321 0.8008307210031348 0.40554783950617285 0.7492507836990595 0.2906666666666667
0 0.9119404388714734 0.27918055555555554 0.9838260188087775 0.41580092592592593 0.8830971786833857 0.4098827160493827 0.8266128526645768 0.28970833333333335
1 0.9931598746081505 0.286195987654321 1 0.3271651234567901 0.9861645768025078 0.412462962962963 0.9143401253918496 0.29535185185185187
1 0.04467241379310345 0.6475833333333334 0.13020689655172415 0.6464938271604939 0.18882758620689655 0.765358024691358 0.0882601880877743 0.7658240740740742
0 0.04349373040752351 0.6444058641975309 0.11216771159874608 0.7651435185185185 0.015261755485893418 0.7667608024691358 0 0.681729938271605
0 0.21801097178683387 0.6453425925925926 0.27679937304075236 0.7649953703703704 0.17273040752351096 0.7639876543209877 0.12052194357366772 0.6456435185185185
1 0.44120846394984325 0.6545154320987654 0.5012225705329153 0.773375 0.5945877742946708 0.7713796296296296 0.5273322884012539 0.6525
1 0.5229404388714733 0.655162037037037 0.5801097178683385 0.7767731481481481 0.676730407523511 0.7706574074074074 0.6098275862068966 0.6530740740740741
1 0.698205329153605 0.6565663580246913 0.7569153605015674 0.7742623456790123 0.6567884012539185 0.7718456790123457 0.596346394984326 0.6534861111111111
1 0.7692993730407524 0.6504166666666668 0.8375721003134796 0.7704598765432098 0.7476692789968652 0.7720925925925926 0.6794921630094044 0.6563734567901234
1 0.8463949843260188 0.6481481481481481 0.916371473354232 0.7729305555555556 0.8271363636363636 0.7709861111111111 0.7664670846394984 0.6590586419753086
1 0.8406959247648903 0.6495509259259259 0.8994498432601882 0.7813055555555556 0.9958432601880877 0.773550925925926 0.9298746081504702 0.6550586419753086
0 0.024224137931034482 0.7505617283950617 0.08553918495297805 0.8881574074074073 0.1735485893416928 0.8821018518518519 0.11006269592476489 0.754287037037037
1 0.18808777429467086 0.7421435185185185 0.2639028213166144 0.8757006172839505 0.15898275862068964 0.8757006172839505 0.10153605015673982 0.7536574074074074
0 0.2739216300940439 0.7519645061728395 0.3447492163009404 0.8777175925925925 0.2345579937304075 0.8739135802469137 0.17476332288401253 0.761033950617284
1 0.37334169278996865 0.7512021604938272 0.4401912225705329 0.875733024691358 0.31890595611285266 0.8821512345679012 0.26393573667711595 0.758337962962963
0 0.4906583072100314 0.7528518518518519 0.5787742946708464 0.8863533950617284 0.46428526645768026 0.8758811728395062 0.4145094043887147 0.7659768518518518
0 0.5859937304075234 0.7603811728395061 0.6642131661442006 0.8806604938271605 0.5616473354231976 0.8847098765432099 0.4972257053291536 0.7590941358024691
0 0.6686426332288401 0.7558117283950617 0.7449482758620689 0.8883317901234568 0.6326473354231975 0.8882885802469136 0.5743824451410658 0.7620632716049383
0 0.7602774294670847 0.7565679012345679 0.8292962382445142 0.8882006172839506 0.7071943573667712 0.8823703703703702 0.6510830721003135 0.764787037037037
1 0.8364200626959247 0.7561728395061729 0.9096426332288401 0.8872037037037037 0.8050830721003135 0.8868256172839506 0.7438134796238245 0.7666512345679013
0 0.9095078369905956 0.7503302469135802 0.9803918495297805 0.8925740740740741 0.8877398119122257 0.8884691358024691 0.8148793103448276 0.7653086419753087
1 0.9846112852664577 0.7519645061728395 1 0.8120817901234568 0.973128526645768 0.8927222222222223 0.8959106583072101 0.7601574074074074