0 0.030165912518853696 0.11611967213114754 0.12800904977375566 0.11881967213114755 0.16894117647058823 0.23519180327868855 0.08374660633484163 0.24202786885245903
0 0.10683710407239819 0.11611967213114754 0.2059230769230769 0.1191032786885246 0.2567239819004525 0.2466065573770492 0.16298642533936653 0.24551147540983606
0 0.18602262443438913 0.11611967213114754 0.23670739064856713 0.24248688524590165 0.34267571644042233 0.24473770491803276 0.27252488687782805 0.1161360655737705
0 0.35329562594268477 0.11153606557377051 0.4200935143288084 0.25164426229508197 0.3193740573152338 0.23965245901639343 0.26154600301659126 0.12678196721311477
0 0.42515082956259426 0.11611967213114754 0.49715837104072397 0.2443327868852459 0.40426395173453994 0.24042131147540985 0.34325490196078434 0.11461475409836067
1 0.5021508295625943 0.11766229508196721 0.5727405731523378 0.24880491803278687 0.4748386123680241 0.2438311475409836 0.4133273001508296 0.11987213114754099
1 0.5794705882352942 0.12308360655737706 0.6427933634992459 0.2557852459016393 0.5468853695324283 0.24655737704918035 0.4948461538461539 0.12198524590163935
0 0.5759803921568627 0.12158524590163934 0.6395429864253394 0.24723114754098363 0.7154087481146304 0.24878852459016393 0.6551613876319758 0.11398032786885247
1 0.752891402714932 0.13797868852459017 0.8087149321266969 0.26092950819672134 0.8787888386123679 0.2580737704918033 0.810395173453997 0.1268672131147541
1 0.8810120663650075 0.12537868852459016 0.9469864253393665 0.24717704918032785 0.8611523378582201 0.2422360655737705 0.8096244343891402 0.13150491803278688
1 0.9602820512820514 0.12841475409836065 1 0.22357868852459017 0.9314509803921569 0.2527967213114754 0.8790241327300151 0.1286393442622951
0 0.08934389140271493 0.24548032786885246 0.14653846153846153 0.36521311475409834 0.24185218702865763 0.3609114754098361 0.17979788838612368 0.23957868852459016
0 0.248868778280543 0.24075245901639344 0.31236802413273 0.36395409836065573 0.22876772247360483 0.36111967213114754 0.1763257918552036 0.24908196721311476
1 0.3293107088989442 0.23770491803278687 0.39649170437405734 0.36318524590163936 0.29818250377073907 0.35901803278688527 0.24584917043740573 0.24068196721311474
1 0.4122669683257919 0.22677540983606556 0.4806862745098039 0.3685 0.3807420814479638 0.36069836065573774 0.3239894419306184 0.23687704918032787
0 0.4939668174962293 0.23712295081967213 0.5572941176470588 0.3720540983606557 0.4627496229260935 0.36831311475409834 0.4100180995475113 0.24348360655737705
1 0.559841628959276 0.23824918032786885 0.6336410256410256 0.37107704918032786 0.5453288084464555 0.36454590163934425 0.4763650075414781 0.24719344262295084
1 0.6397692307692308 0.22540983606557377 0.7069110105580694 0.36517540983606556 0.6148506787330317 0.3636016393442623 0.5616787330316741 0.25154754098360654
0 0.6350558069381599 0.23804590163934425 0.690025641025641 0.3744081967213115 0.7876334841628959 0.37053278688524593 0.7225429864253393 0.2468672131147541
1 0.7830573152337859 0.2431688524590164 0.8439683257918553 0.37091803278688523 0.9432006033182504 0.3733409836065574 0.8753318250377075 0.24244918032786886
1 0.9454042232277526 0.23618360655737705 1 0.3722360655737705 0.9277737556561086 0.3677163934426229 0.870760180995475 0.24214426229508196
0 0.021063348416289592 0.6038245901639344 0.07330316742081448 0.7132000000000001 0.17914027149321265 0.7157245901639344 0.10853695324283559 0.5900196721311475
1 0.19733484162895928 0.6010934426229507 0.252025641025641 0.7252229508196721 0.15641628959276016 0.7132377049180327 0.10259125188536954 0.6050262295081967
0 0.26733484162895926 0.602272131147541 0.3289276018099548 0.7323311475409836 0.23744343891402717 0.7217754098360656 0.1822187028657617 0.601060655737705
0 0.3400678733031674 0.5809803278688525 0.411182503770739 0.7351213114754098 0.30992760180995477 0.7246836065573771 0.25869834087481147 0.5980295081967213
0 0.4145399698340874 0.5901049180327869 0.48241327300150827 0.7317442622950819 0.39778883861236797 0.7203131147540984 0.3306907993966817 0.6045622950819672
0 0.4945218702865762 0.5915295081967213 0.5632790346907994 0.7236967213114753 0.4702865761689291 0.7221918032786885 0.4090165912518854 0.5850081967213115
1 0.5794374057315234 0.5969950819672131 0.6415897435897436 0.7309377049180328 0.546158371040724 0.717688524590164 0.48982352941176466 0.6062524590163935
0 0.657684766214178 0.6000737704918033 0.7161749622926094 0.7336918032786885 0.6208506787330317 0.7290065573770492 0.5704720965309201 0.6012213114754098
1 0.8081945701357466 0.6024590163934426 0.8788235294117647 0.7397377049180328 0.9466711915535445 0.7261147540983607 0.8836289592760181 0.5984147540983606
0 0.9598295625942684 0.5901803278688524 1 0.7271540983606558 0.9313423831070891 0.7271540983606558 0.8736138763197587 0.6021655737704918
1 0.0898552036199095 0.7192032786885246 0.14841327300150828 0.8456344262295081 0.24007993966817495 0.8374311475409837 0.1729426847662142 0.7176459016393443
1 0.2526395173453997 0.7144803278688525 0.32781297134238313 0.8527901639344262 0.22040120663650076 0.8384934426229508 0.16049773755656108 0.717544262295082
1 0.32302714932126697 0.7131147540983607 0.39563800904977375 0.8433016393442623 0.28075867269984917 0.8306327868852459 0.23881900452488686 0.7136426229508197
1 0.4028310708898944 0.7099508196721311 0.47786274509803917 0.8481688524590164 0.3599049773755656 0.842004918032787 0.3142337858220211 0.7184721311475409
1 0.4737435897435897 0.7042032786885246 0.5486425339366516 0.8497 0.4584449472096531 0.8472295081967213 0.39597737556561086 0.7185688524590164
1 0.5530422322775264 0.7062836065573771 0.6260407239819005 0.8540016393442623 0.5307360482654601 0.8501852459016395 0.46503318250377074 0.7194967213114754
1 0.6372549019607843 0.7144803278688525 0.7089291101055807 0.8565573770491803 0.6104132730015083 0.8478704918032787 0.5454027149321267 0.7172344262295082
1 0.715184012066365 0.7199459016393442 0.7898612368024133 0.8670491803278688 0.6870105580693816 0.8526508196721311 0.6295520361990949 0.7245245901639344
1 0.7981402714932128 0.7254098360655737 0.8465113122171946 0.8525229508196721 0.921577677224736 0.8483180327868853 0.8616923076923078 0.7165786885245902
0 0.7317104072398191 0.6086180327868852 0.7949245852187028 0.7337672131147541 0.8718808446455506 0.7312901639344263 0.8059607843137254 0.6009803278688525
0 0.8749049773755656 0.7288622950819672 0.9210467571644042 0.8550786885245901 0.9930346907993967 0.850655737704918 0.9492443438914028 0.7293590163934426
0 0.027651583710407237 0.7336065573770492 0.06436802413273002 0.8509754098360656 0.14806033182503772 0.8448540983606557 0.09154901960784315 0.712783606557377