1 0.4626392294220665 0.08858267716535433 0.6202574430823117 0.17716535433070865 0.6246357267950963 0.2887145669291339 0.46409807355516636 0.20013188976377952
0 0.4626392294220665 0.09186417322834646 0.46409807355516636 0.001639763779527559 0.6319316987740806 0.08694291338582677 0.6217162872154116 0.18700787401574803
1 0.2670753064798599 0.42158858267716537 0.084646234676007 0.5331358267716536 0.09048511383537654 0.6438641732283465 0.2626970227670753 0.5364173228346457 0.26561646234676006 0.42650984251968505
1 0.2626970227670753 0.3215216535433071 0.084646234676007 0.4363523622047244 0.0890245183887916 0.531496062992126 0.26561646234676006 0.4330708661417323 0.2641558669001751 0.32644291338582676
1 0.2524816112084063 0.21489566929133858 0.0890245183887916 0.3362854330708661 0.09486339754816113 0.4412736220472441 0.26561646234676006 0.3166003937007874 0.2583187390542907 0.22473818897637796
1 0.09194395796847636 0.21981692913385828 0.0890245183887916 0.3395669291338583 0.2685341506129597 0.21161417322834647 0.23204903677758318 0.13615551181102362
1 0.10653765323992995 0.9251968503937008 0.26123817863397547 0.8398956692913385 0.2729124343257443 0.9498031496062992 0.11821366024518389 1
1 0.2714535901926445 0.8415354330708661 0.10653765323992995 0.9448818897637795 0.10070052539404553 0.8333326771653544 0.2641558669001751 0.7332677165354331
1 0.26999474605954465 0.7414704724409449 0.11091593695271454 0.8431751968503938 0.10653765323992995 0.7267066929133857 0.2568598949211909 0.6266397637795276
1 0.09632224168126094 0.6200787401574803 0.09632224168126094 0.7545925196850394 0.2670753064798599 0.6463248031496064 0.2626970227670753 0.5298562992125984
1 0.46993520140105083 0.6906161417322835 0.6290140105078809 0.7841200787401575 0.6304728546409807 0.8956692913385826 0.47285464098073554 0.8054468503937008
1 0.46993520140105083 0.5905511811023622 0.6260945709281961 0.6807736220472441 0.6290140105078809 0.800525590551181 0.46993520140105083 0.7037401574803149
1 0.627553415061296 0.6988188976377953 0.47285464098073554 0.6069547244094489 0.46847635726795095 0.49376574803149603 0.6260945709281961 0.5839901574803149
1 0.4626392294220665 0.5019685039370079 0.6260945709281961 0.5954724409448819 0.6231751313485114 0.47736220472440943 0.47139579684763566 0.3937007874015748
1 0.46555691768826624 0.39698228346456693 0.6231751313485114 0.49048622047244095 0.6246357267950963 0.37401574803149606 0.47139579684763566 0.2887145669291339
1 0.46701751313485107 0.3001968503937008 0.6217162872154116 0.39041929133858266 0.6202574430823117 0.2788720472440945 0.46847635726795095 0.19521062992125984
1 0.47577408056042025 0.9087933070866141 0.6319316987740806 0.9973759842519685 0.6304728546409807 0.890748031496063 0.47869176882662 0.797244094488189
1 0.7749562171628721 0 0.9063047285464098 0.04429133858267716 0.9121418563922942 0.16076181102362205 0.772584938704028 0.10334645669291338
1 0.7807933450087566 0.19521062992125984 0.9384115586690017 0.265748031496063 0.9354938704028022 0.39206102362204726 0.7778756567425569 0.3166003937007874
1 0.7793345008756567 0.41338582677165353 0.9384115586690017 0.48556496062992127 0.9369527145359019 0.3822185039370079 0.7837127845884413 0.3083996062992126
1 0.7895499124343258 0.9908129921259843 0.7851716287215412 0.8825452755905512 0.9478984238178634 0.958005905511811 0.9325744308231173 1 0.8420893169877408 1
1 0.7807933450087566 0.9005905511811023 0.9457092819614711 0.969488188976378 0.9442504378283714 0.8677814960629922 0.7910105078809107 0.7939625984251969
1 0.7866322241681261 0.8070866141732284 0.9471681260945709 0.8825452755905512 0.9398721541155868 0.7726377952755905 0.7910105078809107 0.7004586614173229
1 0.7851716287215412 0.7119429133858267 0.9369527145359019 0.7759192913385826 0.9354938704028022 0.6692913385826772 0.7880910683012259 0.6020334645669292
1 0.7851716287215412 0.6118759842519685 0.9413309982486865 0.6840551181102362 0.9369527145359019 0.5774271653543308 0.7837127845884413 0.5044291338582677
1 0.7807933450087566 0.5150925196850393 0.9354938704028022 0.5889114173228346 0.9340332749562171 0.479001968503937 0.7851716287215412 0.4101043307086614