1 0.06462585034013606 0.3546338514680484 0.06462585034013606 0.26367357512953365 0.24149659863945577 0.32930397236614856 0.24603231292517008 0.41450777202072536
1 0.24376360544217687 0.39953886010362694 0.24149659863945577 0.5123782383419688 0.42517006802721086 0.5791588946459413 0.42517006802721086 0.47438169257340235
1 0.24376360544217687 0.32584974093264246 0.2426309523809524 0.42256822107081177 0.42517006802721086 0.4835924006908463 0.4240357142857143 0.39148013816925736
1 0.06916156462585034 0.3442711571675302 0.07029421768707483 0.44789810017271164 0.24489795918367346 0.5043177892918825 0.24716496598639456 0.40990155440414505
1 0.06802721088435375 0.4329309153713299 0.24716496598639456 0.4985613126079447 0.24489795918367346 0.5929758203799655 0.06689285714285714 0.5284974093264249
1 0.06576020408163266 0.6102469775474957 0.23809523809523808 0.6701208981001727 0.24489795918367346 0.5849170984455958 0.07596428571428572 0.5169827288428325
1 0.23809523809523808 0.5849170984455958 0.4184387755102041 0.6626373056994819 0.4217687074829932 0.558433506044905 0.24716496598639456 0.49510708117443863
1 0.2392295918367347 0.6747271157167529 0.3956921768707483 0.7380535405872194 0.4229030612244898 0.6470932642487046 0.2426309523809524 0.5849170984455958
1 0.6043078231292518 0.40875129533678756 0.592971088435374 0.3143350604490501 0.7573690476190477 0.251006908462867 0.7891156462585034 0.34081692573402417
1 0.6031751700680271 0.4847443868739205 0.6020408163265306 0.5814628670120897 0.7913826530612246 0.5112262521588946 0.7891156462585034 0.41796200345423146
1 0.6077091836734695 0.4985613126079447 0.6031751700680271 0.40990155440414505 0.7607704081632654 0.34196891191709844 0.7947840136054423 0.42371848013816926
1 0.9387755102040817 0.27288428324697755 0.7585034013605442 0.34772538860103624 0.7868486394557823 0.42371848013816926 0.9637193877551021 0.3626943005181347
1 0.9603180272108844 0.3500293609671848 0.7834472789115646 0.41450777202072536 0.7811785714285715 0.5158324697754749 0.9671207482993198 0.4502020725388601
1 0.5997738095238094 0.5676459412780656 0.5986394557823129 0.6712728842832469 0.7868486394557823 0.5998842832469776 0.79025 0.5008635578583766
1 0.7777772108843538 0.5077720207253886 0.7777772108843538 0.6033385146804836 0.9569166666666667 0.5377081174438688 0.9580493197278911 0.4375354058721934
1 0.6020408163265306 0.6482435233160623 0.6043078231292518 0.7380535405872194 0.7891156462585034 0.6758773747841106 0.7879812925170069 0.5929758203799655
1 0.9659863945578231 0.6113989637305699 0.7857142857142857 0.6827858376511227 0.7857142857142857 0.5895215889464595 0.9546479591836734 0.5181347150259067