0 0.07080610021786492 0.2507267441860465 0.11218409586056645 0.23526889534883721 0.15522875816993464 0.5135043604651163 0.11439324618736382 0.505030523255814
1 0.15621822803195354 0.5010566860465115 0.19854647785039942 0.5168110465116279 0.1574593318809005 0.23407703488372092 0.11147494553376906 0.2465813953488372
1 0.19607843137254902 0.5050872093023255 0.24259440813362382 0.5208706395348837 0.20397167755991288 0.2397122093023256 0.155920116194626 0.25051453488372094
1 0.24419026870007263 0.5123546511627907 0.2879299201161946 0.5108779069767442 0.24734277414669573 0.25934302325581393 0.19868482207697893 0.2458866279069767
1 0.28435185185185186 0.5305232558139535 0.32950290486565 0.5245755813953489 0.2871249092229484 0.2420537790697674 0.24350580973129993 0.25261482558139536
1 0.3269320987654321 0.5246322674418604 0.3723489469862019 0.5255973837209302 0.33429375453885257 0.2543037790697675 0.2869546114742193 0.26565843023255814
0 0.3349673202614379 0.2543604651162791 0.38110748002904865 0.2540479651162791 0.42237581699346405 0.525484011627907 0.3708315177923021 0.525484011627907
1 0.3835257806826434 0.25657412790697676 0.4195141612200436 0.24846947674418604 0.46104829339143066 0.5253706395348837 0.4164077705156137 0.5185290697674418
1 0.41817029774872916 0.2533953488372093 0.46681735657225853 0.24716424418604652 0.5072309368191721 0.5356468023255814 0.45849491648511254 0.5347252906976745
0 0.5018057371096587 0.23650436046511628 0.5522933914306464 0.5466482558139535 0.5049509803921569 0.5397354651162791 0.46405519244734933 0.27823546511627906
1 0.5499458968772694 0.25130813953488373 0.5947705156136529 0.543155523255814 0.5461481481481482 0.5448880813953488 0.49993318809005083 0.259796511627907
1 0.5480486564996369 0.24953488372093025 0.5947741466957154 0.24263662790697674 0.6359288307915759 0.5324534883720929 0.5926289034132171 0.5361293604651163
1 0.5927741466957154 0.24345930232558138 0.6339607843137255 0.2500174418604651 0.6757251270878721 0.5423037790697675 0.6402124183006536 0.5513880813953489
1 0.6311630355846042 0.26273546511627904 0.6798598402323893 0.2568735465116279 0.7249328249818445 0.5351220930232558 0.6806859114015976 0.5494447674418604
1 0.7189542483660131 0.2507267441860465 0.773115468409586 0.5678822674418604 0.7285141612200435 0.5586700581395349 0.6802607116920842 0.2427063953488372
1 0.7625272331154684 0.23255813953488372 0.812362381989833 0.562077034883721 0.766782498184459 0.5556889534883721 0.7218478576615832 0.2511671511627907
0 0.7588961510530138 0.23619186046511628 0.8076993464052288 0.24101744186046511 0.8568111837327523 0.5508633720930233 0.8055363108206246 0.5573924418604651
0 0.8037668845315904 0.23561046511627906 0.856155410312273 0.23782412790697674 0.8981005809731301 0.5580595930232558 0.8533503994190269 0.5561017441860465
0 0.11251053013798111 0.5167543604651162 0.15139905591866376 0.7763386627906976 0.10140087145969498 0.7784113372093023 0.07000835148874364 0.5148241279069767
1 0.11801016702977488 0.501453488372093 0.15384241103848947 0.5068052325581396 0.18622766884531589 0.7361976744186047 0.14633914306463325 0.7479084302325582
1 0.15613652868554828 0.49781976744186046 0.19921677559912854 0.5188837209302326 0.233218954248366 0.7630813953488372 0.19268482207697893 0.7613502906976743
1 0.23783587509077705 0.5159883720930233 0.2874582425562818 0.5150799418604651 0.3257051561365287 0.7924491279069769 0.28272803195352214 0.7859912790697674
1 0.33042846768336964 0.5268895348837209 0.37460058097313004 0.5366976744186046 0.4156771968046478 0.799531976744186 0.371242556281772 0.7853662790697674
1 0.4211877269426289 0.5079825581395349 0.4622360203340596 0.8085174418604651 0.4145533769063181 0.800297965116279 0.3729517066085693 0.5305799418604651
1 0.46253376906318083 0.5374360465116279 0.5014724037763254 0.7985813953488372 0.45464415395787944 0.8017470930232558 0.4137164124909223 0.5337311046511628
1 0.5029048656499637 0.5268895348837209 0.5462828612926652 0.8068982558139535 0.5007276688453158 0.8138677325581396 0.4611259985475672 0.5450726744186046
0 0.5396056644880175 0.5258531976744186 0.5869197530864197 0.7990218023255814 0.5348576615831518 0.7901642441860466 0.5051637618010167 0.5474433139534884
1 0.5463217138707335 0.5452994186046511 0.5922599854756718 0.542234011627907 0.6310849673202614 0.803748546511628 0.5854197530864198 0.7987659883720931
0 0.6372549019607843 0.534156976744186 0.674221859114016 0.8139389534883721 0.6369320987654321 0.8016191860465116 0.593823892519971 0.5502383720930233
0 0.6808278867102396 0.5450581395348837 0.7201633986928104 0.8202267441860466 0.6752182280319535 0.8116540697674419 0.640545751633987 0.5671308139534883
1 0.723553376906318 0.5482238372093023 0.7639705882352941 0.8181686046511628 0.721035584604212 0.8150886627906976 0.684519244734931 0.561609011627907
1 0.766158315177923 0.5559593023255814 0.8058838053740015 0.8214476744186046 0.7676299927378358 0.8173604651162791 0.7247766884531591 0.5626162790697674
1 0.8098376906318083 0.5544404069767441 0.850531227305737 0.8194186046511628 0.7978024691358025 0.8145915697674418 0.7676583151779229 0.5691031976744186
1 0.850744008714597 0.5519563953488372 0.8932534495279594 0.8319229651162792 0.8489462599854757 0.8288575581395349 0.8103518518518518 0.5537732558139534
1 0.8487654320987654 0.559593023255814 0.905681917211329 0.5686351744186047 0.9325675381263617 0.7736133720930233 0.8934270152505447 0.829438953488372
0 0.19789397240377632 0.5159883720930233 0.24191721132897603 0.5188837209302326 0.2765649963689179 0.7739534883720931 0.232878721859114 0.7739534883720931
0 0.29048656499636893 0.5232558139534884 0.33179375453885257 0.5132776162790698 0.3713740014524328 0.8120654069767442 0.3253718228031953 0.7888866279069767