0 0.16901408450704225 0.5128992628992629 0.22323380281690142 0.5168341523341523 0.2794137323943662 0.8009852579852579 0.21876021126760564 0.8045958230958231
0 0.2720070422535211 0.5006142506142506 0.32912218309859154 0.8178046683046682 0.2707485915492958 0.8054004914004914 0.2212429577464789 0.5149742014742015
0 0.28080985915492956 0.5128992628992629 0.3367387323943662 0.5063611793611793 0.3813647887323944 0.815585995085995 0.3299232394366197 0.8126228501228502
0 0.3362676056338028 0.5098280098280098 0.3786278169014085 0.5166781326781327 0.43435352112676057 0.8084115479115479 0.38659823943661975 0.8077039312039312
0 0.43045774647887325 0.5036855036855037 0.48184753521126755 0.7773869778869779 0.42288239436619723 0.7852444717444717 0.38164683098591545 0.5138353808353808
0 0.4876760563380282 0.4883292383292383 0.540369014084507 0.8054606879606879 0.48597394366197183 0.7958390663390663 0.43470105633802814 0.4997260442260442
0 0.5316901408450704 0.49447174447174447 0.5858035211267606 0.7867444717444717 0.5332478873239437 0.7848488943488943 0.48782394366197185 0.5082199017199017
0 0.5360915492957746 0.4975429975429975 0.5925154929577464 0.49333169533169535 0.6422757042253522 0.7902358722358722 0.5889704225352113 0.7838538083538084
0 0.595844014084507 0.4964029484029484 0.6485785211267605 0.5048255528255529 0.6996968309859155 0.7982972972972973 0.6368735915492958 0.7799545454545455
0 0.6373239436619719 0.48525798525798525 0.6998 0.4903452088452089 0.7485728873239437 0.777039312039312 0.6902510563380282 0.7725884520884521
0 0.6954225352112676 0.4914004914004914 0.7493809859154931 0.495982800982801 0.7922433098591549 0.7960429975429976 0.7499038732394365 0.7867211302211302
0 0.7992855633802817 0.47434029484029483 0.8505482394366196 0.7724557739557739 0.7973943661971831 0.7735000000000001 0.7465785211267605 0.4852936117936118
0 0.7948943661971831 0.4668304668304668 0.8573496478873239 0.48206633906633906 0.9038221830985915 0.7960909090909091 0.8452904929577465 0.7960909090909091
0 0.1637323943661972 0.2119164619164619 0.21475105633802818 0.21460442260442258 0.21604366197183097 0.5111719901719901 0.1712661971830986 0.5007457002457003
0 0.2106760563380282 0.20697420147420148 0.26068732394366195 0.20553439803439805 0.26068732394366195 0.507441031941032 0.21770809859154933 0.5083759213759214
0 0.25932218309859156 0.20795700245700244 0.3065306338028169 0.20795700245700244 0.3060904929577465 0.4935 0.2615366197183099 0.48789680589680595
0 0.2979031690140845 0.2003992628992629 0.3487978873239437 0.20682923832923833 0.35077852112676056 0.519066339066339 0.3109387323943662 0.5091805896805897
1 0.34862922535211266 0.19406511056511055 0.39793204225352113 0.19646437346437345 0.39879859154929576 0.4993550368550369 0.35541021126760564 0.4993550368550369
0 0.3908450704225352 0.2119164619164619 0.44531936619718315 0.2129238329238329 0.44198732394366197 0.4975909090909091 0.4003838028169014 0.5012616707616707
0 0.4339788732394366 0.16891891891891891 0.4842855633802817 0.1725786240786241 0.4901105633802817 0.4966437346437346 0.44479330985915494 0.4906081081081081
1 0.48063380281690143 0.17506142506142505 0.5323880281690141 0.19851597051597053 0.5345992957746478 0.4989226044226044 0.4847429577464789 0.5032776412776413
0 0.5283408450704226 0.17953685503685504 0.5778327464788733 0.170514742014742 0.5813915492957746 0.49714742014742014 0.5343859154929578 0.4901769041769042
0 0.5688545774647887 0.18005282555282554 0.6227169014084507 0.171977886977887 0.6257978873239437 0.4878009828009828 0.5777640845070422 0.4878009828009828
1 0.6194468309859155 0.1720982800982801 0.6704169014084507 0.17946437346437347 0.6707197183098592 0.5082321867321867 0.6254091549295775 0.4908722358722359
1 0.6681338028169014 0.20270270270270271 0.7121961267605633 0.19344103194103196 0.7176221830985916 0.5067690417690418 0.6712045774647888 0.4866375921375921
0 0.7112676056338029 0.17813267813267813 0.7610105633802817 0.17902088452088455 0.7610105633802817 0.48294226044226046 0.7183028169014084 0.4773759213759214
0 0.7561619718309859 0.17813267813267813 0.8074246478873238 0.17294963144963146 0.8089651408450703 0.45976412776412773 0.7602609154929578 0.4618280098280098
0 0.8045774647887324 0.16277641277641278 0.8513975352112676 0.16806756756756755 0.8508577464788732 0.47083783783783784 0.806300352112676 0.46763390663390664
0 0.8529929577464789 0.47911547911547914 0.9082651408450704 0.7813697788697789 0.9669964788732395 0.771460687960688 0.8979218309859155 0.47627272727272724