0 0.12421875 0.12109375 0.1359375 0.1234375
1 0.2421875 0.13828125 0.1125 0.0796875
1 0.353125 0.140625 0.103125 0.078125
1 0.45546875 0.1421875 0.1078125 0.06875
1 0.55625 0.140625 0.10625 0.06875
1 0.66171875 0.13046875 0.1140625 0.0734375
1 0.765625 0.12265625 0.10625 0.0609375
1 0.31015625 0.23203125 0.3015625 0.0765625
1 0.60546875 0.22421875 0.2984375 0.0921875
1 0.15390625 0.6296875 0.2578125 0.4125
1 0.425 0.621875 0.275 0.40625
1 0.6734375 0.609375 0.2375 0.396875
0 0.89453125 0.53515625 0.2109375 0.5171875