0 0.1125 0.19140625 0.13125 0.1234375
1 0.419921875 0.692578125 0.26171875 0.39453125
0 0.507421875 0.0859375 0.06796875 0.078125
1 0.2359375 0.21875 0.1125 0.065625
1 0.342578125 0.214453125 0.10078125 0.06328125
1 0.440625 0.209765625 0.103125 0.06328125
1 0.540625 0.203515625 0.103125 0.06640625
1 0.641015625 0.198046875 0.10390625 0.06484375
1 0.743359375 0.19453125 0.10234375 0.0640625
1 0.5953125 0.28359375 0.296875 0.0859375
1 0.30234375 0.3015625 0.3078125 0.078125
1 0.153125 0.696875 0.26875 0.384375
1 0.68203125 0.66328125 0.2609375 0.3953125
1 0.3765625 0.100390625 0.071875 0.05078125
0 0.4421875 0.087109375 0.06875 0.08046875
1 0.237109375 0.107421875 0.07734375 0.04921875
0 0.903125 0.57265625 0.19375 0.5078125
0 0.3109375 0.0890625 0.071875 0.0875
0 0.571875 0.075 0.059375 0.090625