0 0.078125 0.216796875 0.096875 0.13671875
0 0.185546875 0.212109375 0.12421875 0.12421875
0 0.3703125 0.115625 0.078125 0.084375
1 0.3046875 0.13671875 0.08125 0.0546875
1 0.3 0.244140625 0.115625 0.06640625
1 0.400390625 0.2375 0.10078125 0.065625
1 0.49296875 0.234765625 0.1078125 0.06328125
1 0.352734375 0.327734375 0.29921875 0.08984375
1 0.6484375 0.311328125 0.303125 0.08203125
1 0.20703125 0.712109375 0.3140625 0.38984375
1 0.469140625 0.70234375 0.26015625 0.4015625
1 0.7265625 0.690234375 0.296875 0.39296875
0 0.900390625 0.626171875 0.19765625 0.50546875
1 0.596484375 0.225390625 0.11484375 0.06328125
1 0.8015625 0.209765625 0.128125 0.07265625
1 0.699609375 0.2171875 0.10859375 0.06875
1 0.43515625 0.125 0.0703125 0.053125
0 0.63203125 0.091796875 0.0671875 0.08671875
0 0.56640625 0.10234375 0.0671875 0.0796875
0 0.501953125 0.109765625 0.06640625 0.07578125