1 0.134375 0.77578125 0.26875 0.4484375
1 0.3875 0.705859375 0.24375 0.40546875
0 0.602734375 0.5828125 0.24296875 0.43125
1 0.300390625 0.36171875 0.30703125 0.1015625
1 0.13359375 0.269921875 0.1265625 0.07109375
1 0.251171875 0.259375 0.11796875 0.065625
1 0.35703125 0.24765625 0.1046875 0.0671875
1 0.45703125 0.2390625 0.0984375 0.0625
1 0.56875 0.23125 0.1 0.0625
0 0.28203125 0.126171875 0.0671875 0.08359375
1 0.05546875 0.159765625 0.0859375 0.05703125
1 0.940625 0.512890625 0.11875 0.22578125