1 0.20234375 0.65078125 0.2765625 0.4078125
1 0.47265625 0.64921875 0.2703125 0.3984375
1 0.725 0.63828125 0.2875 0.4015625
0 0.89609375 0.58203125 0.2078125 0.4984375
1 0.64296875 0.25390625 0.3078125 0.0796875
1 0.34609375 0.26171875 0.3015625 0.0828125
0 0.06015625 0.15625 0.1046875 0.13125
0 0.16953125 0.15 0.1265625 0.13125
1 0.28671875 0.06875 0.0828125 0.05625
1 0.28203125 0.1828125 0.1109375 0.059375
1 0.384375 0.18046875 0.109375 0.0609375
1 0.421875 0.06875 0.075 0.05
0 0.35625 0.04765625 0.078125 0.0921875
0 0.4875 0.05078125 0.06875 0.0796875
0 0.55234375 0.0453125 0.0671875 0.08125
0 0.621875 0.0390625 0.078125 0.078125
1 0.58828125 0.17421875 0.1140625 0.0640625
1 0.69140625 0.16796875 0.1046875 0.0640625
1 0.79375 0.15859375 0.1 0.0609375
1 0.48671875 0.175 0.1078125 0.065625