0 0.289453125 0.365234375 0.07265625 0.08984375
1 0.215625 0.691015625 0.43125 0.16015625
0 0.210546875 0.365234375 0.08359375 0.08359375
0 0.122265625 0.36875 0.08828125 0.08125
1 0.5984375 0.650390625 0.35 0.12578125
1 0.1953125 0.5484375 0.15 0.09375
1 0.33671875 0.5359375 0.1390625 0.09375
1 0.4640625 0.523828125 0.121875 0.09453125
1 0.709375 0.508203125 0.1 0.08203125
1 0.7953125 0.50234375 0.10625 0.0765625
1 0.58359375 0.515234375 0.1203125 0.08671875
1 0.883203125 0.490234375 0.08515625 0.06484375
1 0.883984375 0.6078125 0.23046875 0.1125
0 0.620703125 0.367578125 0.06953125 0.08203125
0 0.71171875 0.35859375 0.0765625 0.0890625