1 0.550390625 0.696875 0.12578125 0.096875
1 0.5765625 0.849609375 0.4 0.12421875
1 0.19765625 0.86953125 0.3515625 0.0953125
0 0.068359375 0.71796875 0.13671875 0.1484375
1 0.175390625 0.733984375 0.09765625 0.10859375
1 0.301953125 0.725 0.11015625 0.090625
1 0.42890625 0.705078125 0.1171875 0.09765625
1 0.678515625 0.684765625 0.13515625 0.09765625
1 0.82109375 0.6734375 0.1421875 0.096875
1 0.414453125 0.56640625 0.07578125 0.0609375
0 0.484765625 0.551953125 0.06953125 0.07265625
0 0.55546875 0.539453125 0.0765625 0.07578125
0 0.340625 0.562109375 0.0875 0.07734375
0 0.62890625 0.530078125 0.0734375 0.07578125