0 0.106640625 0.686328125 0.17265625 0.14765625
1 0.229296875 0.6953125 0.11796875 0.1125
1 0.353125 0.676953125 0.115625 0.09765625
1 0.47109375 0.65859375 0.1203125 0.0984375
1 0.589453125 0.634765625 0.13828125 0.11328125
1 0.723046875 0.61953125 0.13984375 0.1109375
1 0.8609375 0.597265625 0.14375 0.10390625
1 0.6296875 0.791796875 0.425 0.15546875
1 0.248828125 0.830078125 0.36640625 0.14453125
0 0.593359375 0.476171875 0.07421875 0.08046875
0 0.66484375 0.4640625 0.0765625 0.078125
0 0.518359375 0.49453125 0.07734375 0.0765625