1 0.16875 0.69140625 0.2375 0.4015625
1 0.417578125 0.660546875 0.26015625 0.39609375
1 0.659375 0.621875 0.228125 0.409375
0 0.888671875 0.5765625 0.22109375 0.4
1 0.280859375 0.296875 0.31171875 0.078125
1 0.21015625 0.20546875 0.1203125 0.0734375
1 0.32109375 0.194140625 0.1109375 0.06953125
1 0.423828125 0.191796875 0.10703125 0.06796875
1 0.52578125 0.175390625 0.1046875 0.06953125
1 0.626953125 0.168359375 0.10078125 0.06796875
0 0.289453125 0.07734375 0.06953125 0.0640625
0 0.089453125 0.180859375 0.12265625 0.13671875
1 0.573828125 0.276953125 0.28515625 0.09140625
1 0.723046875 0.153125 0.09921875 0.0625
1 0.219921875 0.096875 0.06796875 0.040625
1 0.357421875 0.081640625 0.07421875 0.04765625
0 0.42265625 0.069921875 0.0640625 0.06484375
0 0.4890625 0.06640625 0.065625 0.0578125
0 0.552734375 0.0609375 0.06171875 0.059375