0 0.1140625 0.18203125 0.13125 0.1203125
1 0.425390625 0.669140625 0.25078125 0.39453125
0 0.509765625 0.075 0.06953125 0.078125
1 0.2359375 0.2078125 0.1125 0.065625
1 0.344140625 0.205078125 0.10078125 0.06328125
1 0.4421875 0.203515625 0.103125 0.06328125
1 0.540625 0.200390625 0.103125 0.06640625
1 0.642578125 0.196484375 0.10390625 0.06484375
1 0.744921875 0.18984375 0.10234375 0.0640625
1 0.5953125 0.28359375 0.296875 0.0859375
1 0.30234375 0.3015625 0.3078125 0.078125
1 0.1609375 0.690625 0.26875 0.384375
1 0.67734375 0.65703125 0.2609375 0.3953125
1 0.3765625 0.094140625 0.071875 0.05078125
0 0.44375 0.079296875 0.06875 0.08046875
1 0.238671875 0.098046875 0.07734375 0.04921875
0 0.903125 0.59609375 0.19375 0.5078125
0 0.3109375 0.078125 0.071875 0.0875