1 0.225390625 0.38515625 0.11015625 0.1109375
1 0.343359375 0.362109375 0.12421875 0.10859375
0 0.466015625 0.30625 0.12265625 0.16875
0 0.128515625 0.37421875 0.11953125 0.1671875
0 0.224609375 0.208203125 0.08046875 0.08515625
1 0.2984375 0.215234375 0.071875 0.06484375
1 0.592578125 0.297265625 0.13515625 0.11953125
1 0.71875 0.26328125 0.134375 0.1171875
0 0.86640625 0.201171875 0.1640625 0.14296875
1 0.36171875 0.18984375 0.0671875 0.0609375
1 0.432421875 0.172265625 0.07734375 0.06015625
1 0.5046875 0.153515625 0.078125 0.06640625
1 0.576171875 0.134765625 0.07421875 0.07578125
1 0.6515625 0.116015625 0.078125 0.06640625
1 0.73203125 0.0921875 0.0828125 0.059375
0 0.8171875 0.048046875 0.09375 0.09609375
1 0.24296875 0.541015625 0.3640625 0.17265625
1 0.61171875 0.46796875 0.3890625 0.1890625