1 0.29921875 0.3078125 0.1171875 0.103125
1 0.41171875 0.296875 0.1234375 0.103125
0 0.5296875 0.2546875 0.125 0.15
1 0.6546875 0.25390625 0.134375 0.1203125
1 0.79921875 0.23046875 0.1515625 0.1296875
0 0.20078125 0.29609375 0.1046875 0.1484375
1 0.065625 0.3515625 0.078125 0.096875
1 0.31953125 0.44453125 0.3359375 0.1421875
1 0.6796875 0.421875 0.415625 0.153125
0 0.29375 0.13984375 0.075 0.0828125
1 0.36171875 0.1453125 0.0671875 0.05625
1 0.43046875 0.1375 0.0703125 0.05625
1 0.5015625 0.11796875 0.075 0.0546875
1 0.5734375 0.103125 0.078125 0.0625
1 0.65 0.08984375 0.078125 0.0640625
1 0.73046875 0.07421875 0.0859375 0.0671875
1 0.81484375 0.05625 0.0859375 0.065625