0 0.09140625 0.619140625 0.1796875 0.16640625
1 0.2203125 0.809375 0.40625 0.1125
1 0.61796875 0.805859375 0.4390625 0.11484375
1 0.859375 0.691796875 0.175 0.09609375
1 0.723046875 0.688671875 0.15234375 0.08984375
1 0.5859375 0.6859375 0.13125 0.084375
1 0.47109375 0.681640625 0.1265625 0.07578125
1 0.339453125 0.679296875 0.11015625 0.07734375
1 0.216796875 0.665625 0.09921875 0.084375
0 0.524609375 0.541015625 0.07734375 0.06953125
0 0.596484375 0.5453125 0.07421875 0.071875
1 0.45546875 0.55390625 0.0796875 0.0546875