0 0.08203125 0.59609375 0.1640625 0.1515625
1 0.205078125 0.616796875 0.13203125 0.10859375
1 0.3234375 0.612890625 0.115625 0.10703125
1 0.438671875 0.6046875 0.13671875 0.109375
1 0.569140625 0.5984375 0.13828125 0.11875
1 0.701171875 0.584375 0.13984375 0.128125
1 0.849609375 0.578125 0.15546875 0.125
1 0.598828125 0.749609375 0.42265625 0.11484375
1 0.224609375 0.75390625 0.35546875 0.1078125
0 0.580859375 0.435546875 0.07421875 0.08046875
0 0.651953125 0.437890625 0.07265625 0.07578125
0 0.505859375 0.44765625 0.07734375 0.0703125