1 0.224609375 0.23515625 0.12734375 0.0671875
1 0.576171875 0.3125 0.29921875 0.071875
0 0.8640625 0.61171875 0.271875 0.5140625
1 0.1546875 0.729296875 0.28125 0.40234375
1 0.407421875 0.715625 0.27109375 0.41875
1 0.64609375 0.698828125 0.2453125 0.40078125
1 0.327734375 0.23515625 0.11171875 0.0671875
1 0.428125 0.234765625 0.1125 0.06328125
1 0.53203125 0.234375 0.1140625 0.059375
1 0.627734375 0.23046875 0.09609375 0.0609375
1 0.728125 0.223828125 0.103125 0.06328125
0 0.566015625 0.108203125 0.07265625 0.07578125
0 0.502734375 0.1109375 0.06796875 0.078125
1 0.364453125 0.126953125 0.07265625 0.04765625
0 0.430078125 0.11171875 0.06640625 0.0734375
0 0.298828125 0.112890625 0.07265625 0.07890625