0 0.88203125 0.61875 0.2359375 0.421875
0 0.03515625 0.1796875 0.0703125 0.125
0 0.136328125 0.180859375 0.13203125 0.12421875
0 0.325390625 0.071875 0.06953125 0.090625
0 0.456640625 0.077734375 0.06953125 0.07109375
0 0.520703125 0.072265625 0.06953125 0.07890625
0 0.585546875 0.065625 0.06171875 0.0875
0 0.6515625 0.065234375 0.06875 0.08046875
1 0.389453125 0.092578125 0.07265625 0.04765625
1 0.25703125 0.09375 0.0765625 0.05
1 0.249609375 0.203125 0.11484375 0.065625
1 0.353515625 0.201953125 0.10390625 0.06640625
1 0.452734375 0.20078125 0.10859375 0.0609375
1 0.5578125 0.19765625 0.115625 0.0609375
1 0.655078125 0.19140625 0.11015625 0.0609375
1 0.759375 0.186328125 0.1125 0.06328125
1 0.17265625 0.679296875 0.3328125 0.39609375
1 0.4484375 0.67578125 0.2875 0.3890625
1 0.6921875 0.659765625 0.296875 0.39140625
1 0.605078125 0.28125 0.29140625 0.078125
1 0.313671875 0.290234375 0.30546875 0.07734375