1 0.542578125 0.6859375 0.12578125 0.096875
1 0.698046875 0.828125 0.40546875 0.128125
1 0.3265625 0.83046875 0.3375 0.1171875
0 0.065625 0.68828125 0.090625 0.1265625
0 0.186328125 0.684375 0.15703125 0.125
1 0.300390625 0.691015625 0.09453125 0.10390625
1 0.41953125 0.691796875 0.1046875 0.09921875
1 0.663671875 0.6796875 0.13046875 0.096875
1 0.801953125 0.6703125 0.13828125 0.096875
1 0.526953125 0.539453125 0.06640625 0.06015625
0 0.596875 0.521484375 0.071875 0.07734375
0 0.67109375 0.5109375 0.0765625 0.08125
0 0.455859375 0.527734375 0.07421875 0.08359375
0 0.7484375 0.503515625 0.078125 0.08515625