0 0.0703125 0.5625 0.140625 0.15
1 0.194140625 0.587109375 0.16328125 0.09296875
1 0.2984375 0.592578125 0.115625 0.10703125
1 0.421484375 0.5796875 0.13671875 0.109375
1 0.548828125 0.5734375 0.13828125 0.11875
1 0.682421875 0.5640625 0.13984375 0.128125
1 0.829296875 0.5578125 0.15546875 0.125
1 0.581640625 0.723046875 0.42265625 0.11484375
1 0.204296875 0.73984375 0.35546875 0.1078125
0 0.560546875 0.409765625 0.07421875 0.08515625
0 0.633203125 0.401953125 0.07265625 0.07578125
0 0.487109375 0.41640625 0.07734375 0.0703125