0 0.183203125 0.402734375 0.14453125 0.15234375
1 0.31640625 0.36484375 0.1328125 0.1234375
0 0.571875 0.258203125 0.1375 0.15390625
1 0.44453125 0.31875 0.1296875 0.11875
1 0.691796875 0.23828125 0.09921875 0.1140625
1 0.055859375 0.466796875 0.11171875 0.12109375
1 0.80703125 0.19921875 0.0984375 0.0921875
1 0.896484375 0.157421875 0.12109375 0.07734375
1 0.376171875 0.1828125 0.07421875 0.06875
0 0.51796875 0.121875 0.0796875 0.084375
0 0.600390625 0.090234375 0.08515625 0.09609375
1 0.44609375 0.162890625 0.0671875 0.06328125
1 0.299609375 0.206640625 0.08046875 0.06953125
1 0.219140625 0.23828125 0.08828125 0.0640625
1 0.139453125 0.258984375 0.08515625 0.06171875