0 0.310546875 0.123046875 0.11484375 0.12421875
1 0.4171875 0.148046875 0.109375 0.07109375
1 0.421875 0.037890625 0.078125 0.05390625
0 0.2125 0.126953125 0.0875 0.11328125
1 0.719921875 0.13203125 0.11484375 0.0703125
1 0.5171875 0.140625 0.103125 0.071875
1 0.614453125 0.133203125 0.11328125 0.07890625
1 0.8328125 0.123046875 0.125 0.07109375
1 0.94609375 0.119921875 0.1078125 0.06796875
1 0.7765625 0.22578125 0.321875 0.0921875
1 0.477734375 0.243359375 0.28984375 0.07734375
1 0.58828125 0.6203125 0.2640625 0.4
1 0.3390625 0.6046875 0.225 0.378125
1 0.84296875 0.625 0.2703125 0.4125
1 0.117578125 0.59296875 0.21015625 0.3484375
1 0.217578125 0.23515625 0.28515625 0.0734375
1 0.5546875 0.02890625 0.071875 0.0578125