1 0.334765625 0.58359375 0.26328125 0.3859375
1 0.741015625 0.0390625 0.09765625 0.065625
1 0.591015625 0.523046875 0.25078125 0.38359375
1 0.101953125 0.61484375 0.20390625 0.3703125
1 0.119921875 0.11484375 0.12734375 0.0765625
0 0.809765625 0.430078125 0.28203125 0.39140625
1 0.1875 0.20859375 0.334375 0.0921875
1 0.498046875 0.1625 0.29921875 0.0875
1 0.232421875 0.103515625 0.11484375 0.07890625
1 0.337890625 0.091796875 0.11015625 0.07109375
1 0.4453125 0.080078125 0.10625 0.07265625
1 0.545703125 0.063671875 0.10078125 0.07421875
1 0.646484375 0.05390625 0.09921875 0.0671875