1 0.183203125 0.64609375 0.28203125 0.4078125
1 0.45546875 0.639453125 0.2703125 0.39765625
1 0.70625 0.63515625 0.2875 0.4015625
0 0.890625 0.572265625 0.21875 0.48515625
1 0.625390625 0.24921875 0.30703125 0.0796875
1 0.33046875 0.25390625 0.3015625 0.0828125
0 0.04296875 0.133984375 0.0859375 0.13046875
0 0.148828125 0.134375 0.12578125 0.13125
1 0.26796875 0.051171875 0.0828125 0.05546875
1 0.26484375 0.1640625 0.1109375 0.059375
1 0.368359375 0.16640625 0.10859375 0.0609375
1 0.404296875 0.052734375 0.07421875 0.04921875
0 0.338671875 0.03984375 0.07734375 0.0796875
0 0.47109375 0.03828125 0.0703125 0.0765625
0 0.537109375 0.035546875 0.06796875 0.07109375
0 0.602734375 0.03515625 0.07421875 0.0703125
1 0.574609375 0.16171875 0.11484375 0.0640625
1 0.676953125 0.15703125 0.10703125 0.0640625
1 0.775 0.15234375 0.1 0.0609375
1 0.46953125 0.163671875 0.1078125 0.06484375