1 0.61953125 0.59375 0.2484375 0.403125
1 0.1625 0.1640625 0.128125 0.075
1 0.2734375 0.15703125 0.10625 0.0765625
1 0.37578125 0.14453125 0.1109375 0.0765625
1 0.4765625 0.140625 0.109375 0.06875
1 0.578125 0.12421875 0.103125 0.0671875
1 0.52890625 0.22734375 0.2890625 0.0796875
1 0.22890625 0.25625 0.3203125 0.09375
1 0.11953125 0.6609375 0.2296875 0.41875
1 0.3640625 0.64765625 0.2625 0.4140625
0 0.85390625 0.50625 0.2921875 0.45
1 0.67421875 0.10703125 0.1015625 0.0765625
0 0.0515625 0.153125 0.103125 0.128125