1 0.201953125 0.65078125 0.27578125 0.4078125
1 0.47265625 0.648828125 0.2703125 0.39765625
1 0.725 0.63828125 0.2875 0.4015625
0 0.895703125 0.58203125 0.20703125 0.4984375
1 0.642578125 0.25390625 0.30703125 0.0796875
1 0.34609375 0.26171875 0.3015625 0.0828125
0 0.059765625 0.155859375 0.10390625 0.13046875
0 0.169140625 0.15 0.12578125 0.13125
1 0.28671875 0.068359375 0.0828125 0.05546875
1 0.28203125 0.1828125 0.1109375 0.059375
1 0.383984375 0.18046875 0.10859375 0.0609375
1 0.421484375 0.068359375 0.07421875 0.04921875
0 0.355859375 0.047265625 0.07734375 0.09140625
0 0.4875 0.05078125 0.06875 0.0796875
0 0.55234375 0.044921875 0.0671875 0.08046875
0 0.621875 0.0390625 0.078125 0.078125
1 0.587109375 0.17421875 0.11484375 0.0640625
1 0.691015625 0.166796875 0.10390625 0.06484375
1 0.79375 0.15859375 0.1 0.0609375
1 0.48671875 0.174609375 0.1078125 0.06484375