0 0.313671875 0.319140625 0.07734375 0.09453125
1 0.22734375 0.6609375 0.4453125 0.14375
0 0.233984375 0.326171875 0.08359375 0.08359375
0 0.15 0.328125 0.0875 0.08125
1 0.625 0.626953125 0.35 0.12578125
1 0.057421875 0.337890625 0.09609375 0.07265625
1 0.0765625 0.505078125 0.14375 0.10390625
1 0.221484375 0.49921875 0.14609375 0.0984375
1 0.36171875 0.49375 0.1390625 0.09375
1 0.490625 0.481640625 0.121875 0.09453125
1 0.723828125 0.476953125 0.11015625 0.08203125
1 0.8296875 0.4703125 0.103125 0.078125
1 0.6078125 0.483203125 0.125 0.08515625
1 0.915625 0.466796875 0.090625 0.06796875