0 0.95859375 0.3453125 0.0828125 0.19375
1 0.9375 0.4421875 0.125 0.14375
1 0.88671875 0.5375 0.1265625 0.1375
1 0.8375 0.62890625 0.128125 0.128125
1 0.79296875 0.71796875 0.121875 0.1359375
1 0.75078125 0.81640625 0.134375 0.134375
1 0.70859375 0.9125 0.1046875 0.1234375
1 0.8265625 0.4578125 0.2140625 0.3046875
1 0.6953125 0.72265625 0.26875 0.26875
1 0.5484375 0.178125 0.50625 0.35625
1 0.428125 0.3765625 0.503125 0.503125
1 0.32265625 0.60078125 0.4734375 0.4109375
0 0.30859375 0.78046875 0.4921875 0.4390625