0 0.16796875 0.1625 0.1265625 0.11875
1 0.476953125 0.650390625 0.25078125 0.39453125
0 0.555078125 0.046875 0.06953125 0.078125
1 0.2875 0.1796875 0.1125 0.065625
1 0.3875 0.175390625 0.096875 0.06328125
1 0.4875 0.175390625 0.103125 0.06328125
1 0.5859375 0.167578125 0.103125 0.06640625
1 0.687890625 0.163671875 0.10390625 0.06484375
1 0.791796875 0.15390625 0.10234375 0.0640625
1 0.644140625 0.26484375 0.31015625 0.0859375
1 0.34296875 0.2703125 0.3078125 0.078125
1 0.2171875 0.6578125 0.26875 0.384375
1 0.71953125 0.63984375 0.2609375 0.3953125
1 0.4234375 0.064453125 0.075 0.05078125
0 0.4890625 0.048046875 0.06875 0.08046875
1 0.290234375 0.071484375 0.07734375 0.04921875