0 0.07890625 0.773828125 0.1578125 0.16328125
1 0.2109375 0.93984375 0.40625 0.1203125
1 0.59765625 0.918359375 0.4390625 0.11484375
1 0.83828125 0.753515625 0.1453125 0.09765625
1 0.705859375 0.769921875 0.15234375 0.08984375
1 0.5671875 0.78125 0.13125 0.103125
1 0.45078125 0.784765625 0.1265625 0.09765625
1 0.319140625 0.80390625 0.11015625 0.0921875
1 0.19453125 0.808984375 0.1078125 0.09296875
0 0.501953125 0.6328125 0.07265625 0.08125
0 0.576171875 0.621875 0.07421875 0.071875
1 0.433984375 0.64765625 0.06796875 0.0578125