0 0.12421875 0.120703125 0.1359375 0.12265625
1 0.241796875 0.137890625 0.11171875 0.07890625
1 0.353125 0.140234375 0.103125 0.07734375
1 0.45546875 0.141015625 0.1078125 0.06953125
1 0.55625 0.140625 0.10625 0.06875
1 0.66171875 0.129296875 0.1140625 0.07421875
1 0.765625 0.12265625 0.10625 0.0609375
1 0.309765625 0.23203125 0.30078125 0.0765625
1 0.60546875 0.22421875 0.2984375 0.0921875
1 0.15390625 0.6296875 0.2578125 0.4125
1 0.423828125 0.621484375 0.27578125 0.40546875
1 0.6734375 0.609375 0.2375 0.396875
0 0.89453125 0.53515625 0.2109375 0.5171875