0 0.130078125 0.135546875 0.13515625 0.11484375
1 0.244921875 0.1578125 0.11796875 0.06875
1 0.2546875 0.050390625 0.078125 0.05390625
1 0.388671875 0.044921875 0.07421875 0.05234375
0 0.323046875 0.03515625 0.07109375 0.0703125
0 0.455859375 0.034375 0.06796875 0.065625
1 0.557421875 0.148046875 0.11171875 0.05859375
1 0.354296875 0.155859375 0.09921875 0.06796875
1 0.4515625 0.154296875 0.10625 0.06796875
1 0.65625 0.14375 0.1125 0.0625
1 0.76328125 0.13671875 0.1078125 0.0671875
1 0.60625 0.233203125 0.29375 0.08515625
1 0.309765625 0.242578125 0.30703125 0.08203125
1 0.4421875 0.640625 0.25625 0.378125
1 0.178125 0.64921875 0.271875 0.3921875
1 0.693359375 0.619921875 0.24921875 0.38359375
0 0.909375 0.56328125 0.18125 0.4671875