1 0.76640625 0.765625 0.4171875 0.11875
1 0.359765625 0.798828125 0.41328125 0.12890625
1 0.079296875 0.666796875 0.12734375 0.10859375
1 0.223046875 0.6578125 0.13359375 0.1
1 0.354296875 0.644140625 0.12734375 0.10703125
1 0.48203125 0.63671875 0.1265625 0.0859375
1 0.606640625 0.6296875 0.12578125 0.090625
1 0.726171875 0.617578125 0.13359375 0.09453125
1 0.851953125 0.615234375 0.13203125 0.08046875
1 0.210546875 0.5046875 0.07734375 0.059375
0 0.129296875 0.49609375 0.09921875 0.0859375
0 0.289453125 0.496484375 0.07890625 0.07109375
0 0.366796875 0.480859375 0.07421875 0.08359375
0 0.439453125 0.478125 0.06953125 0.0875