1 0.539453125 0.7078125 0.12578125 0.096875
1 0.565625 0.857421875 0.4 0.12421875
1 0.19765625 0.86953125 0.3515625 0.0953125
0 0.063671875 0.726171875 0.12734375 0.14609375
1 0.17109375 0.74375 0.0984375 0.090625
1 0.292578125 0.7375 0.11015625 0.090625
1 0.42421875 0.720703125 0.1171875 0.09765625
1 0.668359375 0.697265625 0.13359375 0.09765625
1 0.80703125 0.6828125 0.1421875 0.096875
1 0.196484375 0.604296875 0.06171875 0.04921875
1 0.408203125 0.57109375 0.07890625 0.0609375
0 0.5484375 0.541015625 0.078125 0.07265625
0 0.62265625 0.537890625 0.0765625 0.07578125
0 0.333984375 0.569921875 0.08359375 0.08359375