1 0.190234375 0.819921875 0.37734375 0.11484375
1 0.56640625 0.774609375 0.3890625 0.12734375
1 0.66796875 0.618359375 0.1359375 0.09609375
1 0.5390625 0.634375 0.128125 0.096875
1 0.41484375 0.646484375 0.1265625 0.10859375
1 0.28828125 0.665234375 0.1109375 0.10546875
1 0.156640625 0.684375 0.10390625 0.09375
0 0.06171875 0.67109375 0.1234375 0.1484375
0 0.473828125 0.4890625 0.07265625 0.08125
0 0.543359375 0.475 0.07421875 0.071875
1 0.40625 0.508203125 0.071875 0.06015625
1 0.8140625 0.5953125 0.153125 0.1
0 0.61640625 0.46015625 0.0703125 0.0796875
0 0.329296875 0.49765625 0.08046875 0.0890625