0 0.119140625 0.137109375 0.13515625 0.11484375
1 0.240234375 0.159375 0.11796875 0.06875
1 0.2421875 0.045703125 0.078125 0.05390625
1 0.382421875 0.044921875 0.07421875 0.05234375
0 0.316796875 0.03515625 0.07109375 0.0703125
0 0.448046875 0.034375 0.07109375 0.065625
1 0.548046875 0.150390625 0.11171875 0.06015625
1 0.346484375 0.155859375 0.09921875 0.06796875
1 0.446875 0.152734375 0.10625 0.06796875
1 0.65 0.1453125 0.1125 0.0625
1 0.75546875 0.13828125 0.1078125 0.0640625
1 0.6 0.241015625 0.29375 0.08515625
1 0.301953125 0.242578125 0.30703125 0.08203125
1 0.43125 0.634375 0.25625 0.4
1 0.1671875 0.63828125 0.271875 0.3921875
1 0.682421875 0.621484375 0.24921875 0.38359375
0 0.90390625 0.565234375 0.1921875 0.46796875