1 0.184375 0.68359375 0.26875 0.3921875
1 0.4515625 0.66484375 0.26875 0.3921875
1 0.7 0.65859375 0.234375 0.3953125
0 0.905859375 0.570703125 0.18671875 0.51015625
1 0.33984375 0.29140625 0.2984375 0.0671875
1 0.63046875 0.28203125 0.2921875 0.0859375
0 0.16328125 0.188671875 0.1265625 0.12421875
1 0.277734375 0.2078125 0.10546875 0.059375
1 0.380859375 0.201171875 0.10859375 0.06171875
1 0.48203125 0.194921875 0.1046875 0.05546875
1 0.583984375 0.1875 0.10546875 0.05625
1 0.684765625 0.1828125 0.10078125 0.05625
1 0.794140625 0.170703125 0.11015625 0.05703125
0 0.051953125 0.1921875 0.10078125 0.11875
1 0.287109375 0.099609375 0.07734375 0.04921875
0 0.357421875 0.0875 0.06484375 0.075
1 0.422265625 0.093359375 0.06640625 0.05859375