1 0.21328125 0.08828125 0.1046875 0.0671875
0 0.08515625 0.085546875 0.1421875 0.09921875
1 0.312890625 0.08671875 0.11953125 0.0734375
1 0.4203125 0.076953125 0.109375 0.08203125
1 0.523046875 0.065625 0.11796875 0.06875
1 0.62734375 0.065234375 0.1046875 0.06171875
1 0.729296875 0.053125 0.09921875 0.065625
1 0.83046875 0.046484375 0.1015625 0.06796875
1 0.27578125 0.187890625 0.3140625 0.09140625
1 0.577734375 0.16953125 0.29921875 0.0953125
1 0.1484375 0.594921875 0.253125 0.38671875
1 0.4109375 0.56484375 0.2625 0.4078125
1 0.661328125 0.536328125 0.23203125 0.41953125
0 0.88828125 0.45859375 0.2234375 0.4640625
1 0.93203125 0.036328125 0.0984375 0.05390625