0 0.175390625 0.143359375 0.13515625 0.11484375
1 0.2875 0.168359375 0.1125 0.07109375
1 0.2921875 0.064453125 0.078125 0.05390625
1 0.426171875 0.055859375 0.07421875 0.05234375
0 0.362109375 0.041796875 0.07109375 0.08359375
0 0.4921875 0.03828125 0.071875 0.0765625
1 0.591796875 0.165234375 0.11171875 0.06171875
1 0.391796875 0.16875 0.09921875 0.071875
1 0.4890625 0.165234375 0.10625 0.06796875
1 0.6984375 0.16015625 0.1125 0.0640625
1 0.80703125 0.15546875 0.1078125 0.0640625
1 0.6421875 0.255078125 0.29375 0.08515625
1 0.350390625 0.258203125 0.30703125 0.08203125
1 0.4765625 0.628125 0.25625 0.4
1 0.215625 0.64453125 0.271875 0.3921875
1 0.715234375 0.637109375 0.24921875 0.38359375
0 0.90703125 0.5921875 0.1859375 0.46875