1 0.53046875 0.6734375 0.2546875 0.378125
1 0.276171875 0.664453125 0.24609375 0.35703125
1 0.077734375 0.655859375 0.14921875 0.35546875
1 0.77578125 0.67109375 0.2296875 0.4078125
1 0.145703125 0.2921875 0.27890625 0.075
1 0.419921875 0.290625 0.27109375 0.071875
1 0.704296875 0.28828125 0.30234375 0.0671875
1 0.86953125 0.194921875 0.1078125 0.06484375
0 0.242578125 0.18515625 0.12265625 0.0921875
1 0.350390625 0.20625 0.10078125 0.065625
1 0.448828125 0.206640625 0.10703125 0.06640625
0 0.13828125 0.177734375 0.0953125 0.11171875
1 0.55 0.205859375 0.1 0.05859375
1 0.650390625 0.204296875 0.10078125 0.06796875
1 0.75859375 0.198046875 0.1171875 0.06171875
1 0.35859375 0.104296875 0.0703125 0.04921875
0 0.424609375 0.0953125 0.06484375 0.05
1 0.487109375 0.095703125 0.06484375 0.05078125
0 0.552734375 0.089453125 0.06484375 0.05703125
0 0.61953125 0.087109375 0.0671875 0.05859375
0 0.684375 0.084375 0.0625 0.0625
0 0.751953125 0.078515625 0.07265625 0.06328125