1 0.61953125 0.59375 0.2484375 0.403125
1 0.165234375 0.15625 0.12734375 0.075
1 0.27109375 0.148828125 0.1140625 0.07890625
1 0.37578125 0.144140625 0.1109375 0.07578125
1 0.478125 0.1296875 0.109375 0.06875
1 0.584375 0.11640625 0.103125 0.0671875
1 0.533203125 0.216796875 0.29140625 0.07734375
1 0.230078125 0.257421875 0.31953125 0.08984375
1 0.117578125 0.680859375 0.22890625 0.41796875
1 0.3625 0.638671875 0.2625 0.41484375
0 0.84921875 0.5046875 0.3015625 0.45
1 0.67890625 0.10546875 0.1015625 0.0765625
0 0.0515625 0.1421875 0.103125 0.128125