0 0.480078125 0.338671875 0.07265625 0.08984375
1 0.409375 0.659765625 0.421875 0.12265625
0 0.409375 0.341796875 0.078125 0.08359375
0 0.3328125 0.33828125 0.078125 0.0828125
1 0.78671875 0.658203125 0.3578125 0.12578125
1 0.128125 0.503515625 0.14375 0.09140625
1 0.27421875 0.5046875 0.1390625 0.09375
1 0.39765625 0.503515625 0.1328125 0.09453125
1 0.647265625 0.509765625 0.11640625 0.10078125
1 0.767578125 0.511328125 0.12265625 0.10078125
1 0.5234375 0.50390625 0.125 0.0890625
1 0.897265625 0.517578125 0.13515625 0.09453125
0 0.82890625 0.359765625 0.0890625 0.09453125
1 0.253125 0.350390625 0.084375 0.07265625