1 0.539453125 0.223828125 0.11328125 0.10390625
0 0.44375 0.19609375 0.109375 0.1484375
1 0.650390625 0.219140625 0.13203125 0.10703125
0 0.780078125 0.1921875 0.13828125 0.1625
1 0.833984375 0.03203125 0.10234375 0.0546875
1 0.7484375 0.039453125 0.084375 0.06953125
1 0.6734375 0.05390625 0.075 0.0640625
0 0.537890625 0.05234375 0.07890625 0.0890625
1 0.60546875 0.065234375 0.0640625 0.06171875
1 0.328515625 0.239453125 0.06953125 0.08515625
1 0.556640625 0.36640625 0.33828125 0.1171875
1 0.9234375 0.19375 0.153125 0.140625