0 0.07890625 0.764453125 0.1578125 0.16328125
1 0.2109375 0.928515625 0.396875 0.12578125
1 0.600390625 0.91015625 0.41328125 0.1234375
1 0.85234375 0.739453125 0.1453125 0.09765625
1 0.708984375 0.749609375 0.15234375 0.08984375
1 0.5734375 0.7671875 0.13125 0.103125
1 0.45078125 0.770703125 0.1265625 0.09765625
1 0.323828125 0.785546875 0.11015625 0.09296875
1 0.191015625 0.793359375 0.11015625 0.09609375
0 0.508203125 0.615625 0.07265625 0.08125
0 0.577734375 0.6078125 0.07421875 0.071875
1 0.435546875 0.63046875 0.06796875 0.0578125