0 0.344921875 0.371484375 0.07734375 0.08359375
1 0.265234375 0.69140625 0.43671875 0.1203125
0 0.265234375 0.374609375 0.08359375 0.07109375
0 0.180859375 0.379296875 0.08359375 0.06796875
1 0.646875 0.65703125 0.35 0.1078125
0 0.770703125 0.36875 0.07890625 0.0875
0 0.6765625 0.3734375 0.078125 0.084375
1 0.0953125 0.387890625 0.09375 0.06953125
1 0.1109375 0.548828125 0.14375 0.10390625
1 0.253515625 0.54453125 0.14140625 0.0984375
1 0.390234375 0.5375 0.13359375 0.09375
1 0.51875 0.533203125 0.121875 0.09453125
1 0.763671875 0.515234375 0.09921875 0.08671875
1 0.856640625 0.50859375 0.09453125 0.0765625
1 0.6421875 0.52109375 0.121875 0.0859375