1 0.58984375 0.7890625 0.4171875 0.11875
1 0.2109375 0.809765625 0.371875 0.12890625
0 0.0796875 0.64453125 0.159375 0.1453125
1 0.1984375 0.6703125 0.09375 0.1
1 0.319921875 0.658203125 0.11171875 0.09453125
1 0.448828125 0.64765625 0.12265625 0.0859375
1 0.566015625 0.6421875 0.12578125 0.090625
1 0.693359375 0.631640625 0.13359375 0.09453125
1 0.834765625 0.6234375 0.15390625 0.1
1 0.430859375 0.5046875 0.07734375 0.059375
0 0.360546875 0.496484375 0.07734375 0.08046875
0 0.503125 0.4921875 0.075 0.071875
0 0.573046875 0.479296875 0.07421875 0.08359375
0 0.646484375 0.469140625 0.07421875 0.08828125