0 0.077734375 0.154296875 0.13984375 0.13359375
1 0.203515625 0.165234375 0.12265625 0.07109375
1 0.260546875 0.259765625 0.31484375 0.08515625
1 0.561328125 0.229296875 0.29765625 0.08671875
0 0.85859375 0.47109375 0.2828125 0.3640625
1 0.62265625 0.5625 0.2484375 0.34375
1 0.387109375 0.612890625 0.27734375 0.37265625
1 0.133203125 0.639453125 0.23203125 0.36953125
1 0.305078125 0.15859375 0.11015625 0.0703125
1 0.408203125 0.150390625 0.10703125 0.05703125
1 0.5109375 0.141015625 0.103125 0.06640625
1 0.611328125 0.125390625 0.10390625 0.06953125
1 0.712890625 0.1125 0.10390625 0.0625
1 0.820703125 0.103515625 0.11328125 0.06328125