1 0.33359375 0.825 0.40625 0.2921875
1 0.33828125 0.5578125 0.36875 0.36875
1 0.33125 0.31015625 0.3390625 0.3390625
0 0.40859375 0.11015625 0.5296875 0.2203125
1 0.71640625 0.6484375 0.1953125 0.196875
1 0.71171875 0.359375 0.2171875 0.21875
0 0.828125 0.81953125 0.140625 0.14375
1 0.80390625 0.70625 0.075 0.1140625
1 0.80546875 0.603125 0.0796875 0.1171875
1 0.80546875 0.5015625 0.090625 0.0921875
1 0.8078125 0.4 0.0734375 0.1140625
1 0.80703125 0.29765625 0.0828125 0.0828125
1 0.81328125 0.1890625 0.065625 0.1125
0 0.83203125 0.92890625 0.1328125 0.1140625
1 0.9109375 0.6921875 0.06875 0.0703125
0 0.91875 0.6203125 0.08125 0.08125
1 0.91015625 0.55703125 0.06875 0.06875