1 0.29921875 0.3078125 0.1171875 0.103125
1 0.41171875 0.296875 0.1234375 0.103125
0 0.529296875 0.255078125 0.12421875 0.15078125
1 0.6546875 0.25390625 0.134375 0.1203125
1 0.798828125 0.23046875 0.15078125 0.1296875
0 0.20078125 0.295703125 0.1046875 0.14765625
1 0.065234375 0.3515625 0.07734375 0.096875
1 0.31953125 0.44453125 0.3359375 0.1421875
1 0.679296875 0.421875 0.41484375 0.153125
0 0.29375 0.13984375 0.075 0.0828125
1 0.36171875 0.144921875 0.0671875 0.05546875
1 0.43046875 0.1375 0.0703125 0.05625
1 0.501171875 0.117578125 0.07421875 0.05390625
1 0.573828125 0.102734375 0.07890625 0.06171875
1 0.648828125 0.089453125 0.07890625 0.06328125
1 0.730078125 0.073828125 0.08515625 0.06640625
1 0.81484375 0.05625 0.0859375 0.065625