1 0.577734375 0.58359375 0.24921875 0.4078125
0 0.291015625 0.075 0.12265625 0.11875
1 0.761328125 0.1875 0.31953125 0.078125
1 0.402734375 0.100390625 0.10859375 0.07265625
0 0.191796875 0.0796875 0.08984375 0.115625
1 0.5 0.098828125 0.096875 0.07265625
1 0.600390625 0.09609375 0.10390625 0.0671875
1 0.7078125 0.0921875 0.109375 0.06875
1 0.821484375 0.08359375 0.12109375 0.0671875
1 0.461328125 0.187109375 0.29140625 0.07734375
1 0.1953125 0.189453125 0.25 0.07578125
1 0.11328125 0.55625 0.1984375 0.365625
1 0.330078125 0.573828125 0.25703125 0.38828125
1 0.84140625 0.595703125 0.3046875 0.41953125
1 0.9390625 0.07890625 0.121875 0.0765625