0 0.14453125 0.111328125 0.1359375 0.12265625
1 0.265234375 0.128515625 0.11171875 0.07890625
1 0.371875 0.129296875 0.103125 0.07734375
1 0.47109375 0.134765625 0.1078125 0.06953125
1 0.5765625 0.1296875 0.10625 0.06875
1 0.68359375 0.121484375 0.1140625 0.07421875
1 0.7875 0.11484375 0.10625 0.0609375
1 0.330078125 0.22578125 0.30078125 0.0765625
1 0.62734375 0.21953125 0.2984375 0.0921875
1 0.17109375 0.609375 0.2578125 0.4125
1 0.436328125 0.613671875 0.27578125 0.40546875
1 0.696875 0.5953125 0.2375 0.396875
0 0.899609375 0.5296875 0.19921875 0.50625