1 0.3328125 0.678125 0.434375 0.14375
1 0.71875 0.630078125 0.34375 0.11328125
1 0.183203125 0.532421875 0.16015625 0.11171875
1 0.32734375 0.51875 0.1359375 0.090625
1 0.451953125 0.513671875 0.12265625 0.08671875
1 0.578125 0.503125 0.13125 0.0875
1 0.707421875 0.496484375 0.12421875 0.08984375
1 0.837890625 0.4953125 0.09765625 0.084375
0 0.254296875 0.362109375 0.08671875 0.08359375
1 0.16953125 0.361328125 0.0828125 0.08203125
0 0.335546875 0.35703125 0.07734375 0.0796875
0 0.4109375 0.349609375 0.071875 0.08671875