0 0.387890625 0.408984375 0.07265625 0.08984375
1 0.3078125 0.723828125 0.43125 0.16015625
0 0.310546875 0.412109375 0.08359375 0.08359375
0 0.231640625 0.41484375 0.08203125 0.0828125
1 0.6953125 0.701953125 0.35 0.12578125
1 0.159375 0.5765625 0.15 0.09375
1 0.30078125 0.575 0.1390625 0.09375
1 0.43203125 0.570703125 0.1328125 0.09453125
1 0.670703125 0.569140625 0.11640625 0.10078125
1 0.784765625 0.571484375 0.11328125 0.09609375
1 0.55078125 0.573046875 0.1203125 0.08671875
1 0.894140625 0.566015625 0.10078125 0.08828125
0 0.720703125 0.423828125 0.08203125 0.08203125
0 0.8171875 0.425 0.078125 0.090625
1 0.1484375 0.420703125 0.084375 0.07265625