1 0.61953125 0.789453125 0.3515625 0.12578125
1 0.23125 0.836328125 0.425 0.15078125
1 0.0828125 0.687109375 0.14375 0.10859375
1 0.228515625 0.684375 0.13828125 0.1
1 0.360546875 0.661328125 0.12734375 0.10703125
1 0.48828125 0.657421875 0.1265625 0.08984375
1 0.606640625 0.647265625 0.11328125 0.08515625
1 0.715625 0.64375 0.11875 0.0875
1 0.82109375 0.637109375 0.1015625 0.07734375
1 0.07109375 0.5203125 0.0921875 0.071875
0 0.158984375 0.5171875 0.08359375 0.075
0 0.241015625 0.510546875 0.08203125 0.08359375
0 0.317578125 0.50625 0.06953125 0.084375
1 0.915234375 0.626171875 0.09296875 0.06796875