1 0.8796875 0.6703125 0.240625 0.21875
1 0.521875 0.39609375 0.134375 0.1296875
1 0.82734375 0.41328125 0.2859375 0.0859375
0 0.253125 0.2734375 0.165625 0.065625
1 0.17578125 0.36015625 0.1921875 0.0453125
1 0.846875 0.5015625 0.28125 0.125
1 0.54453125 0.29921875 0.0859375 0.0671875
1 0.80546875 0.3484375 0.2609375 0.059375
1 0.55 0.24453125 0.065625 0.0453125
0 0.7375 0.22421875 0.153125 0.0703125
1 0.77421875 0.30625 0.2203125 0.046875
1 0.45 0.63125 0.271875 0.34375
1 0.11328125 0.4078125 0.1359375 0.05
1 0.75546875 0.2703125 0.1828125 0.03125
1 0.221875 0.31953125 0.178125 0.0359375
1 0.553125 0.2078125 0.059375 0.034375