0 0.1640625 0.416796875 0.146875 0.15234375
1 0.29921875 0.36328125 0.1328125 0.1234375
0 0.551171875 0.24375 0.13046875 0.15
1 0.42734375 0.31953125 0.1296875 0.1265625
1 0.662109375 0.21953125 0.09921875 0.1140625
1 0.78828125 0.16640625 0.0984375 0.0921875
1 0.885546875 0.11953125 0.12109375 0.0796875
1 0.354296875 0.1796875 0.07421875 0.06875
0 0.500390625 0.1109375 0.07890625 0.075
1 0.429296875 0.150390625 0.07421875 0.06328125
1 0.279296875 0.208203125 0.08046875 0.06953125
1 0.199609375 0.23203125 0.08359375 0.0703125
1 0.122265625 0.255859375 0.08515625 0.06171875