1 0.369140625 0.56640625 0.26328125 0.3859375
1 0.881640625 0.0484375 0.09765625 0.065625
1 0.619140625 0.521484375 0.25078125 0.38359375
1 0.117578125 0.60859375 0.22578125 0.3703125
1 0.273046875 0.133203125 0.11796875 0.06015625
0 0.858203125 0.439453125 0.28203125 0.39140625
1 0.23828125 0.22734375 0.3140625 0.0921875
1 0.537109375 0.19375 0.29921875 0.0875
1 0.380859375 0.11640625 0.11484375 0.0671875
1 0.48359375 0.10234375 0.1046875 0.0703125
1 0.5828125 0.090234375 0.1125 0.06484375
1 0.682421875 0.07421875 0.10546875 0.0640625
1 0.783984375 0.06015625 0.09921875 0.0671875
1 0.166015625 0.14140625 0.12265625 0.0734375
0 0.0546875 0.121875 0.109375 0.128125