1 0.21328125 0.08828125 0.1046875 0.0671875
0 0.08515625 0.0859375 0.1421875 0.1
1 0.31328125 0.08671875 0.1203125 0.0734375
1 0.4203125 0.07734375 0.109375 0.0828125
1 0.5234375 0.065625 0.11875 0.06875
1 0.62734375 0.065625 0.1046875 0.0625
1 0.72890625 0.053125 0.0984375 0.065625
1 0.83046875 0.046875 0.1015625 0.06875
1 0.27578125 0.18828125 0.3140625 0.0921875
1 0.578125 0.16953125 0.3 0.0953125
1 0.1484375 0.5953125 0.253125 0.3875
1 0.4109375 0.56484375 0.2625 0.4078125
1 0.6609375 0.53671875 0.23125 0.4203125
0 0.88828125 0.45859375 0.2234375 0.4640625
1 0.93203125 0.03671875 0.0984375 0.0546875