1 0.61953125 0.59375 0.2484375 0.403125
1 0.162109375 0.1640625 0.12734375 0.075
1 0.273046875 0.15703125 0.10546875 0.0765625
1 0.37578125 0.144140625 0.1109375 0.07578125
1 0.4765625 0.140625 0.109375 0.06875
1 0.578125 0.12421875 0.103125 0.0671875
1 0.529296875 0.22734375 0.28984375 0.0796875
1 0.22890625 0.255859375 0.3203125 0.09296875
1 0.119140625 0.660546875 0.22890625 0.41796875
1 0.3640625 0.648046875 0.2625 0.41484375
0 0.853515625 0.505859375 0.29140625 0.44921875
1 0.67421875 0.10703125 0.1015625 0.0765625
0 0.0515625 0.153125 0.103125 0.128125