1 0.505078125 0.3078125 0.11328125 0.1
0 0.403515625 0.280859375 0.13203125 0.15234375
0 0.51015625 0.144140625 0.0703125 0.07890625
1 0.615234375 0.301953125 0.11171875 0.11015625
1 0.884765625 0.260546875 0.15390625 0.12421875
0 0.738671875 0.25234375 0.13671875 0.1734375
1 0.56875 0.15390625 0.059375 0.0609375
1 0.6359375 0.133203125 0.078125 0.05703125
1 0.71328125 0.11015625 0.0828125 0.0640625
1 0.791796875 0.093359375 0.08984375 0.06796875
1 0.879296875 0.078125 0.09609375 0.071875
1 0.5203125 0.44140625 0.334375 0.1203125