0 0.1265625 0.19140625 0.13125 0.1234375
1 0.429296875 0.690234375 0.26171875 0.40234375
0 0.516796875 0.0984375 0.06796875 0.078125
1 0.2359375 0.21875 0.1125 0.065625
1 0.342578125 0.214453125 0.10078125 0.06328125
1 0.440625 0.209765625 0.103125 0.06328125
1 0.540625 0.203515625 0.103125 0.06640625
1 0.641015625 0.198046875 0.10390625 0.06484375
1 0.743359375 0.19453125 0.10234375 0.0640625
1 0.5953125 0.28359375 0.296875 0.0859375
1 0.31015625 0.309375 0.3078125 0.078125
1 0.152734375 0.7 0.28359375 0.384375
1 0.68203125 0.68671875 0.2609375 0.3953125
1 0.3875 0.109765625 0.071875 0.05078125
0 0.4515625 0.098046875 0.06875 0.08046875
1 0.248046875 0.113671875 0.07734375 0.04921875
0 0.903125 0.60078125 0.19375 0.5078125
0 0.31875 0.0921875 0.071875 0.0875
0 0.5796875 0.090625 0.059375 0.090625