1 0.51796875 0.6703125 0.2546875 0.378125
1 0.261328125 0.667578125 0.26640625 0.37578125
1 0.0671875 0.666796875 0.134375 0.35546875
1 0.76484375 0.67109375 0.2296875 0.4078125
1 0.13515625 0.289453125 0.2703125 0.07890625
1 0.409375 0.290625 0.275 0.071875
1 0.690625 0.281640625 0.3 0.07578125
1 0.85546875 0.191796875 0.1078125 0.06484375
0 0.228515625 0.18515625 0.12265625 0.0921875
1 0.337890625 0.2046875 0.10078125 0.065625
1 0.437890625 0.205078125 0.10703125 0.06640625
0 0.12578125 0.176171875 0.0953125 0.11171875
1 0.5375 0.199609375 0.1 0.05859375
1 0.637890625 0.194921875 0.10078125 0.06796875
1 0.74453125 0.191796875 0.1171875 0.06171875
1 0.34609375 0.096484375 0.0703125 0.04921875
0 0.412109375 0.0921875 0.06484375 0.05
1 0.477734375 0.087890625 0.06484375 0.05078125
0 0.541796875 0.081640625 0.06484375 0.05703125
0 0.60703125 0.077734375 0.0671875 0.05859375
0 0.6734375 0.075 0.0625 0.0625
0 0.741015625 0.070703125 0.07265625 0.06328125