0 0.1109375 0.585546875 0.0875 0.13046875
0 0.23125 0.589453125 0.153125 0.13828125
1 0.342578125 0.627734375 0.09453125 0.08046875
1 0.4609375 0.635546875 0.103125 0.08359375
1 0.5796875 0.639453125 0.11875 0.10078125
1 0.707421875 0.64453125 0.13671875 0.1046875
1 0.8515625 0.651171875 0.146875 0.09296875
0 0.79375 0.492578125 0.078125 0.08203125
0 0.713671875 0.4921875 0.08359375 0.090625
1 0.568359375 0.510546875 0.08046875 0.05546875
0 0.639453125 0.493359375 0.07265625 0.08359375
1 0.361328125 0.76640625 0.35078125 0.1109375
1 0.743359375 0.775390625 0.43671875 0.13515625