1 0.3421875 0.721875 0.434375 0.14375
1 0.725 0.705078125 0.35625 0.11328125
1 0.05859375 0.557421875 0.1171875 0.11171875
1 0.19921875 0.562109375 0.1359375 0.09609375
1 0.333203125 0.566796875 0.13515625 0.08984375
1 0.4625 0.5609375 0.13125 0.0875
1 0.583203125 0.5625 0.12265625 0.090625
1 0.71171875 0.555859375 0.1265625 0.08984375
0 0.265234375 0.401171875 0.08671875 0.08359375
1 0.18671875 0.405078125 0.0828125 0.08203125
0 0.343359375 0.39921875 0.07734375 0.0796875
0 0.419140625 0.398046875 0.07265625 0.08671875