0 0.1125 0.19140625 0.13125 0.1234375
1 0.41875 0.69296875 0.2625 0.3953125
0 0.5078125 0.0859375 0.06875 0.078125
1 0.2359375 0.21875 0.1125 0.065625
1 0.34296875 0.21640625 0.1015625 0.0640625
1 0.440625 0.21171875 0.103125 0.0640625
1 0.540625 0.20390625 0.103125 0.0671875
1 0.64296875 0.19921875 0.1046875 0.0640625
1 0.74375 0.19453125 0.103125 0.0640625
1 0.59609375 0.28515625 0.2984375 0.0859375
1 0.30234375 0.303125 0.3078125 0.078125
1 0.15390625 0.696875 0.2703125 0.384375
1 0.68359375 0.66328125 0.2609375 0.3953125
1 0.3765625 0.10234375 0.071875 0.0515625
0 0.44296875 0.08671875 0.0703125 0.0796875
1 0.23828125 0.1078125 0.0765625 0.05
0 0.903125 0.57421875 0.19375 0.5078125
0 0.3109375 0.0890625 0.071875 0.0875
0 0.571875 0.075 0.059375 0.090625