1 0.641796875 0.59140625 0.24921875 0.4078125
1 0.1921875 0.130078125 0.121875 0.07265625
0 0.0671875 0.1125 0.134375 0.115625
1 0.301953125 0.13046875 0.10703125 0.0765625
1 0.40546875 0.1265625 0.1109375 0.06875
1 0.50625 0.1140625 0.109375 0.06875
1 0.609375 0.11015625 0.103125 0.0671875
1 0.555078125 0.207421875 0.29140625 0.07734375
1 0.2609375 0.216015625 0.309375 0.07578125
1 0.1328125 0.6328125 0.24375 0.41875
1 0.3859375 0.60859375 0.265625 0.4078125
0 0.86015625 0.535546875 0.2796875 0.41171875
1 0.71484375 0.10078125 0.1015625 0.0765625