1 0.31484375 0.02734375 0.1453125 0.0546875
1 0.296875 0.08125 0.140625 0.10625
1 0.41796875 0.17734375 0.121875 0.121875
1 0.2859375 0.1484375 0.1234375 0.121875
1 0.39140625 0.32109375 0.1296875 0.1296875
1 0.709375 0.321875 0.1234375 0.1234375
1 0.5625 0.96875 0.1125 0.0625
1 0.1484375 0.74296875 0.1078125 0.109375
1 0.13359375 0.81796875 0.134375 0.0984375
1 0.1109375 0.88984375 0.1421875 0.1
1 0.25703125 0.90859375 0.134375 0.121875
1 0.35625 0.46796875 0.1546875 0.1140625
1 0.8125 0.5 0.153125 0.1140625