1 0.02109375 0.53515625 0.0421875 0.1453125
1 0.0546875 0.484375 0.109375 0.15
1 0.171875 0.55625 0.134375 0.134375
1 0.09140625 0.446875 0.146875 0.15625
1 0.2921875 0.4734375 0.165625 0.165625
1 0.42265625 0.7640625 0.13125 0.14375
1 0.95546875 0.3578125 0.0890625 0.121875
1 0.5796875 0.08046875 0.13125 0.13125
1 0.64140625 0.05390625 0.1359375 0.1078125
1 0.6984375 0.0296875 0.1375 0.059375
1 0.7828125 0.1046875 0.1453125 0.159375
1 0.41171875 0.38125 0.1578125 0.1578125
1 0.62734375 0.78515625 0.14375 0.1546875