1 0.3375 0.2859375 0.13125 0.06953125
1 0.79375 0.0375 0.14375 0.06953125
1 0.79921875 0.11328125 0.15 0.065625
1 0.65625 0.1875 0.12734375 0.065625
1 0.8 0.19140625 0.14375 0.0734375
1 0.653125 0.34453125 0.1171875 0.071875
1 0.64921875 0.490625 0.12890625 0.0671875
1 0.33203125 0.81328125 0.13359375 0.06328125
1 0.33984375 0.9671875 0.13984375 0.06328125
1 0.65 0.95625 0.12734375 0.06953125
1 0.79609375 0.95625 0.12734375 0.0734375
1 0.796875 0.87421875 0.12890625 0.06953125
1 0.79453125 0.80390625 0.12890625 0.06953125
1 0.19453125 0.43515625 0.13359375 0.071875
1 0.659375 0.57265625 0.125 0.0671875