1 0.6140625 0.74296875 0.1234375 0.1234375
1 0.1265625 0.81640625 0.1703125 0.115625
1 0.28203125 0.7734375 0.115625 0.115625
1 0.1421875 0.73984375 0.159375 0.10625
1 0.31796875 0.6203125 0.1375 0.10625
1 0.35234375 0.478125 0.1265625 0.1265625
1 0.7296875 0.228125 0.1515625 0.1046875
1 0.75390625 0.0796875 0.15625 0.1
1 0.4484375 0.03671875 0.14375 0.0734375
1 0.3046875 0.021875 0.14375 0.04375
1 0.2875 0.071875 0.121875 0.121875
1 0.275 0.14140625 0.1203125 0.1203125
1 0.359375 0.39609375 0.140625 0.1
1 0.37890625 0.32265625 0.1328125 0.1328125
1 0.67109375 0.4484375 0.1296875 0.1296875